File: C:\MED-PC IV\Data\M_PEAK22P003


Start Date: 08/27/17
End Date: 08/27/17
Subject: P003
Experiment: IF-PICO
Group: 0
Box: 7
Start Time: 10:01:38
End Time: 11:55:37
MSN: Multiple_Peak
B:       0.000
C:       0.000
E:    5555.000
G:      27.500
H:    2750.000
J:       0.000
K:       0.000
L:       0.000
O:       0.000
P:       0.000
R:       0.000
S:       0.000
T:  678776.000
U:       0.000
W:       0.000
X:       0.000
Y:       0.000
Z:       0.000
A:
     0:        0.010      500.910      502.611     1502.621     1503.711
     5:     1677.121     1762.121     1798.121     1863.121     1900.121
    10:     1931.121     1963.121     2000.121     2040.121     2080.121
    15:     2114.121     2147.121     2182.121     2220.121     2251.121
    20:     2284.121     2319.121     2352.121     2384.121     2416.121
    25:     2450.121     2486.121     2522.721     2522.920     2522.901
    30:     2522.091     2822.902     4322.910     4324.611     5324.621
    35:     5325.711     5441.121     5480.121     5525.121     5566.121
    40:     5600.121     5634.121     5672.121     5706.121     5743.121
    45:     5774.121     5809.121     5843.121     5878.121     5911.121
    50:     5983.121     6021.121     6057.121     6093.121     6127.121
    55:     6164.121     6212.121     6250.121     6288.121     6363.721
    60:     6363.920     6363.901     6363.091     6663.902     8163.910
    65:     8165.613    10115.623    10116.713    10399.123    10442.123
    70:    10482.123    10518.123    10558.123    10591.123    10624.123
    75:    10662.123    10698.123    10731.123    10767.123    10804.123
    80:    10843.123    10880.123    10918.123    10954.123    10991.123
    85:    11025.123    11061.123    11099.123    11137.123    11177.123
    90:    11215.123    11249.123    11287.123    11325.123    11361.123
    95:    11401.123    11440.123    11476.123    11515.123    11553.123
   100:    11593.123    11632.123    11671.123    11712.123    11750.123
   105:    11790.123    11828.123    11868.123    11906.123    11946.123
   110:    11986.123    12025.123    12105.723    12105.920    12105.901
   115:    12105.093    12405.902    13905.910    13907.614    16657.624
   120:    16658.814    16746.134    16786.134    16826.134    16860.134
   125:    16899.134    16932.134    16966.134    16999.134    17032.134
   130:    17071.134    17106.134    17141.134    17187.134    17224.134
   135:    17259.134    17294.134    17326.134    17360.134    17395.134
   140:    17431.134    17468.134    17501.134    17545.134    17583.134
   145:    17619.134    17655.134    17697.134    17732.134    17770.134
   150:    17817.134    17851.134    17886.134    17935.134    17972.134
   155:    18007.134    18043.134    18079.134    18116.134    18153.134
   160:    18190.134    18227.134    18262.134    18304.134    18340.134
   165:    18379.134    18414.134    18452.134    18496.134    18536.134
   170:    18576.134    18618.134    18656.134    18696.134    18738.134
   175:    18778.134    18821.134    18860.134    18899.134    18938.134
   180:    18979.134    19020.134    19058.134    19098.134    19140.134
   185:    19183.134    19222.134    19258.134    19297.134    19339.134
   190:    19377.134    19414.134    19454.134    19496.134    19538.134
   195:    19578.134    19616.134    19655.134    19694.134    19735.134
   200:    19775.134    19811.134    19848.134    19884.134    19922.134
   205:    19959.134    20000.134    20038.134    20080.134    20125.134
   210:    20163.134    20200.134    20238.134    20277.134    20315.134
   215:    20355.134    20397.134    20436.134    20473.134    20510.134
   220:    20551.134    20588.134    20627.134    20665.134    20706.134
   225:    20743.134    20781.134    20821.134    20863.134    20901.134
   230:    20944.134    20982.134    21017.134    21056.134    21115.134
   235:    21162.134    21195.134    21229.134    21266.134    21309.134
   240:    21345.134    21384.134    21423.134    21469.134    21516.134
   245:    21553.134    21591.134    21629.134    21666.134    21702.134
   250:    21738.134    21776.134    21817.134    21854.134    21902.134
   255:    21948.134    21989.134    22027.134    22065.134    22110.134
   260:    22152.134    22158.824    22158.920    23658.910    23660.612
   265:    25060.622    25061.712    25312.122    25391.122    25447.122
   270:    25519.122    25560.122    25650.122    25688.122    25723.122
   275:    25807.122    25840.122    25876.122    25910.122    25946.122
   280:    25983.122    26018.122    26054.122    26090.122    26125.122
   285:    26160.122    26196.122    26231.122    26266.122    26303.122
   290:    26339.122    26377.122    26413.122    26450.122    26487.722
   295:    26487.920    26487.901    26487.092    26787.902    28287.910
   300:    28289.611    29289.621    29290.711    29597.121    29638.121
   305:    29682.121    29718.121    29793.121    29828.121    29874.121
   310:    29907.121    29940.121    29985.121    30032.121    30067.121
   315:    30102.121    30137.121    30173.121    30211.121    30248.121
   320:    30284.121    30324.721    30324.920    30324.901    30324.091
   325:    30624.902    32124.910    32126.612    33526.622    33527.712
   330:    33756.122    33794.122    33832.122    33916.122    33948.122
   335:    33992.122    34031.122    34082.122    34126.122    34161.122
   340:    34198.122    34235.122    34268.122    34305.122    34351.122
   345:    34390.122    34426.122    34460.122    34495.122    34530.122
   350:    34565.122    34603.122    34640.122    34676.122    34711.122
   355:    34747.122    34785.122    34825.122    34862.122    34902.122
   360:    34941.722    34941.920    34941.901    34941.092    35241.902
   365:    36741.910    36743.615    40593.625    40594.715    40919.125
   370:    40957.125    41011.125    41050.125    41086.125    41120.125
   375:    41171.125    41208.125    41238.125    41273.125    41313.125
   380:    41351.125    41384.125    41425.125    41468.125    41500.125
   385:    41531.125    41568.125    41611.125    41650.125    41683.125
   390:    41720.125    41756.125    41792.125    41830.125    41867.125
   395:    41902.125    41939.125    41978.125    42017.125    42057.125
   400:    42093.125    42128.125    42164.125    42202.125    42245.125
   405:    42283.125    42324.125    42362.125    42399.125    42437.125
   410:    42475.125    42513.125    42553.125    42592.125    42632.125
   415:    42669.125    42705.125    42742.125    42781.125    42823.125
   420:    42863.125    42901.125    42943.125    42983.125    43021.125
   425:    43069.125    43108.125    43144.125    43183.125    43226.125
   430:    43261.125    43302.125    43342.125    43385.125    43427.125
   435:    43470.125    43508.125    43549.125    43590.125    43631.125
   440:    43668.125    43707.125    43749.125    43785.125    43825.125
   445:    43865.125    43905.125    43944.125    43986.125    44024.125
   450:    44065.125    44101.125    44140.125    44175.125    44213.125
   455:    44254.125    44295.125    44331.125    44373.125    44409.125
   460:    44450.725    44450.920    44450.901    44450.095    44750.902
   465:    46250.910    46252.613    48202.623    48203.813    48541.133
   470:    48619.133    48735.133    48771.133    48855.133    48886.133
   475:    48918.133    48956.133    48991.133    49024.133    49061.133
   480:    49096.133    49133.133    49168.133    49203.133    49237.133
   485:    49272.133    49309.133    49347.133    49386.133    49426.133
   490:    49465.133    49506.133    49545.133    49582.133    49619.133
   495:    49659.133    49699.133    49739.133    49789.133    49831.133
   500:    49869.133    49907.133    49946.133    49988.133    50027.133
   505:    50066.133    50109.133    50150.133    50191.133    50231.133
   510:    50270.133    50312.133    50353.133    50392.133    50432.133
   515:    50474.133    50514.133    50553.133    50591.133    50634.133
   520:    50673.133    50712.133    50754.133    50792.133    50829.133
   525:    50872.133    50910.133    50958.133    50997.133    51036.133
   530:    51077.133    51120.133    51157.133    51196.133    51234.133
   535:    51271.133    51309.133    51352.133    51394.133    51435.133
   540:    51472.133    51511.133    51549.133    51590.133    51631.133
   545:    51674.133    51718.133    51762.133    51797.133    51839.133
   550:    51881.133    51919.133    51960.133    52002.133    52049.133
   555:    52091.133    52131.133    52173.133    52215.133    52261.133
   560:    52301.133    52337.133    52376.133    52403.823    52403.920
   565:    53903.910    53905.615    57755.625    57756.715    58089.125
   570:    58138.125    58187.125    58228.125    58261.125    58353.125
   575:    58458.125    58494.125    58609.125    58644.125    58675.125
   580:    58711.125    58753.125    58788.125    58822.125    58857.125
   585:    58941.125    58978.125    59012.125    59046.125    59136.125
   590:    59180.125    59220.125    59259.125    59294.125    59330.125
   595:    59365.125    59403.125    59441.125    59478.125    59516.125
   600:    59551.125    59591.125    59636.125    59679.125    59720.125
   605:    59755.125    59796.125    59833.125    59876.125    59913.125
   610:    59951.125    59988.125    60028.125    60067.125    60105.125
   615:    60144.125    60185.125    60225.125    60263.125    60309.125
   620:    60395.125    60438.125    60476.125    60522.125    60565.125
   625:    60609.125    60656.125    60701.125    60749.125    60795.125
   630:    60837.125    60876.125    60918.125    60958.125    60994.125
   635:    61035.125    61073.125    61115.125    61156.125    61196.125
   640:    61240.125    61284.125    61326.125    61372.125    61413.125
   645:    61505.125    61543.125    61581.125    61622.725    61622.920
   650:    61622.901    61622.095    61922.902    63422.910    63424.613
   655:    65374.623    65375.813    65717.133    65762.133    65802.133
   660:    65835.133    65922.133    65954.133    65986.133    66018.133
   665:    66055.133    66088.133    66122.133    66156.133    66191.133
   670:    66225.133    66260.133    66295.133    66330.133    66364.133
   675:    66403.133    66438.133    66479.133    66514.133    66550.133
   680:    66587.133    66623.133    66661.133    66702.133    66743.133
   685:    66781.133    66820.133    66859.133    66896.133    66938.133
   690:    66981.133    67020.133    67063.133    67100.133    67140.133
   695:    67172.133    67210.133    67251.133    67291.133    67331.133
   700:    67370.133    67410.133    67445.133    67482.133    67523.133
   705:    67562.133    67600.133    67639.133    67680.133    67723.133
   710:    67764.133    67806.133    67851.133    67894.133    67933.133
   715:    67982.133    68018.133    68059.133    68104.133    68146.133
   720:    68187.133    68229.133    68271.133    68310.133    68345.133
   725:    68390.133    68431.133    68486.133    68530.133    68570.133
   730:    68609.133    68654.133    68696.133    68733.133    68826.133
   735:    68872.133    68920.133    68965.133    69019.133    69069.133
   740:    69111.133    69153.133    69195.133    69236.133    69278.133
   745:    69320.133    69360.133    69399.133    69438.133    69476.133
   750:    69518.133    69556.133    69575.823    69575.920    71075.910
   755:    71077.614    73827.624    73828.814    74074.134    74120.134
   760:    74163.134    74204.134    74257.134    74298.134    74331.134
   765:    74415.134    74453.134    74544.134    74591.134    74636.134
   770:    74678.134    74714.134    74756.134    74797.134    74831.134
   775:    74866.134    74898.134    74932.134    74971.134    75010.134
   780:    75045.134    75086.134    75127.134    75169.134    75211.134
   785:    75253.134    75298.134    75345.134    75381.134    75420.134
   790:    75457.134    75497.134    75536.134    75574.134    75620.134
   795:    75704.134    75754.134    75795.134    75835.134    75886.134
   800:    75939.134    75982.134    76020.134    76059.134    76098.134
   805:    76162.134    76204.134    76242.134    76284.134    76325.134
   810:    76368.134    76410.134    76450.134    76492.134    76539.134
   815:    76593.134    76638.134    76683.134    76727.134    76770.134
   820:    76814.134    76857.134    76903.134    76949.134    76996.134
   825:    77043.134    77091.134    77135.134    77177.134    77218.134
   830:    77257.134    77304.134    77349.134    77396.134    77436.134
   835:    77476.134    77517.134    77559.134    77600.134    77644.134
   840:    77689.134    77740.134    77782.134    77831.134    77872.134
   845:    77913.134    77959.134    77998.134    78038.134    78087.134
   850:    78125.134    78167.134    78207.134    78248.134    78289.134
   855:    78332.134    78371.134    78415.134    78469.134    78516.134
   860:    78560.134    78602.134    78641.134    78690.134    78732.134
   865:    78772.134    78810.134    78849.134    78889.134    78937.134
   870:    78982.134    79032.134    79086.134    79274.134    79328.824
   875:    79328.920    79329.411    80828.910    80830.611    81830.621
   880:    81831.711    82080.121    82111.121    82145.121    82174.121
   885:    82204.121    82262.121    82299.121    82330.121    82364.121
   890:    82394.121    82421.121    82450.121    82483.121    82512.121
   895:    82543.121    82607.121    82637.121    82667.121    82700.121
   900:    82734.121    82766.121    82797.121    82863.721    82863.920
   905:    82863.901    82863.091    83163.902    84663.910    84665.614
   910:    87415.624    87416.714    87630.124    87714.124    87817.124
   915:    87887.124    87924.124    87964.124    88003.124    88075.124
   920:    88109.124    88147.124    88219.124    88258.124    88298.124
   925:    88329.124    88359.124    88388.124    88471.124    88562.124
   930:    88636.124    88671.124    88708.124    88741.124    88772.124
   935:    88805.124    88838.124    88876.124    88940.124    88971.124
   940:    89007.124    89040.124    89078.124    89118.124    89150.124
   945:    89182.124    89220.124    89253.124    89285.124    89319.124
   950:    89361.124    89439.124    89478.124    89511.124    89550.124
   955:    89590.124    89623.124    89658.124    89687.124    89755.124
   960:    89829.124    89865.124    89904.124    90015.124    90057.124
   965:    90094.124    90137.124    90180.724    90180.920    90180.901
   970:    90180.094    90480.902    91980.910    91982.611    92982.621
   975:    92983.811    93195.131    93303.131    93405.131    93434.131
   980:    93466.131    93495.131    93525.131    93581.131    93611.131
   985:    93647.131    93679.131    93710.131    93744.131    93770.131
   990:    93800.131    93834.131    93865.131    93899.131    93933.131
   995:    93967.131    93997.131    94027.131    94059.131    94091.131
  1000:    94158.131    94193.131    94228.131    94262.131    94291.131
  1005:    94325.131    94362.131    94398.131    94435.131    94469.131
  1010:    94509.131    94541.131    94578.131    94616.131    94651.131
  1015:    94685.131    94716.131    94753.131    94788.131    94822.131
  1020:    94919.131    94990.131    95061.131    95091.131    95126.131
  1025:    95162.131    95289.131    95326.131    95365.131    95403.131
  1030:    95440.131    95475.131    95510.131    95549.131    95580.131
  1035:    95615.131    95647.131    95680.131    95715.131    95762.131
  1040:    95801.131    95923.131    95964.131    96003.131    96042.131
  1045:    96077.131    96122.131    96165.131    96183.821    96183.920
  1050:    97683.910    97685.613    99635.623    99636.713   100022.123
  1055:   100098.123   100150.123   100188.123   100221.123   100255.123
  1060:   100294.123   100327.123   100370.123   100402.123   100435.123
  1065:   100472.123   100507.123   100541.123   100574.123   100610.123
  1070:   100645.123   100681.123   100717.123   100753.123   100788.123
  1075:   100829.123   100863.123   100901.123   100937.123   100972.123
  1080:   101010.123   101048.123   101088.123   101127.123   101168.123
  1085:   101203.123   101246.123   101290.123   101331.123   101375.123
  1090:   101414.123   101462.123   101506.123   101547.123   101587.723
  1095:   101587.920   101587.901   101587.093   101887.902   103387.910
  1100:   103389.614   106139.624   106140.714   106470.124   106555.124
  1105:   106623.124   106693.124   106898.124   106933.124   107018.124
  1110:   107054.124   107087.124   107117.124   107157.124   107228.124
  1115:   107256.124   107286.124   107322.124   107354.124   107389.124
  1120:   107457.124   107493.124   107527.124   107560.124   107597.124
  1125:   107633.124   107693.124   107730.124   107847.124   107887.124
  1130:   107922.124   107961.124   107992.124   108024.124   108061.124
  1135:   108101.124   108132.124   108235.124   108267.124   108301.124
  1140:   108345.124   108379.124   108411.124   108485.124   108523.124
  1145:   108559.124   108588.124   108628.124   108666.124   108787.124
  1150:   108826.124   108857.124   108891.724   108891.920   108891.901
  1155:   108891.094   109191.902   110691.910   110693.615   114543.625
  1160:   114544.815   115817.135   115952.135   116381.135   116502.135
  1165:   116541.135   116591.135   116776.135   116818.135   116858.135
  1170:   116898.135   117016.135   117057.135   117094.135   117221.135
  1175:   117261.135   117338.135   117374.135   117408.135   117448.135
  1180:   117527.135   117563.135   117599.135   117640.135   117653.135
  1185:   117692.135   117731.135   117766.135   117805.135   117842.135
  1190:   117882.135   117923.135   117959.135   117995.135   118029.135
  1195:   118065.135   118110.135   118151.135   118188.135   118222.135
  1200:   118257.135   118294.135   118332.135   118382.135   118422.135
  1205:   118460.135   118496.135   118533.135   118573.135   118611.135
  1210:   118649.135   118686.135   118724.135   118772.135   118815.135
  1215:   118853.135   118892.135   118934.135   118975.135   119016.135
  1220:   119053.135   119098.135   119137.135   119180.135   119221.135
  1225:   119262.135   119312.135   119353.135   119396.135   119439.135
  1230:   119476.135   119512.135   119546.135   119583.135   119629.135
  1235:   119673.135   119713.135   119754.135   119795.135   119838.135
  1240:   119875.135   119910.135   119962.135   120141.135   120184.135
  1245:   120224.135   120828.135   121124.135   121302.135   122244.825
  1250:   122244.920   123744.910   123746.615   127596.625   127597.815
  1255:   128100.135   128167.135   128255.135   128292.135   128443.135
  1260:   128519.135   128573.135   128759.135   128805.135   128854.135
  1265:   128897.135   128939.135   128982.135   129026.135   129091.135
  1270:   129125.135   129187.135   129221.135   129265.135   129309.135
  1275:   129386.135   129427.135   129469.135   129502.135   129580.135
  1280:   129624.135   129663.135   129702.135   129741.135   129776.135
  1285:   129817.135   129857.135   129897.135   129935.135   130007.135
  1290:   130042.135   130083.135   130124.135   130163.135   130200.135
  1295:   130276.135   130316.135   130353.135   130387.135   130465.135
  1300:   130506.135   130547.135   130586.135   130624.135   130666.135
  1305:   130716.135   130760.135   130845.135   130888.135   130928.135
  1310:   130964.135   131001.135   131044.135   131086.135   131123.135
  1315:   131170.135   131210.135   131258.135   131307.135   131356.135
  1320:   131410.135   131450.135   131501.135   131548.135   131604.135
  1325:   131835.135   132109.135   132438.135   132604.135   132908.135
  1330:   133432.135   133483.135   133523.135   133552.135   133584.135
  1335:   133619.135   133657.135   133730.135   133765.135   133851.135
  1340:   133889.135   133921.135   133957.135   134000.135   134084.135
  1345:   134165.135   134206.135   134241.135   134276.135   134317.135
  1350:   134359.135   134397.135   134440.135   134480.135   134519.135
  1355:   134562.135   134600.135   134643.135   134682.135   134720.135
  1360:   135050.135   135289.135   135297.825   135297.920   136797.910
  1365:   136799.612   138199.622   138200.712   138555.122   138599.122
  1370:   138633.122   138734.122   138765.122   138790.122   138824.122
  1375:   138860.122   138895.122   138926.122   138958.122   138993.122
  1380:   139021.122   139055.122   139086.122   139120.122   139152.122
  1385:   139189.122   139227.122   139263.122   139297.122   139336.122
  1390:   139371.122   139404.122   139440.122   139526.122   139566.122
  1395:   139645.722   139645.920   139645.901   139645.092   139945.902
  1400:   141445.910   141447.615   145297.625   145298.715   145732.125
  1405:   146119.125   146173.125   146220.125   146279.125   146322.125
  1410:   146363.125   146404.125   146449.125   146489.125   146528.125
  1415:   146571.125   146614.125   146659.125   146701.125   146744.125
  1420:   146786.125   146827.125   146873.125   146916.125   146954.125
  1425:   146988.125   147028.125   147073.125   147116.125   147152.125
  1430:   147190.125   147233.125   147278.125   147317.125   147350.125
  1435:   147470.125   147509.125   147552.125   147589.125   147627.125
  1440:   147667.125   147704.125   147743.125   147791.125   147830.125
  1445:   147870.125   147910.125   147948.125   147986.125   148028.125
  1450:   148064.125   148107.125   148147.125   148198.125   148246.125
  1455:   148287.125   148335.125   148382.125   148421.125   148460.125
  1460:   148500.125   148537.125   148581.125   148630.125   148700.125
  1465:   148749.125   149714.725   149714.920   149714.901   149714.095
  1470:   150014.902   151514.910   151516.615   155366.625   155367.715
  1475:   156025.125   156218.125   156261.125   156302.125   156343.125
  1480:   156379.125   156435.125   156470.125   156567.125   156638.125
  1485:   156709.125   156743.125   156775.125   156840.125   156872.125
  1490:   156908.125   156944.125   156980.125   157061.125   157093.125
  1495:   157165.125   157225.125   157290.125   157323.125   157396.125
  1500:   157426.125   157459.125   157495.125   157565.125   157596.125
  1505:   157629.125   157695.125   157771.125   157835.125   157868.125
  1510:   157940.125   157979.125   158014.125   158048.125   158126.125
  1515:   158199.125   158298.125   158332.125   158417.125   158585.125
  1520:   158622.125   158660.125   158691.125   158734.125   158773.125
  1525:   158806.125   158869.125   158908.125   158981.125   159029.125
  1530:   159299.725   159299.920   159299.901   159299.095   159599.902
  1535:   161099.910   161101.612   162501.622   162502.812   163002.132
  1540:   163140.132   163169.132   163246.132   163377.132   163440.132
  1545:   163468.132   163502.132   163542.132   163571.132   163601.132
  1550:   163710.132   163740.132   163776.132   163806.132   163836.132
  1555:   163903.132   163938.132   164009.132   164043.132   164076.132
  1560:   164112.132   164151.132   164188.132   164264.132   164438.132
  1565:   164477.132   164508.132   164540.132   164575.132   164608.132
  1570:   164639.132   164706.132   164742.132   164781.132   164815.132
  1575:   164853.132   164888.132   164922.132   164994.132   165036.132
  1580:   165074.132   165159.132   165379.132   165409.132   165437.132
  1585:   165467.132   165546.132   165621.132   165661.132   165712.132
  1590:   165750.132   166003.132   166045.132   166102.822   166102.920
  1595:   167602.910   167604.611   168604.621   168605.811   168867.131
  1600:   168903.131   168980.131   169013.131   169036.131   169101.131
  1605:   169132.131   169158.131   169187.131   169220.131   169251.131
  1610:   169282.131   169307.131   169339.131   169372.131   169398.131
  1615:   169431.131   169464.131   169494.131   169526.131   169554.131
  1620:   169617.131   169649.131   169681.131   169710.131   169744.131
  1625:   169777.131   169815.131   169848.131   169882.131   169915.131
  1630:   169955.131   169994.131   170031.131   170116.131   170159.131
  1635:   170196.131   170332.131   170364.131   170407.131   170518.131
  1640:   170558.131   170596.131   170691.131   170727.131   170760.131
  1645:   170799.131   170924.131   170954.131   171231.131   171283.131
  1650:   171425.131   171474.131   171773.131   171805.821   171805.920
  1655:   173305.910   173307.613   175257.623   175258.713   175665.123
  1660:   175772.123   175842.123   175876.123   175909.123   176069.123
  1665:   176206.123   176276.123   176314.123   176361.123   176519.123
  1670:   176557.123   176599.123   176672.123   176743.123   176826.123
  1675:   176896.123   177016.123   177124.123   177201.123   177308.723
  1680:   177308.920   177308.901   177308.093   177608.902   179108.910
  1685:   179110.613   181060.623   181061.713   181493.123   181657.123
  1690:   181734.123   181774.123   181804.123   181876.123   181906.123
  1695:   181978.123   182016.123   182055.123   182090.123   182125.123
  1700:   182157.123   182190.123   182229.123   182267.123   182305.123
  1705:   182341.123   182375.123   182411.123   182444.123   182478.123
  1710:   182508.123   182576.123   182611.123   182644.123   182678.123
  1715:   182718.123   182748.123   182783.123   182853.123   182961.123
  1720:   182992.123   183029.723   183029.920   183029.901   183029.093
  1725:   183329.902   184829.910   184831.612   186231.622   186232.712
  1730:   186474.122   186513.122   186550.122   186579.122   186616.122
  1735:   186644.122   186674.122   186739.122   186770.122   186795.122
  1740:   186860.122   186920.122   186945.122   186974.122   187004.122
  1745:   187034.122   187066.122   187129.122   187160.122   187223.122
  1750:   187260.122   187294.122   187362.122   187390.122   187455.122
  1755:   187486.122   187528.122   187560.122   187629.122   187667.722
  1760:   187667.920   187667.901   187667.092   187967.902   189467.910
  1765:   189469.615   193319.625   193320.815   193875.135   193937.135
  1770:   194032.135   194108.135   194268.135   194377.135   194479.135
  1775:   194555.135   194633.135   194737.135   194774.135   194811.135
  1780:   194930.135   194965.135   195047.135   195084.135   195117.135
  1785:   195150.135   195230.135   195267.135   195300.135   195363.135
  1790:   195400.135   195443.135   195473.135   195512.135   195556.135
  1795:   195590.135   195624.135   195659.135   195692.135   195763.135
  1800:   195798.135   195835.135   195869.135   195910.135   195947.135
  1805:   196015.135   196048.135   196087.135   196126.135   196199.135
  1810:   196237.135   196274.135   196311.135   196350.135   196391.135
  1815:   196431.135   196469.135   196512.135   196592.135   196631.135
  1820:   196668.135   196704.135   196743.135   196780.135   196821.135
  1825:   196858.135   196894.135   196936.135   196976.135   197018.135
  1830:   197062.135   197103.135   197144.135   197219.135   197260.135
  1835:   197303.135   197354.135   197545.135   197692.135   197838.135
  1840:   198071.135   198525.135   199044.135   199342.135   199390.135
  1845:   199528.135   199567.135   199631.135   199673.135   199727.135
  1850:   200250.135   200284.135   200309.135   200345.135   200413.135
  1855:   201020.825   201020.920   202520.910   202522.612   203922.622
  1860:   203923.712   204599.122   204808.122   204919.122   205006.122
  1865:   205083.122   205163.122   205209.122   205353.722   205353.920
  1870:   205353.901   205353.092   205653.902   207153.910   207155.613
  1875:   209105.623   209106.713   209596.123   209717.123   209759.123
  1880:   209876.123   209933.123   209983.123   210027.123   210070.123
  1885:   210166.123   210270.123   210310.123   210351.123   210434.123
  1890:   210476.123   210522.123   210564.123   210602.123   210647.123
  1895:   210686.123   210729.123   210774.123   210813.123   210857.123
  1900:   210945.123   210983.123   211021.123   211035.123   211074.723
  1905:   211074.920   211074.901   211074.093   211374.902   212874.910
  1910:   212876.615   216726.625   216727.715   218347.125   218425.125
  1915:   218472.125   218629.125   218857.125   218940.125   218990.125
  1920:   219034.125   219072.125   219120.125   219165.125   219209.125
  1925:   219254.125   219347.125   219395.125   219487.125   219528.125
  1930:   219565.125   219612.125   219654.125   219690.125   219729.125
  1935:   219774.125   219815.125   219853.125   219895.125   219934.125
  1940:   219973.125   220013.125   220051.125   220095.125   220134.125
  1945:   220174.125   220219.125   220256.125   220301.125   220341.125
  1950:   220383.125   220423.125   220465.125   220505.125   220549.125
  1955:   220591.725   220591.920   220591.901   220591.095   220891.902
  1960:   222391.910   222393.612   223793.622   223794.712   224239.122
  1965:   224277.122   224344.122   224379.122   224471.122   224502.122
  1970:   224565.122   224626.122   224757.122   224788.122   224818.122
  1975:   224850.122   224888.122   224919.122   224951.122   224984.122
  1980:   225059.122   225099.122   225131.122   225161.122   225230.722
  1985:   225230.920   225230.901   225230.092   225530.902   227030.910
  1990:   227032.611   228032.621   228033.711   228383.121   228422.121
  1995:   228497.121   228558.121   228587.121   228621.121   228689.121
  2000:   228747.121   228780.121   228818.121   228847.121   228878.121
  2005:   228912.121   228938.121   228969.121   229002.121   229030.121
  2010:   229099.721   229099.920   229099.901   229099.091   229399.902
  2015:   230899.910   230901.612   232301.622   232302.712   232596.122
  2020:   232635.122   232667.122   232701.122   232728.122   232791.122
  2025:   232892.122   232924.122   232957.122   232986.122   233017.122
  2030:   233046.122   233081.122   233108.122   233142.122   233173.122
  2035:   233204.122   233235.122   233303.122   233334.122   233370.122
  2040:   233404.122   233469.122   233505.122   233536.122   233569.122
  2045:   233602.122   233639.122   233678.122   233718.722   233718.920
  2050:   233718.901   233718.092   234018.902   235518.910   235520.611
  2055:   236520.621   236521.711   236812.121   236858.121   236927.121
  2060:   237039.121   237065.121   237103.121   237166.121   237198.121
  2065:   237274.121   237307.121   237341.121   237365.121   237469.121
  2070:   237501.121   237536.721   237536.920   237536.901   237536.091
  2075:   237836.902   239336.910   239338.614   242088.624   242089.714
  2080:   242593.124   242662.124   242773.124   242883.124   243032.124
  2085:   243063.124   243097.124   243135.124   243170.124   243203.124
  2090:   243241.124   243279.124   243313.124   243347.124   243380.124
  2095:   243414.124   243448.124   243557.124   243594.124   243630.124
  2100:   243669.124   243705.124   243742.124   243823.124   243864.124
  2105:   243902.124   243935.124   243967.124   244004.124   244040.124
  2110:   244078.124   244115.124   244184.124   244289.124   244329.124
  2115:   244367.124   244402.124   244440.124   244474.124   244507.124
  2120:   244550.124   244587.124   244629.124   244671.124   244711.124
  2125:   244758.124   244828.124   244867.724   244867.920   244867.901
  2130:   244867.094   245167.902   246667.910   246669.611   247669.621
  2135:   247670.711   247894.121   247932.121   247958.121   247993.121
  2140:   248025.121   248083.121   248111.121   248144.121   248177.121
  2145:   248218.121   248247.121   248278.121   248308.121   248339.121
  2150:   248370.121   248402.121   248434.121   248463.121   248497.121
  2155:   248529.121   248562.121   248633.121   248666.121   248699.721
  2160:   248699.920   248699.901   248699.091   248999.902   250499.910
  2165:   250501.614   253251.624   253252.714   253610.124   253759.124
  2170:   254056.124   254119.124   254186.124   254222.124   254251.124
  2175:   254274.124   254327.124   254361.124   254396.124   254436.124
  2180:   254467.124   254498.124   254527.124   254593.124   254622.124
  2185:   254690.124   254724.124   254755.124   254791.124   254830.124
  2190:   254869.124   254901.124   254938.124   254974.124   255013.124
  2195:   255049.124   255085.124   255121.124   255150.124   255185.124
  2200:   255321.124   255354.124   255391.124   255427.124   255459.124
  2205:   255496.124   255534.124   255569.124   255603.124   255640.124
  2210:   255717.124   255755.124   255795.124   255829.124   255870.124
  2215:   255906.124   255946.124   255985.124   256023.724   256023.920
  2220:   256023.901   256023.094   256323.902   257823.910   257825.612
  2225:   259225.622   259226.812   259517.132   259571.132   259607.132
  2230:   259722.132   259764.132   259803.132   259844.132   259878.132
  2235:   259904.132   259933.132   259962.132   259991.132   260022.132
  2240:   260094.132   260123.132   260185.132   260223.132   260258.132
  2245:   260294.132   260440.132   260474.132   260508.132   260550.132
  2250:   260587.132   260627.132   260663.132   260702.132   260737.132
  2255:   260771.132   260812.132   260846.132   260882.132   260924.132
  2260:   260961.132   260992.132   261027.132   261063.132   261103.132
  2265:   261140.132   261176.132   261251.132   261289.132   261337.132
  2270:   261375.132   261413.132   261455.132   261497.132   261572.132
  2275:   261606.132   261714.132   261785.132   261823.132   261864.132
  2280:   261905.132   261985.132   262024.132   262057.132   262099.132
  2285:   262140.132   262179.132   262216.132   262259.132   262332.132
  2290:   262368.132   262405.132   262487.132   262562.132   262603.132
  2295:   262643.132   262680.132   262716.132   262750.132   262788.132
  2300:   262826.822   262826.920   262834.411   264326.910   264328.613
  2305:   266278.623   266279.713   266758.123   266803.123   266871.123
  2310:   267072.123   267150.123   267198.123   267240.123   267285.123
  2315:   267405.123   267446.123   267575.123   267616.123   267654.123
  2320:   267694.123   267732.123   267769.123   267852.123   267897.123
  2325:   267936.123   267975.123   268020.123   268060.123   268098.123
  2330:   268139.123   268178.123   268219.123   268257.723   268257.920
  2335:   268257.901   268257.093   268557.902   270057.910   270059.611
  2340:   271059.621   271060.811   271328.131   271407.131   271450.131
  2345:   271483.131   271516.131   271576.131   271612.131   271651.131
  2350:   271678.131   271712.131   271746.131   271779.131   271812.131
  2355:   271846.131   271876.131   271911.131   271944.131   271979.131
  2360:   272015.131   272049.131   272080.131   272187.131   272220.131
  2365:   272254.131   272289.131   272327.131   272371.131   272404.131
  2370:   272477.131   272584.131   272631.131   272705.131   272745.131
  2375:   272783.131   272829.131   272872.131   272914.131   272955.131
  2380:   272995.131   273035.131   273115.131   273157.131   273197.131
  2385:   273242.131   273290.131   273329.131   273374.131   273414.131
  2390:   273451.131   273542.131   273585.131   273622.131   273662.131
  2395:   273707.131   273747.131   273790.131   273839.131   273882.131
  2400:   273929.131   273971.131   274008.131   274260.821   274260.920
  2405:   274265.411   275760.910   275762.614   278512.624   278513.714
  2410:   279079.124   279174.124   279215.124   279364.124   279475.124
  2415:   279544.124   279589.124   279743.124   279861.124   279904.124
  2420:   279947.124   280093.124   280130.124   280168.124   280206.124
  2425:   280289.124   280329.124   280369.124   280412.124   280448.124
  2430:   280535.124   280574.124   280655.124   280696.124   280739.124
  2435:   280818.124   280859.124   280899.124   280943.124   280980.124
  2440:   281025.124   281102.124   281155.124   281207.124   281248.124
  2445:   281341.724   281341.920   281341.901   281341.094   281641.902
  2450:   283141.910   283143.615   286993.625   286994.815   287635.135
  2455:   287673.135   287853.135   288110.135   288188.135   288331.135
  2460:   288409.135   288492.135   288622.135   288667.135   288748.135
  2465:   288783.135   288860.135   288900.135   288938.135   288981.135
  2470:   289024.135   289062.135   289143.135   289224.135   289296.135
  2475:   289334.135   289376.135   289416.135   289452.135   289490.135
  2480:   289532.135   289571.135   289616.135   289651.135   289688.135
  2485:   289726.135   289804.135   289838.135   289874.135   289909.135
  2490:   289948.135   289986.135   290021.135   290061.135   290098.135
  2495:   290134.135   290171.135   290208.135   290286.135   290321.135
  2500:   290361.135   290405.135   290444.135   290485.135   290528.135
  2505:   290568.135   290611.135   290650.135   290700.135   290735.135
  2510:   290774.135   290814.135   290857.135   290897.135   290944.135
  2515:   290988.135   291030.135   291069.135   291107.135   291146.135
  2520:   291192.135   291277.135   291312.135   291353.135   291393.135
  2525:   291435.135   291481.135   291531.135   291579.135   291661.135
  2530:   291767.135   291919.135   292143.135   292430.135   292601.135
  2535:   292643.135   292677.135   292754.135   292790.135   292829.135
  2540:   292914.135   292999.135   293095.135   293277.135   293343.135
  2545:   293386.135   293431.135   293717.135   293936.135   293990.135
  2550:   294205.135   294329.135   294624.135   294677.135   294694.825
  2555:   294694.920   296194.910   296196.614   298946.624   298947.814
  2560:   299678.134   299944.134   300099.134   300185.134   300462.134
  2565:   300522.134   300566.134   300652.134   300739.134   300777.134
  2570:   300820.134   300864.134   300912.134   300981.134   301017.134
  2575:   301100.134   301141.134   301180.134   301221.134   301258.134
  2580:   301296.134   301336.134   301374.134   301411.134   301448.134
  2585:   301485.134   301522.134   301561.134   301597.134   301637.134
  2590:   301685.134   301723.134   301764.134   301800.134   301837.134
  2595:   301878.134   301916.134   301957.134   301999.134   302037.134
  2600:   302080.134   302118.134   302159.134   302197.134   302232.134
  2605:   302269.134   302306.134   302344.134   302421.134   302465.134
  2610:   302506.134   302548.134   302627.134   302668.134   302710.134
  2615:   302750.134   302798.134   302838.134   302878.134   302915.134
  2620:   302958.134   303039.134   303127.134   303352.134   303387.134
  2625:   303465.134   304127.134   304162.134   304223.134   304277.134
  2630:   304305.134   304367.134   304395.134   304426.134   304447.824
  2635:   304447.920   304453.411   305947.910   305949.614   308699.624
  2640:   308700.714   308975.124   309085.124   309301.124   309394.124
  2645:   309445.124   309487.124   309642.124   309647.124   309748.124
  2650:   309791.124   309870.124   309978.124   310059.124   310154.124
  2655:   310194.124   310232.124   310271.124   310405.124   310442.124
  2660:   310508.124   310535.124   310568.124   310642.124   310681.124
  2665:   310713.124   310780.124   310819.124   310854.124   310896.124
  2670:   310935.124   310983.124   311024.124   311065.124   311109.124
  2675:   311152.124   311194.124   311235.124   311277.124   311363.124
  2680:   311403.124   311441.124   311478.724   311478.920   311478.901
  2685:   311478.094   311778.902   313278.910   313280.613   315230.623
  2690:   315231.813   315620.133   315722.133   315820.133   315925.133
  2695:   315955.133   316029.133   316061.133   316088.133   316167.133
  2700:   316197.133   316254.133   316323.133   316358.133   316390.133
  2705:   316422.133   316454.133   316528.133   316592.133   316630.133
  2710:   316710.133   316741.133   316774.133   316852.133   316893.133
  2715:   316932.133   316966.133   317000.133   317141.133   317175.133
  2720:   317210.133   317248.133   317281.133   317317.133   317355.133
  2725:   317395.133   317434.133   317471.133   317508.133   317542.133
  2730:   317580.133   317619.133   317659.133   317695.133   317731.133
  2735:   317767.133   317837.133   317872.133   317910.133   317946.133
  2740:   317981.133   318018.133   318090.133   318127.133   318165.133
  2745:   318203.133   318318.133   318381.133   318412.133   318450.133
  2750:   318638.133   318673.133   318703.133   318803.133   318861.133
  2755:   318896.133   318940.133   318972.133   319001.133   319041.133
  2760:   319110.133   319148.133   319192.133   319269.133   319392.133
  2765:   319431.823   319431.920   320931.910   320933.612   322333.622
  2770:   322334.712   322638.122   322676.122   322703.122   322766.122
  2775:   322798.122   322896.122   322924.122   322989.122   323021.122
  2780:   323076.122   323141.122   323172.122   323209.122   323241.122
  2785:   323271.122   323303.122   323334.122   323366.122   323401.122
  2790:   323437.122   323466.122   323499.122   323530.122   323563.122
  2795:   323598.122   323636.122   323668.122   323745.722   323745.920
  2800:   323745.901   323745.092   324045.902   325545.910   325547.614
  2805:   328297.624   328298.714   328727.124   328898.124   328968.124
  2810:   329042.124   329152.124   329392.124   329432.124   329469.124
  2815:   329538.124   329575.124   329614.124   329647.124   329686.124
  2820:   329719.124   329726.124   329765.124   329798.124   329831.124
  2825:   329913.124   329948.124   330097.124   330135.124   330171.124
  2830:   330278.124   330318.124   330391.124   330425.124   330459.124
  2835:   330498.124   330538.124   330576.124   330613.124   330645.124
  2840:   330686.124   330724.124   330765.124   330835.124   330905.124
  2845:   330942.124   331035.124   331075.724   331075.920   331075.901
  2850:   331075.094   331375.902   332875.910   332877.615   336727.625
  2855:   336728.715   337308.125   337502.125   337679.125   337900.125
  2860:   337930.125   338003.125   338075.125   338113.125   338219.125
  2865:   338255.125   338334.125   338370.125   338406.125   338479.125
  2870:   338516.125   338660.125   338694.125   338770.125   338803.125
  2875:   338837.125   338877.125   338909.125   338949.125   338983.125
  2880:   339020.125   339064.125   339125.125   339204.125   339240.125
  2885:   339277.125   339315.125   339384.125   339422.125   339457.125
  2890:   339526.125   339557.125   339669.125   339703.125   339736.125
  2895:   339770.125   339802.125   339846.125   339879.125   339912.125
  2900:   339948.125   339983.125   340026.125   340062.125   340096.125
  2905:   340135.125   340169.125   340251.125   340288.125   340323.125
  2910:   340358.125   340401.125   340436.125   340473.125   340515.125
  2915:   340555.125   340704.725   340704.920   340704.901   340704.095
  2920:   341004.902   342504.910   342506.614   345256.624   345257.714
  2925:   345619.124   345877.124   346147.124   346186.124   346295.124
  2930:   346331.124   346369.124   346551.124   346584.124   346632.124
  2935:   346705.124   346748.124   346810.124   346891.124   346962.124
  2940:   346999.124   347058.124   347165.124   347207.124   347272.124
  2945:   347305.124   347341.124   347378.124   347419.124   347456.124
  2950:   347492.124   347562.124   347602.124   347640.124   347674.124
  2955:   347713.124   347748.124   347783.124   347821.124   347856.124
  2960:   347890.124   347926.124   347963.124   347998.124   348101.724
  2965:   348101.920   348101.901   348101.094   348401.902   349901.910
  2970:   349903.615   353753.625   353754.715   354512.125   354772.125
  2975:   355256.125   355286.125   355367.125   355398.125   355467.125
  2980:   355539.125   355715.125   355788.125   355824.125   355894.125
  2985:   355935.125   356036.125   356071.125   356101.125   356134.125
  2990:   356167.125   356197.125   356231.125   356303.125   356337.125
  2995:   356365.125   356434.125   356468.125   356503.125   356535.125
  3000:   356571.125   356605.125   356676.125   356720.125   356753.125
  3005:   356788.125   356827.125   356861.125   356895.125   356931.125
  3010:   356967.125   357004.125   357038.125   357074.125   357112.125
  3015:   357150.125   357183.125   357219.125   357253.125   357292.125
  3020:   357435.125   357472.125   357549.125   357582.125   357614.725
  3025:   357614.920   357614.901   357614.095   357914.902   359414.910
  3030:   359416.613   361366.623   361367.813   361574.133   361668.133
  3035:   361989.133   362031.133   362078.133   362122.133   362159.133
  3040:   362189.133   362221.133   362255.133   362283.133   362320.133
  3045:   362352.133   362383.133   362450.133   362483.133   362543.133
  3050:   362569.133   362602.133   362629.133   362666.133   362705.133
  3055:   362750.133   362792.133   362836.133   362882.133   362924.133
  3060:   362965.133   363003.133   363043.133   363094.133   363134.133
  3065:   363172.133   363218.133   363260.133   363305.133   363350.133
  3070:   363391.133   363432.133   363476.133   363519.133   363562.133
  3075:   363602.133   363641.133   363680.133   363732.133   363778.133
  3080:   363820.133   363861.133   363906.133   363949.133   363993.133
  3085:   364034.133   364121.133   364165.133   364206.133   364249.133
  3090:   364290.133   364335.133   364382.133   364468.133   364514.133
  3095:   364556.133   364601.133   364650.133   364698.133   364752.133
  3100:   364795.133   364836.133   364876.133   364919.133   364969.133
  3105:   365024.133   365151.133   365281.133   365567.823   365567.920
  3110:   367067.910   367069.611   368069.621   368070.811   368322.131
  3115:   368365.131   368398.131   368429.131   368461.131   368502.131
  3120:   368537.131   368569.131   368602.131   368632.131   368668.131
  3125:   368701.131   368741.131   368775.131   368824.131   368860.131
  3130:   368892.131   368927.131   368962.131   368998.131   369035.131
  3135:   369072.131   369107.131   369144.131   369180.131   369216.131
  3140:   369256.131   369295.131   369334.131   369371.131   369409.131
  3145:   369446.131   369484.131   369520.131   369557.131   369596.131
  3150:   369635.131   369671.131   369712.131   369751.131   369786.131
  3155:   369824.131   369865.131   369903.131   369942.131   369985.131
  3160:   370040.131   370082.131   370121.131   370174.131   370218.131
  3165:   370268.131   370340.131   370423.131   370550.131   370616.131
  3170:   370859.131   370916.131   370968.131   371129.131   371246.131
  3175:   371270.821   371270.920   372770.910   372772.615   376622.625
  3180:   376623.715   376967.125   377034.125   377110.125   377260.125
  3185:   377327.125   377409.125   377509.125   377649.125   377685.125
  3190:   377729.125   377868.125   377908.125   377981.125   378018.125
  3195:   378050.125   378086.125   378126.125   378196.125   378234.125
  3200:   378269.125   378342.125   378379.125   378415.125   378486.125
  3205:   378537.125   378580.125   378612.125   378647.125   378684.125
  3210:   378722.125   378757.125   378797.125   378830.125   378866.125
  3215:   378905.125   378935.125   378969.125   379002.125   379073.125
  3220:   379107.125   379219.125   379256.125   379291.125   379330.125
  3225:   379361.125   379395.125   379433.125   379475.125   379511.125
  3230:   379553.125   379665.125   379703.125   379738.125   379781.125
  3235:   379824.125   379861.125   379905.125   379988.125   380392.125
  3240:   380462.125   380625.725   380625.920   380625.901   380625.095
  3245:   380925.902   382425.910   382427.612   383827.622   383828.812
  3250:   384223.132   384263.132   384300.132   384338.132   384378.132
  3255:   384451.132   384477.132   384501.132   384532.132   384561.132
  3260:   384590.132   384628.132   384660.132   384686.132   384714.132
  3265:   384774.132   384835.132   384866.132   384903.132   384938.132
  3270:   384971.132   384999.132   385028.132   385060.132   385090.132
  3275:   385128.132   385163.132   385195.132   385226.132   385261.132
  3280:   385294.132   385332.132   385367.132   385407.132   385479.132
  3285:   385520.132   385560.132   385602.132   385685.132   385759.132
  3290:   385796.132   385833.132   385871.132   385912.132   385948.132
  3295:   386022.132   386060.132   386091.132   386146.132   386183.132
  3300:   386217.132   386261.132   386307.132   386354.132   386398.132
  3305:   386458.132   386495.132   386539.132   386691.132   386725.132
  3310:   386756.132   386789.132   386826.132   386863.132   386899.132
  3315:   386970.132   387009.132   387063.132   387104.132   387157.132
  3320:   387204.132   387257.132   387398.132   387428.822   387428.920
  3325:   388928.910   388930.612   390330.622   390331.712   390652.122
  3330:   390726.122   390824.122   390849.122   390881.122   390937.122
  3335:   390962.122   390988.122   391016.122   391054.122   391086.122
  3340:   391113.122   391146.122   391178.122   391210.122   391245.122
  3345:   391254.122   391291.122   391323.122   391359.122   391394.122
  3350:   391433.122   391479.122   391515.122   391548.122   391582.122
  3355:   391617.122   391654.122   391691.122   391732.722   391732.920
  3360:   391732.901   391732.092   392032.902   393532.910   393534.615
  3365:   397384.625   397385.715   398342.125   398529.125   398595.125
  3370:   398636.125   398680.125   398796.125   398947.125   398988.125
  3375:   399030.125   399066.125   399140.125   399223.125   399260.125
  3380:   399298.125   399376.125   399453.125   399486.125   399563.125
  3385:   399597.125   399735.125   399775.125   399810.125   399847.125
  3390:   399885.125   399920.125   399955.125   400031.125   400069.125
  3395:   400104.125   400141.125   400177.125   400216.125   400263.125
  3400:   400305.125   400351.125   400430.125   400471.125   400511.125
  3405:   400548.125   400625.125   400675.125   400711.125   400757.125
  3410:   400803.125   400842.125   400883.125   400923.125   400964.125
  3415:   401003.125   401041.125   401119.125   401158.125   401191.125
  3420:   401231.125   401270.725   401270.920   401270.901   401270.095
  3425:   401570.902   403070.910   403072.612   404472.622   404473.712
  3430:   404731.122   404770.122   404803.122   404835.122   404895.122
  3435:   404926.122   404961.122   404993.122   405024.122   405056.122
  3440:   405089.122   405125.122   405158.122   405192.122   405226.122
  3445:   405260.122   405294.122   405327.122   405362.122   405398.122
  3450:   405434.122   405469.122   405504.122   405541.122   405619.122
  3455:   405656.122   405694.122   405730.122   405768.122   405808.122
  3460:   405845.122   405885.722   405885.920   405885.901   405885.092
  3465:   406185.902   407685.910   407687.614   410437.624   410438.714
  3470:   410573.124   410731.124   410771.124   410967.124   411014.124
  3475:   411134.124   411209.124   411339.124   411546.124   411591.124
  3480:   411630.124   411707.124   411750.124   411828.124   411876.124
  3485:   411914.124   411953.124   411992.124   412033.124   412076.124
  3490:   412155.124   412226.124   412270.124   412307.124   412348.124
  3495:   412390.124   412430.124   412471.124   412510.124   412545.124
  3500:   412633.124   412673.124   412709.124   412746.124   412780.124
  3505:   412815.124   412849.124   412884.124   412924.124   412961.124
  3510:   413036.124   413115.124   413163.124   413207.724   413207.920
  3515:   413207.901   413207.094   413507.902   415007.910   415009.611
  3520:   416009.621   416010.811   416223.131   416336.131   416534.131
  3525:   416575.131   416609.131   416639.131   416673.131   416711.131
  3530:   416739.131   416773.131   416810.131   416848.131   416879.131
  3535:   416910.131   416946.131   416977.131   417008.131   417040.131
  3540:   417071.131   417104.131   417138.131   417175.131   417215.131
  3545:   417248.131   417283.131   417317.131   417351.131   417388.131
  3550:   417424.131   417460.131   417498.131   417546.131   417586.131
  3555:   417624.131   417658.131   417697.131   417733.131   417769.131
  3560:   417855.131   417898.131   417939.131   418056.131   418092.131
  3565:   418126.131   418163.131   418250.131   418292.131   418331.131
  3570:   418372.131   418411.131   418449.131   418490.131   418525.131
  3575:   418563.131   418607.131   418647.131   418726.131   418804.131
  3580:   418842.131   418881.131   418915.131   418951.131   418989.131
  3585:   419033.131   419072.131   419108.131   419196.131   419210.821
  3590:   419210.920   420710.910   420712.613   422662.623   422663.713
  3595:   422810.123   422921.123   422958.123   423134.123   423202.123
  3600:   423319.123   423397.123   423431.123   423459.123   423495.123
  3605:   423569.123   423596.123   423673.123   423701.123   423763.123
  3610:   423799.123   423828.123   423860.123   423892.123   423928.123
  3615:   423962.123   423994.123   424030.123   424065.123   424102.123
  3620:   424139.123   424174.123   424214.123   424258.123   424296.123
  3625:   424333.123   424370.123   424405.123   424442.123   424474.123
  3630:   424546.123   424624.723   424624.920   424624.901   424624.093
  3635:   424924.902   426424.910   426426.613   428376.623   428377.813
  3640:   428702.133   428743.133   428874.133   428913.133   428987.133
  3645:   429069.133   429108.133   429166.133   429195.133   429229.133
  3650:   429266.133   429298.133   429329.133   429363.133   429392.133
  3655:   429427.133   429461.133   429501.133   429535.133   429570.133
  3660:   429606.133   429639.133   429674.133   429744.133   429786.133
  3665:   429825.133   429862.133   429897.133   429937.133   429970.133
  3670:   430018.133   430096.133   430143.133   430216.133   430259.133
  3675:   430300.133   430334.133   430420.133   430492.133   430582.133
  3680:   430626.133   430667.133   430703.133   430745.133   430853.133
  3685:   430898.133   431003.133   431055.133   431110.133   431330.133
  3690:   431369.133   431403.133   431485.133   431526.133   431565.133
  3695:   431684.133   431725.133   431900.133   431983.133   432029.133
  3700:   432076.133   432119.133   432253.133   432302.133   432476.133
  3705:   432525.133   432577.823   432577.920   434077.910   434079.615
  3710:   437929.625   437930.815   438283.135   438358.135   438404.135
  3715:   438469.135   438694.135   438780.135   438880.135   438975.135
  3720:   439022.135   439107.135   439191.135   439310.135   439353.135
  3725:   439431.135   439512.135   439550.135   439590.135   439632.135
  3730:   439673.135   439753.135   439791.135   439828.135   439863.135
  3735:   439901.135   439944.135   439984.135   440064.135   440117.135
  3740:   440159.135   440202.135   440243.135   440282.135   440323.135
  3745:   440360.135   440402.135   440449.135   440487.135   440526.135
  3750:   440559.135   440600.135   440636.135   440678.135   440717.135
  3755:   440754.135   440835.135   440875.135   440911.135   440953.135
  3760:   440992.135   441073.135   441113.135   441151.135   441189.135
  3765:   441230.135   441274.135   441317.135   441362.135   441406.135
  3770:   441446.135   441489.135   441534.135   441573.135   441610.135
  3775:   441653.135   441689.135   441734.135   441780.135   441825.135
  3780:   441996.135   442165.135   442243.135   442379.135   442390.135
  3785:   442433.135   442706.135   442785.135   442956.135   443150.135
  3790:   443198.135   443268.135   443522.135   443667.135   443774.135
  3795:   443901.135   443970.135   444012.135   444145.135   444225.135
  3800:   444456.135   444500.135   444698.135   444731.135   444867.135
  3805:   445060.135   445368.135   445434.135   445540.135   445630.825
  3810:   445630.920   447130.910   447132.613   449082.623   449083.713
  3815:   449453.123   449530.123   449571.123   449640.123   449678.123
  3820:   449716.123   449804.123   449835.123   449987.123   450033.123
  3825:   450068.123   450110.123   450153.123   450192.123   450228.123
  3830:   450269.123   450315.123   450348.123   450384.123   450421.123
  3835:   450457.123   450495.123   450575.123   450616.123   450652.123
  3840:   450689.123   450734.123   450773.123   450815.123   450852.123
  3845:   450889.123   450925.123   450969.123   451014.123   451053.723
  3850:   451053.920   451053.901   451053.093   451353.902   452853.910
  3855:   452855.614   455605.624   455606.714   456308.124   456355.124
  3860:   456393.124   456533.124   456574.124   456655.124   456733.124
  3865:   456763.124   456832.124   456905.124   456988.124   457022.124
  3870:   457058.124   457101.124   457175.124   457250.124   457294.124
  3875:   457330.124   457365.124   457402.124   457439.124   457474.124
  3880:   457511.124   457552.124   457595.124   457669.124   457704.124
  3885:   457741.124   457778.124   457816.124   457850.124   457892.124
  3890:   457973.124   458050.124   458093.124   458171.124   458206.124
  3895:   458243.124   458277.124   458321.124   458361.724   458361.920
  3900:   458361.901   458361.094   458661.902   460161.910   460163.611
  3905:   461163.621   461164.711   461396.121   461443.121   461476.121
  3910:   461511.121   461543.121   461573.121   461633.121   461663.121
  3915:   461697.121   461732.121   461761.121   461791.121   461822.121
  3920:   461855.121   461886.121   461917.121   461955.121   461992.121
  3925:   462028.121   462061.121   462096.121   462239.721   462239.920
  3930:   462239.901   462239.091   462539.902   464039.910   464041.613
  3935:   465991.623   465992.713   466475.123   466586.123   466633.123
  3940:   466682.123   466721.123   466804.123   466845.123   466888.123
  3945:   466930.123   466972.123   467009.123   467150.123   467187.123
  3950:   467259.123   467297.123   467377.123   467416.123   467450.123
  3955:   467486.123   467602.123   467639.123   467677.123   467717.123
  3960:   467749.123   467782.123   467819.123   467859.123   467895.123
  3965:   467933.123   467972.723   467972.920   467972.901   467972.093
  3970:   468272.902   469772.910   469774.614   472524.624   472525.714
  3975:   473239.124   473353.124   473461.124   473540.124   473621.124
  3980:   473706.124   473747.124   473786.124   473920.124   474058.124
  3985:   474135.124   474176.124   474209.124   474299.124   474339.124
  3990:   474376.124   474415.124   474493.124   474529.124   474563.124
  3995:   474596.124   474634.124   474667.124   474739.124   474775.124
  4000:   474818.124   474855.124   474894.124   474934.124   474970.124
  4005:   475006.124   475089.124   475124.124   475161.124   475196.124
  4010:   475235.124   475313.724   475313.920   475313.901   475313.094
  4015:   475613.902   477113.910   477115.612   478515.622   478516.712
  4020:   478800.122   478840.122   478878.122   478910.122   478997.122
  4025:   479032.122   479064.122   479100.122   479137.122   479173.122
  4030:   479209.122   479246.122   479296.122   479336.122   479368.122
  4035:   479401.122   479438.122   479472.122   479506.122   479542.122
  4040:   479577.122   479612.122   479649.122   479686.122   479726.122
  4045:   479767.122   479804.122   479844.122   479880.122   479917.722
  4050:   479917.920   479917.901   479917.092   480217.902   481717.910
  4055:   481719.613   483669.623   483670.713   484052.123   484137.123
  4060:   484178.123   484220.123   484250.123   484283.123   484326.123
  4065:   484362.123   484397.123   484519.123   484570.123   484619.123
  4070:   484658.123   484695.123   484733.123   484772.123   484812.123
  4075:   484847.123   484884.123   484922.123   484960.123   485003.123
  4080:   485044.123   485088.123   485132.123   485179.123   485220.123
  4085:   485266.123   485308.123   485348.123   485388.123   485426.123
  4090:   485465.123   485509.123   485550.123   485592.123   485632.723
  4095:   485632.920   485632.901   485632.093   485932.902   487432.910
  4100:   487434.614   490184.624   490185.814   490911.134   491065.134
  4105:   491115.134   491204.134   491341.134   491387.134   491428.134
  4110:   491470.134   491517.134   491559.134   491602.134   491644.134
  4115:   491681.134   491800.134   491860.134   491954.134   491989.134
  4120:   492030.134   492110.134   492143.134   492219.134   492288.134
  4125:   492326.134   492355.134   492432.134   492466.134   492503.134
  4130:   492539.134   492572.134   492606.134   492643.134   492673.134
  4135:   492779.134   492818.134   492857.134   492893.134   493001.134
  4140:   493043.134   493082.134   493115.134   493149.134   493178.134
  4145:   493223.134   493257.134   493289.134   493391.134   493431.134
  4150:   493465.134   493505.134   493543.134   493578.134   493652.134
  4155:   493690.134   493727.134   493767.134   493802.134   493883.134
  4160:   493953.134   494022.134   494123.134   494298.134   494338.134
  4165:   494380.134   494495.134   495120.134   495156.134   495208.134
  4170:   495279.134   495313.134   495385.134   495419.134   495461.134
  4175:   495498.134   495537.134   495577.134   495618.134   495655.134
  4180:   495685.824   495685.920   495693.411   497185.910   497187.615
  4185:   501037.625   501038.715   501808.125   501852.125   501893.125
  4190:   501968.125   502089.125   502201.125   502324.125   502407.125
  4195:   502501.125   502539.125   502612.125   502643.125   502723.125
  4200:   502829.125   502943.125   502979.125   503014.125   503049.125
  4205:   503088.125   503163.125   503205.125   503240.125   503276.125
  4210:   503354.125   503388.125   503463.125   503503.125   503540.125
  4215:   503581.125   503620.125   503658.125   503692.125   503729.125
  4220:   503769.125   503845.125   503884.125   503919.125   503957.125
  4225:   503994.125   504032.125   504068.125   504112.125   504156.125
  4230:   504194.125   504234.125   504275.125   504315.125   504358.125
  4235:   504399.125   504446.125   504489.125   504535.125   504577.125
  4240:   504633.125   504678.125   504722.125   504856.125   504898.725
  4245:   504898.920   504898.901   504898.095   505198.902   506698.910
  4250:   506700.612   508100.622   508101.712   508326.122   508368.122
  4255:   508513.122   508581.122   508843.122   508883.122   508922.122
  4260:   508963.122   509000.122   509041.122   509080.122   509119.122
  4265:   509201.122   509233.122   509340.122   509382.122   509420.122
  4270:   509455.122   509530.722   509530.920   509530.901   509530.092
  4275:   509830.902   511330.910   511332.611   512332.621   512333.711
  4280:   512596.121   512630.121   512664.121   512691.121   512727.121
  4285:   512806.121   512834.121   512868.121   512901.121   512932.121
  4290:   512966.121   513001.121   513052.121   513085.121   513118.121
  4295:   513150.121   513184.121   513220.121   513255.121   513291.121
  4300:   513330.121   513365.721   513365.920   513365.901   513365.091
  4305:   513665.902   515165.910   515167.611   516167.621   516168.711
  4310:   516429.121   516459.121   516488.121   516520.121   516551.121
  4315:   516583.121   516612.121   516642.121   516674.121   516706.121
  4320:   516769.121   516805.121   516837.121   516875.121   516908.121
  4325:   516942.121   516973.121   517004.121   517072.121   517140.121
  4330:   517215.721   517215.920   517215.901   517215.091   517515.902
  4335:   519015.910   519017.612   520417.622   520418.712   520718.122
  4340:   520758.122   520787.122   520824.122   520853.122   520889.122
  4345:   520953.122   520986.122   521016.122   521049.122   521083.122
  4350:   521116.122   521216.122   521246.122   521282.122   521318.122
  4355:   521352.122   521387.122   521421.122   521457.122   521492.122
  4360:   521530.122   521568.122   521605.122   521642.122   521682.122
  4365:   521721.122   521754.122   521787.122   521823.722   521823.920
  4370:   521823.901   521823.092   522123.902   523623.910   523625.614
  4375:   526375.624   526376.714   527172.124   527215.124   527340.124
  4380:   527386.124   527436.124   527473.124   527550.124   527668.124
  4385:   527703.124   527747.124   527790.124   527896.124   527935.124
  4390:   527976.124   528011.124   528050.124   528087.124   528164.124
  4395:   528204.124   528240.124   528317.124   528358.124   528394.124
  4400:   528433.124   528471.124   528506.124   528540.124   528582.124
  4405:   528621.124   528657.124   528689.124   528721.124   528790.124
  4410:   528836.124   528880.124   528960.124   528995.124   529030.124
  4415:   529066.124   529100.124   529134.724   529134.920   529134.901
  4420:   529134.094   529434.902   530934.910   530936.614   533686.624
  4425:   533687.814   534054.134   535154.134   535362.134   535398.134
  4430:   535479.134   535556.134   535594.134   535628.134   535664.134
  4435:   535742.134   535776.134   535809.134   535850.134   535966.134
  4440:   535999.134   536037.134   536068.134   536100.134   536136.134
  4445:   536172.134   536208.134   536250.134   536288.134   536326.134
  4450:   536403.134   536438.134   536475.134   536517.134   536554.134
  4455:   536591.134   536628.134   536707.134   536745.134   536785.134
  4460:   536823.134   536861.134   536987.134   537028.134   537064.134
  4465:   537140.134   537177.134   537216.134   537255.134   537297.134
  4470:   537332.134   537412.134   537487.134   537520.134   537561.134
  4475:   537599.134   537636.134   537721.134   537760.134   537796.134
  4480:   537832.134   537872.134   537948.134   537992.134   538031.134
  4485:   538107.134   538145.134   538190.134   538263.134   538301.134
  4490:   538344.134   538384.134   538423.134   538478.134   538603.134
  4495:   538736.134   538782.134   539003.134   539038.134   539075.134
  4500:   539167.134   539187.824   539187.920   540687.910   540689.611
  4505:   541689.621   541690.711   541920.121   541985.121   542017.121
  4510:   542045.121   542076.121   542105.121   542136.121   542172.121
  4515:   542204.121   542232.121   542264.121   542298.121   542331.121
  4520:   542365.121   542398.121   542431.121   542462.121   542496.121
  4525:   542529.121   542561.121   542598.121   542633.121   542666.121
  4530:   542701.721   542701.920   542701.901   542701.091   543001.902
  4535:   544501.910   544503.613   546453.623   546454.713   546790.123
  4540:   546974.123   547012.123   547210.123   547252.123   547291.123
  4545:   547328.123   547402.123   547480.123   547560.123   547604.123
  4550:   547641.123   547673.123   547749.123   547834.123   547870.123
  4555:   547905.123   547939.123   548009.123   548083.123   548118.123
  4560:   548152.123   548192.123   548226.123   548266.123   548305.123
  4565:   548413.723   548413.920   548413.901   548413.093   548713.902
  4570:   550213.910   550215.615   554065.625   554066.715   555159.125
  4575:   555279.125   555329.125   555551.125   555599.125   555646.125
  4580:   555694.125   555737.125   555776.125   555934.125   555974.125
  4585:   556019.125   556060.125   556103.125   556144.125   556181.125
  4590:   556266.125   556310.125   556349.125   556429.125   556516.125
  4595:   556554.125   556592.125   556671.125   556708.125   556744.125
  4600:   556778.125   556813.125   556847.125   556886.125   556927.125
  4605:   556973.125   557016.125   557058.125   557095.125   557135.125
  4610:   557174.125   557219.125   557257.125   557299.125   557385.125
  4615:   557427.125   557472.125   557515.125   557552.125   557594.125
  4620:   557633.125   557676.125   557718.125   557756.125   557800.125
  4625:   557840.125   557885.125   557925.725   557925.920   557925.901
  4630:   557925.095   558225.902   559725.910   559727.614   562477.624
  4635:   562478.714   562948.124   563039.124   563185.124   563272.124
  4640:   563423.124   563467.124   563682.124   563760.124   563840.124
  4645:   563875.124   563886.124   563925.124   564015.124   564063.124
  4650:   564140.124   564178.124   564219.124   564263.124   564299.124
  4655:   564331.124   564445.124   564479.124   564511.124   564542.124
  4660:   564575.124   564608.124   564641.124   564674.124   564709.124
  4665:   564752.124   564789.124   564822.124   564858.124   564898.124
  4670:   564931.124   564966.124   565002.124   565044.124   565083.124
  4675:   565116.124   565149.124   565186.124   565224.124   565265.724
  4680:   565265.920   565265.901   565265.094   565565.902   567065.910
  4685:   567067.612   568467.622   568468.712   568695.122   568744.122
  4690:   568784.122   568821.122   568852.122   568889.122   568924.122
  4695:   568955.122   568988.122   569100.122   569129.122   569159.122
  4700:   569192.122   569228.122   569260.122   569291.122   569324.122
  4705:   569354.122   569422.122   569457.122   569492.122   569528.122
  4710:   569561.122   569594.122   569629.122   569664.122   569675.122
  4715:   569743.122   569774.122   569810.122   569844.122   569881.722
  4720:   569881.920   569881.901   569881.092   570181.902   571681.910
  4725:   571683.611   572683.621   572684.711   572858.121   572939.121
  4730:   572977.121   573089.121   573124.121   573151.121   573178.121
  4735:   573211.121   573331.121   573369.121   573401.121   573433.121
  4740:   573466.121   573497.121   573527.121   573554.121   573585.121
  4745:   573619.121   573649.121   573683.121   573716.721   573716.920
  4750:   573716.901   573716.091   574016.902   575516.910   575518.613
  4755:   577468.623   577469.713   577847.123   577952.123   578082.123
  4760:   578207.123   578281.123   578362.123   578401.123   578434.123
  4765:   578474.123   578550.123   578590.123   578629.123   578664.123
  4770:   578705.123   578741.123   578809.123   578845.123   578926.123
  4775:   578960.123   579036.123   579075.123   579110.123   579144.123
  4780:   579185.123   579220.123   579254.123   579290.123   579325.123
  4785:   579358.123   579398.123   579435.723   579435.920   579435.901
  4790:   579435.093   579735.902   581235.910   581237.615   585087.625
  4795:   585088.715   585695.125   585903.125   585951.125   586106.125
  4800:   586370.125   586404.125   586582.125   586628.125   586676.125
  4805:   586738.125   586815.125   586857.125   586907.125   586958.125
  4810:   587034.125   587113.125   587189.125   587282.125   587292.125
  4815:   587336.125   587419.125   587461.125   587498.125   587535.125
  4820:   587568.125   587604.125   587641.125   587676.125   587712.125
  4825:   587746.125   587784.125   587820.125   587854.125   587890.125
  4830:   587928.125   587963.125   588000.125   588041.125   588128.125
  4835:   588165.125   588203.125   588238.125   588271.125   588304.125
  4840:   588339.125   588373.125   588415.125   588454.125   588492.125
  4845:   588531.125   588577.125   588615.125   588651.125   588692.125
  4850:   588734.125   588775.125   588813.125   588856.125   588893.125
  4855:   588930.125   588963.725   588963.920   588963.901   588963.095
  4860:   589263.902   590763.910   590765.613   592715.623   592716.713
  4865:   592975.123   593371.123   593414.123   593499.123   593546.123
  4870:   593586.123   593634.123   593672.123   593706.123   593743.123
  4875:   593809.123   593893.123   593969.123   594008.123   594041.123
  4880:   594106.123   594143.123   594183.123   594218.123   594249.123
  4885:   594283.123   594353.123   594388.123   594417.123   594452.123
  4890:   594486.123   594522.123   594558.123   594593.123   594630.123
  4895:   594662.123   594700.723   594700.920   594700.901   594700.093
  4900:   595000.902   596500.910   596502.612   597902.622   597903.812
  4905:   598220.132   598265.132   598348.132   598406.132   598475.132
  4910:   598557.132   598626.132   598670.132   598711.132   598747.132
  4915:   598777.132   598844.132   598878.132   598914.132   598949.132
  4920:   598979.132   599048.132   599083.132   599115.132   599147.132
  4925:   599179.132   599213.132   599242.132   599277.132   599318.132
  4930:   599353.132   599380.132   599445.132   599478.132   599547.132
  4935:   599582.132   599611.132   599645.132   599680.132   599710.132
  4940:   599745.132   599810.132   599839.132   599876.132   599941.132
  4945:   600010.132   600043.132   600077.132   600113.132   600146.132
  4950:   600177.132   600209.132   600238.132   600314.132   600349.132
  4955:   600390.132   600426.132   600463.132   600500.132   600534.132
  4960:   600568.132   600605.132   600649.132   600684.132   600716.132
  4965:   600747.132   600782.132   600818.132   600859.132   600893.132
  4970:   600924.132   600961.132   600996.132   601038.132   601120.132
  4975:   601190.132   601229.132   601260.132   601305.132   601376.132
  4980:   601417.132   601487.132   601503.822   601503.920   603003.910
  4985:   603005.611   604005.621   604006.711   604215.121   604258.121
  4990:   604282.121   604339.121   604366.121   604423.121   604450.121
  4995:   604482.121   604517.121   604545.121   604604.121   604634.121
  5000:   604663.121   604699.121   604731.121   604760.121   604791.121
  5005:   604820.121   604856.121   604927.121   604962.121   604995.121
  5010:   605028.721   605028.920   605028.901   605028.091   605328.902
  5015:   606828.910   606830.613   608780.623   608781.713   609068.123
  5020:   609110.123   609232.123   609339.123   609376.123   609648.123
  5025:   609683.123   609763.123   609804.123   609897.123   609923.123
  5030:   610027.123   610094.123   610130.123   610168.123   610269.123
  5035:   610303.123   610370.123   610403.123   610467.123   610497.123
  5040:   610531.123   610562.123   610596.123   610660.123   610687.123
  5045:   610725.123   610761.723   610761.920   610761.901   610761.093
  5050:   611061.902   612561.910   612563.615   616413.625   616414.715
  5055:   617206.125   617239.125   617559.125   617593.125   617633.125
  5060:   617702.125   617782.125   617818.125   617859.125   617930.125
  5065:   617971.125   618067.125   618148.125   618221.125   618255.125
  5070:   618327.125   618367.125   618408.125   618443.125   618476.125
  5075:   618516.125   618551.125   618625.125   618664.125   618698.125
  5080:   618733.125   618766.125   618803.125   618837.125   618871.125
  5085:   618941.125   618982.125   619020.125   619058.125   619095.125
  5090:   619134.125   619209.125   619248.125   619283.125   619318.125
  5095:   619352.125   619388.125   619422.125   619456.125   619491.125
  5100:   619528.125   619565.125   619603.125   619685.125   619721.125
  5105:   619759.125   619794.125   619828.125   619862.125   619902.125
  5110:   619937.125   619974.125   620014.125   620057.125   620096.125
  5115:   620137.125   620175.125   620211.125   620247.125   620288.725
  5120:   620288.920   620288.901   620288.095   620588.902   622088.910
  5125:   622090.615   625940.625   625941.715   627140.125   627385.125
  5130:   627458.125   627500.125   627584.125   627661.125   627700.125
  5135:   627780.125   627877.125   627916.125   627996.125   628180.125
  5140:   628327.125   628368.125   628400.125   628469.125   628543.125
  5145:   628551.125   628590.125   628627.125   628664.125   628699.125
  5150:   628735.125   628770.125   628804.125   628838.125   628906.125
  5155:   628942.125   628978.125   629012.125   629047.125   629080.125
  5160:   629115.125   629152.125   629185.125   629218.125   629252.125
  5165:   629288.125   629328.125   629367.125   629405.125   629439.125
  5170:   629477.125   629589.125   629624.125   629656.125   629693.125
  5175:   629728.125   629762.125   629800.725   629800.920   629800.901
  5180:   629800.095   630100.902   631600.910   631602.612   633002.622
  5185:   633003.712   633450.122   633671.122   633747.122   633815.122
  5190:   633918.122   633946.122   633987.122   634011.122   634040.122
  5195:   634071.122   634106.122   634146.122   634177.122   634206.122
  5200:   634236.122   634270.122   634309.122   634342.122   634378.122
  5205:   634411.722   634411.920   634411.901   634411.092   634711.902
  5210:   636211.910   636213.611   637213.621   637214.711   637551.121
  5215:   637587.121   637617.121   637701.121   637740.121   637773.121
  5220:   637839.121   637879.121   637912.121   637940.121   637973.121
  5225:   638006.121   638038.121   638070.121   638101.121   638132.121
  5230:   638165.121   638198.121   638267.721   638267.920   638267.901
  5235:   638267.091   638567.902   640067.910   640069.611   641069.621
  5240:   641070.711   641269.121   641311.121   641339.121   641370.121
  5245:   641402.121   641430.121   641464.121   641524.121   641557.121
  5250:   641590.121   641684.121   641713.121   641748.121   641783.121
  5255:   641815.121   641847.121   641877.121   641914.121   641948.121
  5260:   641980.121   642015.121   642052.121   642085.721   642085.920
  5265:   642085.901   642085.091   642385.902   643885.910   643887.615
  5270:   647737.625   647738.715   648184.125   648415.125   648521.125
  5275:   648575.125   648631.125   648746.125   648895.125   648940.125
  5280:   649048.125   649085.125   649157.125   649196.125   649236.125
  5285:   649273.125   649309.125   649346.125   649382.125   649419.125
  5290:   649457.125   649495.125   649534.125   649569.125   649603.125
  5295:   649640.125   649682.125   649757.125   649791.125   649822.125
  5300:   649892.125   649927.125   649962.125   649999.125   650032.125
  5305:   650072.125   650155.125   650195.125   650229.125   650298.125
  5310:   650335.125   650370.125   650405.125   650440.125   650472.125
  5315:   650508.125   650544.125   650578.125   650615.125   650687.125
  5320:   650725.125   650762.125   650797.125   650835.125   650877.125
  5325:   650961.125   651005.125   651081.125   651114.125   651150.125
  5330:   651184.125   651259.125   651296.125   651334.125   651366.125
  5335:   651411.125   651456.125   651497.125   651580.125   651623.725
  5340:   651623.920   651623.901   651623.095   651923.902   653423.910
  5345:   653425.613   655375.623   655376.713   655774.123   655950.123
  5350:   655991.123   656075.123   656114.123   656198.123   656300.123
  5355:   656331.123   656404.123   656436.123   656514.123   656550.123
  5360:   656612.123   656640.123   656671.123   656702.123   656735.123
  5365:   656764.123   656794.123   656830.123   656863.123   656896.123
  5370:   656932.123   656966.123   657001.123   657036.123   657076.123
  5375:   657109.123   657190.123   657235.123   657273.123   657310.123
  5380:   657345.723   657345.920   657345.901   657345.093   657645.902
  5385:   659145.910   659147.614   661897.624   661898.714   662430.124
  5390:   662474.124   662884.124   662958.124   663027.124   663133.124
  5395:   663255.124   663318.124   663389.124   663428.124   663464.124
  5400:   663503.124   663579.124   663620.124   663655.124   663690.124
  5405:   663727.124   663763.124   663799.124   663866.124   663899.124
  5410:   663932.124   663963.124   663999.124   664032.124   664067.124
  5415:   664102.124   664134.124   664171.124   664212.124   664246.124
  5420:   664279.124   664315.124   664353.124   664390.124   664460.124
  5425:   664500.124   664539.124   664614.124   664651.724   664651.920
  5430:   664651.901   664651.094   664951.902   666451.910   666453.612
  5435:   667853.622   667854.812   668026.132   668066.132   668098.132
  5440:   668134.132   668164.132   668237.132   668268.132   668298.132
  5445:   668336.132   668445.132   668475.132   668510.132   668545.132
  5450:   668577.132   668610.132   668656.132   668694.132   668728.132
  5455:   668763.132   668799.132   668837.132   668870.132   668904.132
  5460:   668941.132   668985.132   669054.132   669088.132   669127.132
  5465:   669164.132   669199.132   669233.132   669272.132   669313.132
  5470:   669355.132   669393.132   669432.132   669467.132   669502.132
  5475:   669617.132   669661.132   669706.132   669740.132   669835.132
  5480:   669884.132   669922.132   669959.132   670002.132   670044.132
  5485:   670086.132   670174.132   670215.132   670260.132   670300.132
  5490:   670341.132   670382.132   670435.132   670474.132   670550.132
  5495:   670660.132   670764.132   670812.132   670907.132   670993.132
  5500:   671056.132   671289.132   671413.132   671452.132   671454.822
  5505:   671454.920   672954.910   672956.614   675706.624   675707.714
  5510:   676396.124   676577.124   676623.124   676704.124   676744.124
  5515:   676818.124   677024.124   677061.124   677136.124   677217.124
  5520:   677254.124   677292.124   677364.124   677434.124   677510.124
  5525:   677584.124   677618.124   677650.124   677721.124   677759.124
  5530:   677795.124   677829.124   677866.124   677901.124   677935.124
  5535:   677971.124   678011.124   678089.124   678126.124   678212.124
  5540:   678250.124   678288.124   678324.124   678402.124   678439.124
  5545:   678476.724   678476.920   678476.901   678476.094   678776.902
  5550:   678776.902   678776.005   678776.006   678776.007   678776.020
  5555:      
D:
     0:        0.000        0.000        0.000        0.000        0.000
     5:        0.000        0.000        0.000        0.000        0.000
    10:        0.000        0.000        0.000        0.000        0.000
    15:        0.000        0.000        0.000        0.000        0.000
    20:        0.000        0.000        0.000        0.000        0.000
    25:        0.000        5.000        0.000        0.000        0.000
    30:        0.000        0.000        0.000        0.000        0.000
    35:        0.000
F:
     0:       10.000       14.000       19.500       27.500       38.500
     5:       10.000       14.000       19.500       27.500       38.500
    10:       10.000       14.000       19.500       27.500       38.500
    15:       20.000       28.000       39.000       55.000       77.000
    20:       20.000       28.000       39.000       55.000       77.000
    25:       20.000       28.000       39.000       55.000       77.000
    30:       10.000       14.000       19.500       27.500       38.500
    35:       10.000       14.000       19.500       27.500       38.500
    40:       10.000       14.000       19.500       27.500       38.500
    45:       10.000       14.000       19.500       27.500       38.500
    50:       10.000       14.000       19.500       27.500       38.500
    55:       10.000       14.000       19.500       27.500       38.500
    60:       10.000       14.000       19.500       27.500       38.500
    65:       10.000       14.000       19.500       27.500       38.500
    70:       10.000       14.000       19.500       27.500       38.500
    75:       20.000       28.000       39.000       55.000       77.000
    80:       20.000       28.000       39.000       55.000       77.000
    85:       10.000       14.000       19.500       27.500       38.500
    90:       10.000       14.000       19.500       27.500       38.500
    95:       10.000       14.000       19.500       27.500       38.500
I:
     0:       75.000        0.000        0.000
M:
     0:       15.000       15.000       15.000       15.000       15.000
     5:        5.000        5.000        5.000        5.000        5.000
    10:      100.000
N:
     0:       20.000       20.000       20.000       20.000       20.000
     5:        0.000
Q:
     0:       15.000       15.000       15.000       15.000       15.000
     5:        0.000
V:
     0:        0.000        0.000        0.000        0.000        0.000
     5:      321.000      397.000      486.000      647.000      919.000
    10:      315.000      344.000      404.000      482.000      479.000
    15:        0.000
