File: C:\MED-PC IV\DATA\M_PEAK30P002


Start Date: 09/04/17
End Date: 09/04/17
Subject: P002
Experiment: IF-PICO
Group: 0
Box: 5
Start Time: 10:21:33
End Time: 12:15:40
MSN: Multiple_Peak
B:       0.000
C:       0.000
E:    3171.000
G:      38.500
H:    3850.000
J:       0.000
K:       0.000
L:       0.000
O:       0.000
P:       0.000
R:       0.000
S:       0.000
T:  681295.000
U:       0.000
W:       0.000
X:       0.000
Y:       0.000
Z:       0.000
A:
     0:        0.010      500.910      502.614     3252.624     3253.714
     5:     3378.124     3422.124     3467.124     3653.124     3783.124
    10:     4134.124     4267.124     4405.124     4690.124     5073.124
    15:     5343.124     7242.724     7242.920     7242.901     7242.094
    20:     7542.902     9042.910     9044.612    10444.622    10445.712
    25:    10538.122    10620.122    10704.122    10789.122    10872.122
    30:    10958.122    11040.122    11125.122    11321.122    11378.122
    35:    11489.122    11571.122    11650.122    11686.122    11859.722
    40:    11859.920    11859.901    11859.092    12159.902    13659.910
    45:    13661.612    15061.622    15062.812    15144.132    15181.132
    50:    15216.132    15310.132    15471.132    15558.132    15647.132
    55:    15696.132    15740.132    15781.132    15866.132    15903.132
    60:    16003.132    16051.132    16135.132    16230.132    16325.132
    65:    16370.132    16410.132    16448.132    16546.132    16591.132
    70:    16629.132    16725.132    16868.132    16949.132    17050.132
    75:    17101.132    17194.132    17274.132    17320.132    17449.132
    80:    17542.132    17589.132    17633.132    17676.132    17808.132
    85:    17856.132    17896.132    17994.132    18165.132    18263.132
    90:    18305.132    18357.132    18429.132    18523.132    18651.132
    95:    18662.822    18662.920    20162.910    20164.615    24014.625
   100:    24015.815    24492.135    24620.135    25080.135    25161.135
   105:    25284.135    25371.135    25414.135    25545.135    25577.135
   110:    25739.135    25810.135    25848.135    25917.135    26044.135
   115:    26133.135    26263.135    26437.135    26617.135    26661.135
   120:    26749.135    26830.135    26925.135    27040.135    27147.135
   125:    27243.135    27319.135    27450.135    27589.135    27731.135
   130:    27811.135    27939.135    28302.135    28574.135    28797.135
   135:    28889.135    28943.135    29026.135    29078.135    29209.135
   140:    29361.135    29445.135    29547.135    29654.135    29727.135
   145:    29827.135    30001.135    30057.135    30250.135    30419.135
   150:    30657.135    30761.135    30901.135    30998.135    31041.135
   155:    31125.135    31212.135    31569.135    31647.135    31715.825
   160:    31715.920    33215.910    33217.612    34617.622    34618.712
   165:    34679.122    34722.122    34764.122    34889.122    34971.122
   170:    35066.122    35208.122    35313.122    35414.122    35517.122
   175:    35621.122    35672.122    35716.122    35915.122    36040.722
   180:    36040.920    36040.901    36040.092    36340.902    37840.910
   185:    37842.613    39792.623    39793.713    39977.123    40057.123
   190:    40147.123    40188.123    40240.123    40322.123    40372.123
   195:    40468.123    40551.123    40585.123    40624.123    40722.123
   200:    40759.123    40811.123    40910.123    41003.123    41098.123
   205:    41199.123    41302.123    41350.123    41445.123    41544.123
   210:    41698.123    41839.723    41839.920    41839.901    41839.093
   215:    42139.902    43639.910    43641.614    46391.624    46392.814
   220:    46581.134    46665.134    46894.134    46983.134    47107.134
   225:    47161.134    47264.134    47360.134    47409.134    47465.134
   230:    47560.134    47603.134    47697.134    47792.134    47870.134
   235:    47979.134    48066.134    48161.134    48238.134    48320.134
   240:    48408.134    48490.134    48536.134    48619.134    48706.134
   245:    48780.134    48824.134    48868.134    48921.134    49053.134
   250:    49100.134    49193.134    49291.134    49459.134    49505.134
   255:    49583.134    49660.134    49751.134    49797.134    49854.134
   260:    49978.134    50139.134    50314.134    50442.134    50519.134
   265:    50647.134    50786.134    50909.134    51051.134    51104.134
   270:    51149.134    51301.134    51417.134    51495.134    51596.134
   275:    51716.134    51892.824    51892.920    51904.411    53392.910
   280:    53394.612    54794.622    54795.712    55080.122    55219.122
   285:    55354.122    55497.122    55584.122    55747.122    55791.122
   290:    55869.122    55971.122    56057.122    56105.122    56189.122
   295:    56282.722    56282.920    56282.901    56282.092    56582.902
   300:    58082.910    58084.615    61934.625    61935.715    62481.125
   305:    62621.125    62678.125    62756.125    62868.125    62964.125
   310:    63055.125    63141.125    63229.125    63314.125    63411.125
   315:    63534.125    63635.125    63730.125    63824.125    63953.125
   320:    64059.125    64119.125    64205.125    64336.125    64485.125
   325:    64575.125    64667.125    64763.125    64866.125    65023.125
   330:    65119.125    65304.125    65392.125    65496.125    65627.125
   335:    65741.125    65881.725    65881.920    65881.901    65881.095
   340:    66181.902    67681.910    67683.614    70433.624    70434.714
   345:    70652.124    70846.124    70980.124    71116.124    71298.124
   350:    71400.124    71510.124    71602.124    71707.124    71802.124
   355:    72092.124    72194.124    72296.124    72422.124    72545.124
   360:    72670.124    72769.124    72878.124    72972.124    73057.124
   365:    73169.124    73262.724    73262.920    73262.901    73262.094
   370:    73562.902    75062.910    75064.614    77814.624    77815.714
   375:    77913.124    78240.124    78407.124    78606.124    78703.124
   380:    78809.124    79106.124    79192.124    79230.124    79323.124
   385:    79413.124    79491.124    79599.124    79655.124    79775.124
   390:    79870.124    79992.124    80079.124    80364.124    80502.124
   395:    80618.724    80618.920    80618.901    80618.094    80918.902
   400:    82418.910    82420.612    83820.622    83821.812    84225.132
   405:    84390.132    84458.132    84561.132    84662.132    84767.132
   410:    84861.132    85001.132    85153.132    85243.132    85304.132
   415:    85393.132    85550.132    85657.132    85755.132    85908.132
   420:    85997.132    86114.132    86236.132    86293.132    86433.132
   425:    86534.132    86651.132    86810.132    86917.132    87080.132
   430:    87334.132    87421.822    87421.920    88921.910    88923.613
   435:    90873.623    90874.813    91254.133    91324.133    91442.133
   440:    91553.133    91666.133    91771.133    91880.133    91979.133
   445:    92070.133    92183.133    92281.133    92408.133    92501.133
   450:    92602.133    92696.133    92823.133    92931.133    93036.133
   455:    93129.133    93228.133    93488.133    93584.133    93746.133
   460:    93852.133    94087.133    94152.133    94293.133    94450.133
   465:    94566.133    94659.133    94783.133    94907.133    95074.823
   470:    95074.920    96574.910    96576.615   100426.625   100427.815
   475:   102509.135   102581.135   102666.135   102865.135   103041.135
   480:   103242.135   103378.135   103563.135   103682.135   103802.135
   485:   103978.135   104131.135   104227.135   104381.135   104519.135
   490:   104621.135   104755.135   104869.135   105014.135   105138.135
   495:   105276.135   105392.135   105492.135   105606.135   105708.135
   500:   105881.135   105994.135   106091.135   106212.135   106367.135
   505:   106467.135   106571.135   106622.135   106756.135   106861.135
   510:   106969.135   107071.135   107173.135   107308.135   107405.135
   515:   107521.135   107615.135   107752.135   107910.135   108106.135
   520:   108127.825   108127.920   109627.910   109629.611   110629.621
   525:   110630.711   110891.121   110995.121   111161.121   111295.121
   530:   111634.721   111634.920   111634.901   111634.091   111934.902
   535:   113434.910   113436.614   116186.624   116187.714   116597.124
   540:   116683.124   116820.124   116934.124   117029.124   117151.124
   545:   117265.124   117318.124   117439.124   117569.124   117670.124
   550:   117772.124   117833.124   117920.124   118088.124   118180.124
   555:   118517.124   118604.124   118695.124   118823.124   118927.124
   560:   119021.724   119021.920   119021.901   119021.094   119321.902
   565:   120821.910   120823.615   124673.625   124674.715   125012.125
   570:   125625.125   125782.125   126147.125   126257.125   126382.125
   575:   126669.125   126801.125   126910.125   127007.125   127140.125
   580:   127246.125   127395.125   127491.125   127649.125   127746.125
   585:   127839.125   128049.125   128150.125   128281.125   128372.125
   590:   128601.725   128601.920   128601.901   128601.095   128901.902
   595:   130401.910   130403.614   133153.624   133154.714   133411.124
   600:   133538.124   133634.124   133734.124   133827.124   133943.124
   605:   134026.124   134079.124   134179.124   134266.124   134388.124
   610:   134576.124   134695.124   134798.124   134898.124   134987.124
   615:   135143.124   135237.124   135341.124   135488.124   135759.124
   620:   135891.124   135989.724   135989.920   135989.901   135989.094
   625:   136289.902   137789.910   137791.611   138791.621   138792.711
   630:   139046.121   139187.121   139315.121   139437.121   139547.121
   635:   139638.121   139694.121   139802.721   139802.920   139802.901
   640:   139802.091   140102.902   141602.910   141604.611   142604.621
   645:   142605.711   142899.121   142950.121   143050.121   143141.121
   650:   143228.121   143315.121   143439.121   143490.121   143544.121
   655:   143623.721   143623.920   143623.901   143623.091   143923.902
   660:   145423.910   145425.615   149275.625   149276.715   149469.125
   665:   149538.125   149634.125   149725.125   149824.125   149923.125
   670:   150034.125   150090.125   150189.125   150251.125   150353.125
   675:   150453.125   150553.125   150638.125   150804.125   150899.125
   680:   151013.125   151114.125   151214.125   151327.125   151432.125
   685:   151519.125   151662.125   151750.125   151864.125   151996.125
   690:   152093.125   152179.125   152280.125   152391.125   152492.125
   695:   152576.125   152679.125   152763.125   152869.125   152959.125
   700:   153009.125   153061.125   153116.125   153226.725   153226.920
   705:   153226.901   153226.095   153526.902   155026.910   155028.612
   710:   156428.622   156429.712   156601.122   156717.122   156806.122
   715:   156923.122   157028.122   157125.122   157236.122   157343.122
   720:   157430.122   157519.122   157575.122   157633.122   157674.122
   725:   157726.122   157774.122   157883.722   157883.920   157883.901
   730:   157883.092   158183.902   159683.910   159685.615   163535.625
   735:   163536.715   163837.125   163951.125   164266.125   164372.125
   740:   164484.125   164542.125   164652.125   164760.125   164802.125
   745:   164849.125   164934.125   165033.125   165129.125   165179.125
   750:   165228.125   165275.125   165361.125   165462.125   165554.125
   755:   165659.125   165734.125   165834.125   165932.125   165980.125
   760:   166026.125   166089.125   166196.125   166301.125   166351.125
   765:   166443.125   166502.125   166543.125   166590.125   166634.125
   770:   166689.125   166778.125   166817.125   166868.125   166953.125
   775:   167060.125   167115.125   167159.125   167206.125   167258.125
   780:   167340.125   167445.725   167445.920   167445.901   167445.095
   785:   167745.902   169245.910   169247.611   170247.621   170248.811
   790:   170333.131   170394.131   170508.131   170595.131   170643.131
   795:   170739.131   170840.131   170886.131   170999.131   171035.131
   800:   171081.131   171176.131   171269.131   171274.131   171369.131
   805:   171416.131   171462.131   171546.131   171699.131   171748.131
   810:   171883.131   171931.131   172045.131   172240.131   172436.131
   815:   172483.131   172578.131   172696.131   172736.131   172779.131
   820:   172920.131   173068.131   173206.131   173314.131   173355.131
   825:   173395.131   173442.131   173448.821   173448.920   174948.910
   830:   174950.612   176350.622   176351.712   176603.122   176658.122
   835:   176728.122   176816.122   176913.122   176957.122   177041.122
   840:   177148.122   177255.122   177307.122   177407.122   177514.122
   845:   177619.122   177664.122   177778.722   177778.920   177778.901
   850:   177778.092   178078.902   179578.910   179580.614   182330.624
   855:   182331.714   182693.124   183081.124   183282.124   183512.124
   860:   183614.124   183713.124   183755.124   183852.124   183941.124
   865:   183980.124   184027.124   184068.124   184112.124   184155.124
   870:   184196.124   184234.124   184342.124   184389.124   184518.124
   875:   184615.124   184660.124   184703.124   184852.124   185043.124
   880:   185142.724   185142.920   185142.901   185142.094   185442.902
   885:   186942.910   186944.613   188894.623   188895.713   188986.123
   890:   189413.123   189513.123   189612.123   189743.123   189841.123
   895:   189922.123   190062.123   190158.123   190238.123   190284.123
   900:   190431.123   190530.123   190576.123   190634.123   190730.123
   905:   190774.123   190815.123   190908.723   190908.920   190908.901
   910:   190908.093   191208.902   192708.910   192710.613   194660.623
   915:   194661.713   194893.123   195132.123   195280.123   195361.123
   920:   195456.123   195499.123   195627.123   195670.123   195823.123
   925:   195916.123   195958.123   196006.123   196051.123   196147.123
   930:   196242.123   196342.123   196386.123   196430.123   196481.123
   935:   196562.123   196607.123   196650.723   196650.920   196650.901
   940:   196650.093   196950.902   198450.910   198452.611   199452.621
   945:   199453.811   199535.131   199625.131   199719.131   199767.131
   950:   199846.131   199949.131   199997.131   200056.131   200109.131
   955:   200220.131   200312.131   200436.131   200543.131   200606.131
   960:   200649.131   200706.131   200748.131   200849.131   200945.131
   965:   200990.131   201034.131   201172.131   201223.131   201316.131
   970:   201414.131   201462.131   201507.131   201628.131   201781.131
   975:   201971.131   202109.131   202238.131   202347.131   202471.131
   980:   202514.131   202604.131   202653.821   202653.920   204153.910
   985:   204155.612   205555.622   205556.812   205636.132   205957.132
   990:   206128.132   206176.132   206337.132   206374.132   206457.132
   995:   206554.132   206647.132   206688.132   206743.132   206783.132
  1000:   206913.132   207002.132   207139.132   207186.132   207231.132
  1005:   207315.132   207369.132   207413.132   207486.132   207582.132
  1010:   207688.132   207764.132   207811.132   207857.132   208043.132
  1015:   208133.132   208176.132   208216.132   208281.132   208390.132
  1020:   208481.132   208532.132   208635.132   208676.132   208720.132
  1025:   208911.132   209009.132   209052.132   209103.132   209156.822
  1030:   209156.920   210656.910   210658.613   212608.623   212609.813
  1035:   213329.133   213644.133   213691.133   213769.133   214092.133
  1040:   214189.133   214239.133   214325.133   214428.133   214532.133
  1045:   214573.133   214631.133   214673.133   214816.133   214865.133
  1050:   214949.133   214993.133   215121.133   215229.133   215326.133
  1055:   215373.133   215504.133   215601.133   215705.133   215851.133
  1060:   215984.133   216123.133   216253.133   216345.133   216448.133
  1065:   216567.133   216672.133   216717.133   216809.823   216809.920
  1070:   218309.910   218311.613   220261.623   220262.713   220390.123
  1075:   220751.123   220930.123   221254.123   221329.123   221366.123
  1080:   221533.123   221633.123   221730.123   221828.123   221922.123
  1085:   222021.123   222125.123   222213.723   222213.920   222213.901
  1090:   222213.093   222513.902   224013.910   224015.615   227865.625
  1095:   227866.815   229019.135   229240.135   229502.135   229602.135
  1100:   229725.135   230002.135   230151.135   230245.135   230336.135
  1105:   230451.135   230552.135   230651.135   230745.135   230841.135
  1110:   230888.135   230980.135   231081.135   231185.135   231227.135
  1115:   231271.135   231371.135   231420.135   231517.135   231666.135
  1120:   231706.135   231812.135   231858.135   231950.135   232093.135
  1125:   232133.135   232193.135   232336.135   232483.135   232645.135
  1130:   232743.135   232790.135   232881.135   233025.135   233159.135
  1135:   233296.135   233401.135   233492.135   233589.135   233711.135
  1140:   233808.135   233907.135   234046.135   234196.135   234250.135
  1145:   234302.135   234360.135   234451.135   234630.135   234728.135
  1150:   234812.135   234921.135   235021.135   235204.135   235334.135
  1155:   235502.135   235566.825   235566.920   237066.910   237068.611
  1160:   238068.621   238069.811   238151.131   238199.131   238387.131
  1165:   238427.131   238664.131   238728.131   238819.131   238907.131
  1170:   239001.131   239100.131   239144.131   239175.131   239269.131
  1175:   239330.131   239369.131   239421.131   239463.131   239605.131
  1180:   239650.131   239690.131   239781.131   239872.131   239943.131
  1185:   239988.131   240041.131   240089.131   240343.131   240444.131
  1190:   240493.131   240587.131   240630.131   240723.131   240805.131
  1195:   240905.131   241002.131   241058.131   241205.131   241269.821
  1200:   241269.920   242769.910   242771.612   244171.622   244172.812
  1205:   244659.132   244705.132   244750.132   244800.132   244897.132
  1210:   244962.132   245055.132   245157.132   245212.132   245255.132
  1215:   245346.132   245400.132   245491.132   245541.132   245645.132
  1220:   245692.132   245787.132   245845.132   245896.132   245995.132
  1225:   246106.132   246190.132   246294.132   246401.132   246507.132
  1230:   246612.132   246763.132   246852.132   246954.132   247024.132
  1235:   247164.132   247256.132   247358.132   247470.132   247557.132
  1240:   247746.132   247772.822   247772.920   249272.910   249274.614
  1245:   252024.624   252025.814   252676.134   252832.134   252953.134
  1250:   253159.134   253239.134   253289.134   253380.134   253422.134
  1255:   253523.134   253569.134   253694.134   253792.134   253890.134
  1260:   253984.134   254055.134   254102.134   254150.134   254196.134
  1265:   254332.134   254434.134   254479.134   254525.134   254573.134
  1270:   254684.134   254807.134   254910.134   254953.134   255006.134
  1275:   255119.134   255226.134   255304.134   255408.134   255509.134
  1280:   255546.134   255650.134   255821.134   255921.134   256013.134
  1285:   256113.134   256222.134   256326.134   256456.134   256512.134
  1290:   256856.134   256960.134   257052.134   257161.134   257305.134
  1295:   257525.824   257525.920   259025.910   259027.612   260427.622
  1300:   260428.712   260596.122   260809.122   260929.122   261047.122
  1305:   261141.122   261291.122   261404.122   261492.122   261602.122
  1310:   261709.122   261760.122   261841.722   261841.920   261841.901
  1315:   261841.092   262141.902   263641.910   263643.613   265593.623
  1320:   265594.713   265714.123   265944.123   266220.123   266315.123
  1325:   266423.123   266510.123   266559.123   266615.123   266711.123
  1330:   266761.123   266874.123   266929.123   267027.123   267073.123
  1335:   267205.123   267250.123   267352.123   267447.123   267568.723
  1340:   267568.920   267568.901   267568.093   267868.902   269368.910
  1345:   269370.615   273220.625   273221.715   274541.125   274676.125
  1350:   274732.125   274876.125   274971.125   275257.125   275303.125
  1355:   275385.125   275480.125   275571.125   275615.125   275659.125
  1360:   275760.125   275803.125   275852.125   275938.125   276066.125
  1365:   276117.125   276209.125   276254.125   276304.125   276426.125
  1370:   276573.125   276615.125   276706.125   276828.125   277023.125
  1375:   277129.725   277129.920   277129.901   277129.095   277429.902
  1380:   278929.910   278931.613   280881.623   280882.713   280986.123
  1385:   281562.123   281804.123   281988.123   282081.123   282175.123
  1390:   282281.123   282377.123   282472.123   282522.123   282615.123
  1395:   282719.123   282804.123   282905.723   282905.920   282905.901
  1400:   282905.093   283205.902   284705.910   284707.615   288557.625
  1405:   288558.815   289659.135   289946.135   290540.135   290729.135
  1410:   291003.135   291091.135   291230.135   291319.135   291410.135
  1415:   291487.135   291591.135   291701.135   291790.135   291962.135
  1420:   292049.135   292231.135   292332.135   292387.135   292499.135
  1425:   292592.135   292699.135   292805.135   292896.135   293001.135
  1430:   293044.135   293208.135   293307.135   293358.135   293444.135
  1435:   293539.135   293682.135   293808.135   293948.135   294062.135
  1440:   294166.135   294271.135   294322.135   294410.135   294544.135
  1445:   294622.135   294780.135   294908.135   295020.135   295127.135
  1450:   295218.135   295321.135   295423.135   295509.135   295605.135
  1455:   295966.135   296067.135   296258.825   296258.920   297758.910
  1460:   297760.611   298760.621   298761.711   298907.121   299216.121
  1465:   299262.121   299311.121   299370.121   299426.121   299521.121
  1470:   299660.121   299699.121   299749.121   299790.721   299790.920
  1475:   299790.901   299790.091   300090.902   301590.910   301592.615
  1480:   305442.625   305443.715   306158.125   306509.125   306649.125
  1485:   306731.125   306829.125   306889.125   306988.125   307039.125
  1490:   307099.125   307272.125   307364.125   307468.125   307564.125
  1495:   307660.125   307717.125   307812.125   307907.125   308008.125
  1500:   308053.125   308175.125   308228.125   308399.125   308452.125
  1505:   308499.125   308544.125   308652.125   308712.125   308771.125
  1510:   308817.125   308863.125   308991.125   309109.125   309305.725
  1515:   309305.920   309305.901   309305.095   309605.902   311105.910
  1520:   311107.613   313057.623   313058.813   313198.133   313563.133
  1525:   313712.133   313978.133   314064.133   314190.133   314320.133
  1530:   314453.133   314533.133   314671.133   314760.133   314811.133
  1535:   314889.133   315020.133   315128.133   315224.133   315313.133
  1540:   315356.133   315397.133   315538.133   315590.133   315638.133
  1545:   315714.133   315807.133   315931.133   316009.133   316105.133
  1550:   316193.133   316237.133   316329.133   316419.133   316500.133
  1555:   316635.133   316755.133   317032.133   317170.133   317223.133
  1560:   317258.823   317258.920   318758.910   318760.614   321510.624
  1565:   321511.814   322402.134   322776.134   322929.134   323120.134
  1570:   323296.134   323383.134   323464.134   323713.134   323817.134
  1575:   323946.134   324039.134   324144.134   324268.134   324398.134
  1580:   324440.134   324567.134   324661.134   324797.134   324899.134
  1585:   324943.134   325064.134   325113.134   325156.134   325265.134
  1590:   325418.134   325623.134   325715.134   325817.134   325972.134
  1595:   326112.134   326202.134   326289.134   326484.134   326639.134
  1600:   326779.134   326829.134   326959.134   327011.824   327011.920
  1605:   328511.910   328513.614   331263.624   331264.714   331686.124
  1610:   331792.124   331859.124   331953.124   332053.124   332138.124
  1615:   332223.124   332325.124   332406.124   332504.124   332607.124
  1620:   332711.124   332757.124   332805.124   332854.124   332940.124
  1625:   333047.124   333106.124   333143.124   333236.124   333409.124
  1630:   333508.124   333617.124   333759.124   333876.124   333993.124
  1635:   334151.724   334151.920   334151.901   334151.094   334451.902
  1640:   335951.910   335953.613   337903.623   337904.713   338013.123
  1645:   338276.123   338320.123   338406.123   338541.123   338717.123
  1650:   338793.123   338833.123   338879.123   338970.123   339137.123
  1655:   339185.123   339284.123   339326.123   339369.123   339501.123
  1660:   339642.123   339685.123   339728.123   339824.123   339960.723
  1665:   339960.920   339960.901   339960.093   340260.902   341760.910
  1670:   341762.614   344512.624   344513.814   344979.134   345300.134
  1675:   345873.134   346127.134   346201.134   346288.134   346422.134
  1680:   346586.134   346665.134   346802.134   346839.134   346929.134
  1685:   346975.134   347102.134   347235.134   347281.134   347325.134
  1690:   347433.134   347567.134   347706.134   347902.134   347948.134
  1695:   348041.134   348187.134   348272.134   348362.134   348439.134
  1700:   348581.134   348722.134   348908.134   349009.134   349051.134
  1705:   349089.134   349186.134   349317.134   349401.134   349449.134
  1710:   349496.134   349715.134   349914.134   350006.134   350013.824
  1715:   350013.920   351513.910   351515.614   354265.624   354266.714
  1720:   354710.124   355087.124   355165.124   355254.124   355365.124
  1725:   355501.124   355601.124   355685.124   355776.124   355869.124
  1730:   355954.124   356047.124   356098.124   356189.124   356278.124
  1735:   356319.124   356456.124   356502.124   356597.124   356640.124
  1740:   356768.124   356818.124   356863.124   356955.124   357053.724
  1745:   357053.920   357053.901   357053.094   357353.902   358853.910
  1750:   358855.612   360255.622   360256.712   360334.122   360402.122
  1755:   360485.122   360535.122   360617.122   360689.122   360815.122
  1760:   360931.122   361038.122   361084.122   361130.122   361183.122
  1765:   361229.122   361332.122   361381.122   361472.122   361589.122
  1770:   361750.722   361750.920   361750.901   361750.092   362050.902
  1775:   363550.910   363552.611   364552.621   364553.711   364703.121
  1780:   365071.121   365354.121   365445.121   365502.121   365561.721
  1785:   365561.920   365561.901   365561.091   365861.902   367361.910
  1790:   367363.613   369313.623   369314.813   369643.133   369963.133
  1795:   370045.133   370120.133   370329.133   370379.133   370420.133
  1800:   370521.133   370565.133   370734.133   370818.133   370909.133
  1805:   370952.133   371079.133   371117.133   371215.133   371260.133
  1810:   371355.133   371398.133   371437.133   371519.133   371598.133
  1815:   371754.133   371797.133   371929.133   371972.133   372092.133
  1820:   372243.133   372413.133   372561.133   372657.133   372694.133
  1825:   372744.133   372878.133   373057.133   373190.133   373373.133
  1830:   373514.823   373514.920   375014.910   375016.612   376416.622
  1835:   376417.712   376550.122   376598.122   376647.122   376759.122
  1840:   376861.122   376917.122   376969.122   377024.122   377061.122
  1845:   377159.122   377204.122   377304.122   377347.122   377440.122
  1850:   377494.122   377535.122   377624.122   377769.122   377811.122
  1855:   377852.722   377852.920   377852.901   377852.092   378152.902
  1860:   379652.910   379654.611   380654.621   380655.811   380823.131
  1865:   380885.131   380970.131   381126.131   381201.131   381241.131
  1870:   381290.131   381380.131   381426.131   381473.131   381562.131
  1875:   381602.131   381709.131   381757.131   381795.131   381892.131
  1880:   381994.131   382035.131   382178.131   382251.131   382326.131
  1885:   382380.131   382423.131   382467.131   382540.131   382689.131
  1890:   382744.131   382792.131   382958.131   383056.131   383186.131
  1895:   383241.131   383290.131   383387.131   383535.131   383633.131
  1900:   383689.131   383786.131   383833.131   383855.821   383855.920
  1905:   385355.910   385357.613   387307.623   387308.713   387387.123
  1910:   387429.123   387637.123   387737.123   387826.123   387876.123
  1915:   387981.123   388023.123   388128.123   388223.123   388321.123
  1920:   388358.123   388399.123   388552.123   388643.123   388743.123
  1925:   388885.123   388929.123   388970.123   389073.123   389178.123
  1930:   389277.723   389277.920   389277.901   389277.093   389577.902
  1935:   391077.910   391079.615   394929.625   394930.715   395322.125
  1940:   395709.125   396023.125   396162.125   396241.125   396331.125
  1945:   396416.125   396604.125   396645.125   396817.125   396856.125
  1950:   396941.125   397069.125   397164.125   397206.125   397247.125
  1955:   397395.125   397491.125   397589.125   397636.125   397738.125
  1960:   397874.125   398032.125   398071.125   398219.125   398261.125
  1965:   398353.125   398494.125   398598.125   398642.125   398682.125
  1970:   398799.725   398799.920   398799.901   398799.095   399099.902
  1975:   400599.910   400601.611   401601.621   401602.711   401715.121
  1980:   401755.121   402192.121   402239.121   402316.121   402423.121
  1985:   402463.121   402507.121   402650.721   402650.920   402650.901
  1990:   402650.091   402950.902   404450.910   404452.612   405852.622
  1995:   405853.812   406155.132   406339.132   406385.132   406432.132
  2000:   406491.132   406577.132   406625.132   406719.132   406778.132
  2005:   406859.132   406900.132   406995.132   407040.132   407076.132
  2010:   407162.132   407285.132   407380.132   407478.132   407623.132
  2015:   407726.132   407773.132   407817.132   407991.132   408307.132
  2020:   408351.132   408459.132   408541.132   408585.132   408629.132
  2025:   408986.132   409095.132   409186.132   409258.132   409357.132
  2030:   409453.822   409453.920   409461.411   410953.910   410955.611
  2035:   411955.621   411956.811   412077.131   412229.131   412277.131
  2040:   412320.131   412360.131   412408.131   412507.131   412544.131
  2045:   412629.131   412721.131   412809.131   412889.131   412927.131
  2050:   413015.131   413110.131   413185.131   413232.131   413279.131
  2055:   413365.131   413489.131   413620.131   413780.131   413834.131
  2060:   413884.131   413928.131   413975.131   414021.131   414068.131
  2065:   414111.131   414211.131   414308.131   414407.131   414452.131
  2070:   414498.131   414542.131   414734.131   414855.131   414938.131
  2075:   415044.131   415127.131   415156.821   415156.920   416656.910
  2080:   416658.613   418608.623   418609.713   418705.123   419482.123
  2085:   419697.123   419737.123   419955.123   420105.123   420223.123
  2090:   420322.123   420369.123   420421.123   420519.123   420564.723
  2095:   420564.920   420564.901   420564.093   420864.902   422364.910
  2100:   422366.613   424316.623   424317.713   425118.123   425468.123
  2105:   425508.123   425544.123   425583.123   425673.123   425715.123
  2110:   425853.123   425890.123   425973.123   426019.123   426106.123
  2115:   426200.123   426288.723   426288.920   426288.901   426288.093
  2120:   426588.902   428088.910   428090.614   430840.624   430841.714
  2125:   430904.124   431509.124   431711.124   431875.124   432050.124
  2130:   432099.124   432193.124   432235.124   432330.124   432476.124
  2135:   432518.124   432618.124   432657.124   432760.124   432853.124
  2140:   432896.124   432943.124   433040.124   433175.124   433227.124
  2145:   433310.124   433444.124   433627.724   433627.920   433627.901
  2150:   433627.094   433927.902   435427.910   435429.615   439279.625
  2155:   439280.715   440472.125   441027.125   441169.125   441216.125
  2160:   441520.125   441728.125   441841.125   441925.125   442018.125
  2165:   442060.125   442154.125   442249.125   442343.125   442467.125
  2170:   442592.125   442732.125   442820.125   442902.125   443020.125
  2175:   443146.725   443146.920   443146.901   443146.095   443446.902
  2180:   444946.910   444948.614   447698.624   447699.714   447782.124
  2185:   448396.124   448690.124   449018.124   449148.124   449362.124
  2190:   449461.124   449575.124   449673.124   449764.124   449834.124
  2195:   449879.124   449973.124   450022.124   450078.124   450130.124
  2200:   450220.124   450312.124   450420.124   450517.724   450517.920
  2205:   450517.901   450517.094   450817.902   452317.910   452319.615
  2210:   456169.625   456170.715   456755.125   456936.125   456987.125
  2215:   457250.125   457356.125   457455.125   457539.125   457644.125
  2220:   457733.125   457828.125   457873.125   457968.125   458020.125
  2225:   458114.125   458204.125   458250.125   458361.125   458459.125
  2230:   458557.125   458652.125   458729.125   458876.125   458927.125
  2235:   459006.125   459103.125   459247.125   459395.125   459434.125
  2240:   459478.125   459539.125   459685.125   459866.125   459945.125
  2245:   460091.725   460091.920   460091.901   460091.095   460391.902
  2250:   461891.910   461893.611   462893.621   462894.711   462975.121
  2255:   463021.121   463106.121   463193.121   463298.121   463392.121
  2260:   463452.121   463494.121   463592.121   463640.121   463690.121
  2265:   463734.121   463871.121   463963.721   463963.920   463963.901
  2270:   463963.091   464263.902   465763.910   465765.615   469615.625
  2275:   469616.815   470787.135   470969.135   471326.135   471530.135
  2280:   471565.135   471843.135   471927.135   472023.135   472062.135
  2285:   472164.135   472201.135   472295.135   472435.135   472526.135
  2290:   472654.135   472792.135   472842.135   472966.135   473068.135
  2295:   473163.135   473203.135   473291.135   473440.135   473540.135
  2300:   473627.135   473673.135   473818.135   473861.135   474003.135
  2305:   474144.135   474283.135   474419.135   474555.135   474693.135
  2310:   474786.135   474922.135   475065.135   475249.135   475427.135
  2315:   475584.135   475693.135   475809.135   475888.135   475984.135
  2320:   476392.135   476490.135   476585.135   476627.135   476678.135
  2325:   476723.135   476795.135   476850.135   476947.135   477042.135
  2330:   477084.135   477132.135   477186.135   477285.135   477316.825
  2335:   477316.920   478816.910   478818.612   480218.622   480219.712
  2340:   480294.122   480787.122   480935.122   481037.122   481077.122
  2345:   481134.122   481187.122   481280.122   481370.122   481466.122
  2350:   481556.122   481607.122   481702.722   481702.920   481702.901
  2355:   481702.092   482002.902   483502.910   483504.611   484504.621
  2360:   484505.711   484576.121   484661.121   484726.121   484822.121
  2365:   484868.121   484925.121   485022.121   485069.121   485111.121
  2370:   485201.121   485296.121   485389.121   485478.121   485574.721
  2375:   485574.920   485574.901   485574.091   485874.902   487374.910
  2380:   487376.615   491226.625   491227.715   492503.125   492844.125
  2385:   492979.125   493074.125   493146.125   493245.125   493335.125
  2390:   493385.125   493436.125   493525.125   493617.125   493666.125
  2395:   493757.125   493902.125   493942.125   494080.125   494217.125
  2400:   494267.125   494349.125   494487.125   494533.125   494668.125
  2405:   494804.125   494927.125   495124.725   495124.920   495124.901
  2410:   495124.095   495424.902   496924.910   496926.612   498326.622
  2415:   498327.712   498408.122   498482.122   498741.122   498828.122
  2420:   498928.122   499014.122   499117.122   499167.122   499268.122
  2425:   499365.122   499451.122   499543.122   499591.122   499690.122
  2430:   499737.722   499737.920   499737.901   499737.092   500037.902
  2435:   501537.910   501539.614   504289.624   504290.714   504371.124
  2440:   504419.124   504563.124   504650.124   504759.124   504885.124
  2445:   505003.124   505105.124   505154.124   505259.124   505400.124
  2450:   505499.124   505589.124   505684.124   505722.124   505816.124
  2455:   505912.124   505956.124   506030.124   506174.124   506220.124
  2460:   506321.124   506369.124   506446.124   506569.124   506714.124
  2465:   506857.124   506900.124   507004.124   507159.724   507159.920
  2470:   507159.901   507159.094   507459.902   508959.910   508961.615
  2475:   512811.625   512812.715   513357.125   514155.125   515036.125
  2480:   515293.125   515408.125   515612.125   515754.125   515832.125
  2485:   515974.125   516068.125   516187.125   516285.125   516413.125
  2490:   516498.125   516735.725   516735.920   516735.901   516735.095
  2495:   517035.902   518535.910   518537.612   519937.622   519938.712
  2500:   520018.122   520152.122   520461.122   520683.122   520819.122
  2505:   520919.122   521002.122   521042.122   521137.122   521229.122
  2510:   521313.122   521458.722   521458.920   521458.901   521458.092
  2515:   521758.902   523258.910   523260.613   525210.623   525211.713
  2520:   525547.123   525806.123   525961.123   526094.123   526180.123
  2525:   526226.123   526327.123   526417.123   526512.123   526603.123
  2530:   526653.123   526689.123   526825.123   526866.123   526905.123
  2535:   526998.123   527052.123   527190.723   527190.920   527190.901
  2540:   527190.093   527490.902   528990.910   528992.613   530942.623
  2545:   530943.813   531729.133   531818.133   532056.133   532132.133
  2550:   532233.133   532271.133   532356.133   532490.133   532577.133
  2555:   532809.133   532860.133   532947.133   533084.133   533390.133
  2560:   533526.133   533573.133   533678.133   533821.133   533862.133
  2565:   533950.133   534098.133   534138.133   534283.133   534463.133
  2570:   534616.133   534920.133   535020.133   535143.823   535143.920
  2575:   536643.910   536645.611   537645.621   537646.711   537760.121
  2580:   537845.121   538009.121   538066.121   538155.121   538197.121
  2585:   538241.121   538328.121   538413.121   538452.121   538587.121
  2590:   538676.721   538676.920   538676.901   538676.091   538976.902
  2595:   540476.910   540478.615   544328.625   544329.715   545973.125
  2600:   546094.125   546211.125   546345.125   546475.125   546555.125
  2605:   546646.125   546684.125   546776.125   546828.125   546862.125
  2610:   546943.125   547022.125   547113.125   547252.125   547347.125
  2615:   547386.125   547475.125   547560.125   547700.125   547833.125
  2620:   548281.725   548281.920   548281.901   548281.095   548581.902
  2625:   550081.910   550083.611   551083.621   551084.711   551478.121
  2630:   551522.121   551608.121   551690.121   551728.121   551826.121
  2635:   551870.121   551954.121   552018.121   552109.721   552109.920
  2640:   552109.901   552109.091   552409.902   553909.910   553911.612
  2645:   555311.622   555312.712   555431.122   555617.122   555753.122
  2650:   555838.122   555998.122   556069.122   556196.122   556330.122
  2655:   556370.122   556420.122   556508.122   556550.122   556596.122
  2660:   556703.122   556832.722   556832.920   556832.901   556832.092
  2665:   557132.902   558632.910   558634.611   559634.621   559635.711
  2670:   559885.121   560012.121   560143.121   560266.121   560350.121
  2675:   560431.121   560477.121   560514.121   560550.121   560629.121
  2680:   560721.721   560721.920   560721.901   560721.091   561021.902
  2685:   562521.910   562523.612   563923.622   563924.712   564033.122
  2690:   564205.122   564309.122   564514.122   564613.122   564696.122
  2695:   564729.122   564814.122   564856.122   564930.122   564966.122
  2700:   565060.122   565187.122   565225.122   565390.722   565390.920
  2705:   565390.901   565390.092   565690.902   567190.910   567192.611
  2710:   568192.621   568193.711   568278.121   568346.121   568541.121
  2715:   568627.121   568695.121   568781.121   568946.121   569033.121
  2720:   569115.121   569203.721   569203.920   569203.901   569203.091
  2725:   569503.902   571003.910   571005.611   572005.621   572006.711
  2730:   572180.121   572345.121   572448.121   572500.121   572537.121
  2735:   572599.121   572766.121   572850.121   572934.121   572977.121
  2740:   573060.721   573060.920   573060.901   573060.091   573360.902
  2745:   574860.910   574862.613   576812.623   576813.713   577548.123
  2750:   577667.123   577854.123   577974.123   578005.123   578049.123
  2755:   578130.123   578168.123   578217.123   578293.123   578377.123
  2760:   578515.123   578551.123   578640.123   578731.123   578773.723
  2765:   578773.920   578773.901   578773.093   579073.902   580573.910
  2770:   580575.611   581575.621   581576.711   581655.121   581810.121
  2775:   581884.121   581926.121   582064.121   582100.121   582231.121
  2780:   582267.121   582305.121   582383.121   582425.121   582630.721
  2785:   582630.920   582630.901   582630.091   582930.902   584430.910
  2790:   584432.614   587182.624   587183.714   588037.124   588699.124
  2795:   588952.124   589109.124   589154.124   589240.124   589319.124
  2800:   589361.124   589484.124   589567.124   589648.124   589728.124
  2805:   589769.124   589868.124   590004.724   590004.920   590004.901
  2810:   590004.094   590304.902   591804.910   591806.613   593756.623
  2815:   593757.713   594417.123   594459.123   595207.123   595367.123
  2820:   595401.123   595610.123   595714.723   595714.920   595714.901
  2825:   595714.093   596014.902   597514.910   597516.614   600266.624
  2830:   600267.714   602432.124   602590.124   602747.124   602787.124
  2835:   602986.124   603077.724   603077.920   603077.901   603077.094
  2840:   603377.902   604877.910   604879.615   608729.625   608730.715
  2845:   609061.125   609677.125   610188.125   610347.125   610434.125
  2850:   610517.125   610604.125   610678.125   610766.125   610804.125
  2855:   610879.125   611002.125   611045.125   611189.125   611276.125
  2860:   611413.125   611461.125   611559.125   611659.125   611751.125
  2865:   611893.125   612032.125   612132.125   612177.125   612217.125
  2870:   612356.125   612491.125   612637.725   612637.920   612637.901
  2875:   612637.095   612937.902   614437.910   614439.614   617189.624
  2880:   617190.714   617833.124   618049.124   618098.124   618250.124
  2885:   618346.124   618431.124   618513.124   618560.124   618674.124
  2890:   618721.124   618829.124   618917.124   618957.124   619137.124
  2895:   619282.124   619334.124   619439.124   619582.124   619653.124
  2900:   619799.124   619896.124   619977.724   619977.920   619977.901
  2905:   619977.094   620277.902   621777.910   621779.614   624529.624
  2910:   624530.814   625646.134   625783.134   625957.134   626046.134
  2915:   626137.134   626221.134   626323.134   626412.134   626456.134
  2920:   626551.134   626646.134   626690.134   626784.134   626928.134
  2925:   626970.134   627055.134   627193.134   627365.134   627441.134
  2930:   627603.134   627779.134   627918.134   628060.134   628181.134
  2935:   628271.134   628428.134   628469.134   628561.134   628702.134
  2940:   628843.134   628897.134   629065.134   629206.134   629321.134
  2945:   629452.134   629603.134   629733.134   629879.134   630023.134
  2950:   630030.824   630030.920   631530.910   631532.611   632532.621
  2955:   632533.711   632622.121   632665.121   632776.121   633005.121
  2960:   633093.121   633134.121   633218.121   633261.121   633343.121
  2965:   633382.121   633420.121   633510.121   633554.721   633554.920
  2970:   633554.901   633554.091   633854.902   635354.910   635356.612
  2975:   636756.622   636757.712   636871.122   637025.122   637222.122
  2980:   637272.122   637366.122   637445.122   637495.122   637538.122
  2985:   637634.122   637721.122   637809.122   637946.122   638038.122
  2990:   638103.122   638230.722   638230.920   638230.901   638230.092
  2995:   638530.902   640030.910   640032.615   643882.625   643883.715
  3000:   644906.125   644997.125   645042.125   645135.125   645175.125
  3005:   645223.125   645310.125   645394.125   645439.125   645479.125
  3010:   645570.125   645659.125   645795.125   645836.125   645963.125
  3015:   646005.125   646045.125   646188.125   646232.125   646274.125
  3020:   646453.125   646604.125   646802.125   646892.125   647076.125
  3025:   647352.125   647492.125   647620.125   647764.725   647764.920
  3030:   647764.901   647764.095   648064.902   649564.910   649566.612
  3035:   650966.622   650967.712   651026.122   651128.122   651337.122
  3040:   651484.122   651588.122   651624.122   651666.122   651746.122
  3045:   651842.122   651882.122   651981.122   652118.122   652156.122
  3050:   652338.122   652384.722   652384.920   652384.901   652384.092
  3055:   652684.902   654184.910   654186.613   656136.623   656137.713
  3060:   656315.123   656464.123   656656.123   656703.123   656975.123
  3065:   657027.123   657070.123   657129.123   657217.123   657267.123
  3070:   657322.123   657410.123   657547.123   657586.123   657632.123
  3075:   657730.123   657855.123   657943.123   658091.723   658091.920
  3080:   658091.901   658091.093   658391.902   659891.910   659893.613
  3085:   661843.623   661844.713   662010.123   662356.123   662518.123
  3090:   662602.123   662674.123   662726.123   662865.123   662989.123
  3095:   663082.123   663121.123   663207.123   663254.123   663296.123
  3100:   663441.123   663484.123   663583.123   663698.123   663753.123
  3105:   663898.723   663898.920   663898.901   663898.093   664198.902
  3110:   665698.910   665700.614   668450.624   668451.714   669336.124
  3115:   669477.124   669570.124   669659.124   669795.124   669887.124
  3120:   669973.124   670071.124   670154.124   670247.124   670340.124
  3125:   670478.124   670571.124   670661.124   670754.124   670799.124
  3130:   670887.124   670977.124   671074.124   671174.124   671385.724
  3135:   671385.920   671385.901   671385.094   671685.902   673185.910
  3140:   673187.615   677037.625   677038.715   677616.125   678150.125
  3145:   679028.125   679123.125   679252.125   679379.125   679523.125
  3150:   679612.125   679799.125   679938.125   680072.125   680206.125
  3155:   680356.125   680402.125   680520.125   680562.125   680742.125
  3160:   680853.125   680995.725   680995.920   680995.901   680995.095
  3165:   681295.902   681295.902   681295.005   681295.006   681295.007
  3170:   681295.020      
D:
     0:        0.000        0.000        0.000        0.000        0.000
     5:        0.000        0.000        0.000        0.000        0.000
    10:        0.000        0.000        0.000        0.000        0.000
    15:        0.000        0.000        0.000        0.000        0.000
    20:        0.000        0.000        0.000        0.000        0.000
    25:        0.000        2.000        0.000        0.000        0.000
    30:        0.000        0.000        0.000        0.000        0.000
    35:        0.000
F:
     0:       10.000       14.000       19.500       27.500       38.500
     5:       10.000       14.000       19.500       27.500       38.500
    10:       10.000       14.000       19.500       27.500       38.500
    15:       20.000       28.000       39.000       55.000       77.000
    20:       20.000       28.000       39.000       55.000       77.000
    25:       20.000       28.000       39.000       55.000       77.000
    30:       10.000       14.000       19.500       27.500       38.500
    35:       10.000       14.000       19.500       27.500       38.500
    40:       10.000       14.000       19.500       27.500       38.500
    45:       10.000       14.000       19.500       27.500       38.500
    50:       10.000       14.000       19.500       27.500       38.500
    55:       10.000       14.000       19.500       27.500       38.500
    60:       10.000       14.000       19.500       27.500       38.500
    65:       10.000       14.000       19.500       27.500       38.500
    70:       10.000       14.000       19.500       27.500       38.500
    75:       20.000       28.000       39.000       55.000       77.000
    80:       20.000       28.000       39.000       55.000       77.000
    85:       10.000       14.000       19.500       27.500       38.500
    90:       10.000       14.000       19.500       27.500       38.500
    95:       10.000       14.000       19.500       27.500       38.500
I:
     0:       75.000        0.000        0.000
M:
     0:       15.000       15.000       15.000       15.000       15.000
     5:        5.000        5.000        5.000        5.000        5.000
    10:      100.000
N:
     0:       20.000       20.000       20.000       20.000       20.000
     5:        0.000
Q:
     0:       15.000       15.000       15.000       15.000       15.000
     5:        0.000
V:
     0:        0.000        0.000        0.000        0.000        0.000
     5:      156.000      224.000      260.000      314.000      426.000
    10:      189.000      185.000      166.000      221.000      272.000
    15:        0.000
