File: C:\MED-PC IV\DATA\M_PEAK40P105


Start Date: 09/16/17
End Date: 09/16/17
Subject: P105
Experiment: IF-PICO
Group: 0
Box: 6
Start Time: 10:21:32
End Time: 12:14:50
MSN: Multiple_Peak
B:       0.000
C:       0.000
E:    5088.000
G:      19.500
H:    1950.000
J:       0.000
K:       0.000
L:       0.000
O:       0.000
P:       0.000
R:       0.000
S:       0.000
T:  679800.000
U:       0.000
W:       0.000
X:       0.000
Y:       0.000
Z:       0.000
A:
     0:        0.010      500.910      502.613     2452.623     2453.713
     5:     2638.123     2684.123     2723.123     2769.123     2908.123
    10:     2948.123     2998.123     3068.123     3206.123     3245.123
    15:     3283.123     3315.123     3348.123     3385.123     3421.123
    20:     3535.123     3573.123     3612.123     3647.123     3686.123
    25:     3727.123     3905.123     3912.123     3955.123     3987.123
    30:     4074.123     4108.123     4151.123     4164.123     4198.123
    35:     4235.123     4272.123     4352.123     4390.123     4423.723
    40:     4423.920     4423.901     4423.093     4723.902     6223.910
    45:     6225.613     8175.623     8176.713     9514.123     9548.123
    50:     9579.123     9616.123     9659.123     9694.123     9727.123
    55:     9765.123     9802.123     9819.123     9853.123     9886.123
    60:     9935.123     9969.123    10009.123    10023.123    10055.123
    65:    10094.123    10127.723    10127.920    10127.901    10127.093
    70:    10427.902    11927.910    11929.614    14679.624    14680.714
    75:    14767.124    14802.124    14914.124    14950.124    14982.124
    80:    15018.124    15055.124    15092.124    15132.124    15170.124
    85:    15205.124    15241.124    15279.124    15364.124    15377.124
    90:    15422.124    15457.124    15490.124    15571.124    15604.124
    95:    15619.124    15698.124    15711.124    15745.124    15783.124
   100:    15931.124    15967.124    16007.124    16021.124    16061.124
   105:    16094.124    16135.124    16150.124    16183.124    16200.124
   110:    16257.124    16276.124    16314.124    16400.124    16492.124
   115:    16525.124    16544.124    16575.124    16612.124    16666.124
   120:    16710.124    16744.124    16787.124    16841.124    16846.124
   125:    16942.124    16990.124    17026.124    17035.124    17068.124
   130:    17106.124    17144.124    17185.124    17220.124    17234.124
   135:    17306.124    17315.124    17386.124    17576.724    17576.920
   140:    17576.901    17576.094    17876.902    19376.910    19378.612
   145:    20778.622    20779.712    20945.122    20977.122    21015.122
   150:    21050.122    21072.122    21105.122    21235.122    21273.122
   155:    21309.122    21351.122    21389.122    21440.122    21516.122
   160:    21584.122    21629.122    21661.122    21697.122    21731.122
   165:    21776.122    21812.122    21852.122    21871.122    22000.122
   170:    22012.122    22054.122    22092.122    22251.722    22251.920
   175:    22251.901    22251.092    22551.902    24051.910    24053.612
   180:    25453.622    25454.812    25615.132    25655.132    25736.132
   185:    25768.132    25804.132    25839.132    25875.132    25910.132
   190:    25928.132    25992.132    26028.132    26044.132    26075.132
   195:    26151.132    26190.132    26200.132    26248.132    26341.132
   200:    26384.132    26423.132    26457.132    26516.132    26706.132
   205:    26718.132    26792.132    26868.132    26945.132    26958.132
   210:    27023.132    27108.132    27148.132    27160.132    27196.132
   215:    27234.132    27270.132    27287.132    27342.132    27374.132
   220:    27424.132    27477.132    27542.132    27667.132    27780.132
   225:    27833.132    27873.132    27885.132    28083.132    28175.132
   230:    28275.132    28332.132    28450.132    28460.132    28579.132
   235:    28592.132    28682.132    28720.132    28729.132    28917.132
   240:    29054.822    29054.920    30554.910    30556.611    31556.621
   245:    31557.711    31710.121    31783.121    31936.121    31973.121
   250:    32011.121    32046.121    32102.121    32134.121    32164.121
   255:    32205.121    32293.121    32367.121    32452.121    32555.121
   260:    32636.721    32636.920    32636.901    32636.091    32936.902
   265:    34436.910    34438.611    35438.621    35439.711    35583.121
   270:    35618.121    35658.121    35743.121    35778.121    35809.121
   275:    35863.121    35875.121    35914.121    35948.121    35988.121
   280:    36023.121    36076.121    36090.121    36132.121    36214.121
   285:    36227.121    36263.121    36300.121    36350.121    36362.121
   290:    36445.721    36445.920    36445.901    36445.091    36745.902
   295:    38245.910    38247.615    42097.625    42098.715    42325.125
   300:    42364.125    42397.125    42437.125    42484.125    42558.125
   305:    42807.125    42848.125    42895.125    42955.125    43001.125
   310:    43139.125    43151.125    43188.125    43306.125    43373.125
   315:    43382.125    43415.125    43468.125    43553.125    43589.125
   320:    43629.125    43664.125    43677.125    43724.125    43759.125
   325:    43810.125    43927.125    43962.125    44001.125    44038.125
   330:    44053.125    44136.125    44184.125    44231.125    44307.125
   335:    44360.125    44411.125    44447.125    44499.125    44580.125
   340:    44621.125    44636.125    44723.125    44767.125    44810.125
   345:    44864.125    44878.125    45033.125    45071.125    45085.125
   350:    45121.125    45178.125    45275.125    45361.125    45452.125
   355:    45622.125    45703.125    45794.125    45880.125    45915.125
   360:    45953.725    45953.920    45953.901    45953.095    46253.902
   365:    47753.910    47755.614    50505.624    50506.714    51250.124
   370:    51323.124    51355.124    51424.124    51458.124    51495.124
   375:    51575.124    51607.124    51643.124    51681.124    51715.124
   380:    51761.124    51799.124    51840.124    51882.124    51960.124
   385:    51972.124    52087.124    52123.124    52164.124    52178.124
   390:    52191.124    52219.124    52236.124    52267.124    52402.124
   395:    52497.124    52512.124    52543.124    52644.124    52684.124
   400:    52700.124    52719.124    52805.124    52906.124    52916.124
   405:    52981.124    53019.124    53037.124    53053.124    53086.124
   410:    53134.124    53170.124    53210.124    53262.724    53262.920
   415:    53262.901    53262.094    53562.902    55062.910    55064.611
   420:    56064.621    56065.811    56224.131    56261.131    56297.131
   425:    56334.131    56374.131    56416.131    56463.131    56507.131
   430:    56548.131    56592.131    56626.131    56663.131    56683.131
   435:    56714.131    56791.131    56874.131    56931.131    57006.131
   440:    57026.131    57079.131    57095.131    57167.131    57266.131
   445:    57275.131    57331.131    57366.131    57407.131    57420.131
   450:    57461.131    57584.131    57635.131    57650.131    57686.131
   455:    57702.131    57743.131    57787.131    57826.131    57872.131
   460:    57919.131    58002.131    58020.131    58073.131    58152.131
   465:    58165.131    58245.131    58289.131    58306.131    58384.131
   470:    58437.131    58490.131    58605.131    58813.131    58913.131
   475:    58926.131    58968.131    58982.131    59023.131    59076.131
   480:    59117.131    59133.131    59173.131    59186.131    59265.821
   485:    59265.920    60765.910    60767.615    64617.625    64618.815
   490:    64847.135    64881.135    64912.135    64949.135    64974.135
   495:    65035.135    65077.135    65122.135    65216.135    65266.135
   500:    65320.135    65417.135    65586.135    65600.135    65710.135
   505:    65756.135    65800.135    65854.135    65895.135    65947.135
   510:    65981.135    66072.135    66125.135    66161.135    66244.135
   515:    66339.135    66345.135    66423.135    66470.135    66488.135
   520:    66565.135    66581.135    66619.135    66636.135    66699.135
   525:    66716.135    66748.135    66762.135    66796.135    66893.135
   530:    66912.135    66948.135    66963.135    67057.135    67217.135
   535:    67254.135    67272.135    67315.135    67407.135    67578.135
   540:    67628.135    67663.135    67718.135    67760.135    67774.135
   545:    67811.135    67846.135    67934.135    68005.135    68350.135
   550:    68386.135    68397.135    68470.135    68481.135    68590.135
   555:    68648.135    68682.135    68715.135    68764.135    68778.135
   560:    68825.135    68903.135    68918.135    68952.135    69138.135
   565:    69180.135    69212.135    69252.135    69262.135    69326.135
   570:    69549.135    69584.135    69619.135    69666.135    69958.135
   575:    69993.135    70103.135    70156.135    70340.135    70399.135
   580:    70535.135    70577.135    70671.135    70758.135    70794.135
   585:    70833.135    70918.135    70953.135    70987.135    71020.135
   590:    71074.135    71144.135    71238.135    71362.135    71375.135
   595:    71420.135    71429.135    71565.135    71575.135    71612.135
   600:    71650.135    71904.135    71945.135    71988.135    72035.135
   605:    72111.135    72296.135    72318.825    72318.920    72334.411
   610:    73818.910    73820.613    75770.623    75771.813    75917.133
   615:    75957.133    76003.133    76041.133    76082.133    76136.133
   620:    76187.133    76223.133    76267.133    76303.133    76345.133
   625:    76389.133    76434.133    76478.133    76511.133    76554.133
   630:    76599.133    76637.133    76679.133    76699.133    76794.133
   635:    76804.133    76888.133    76897.133    76939.133    76980.133
   640:    77035.133    77067.133    77169.133    77188.133    77223.133
   645:    77239.133    77368.133    77383.133    77423.133    77460.133
   650:    77478.133    77513.133    77579.133    77619.133    77655.133
   655:    77666.133    77713.133    77757.133    77914.133    77965.133
   660:    77976.133    78013.133    78054.133    78140.133    78151.133
   665:    78188.133    78230.133    78314.133    78327.133    78405.133
   670:    78417.133    78454.133    78469.133    78623.133    78633.133
   675:    78671.133    78716.133    78730.133    78884.133    78975.133
   680:    79015.133    79084.133    79121.133    79156.133    79194.133
   685:    79232.133    79272.133    79329.133    79366.133    79403.133
   690:    79440.133    79474.133    79662.133    79702.133    79715.133
   695:    79844.133    79880.133    79917.133    79951.133    79971.823
   700:    79971.920    81471.910    81473.614    84223.624    84224.714
   705:    84575.124    84617.124    84672.124    84724.124    84771.124
   710:    84897.124    84917.124    84954.124    84994.124    85039.124
   715:    85089.124    85143.124    85201.124    85333.124    85382.124
   720:    85421.124    85470.124    85511.124    85525.124    85606.124
   725:    85642.124    85681.124    85703.124    85737.124    85781.124
   730:    85823.124    85868.124    85908.124    85953.124    85970.124
   735:    86125.124    86219.124    86234.124    86285.124    86321.124
   740:    86335.124    86374.124    86421.124    86441.124    86478.124
   745:    86539.124    86578.124    86593.124    86674.124    86721.124
   750:    86863.124    86885.124    86917.124    86963.124    86981.724
   755:    86981.920    86981.901    86981.094    87281.902    88781.910
   760:    88783.611    89783.621    89784.711    89956.121    90000.121
   765:    90038.121    90078.121    90122.121    90167.121    90212.121
   770:    90264.121    90351.121    90390.121    90426.121    90470.121
   775:    90517.121    90531.121    90570.121    90609.121    90654.121
   780:    90697.121    90714.121    90789.721    90789.920    90789.901
   785:    90789.091    91089.902    92589.910    92591.612    93991.622
   790:    93992.712    94175.122    94241.122    94281.122    94323.122
   795:    94407.122    94479.122    94518.122    94592.122    94640.122
   800:    94678.122    94689.122    94778.122    94831.122    94843.122
   805:    94926.122    94981.122    94997.122    95033.122    95072.122
   810:    95126.122    95158.122    95213.122    95253.122    95301.122
   815:    95344.122    95382.122    95437.722    95437.920    95437.901
   820:    95437.092    95737.902    97237.910    97239.612    98639.622
   825:    98640.712    98811.122    98860.122    98898.122    98953.122
   830:    99030.122    99071.122    99184.122    99199.122    99235.122
   835:    99278.122    99320.122    99437.122    99564.122    99604.122
   840:    99644.122    99696.122    99780.122    99830.122    99973.122
   845:   100014.122   100050.722   100050.920   100050.901   100050.092
   850:   100350.902   101850.910   101852.613   103802.623   103803.713
   855:   104128.123   104168.123   104219.123   104264.123   104383.123
   860:   104424.123   104500.123   104664.123   104700.123   104735.123
   865:   104784.123   104864.123   104879.123   104914.123   104950.123
   870:   105030.123   105068.123   105158.123   105242.123   105278.123
   875:   105326.123   105344.123   105419.123   105457.123   105495.123
   880:   105542.123   105591.123   105677.123   105692.123   105734.123
   885:   105781.723   105781.920   105781.901   105781.093   106081.902
   890:   107581.910   107583.612   108983.622   108984.712   109157.122
   895:   109187.122   109222.122   109255.122   109328.122   109431.122
   900:   109463.122   109540.122   109613.122   109652.122   109796.122
   905:   109830.122   109870.122   109909.122   109952.122   110034.122
   910:   110069.122   110108.122   110192.122   110232.122   110310.122
   915:   110396.722   110396.920   110396.901   110396.092   110696.902
   920:   112196.910   112198.613   114148.623   114149.713   114250.123
   925:   114292.123   114336.123   114523.123   114625.123   114760.123
   930:   114836.123   114866.123   114902.123   114940.123   114980.123
   935:   115002.123   115007.123   115041.123   115071.123   115150.123
   940:   115242.123   115277.123   115322.123   115359.123   115444.123
   945:   115460.123   115496.123   115576.123   115630.123   115641.123
   950:   115707.123   115870.123   115884.123   115958.123   116211.723
   955:   116211.920   116211.901   116211.093   116511.902   118011.910
   960:   118013.615   121863.625   121864.715   122616.125   122992.125
   965:   123032.125   123113.125   123152.125   123194.125   123308.125
   970:   123321.125   123394.125   123429.125   123459.125   123500.125
   975:   123538.125   123571.125   123611.125   123774.125   123824.125
   980:   123862.125   123896.125   123968.125   123999.125   124036.125
   985:   124075.125   124152.125   124165.125   124234.125   124357.125
   990:   124390.125   124430.125   124477.125   124507.125   124542.125
   995:   124609.125   124722.125   124759.125   124934.125   125043.125
  1000:   125088.125   125100.125   125176.125   125189.125   125220.125
  1005:   125253.125   125294.125   125334.125   125374.125   125417.125
  1010:   125432.125   125473.125   125485.125   125569.125   125652.125
  1015:   125697.125   125741.725   125741.920   125741.901   125741.095
  1020:   126041.902   127541.910   127543.615   131393.625   131394.815
  1025:   131997.135   132036.135   132076.135   132128.135   132346.135
  1030:   132380.135   132449.135   132570.135   132585.135   132615.135
  1035:   132654.135   132699.135   132734.135   132768.135   132805.135
  1040:   132850.135   132927.135   133041.135   133081.135   133150.135
  1045:   133187.135   133267.135   133281.135   133365.135   133484.135
  1050:   133520.135   133571.135   133608.135   133645.135   133719.135
  1055:   133812.135   133831.135   133905.135   133916.135   134031.135
  1060:   134046.135   134081.135   134160.135   134172.135   134254.135
  1065:   134266.135   134354.135   134362.135   134499.135   134511.135
  1070:   134549.135   134560.135   134600.135   134641.135   134654.135
  1075:   134733.135   134806.135   134821.135   134908.135   134926.135
  1080:   134964.135   134997.135   135037.135   135080.135   135120.135
  1085:   135157.135   135173.135   135279.135   135321.135   135335.135
  1090:   135414.135   135426.135   135496.135   135579.135   135615.135
  1095:   135706.135   135893.135   135945.135   135986.135   136021.135
  1100:   136066.135   136118.135   136130.135   136387.135   136398.135
  1105:   136505.135   136691.135   136784.135   136837.135   136883.135
  1110:   136956.135   137000.135   137203.135   137245.135   137258.135
  1115:   137297.135   137592.135   137630.135   137666.135   137683.135
  1120:   138118.135   138157.135   138194.135   138233.135   138275.135
  1125:   138321.135   138413.135   138456.135   138661.135   138702.135
  1130:   138748.135   138792.135   138829.135   138998.135   139038.135
  1135:   139087.135   139094.825   139094.920   139111.411   140594.910
  1140:   140596.613   142546.623   142547.713   142710.123   142754.123
  1145:   142797.123   142845.123   142849.123   142931.123   142972.123
  1150:   143123.123   143162.123   143202.123   143244.123   143304.123
  1155:   143339.123   143449.123   143526.123   143575.123   143648.123
  1160:   143704.123   143745.123   143758.123   143818.123   143907.123
  1165:   143922.123   143991.123   144038.123   144050.123   144086.123
  1170:   144127.123   144201.123   144218.123   144249.123   144297.123
  1175:   144337.123   144349.123   144428.123   144464.123   144503.723
  1180:   144503.920   144503.901   144503.093   144803.902   146303.910
  1185:   146305.613   148255.623   148256.713   148523.123   148562.123
  1190:   148598.123   148635.123   148671.123   148712.123   148747.123
  1195:   148791.123   148831.123   148923.123   148962.123   148998.123
  1200:   149034.123   149069.123   149113.123   149149.123   149191.123
  1205:   149389.123   149425.123   149462.123   149516.123   149557.123
  1210:   149594.123   149637.123   149752.123   149789.123   149867.123
  1215:   149918.123   149932.123   150099.123   150110.123   150146.123
  1220:   150225.723   150225.920   150225.901   150225.093   150525.902
  1225:   152025.910   152027.615   155877.625   155878.715   156203.125
  1230:   156247.125   156290.125   156344.125   156382.125   156428.125
  1235:   156479.125   156554.125   156705.125   156744.125   156782.125
  1240:   156820.125   156853.125   156968.125   156984.125   157032.125
  1245:   157106.125   157130.125   157205.125   157276.125   157288.125
  1250:   157425.125   157474.125   157550.125   157580.125   157662.125
  1255:   157673.125   157745.125   157755.125   157877.125   157953.125
  1260:   157964.125   158094.125   158106.125   158209.125   158222.125
  1265:   158262.125   158375.125   158412.125   158418.125   158483.125
  1270:   158619.125   158658.125   158703.125   158750.125   158763.125
  1275:   158849.125   158885.125   158899.125   158944.125   159040.125
  1280:   159159.125   159198.125   159237.125   159251.125   159340.125
  1285:   159357.125   159393.125   159431.125   159446.125   159649.125
  1290:   159697.125   159741.725   159741.920   159741.901   159741.095
  1295:   160041.902   161541.910   161543.613   163493.623   163494.713
  1300:   163732.123   163765.123   163805.123   163844.123   163925.123
  1305:   163929.123   164014.123   164089.123   164178.123   164295.123
  1310:   164382.123   164419.123   164464.123   164500.123   164543.123
  1315:   164587.123   164623.123   164793.123   164836.123   164875.123
  1320:   164926.123   165060.123   165073.123   165161.123   165203.123
  1325:   165332.123   165382.123   165489.723   165489.920   165489.901
  1330:   165489.093   165789.902   167289.910   167291.615   171141.625
  1335:   171142.815   171389.135   171426.135   171560.135   171638.135
  1340:   171682.135   171716.135   171883.135   171898.135   171977.135
  1345:   172027.135   172100.135   172185.135   172196.135   172272.135
  1350:   172349.135   172388.135   172402.135   172476.135   172495.135
  1355:   172530.135   172566.135   172600.135   172638.135   172812.135
  1360:   172854.135   172868.135   172942.135   172954.135   173064.135
  1365:   173102.135   173218.135   173254.135   173297.135   173311.135
  1370:   173327.135   173339.135   173384.135   173424.135   173436.135
  1375:   173476.135   173515.135   173530.135   173650.135   173696.135
  1380:   173788.135   173827.135   173840.135   173873.135   173917.135
  1385:   174004.135   174022.135   174059.135   174099.135   174143.135
  1390:   174156.135   174400.135   174438.135   174454.135   174489.135
  1395:   174537.135   174633.135   174677.135   174716.135   174737.135
  1400:   174774.135   174814.135   174936.135   175070.135   175080.135
  1405:   175175.135   175186.135   175322.135   175361.135   175402.135
  1410:   175415.135   175463.135   175538.135   175583.135   175599.135
  1415:   175861.135   175901.135   175939.135   175980.135   176024.135
  1420:   176310.135   176346.135   176443.135   176489.135   176612.135
  1425:   176648.135   176688.135   176723.135   177047.135   177085.135
  1430:   177121.135   177156.135   177190.135   177225.135   177259.135
  1435:   177292.135   177326.135   177363.135   177400.135   177434.135
  1440:   177470.135   177507.135   177554.135   177594.135   177629.135
  1445:   177681.135   177910.135   177949.135   178202.135   178240.135
  1450:   178291.135   178332.135   178536.135   178572.135   178607.135
  1455:   178640.135   178682.135   178694.135   178766.135   178781.135
  1460:   178842.825   178842.920   180342.910   180344.612   181744.622
  1465:   181745.812   181869.132   181905.132   181948.132   181993.132
  1470:   181999.132   182041.132   182170.132   182254.132   182329.132
  1475:   182356.132   182399.132   182437.132   182477.132   182525.132
  1480:   182539.132   182624.132   182678.132   182794.132   182830.132
  1485:   182870.132   182955.132   183038.132   183093.132   183165.132
  1490:   183232.132   183244.132   183280.132   183297.132   183376.132
  1495:   183456.132   183647.132   183662.132   183743.132   183844.132
  1500:   183970.132   184046.132   184059.132   184074.132   184151.132
  1505:   184170.132   184204.132   184216.132   184248.132   184303.132
  1510:   184380.132   184413.132   184504.132   184544.132   184657.132
  1515:   184692.132   184767.132   184805.132   184843.132   184922.132
  1520:   184961.132   185014.132   185110.132   185147.132   185313.132
  1525:   185345.822   185345.920   185351.411   185361.411   185391.411
  1530:   186845.910   186847.612   188247.622   188248.712   188387.122
  1535:   188467.122   188520.122   188620.122   188650.122   188688.122
  1540:   188769.122   188803.122   188918.122   188952.122   188993.122
  1545:   189029.122   189072.122   189107.122   189141.122   189193.122
  1550:   189206.122   189320.122   189359.122   189396.122   189409.122
  1555:   189615.122   189657.722   189657.920   189657.901   189657.092
  1560:   189957.902   191457.910   191459.613   193409.623   193410.813
  1565:   193720.133   193916.133   193950.133   194098.133   194249.133
  1570:   194283.133   194315.133   194390.133   194514.133   194595.133
  1575:   194680.133   194722.133   194799.133   194813.133   194892.133
  1580:   194977.133   195073.133   195143.133   195152.133   195185.133
  1585:   195221.133   195239.133   195305.133   195359.133   195371.133
  1590:   195439.133   195525.133   195671.133   195769.133   195845.133
  1595:   195857.133   196104.133   196116.133   196151.133   196311.133
  1600:   196343.133   196388.133   196402.133   196521.133   196561.133
  1605:   196646.133   196658.133   196767.133   196863.133   196875.133
  1610:   197011.133   197050.133   197311.133   197323.133   197610.823
  1615:   197610.920   197636.411   199110.910   199112.615   202962.625
  1620:   202963.715   203186.125   203638.125   203694.125   203782.125
  1625:   204067.125   204106.125   204147.125   204188.125   204471.125
  1630:   204508.125   204542.125   204659.125   204692.125   204727.125
  1635:   204733.125   204845.125   204879.125   204917.125   205140.125
  1640:   205175.125   205214.125   205247.125   205283.125   205316.125
  1645:   205355.125   205569.125   205582.125   205618.125   205652.125
  1650:   205684.125   205732.125   205778.125   205905.125   205916.125
  1655:   205989.125   206003.125   206034.125   206107.125   206123.125
  1660:   206239.125   206286.125   206466.125   206529.125   206620.125
  1665:   206634.125   206698.125   206760.125   206859.725   206859.920
  1670:   206859.901   206859.095   207159.902   208659.910   208661.613
  1675:   210611.623   210612.713   210988.123   211027.123   211061.123
  1680:   211228.123   211342.123   211377.123   211570.123   211608.123
  1685:   211641.123   211682.123   211717.123   211748.123   211790.123
  1690:   211824.123   211901.123   211950.123   211964.123   212151.123
  1695:   212191.123   212272.123   212288.123   212362.123   212395.123
  1700:   212408.123   212451.123   212464.123   212552.123   212598.723
  1705:   212598.920   212598.901   212598.093   212898.902   214398.910
  1710:   214400.612   215800.622   215801.712   215921.122   215994.122
  1715:   216023.122   216063.122   216136.122   216278.122   216350.122
  1720:   216363.122   216464.122   216592.122   216681.122   216748.122
  1725:   216816.122   216847.122   216930.122   216942.122   217010.122
  1730:   217034.122   217078.122   217215.722   217215.920   217215.901
  1735:   217215.092   217515.902   219015.910   219017.611   220017.621
  1740:   220018.711   220129.121   220161.121   220201.121   220268.121
  1745:   220301.121   220343.121   220384.121   220459.121   220506.121
  1750:   220513.121   220608.121   220726.121   220764.121   220778.121
  1755:   220861.121   220967.121   221003.121   221041.721   221041.920
  1760:   221041.901   221041.091   221341.902   222841.910   222843.615
  1765:   226693.625   226694.715   227380.125   227880.125   228143.125
  1770:   228192.125   228224.125   228493.125   228529.125   228599.125
  1775:   228761.125   228836.125   228886.125   229018.125   229125.125
  1780:   229435.125   229476.125   229490.125   229539.125   229613.125
  1785:   229667.125   229911.125   229944.125   229976.125   230009.125
  1790:   230046.125   230102.125   230139.125   230173.125   230291.125
  1795:   230340.125   230414.125   230450.125   230488.125   230528.125
  1800:   230565.725   230565.920   230565.901   230565.095   230865.902
  1805:   232365.910   232367.615   236217.625   236218.715   237501.125
  1810:   237538.125   237575.125   237962.125   237998.125   238033.125
  1815:   238064.125   238094.125   238131.125   238320.125   238435.125
  1820:   238466.125   238542.125   238663.125   238695.125   238727.125
  1825:   238764.125   238793.125   238945.125   238977.125   239010.125
  1830:   239047.125   239166.125   239202.125   239237.125   239372.125
  1835:   239421.125   239452.125   239530.125   239574.125   239746.125
  1840:   239759.125   239839.125   239936.125   239951.125   240101.725
  1845:   240101.920   240101.901   240101.095   240401.902   241901.910
  1850:   241903.614   244653.624   244654.814   244803.134   244839.134
  1855:   244886.134   244926.134   244997.134   245031.134   245101.134
  1860:   245121.134   245152.134   245192.134   245229.134   245259.134
  1865:   245299.134   245360.134   245393.134   245432.134   245463.134
  1870:   245479.134   245517.134   245588.134   245622.134   245660.134
  1875:   245715.134   245750.134   245764.134   245842.134   245895.134
  1880:   245931.134   245970.134   246011.134   246054.134   246065.134
  1885:   246182.134   246252.134   246300.134   246335.134   246392.134
  1890:   246482.134   246652.134   246704.134   246737.134   246773.134
  1895:   246876.134   247000.134   247076.134   247088.134   247125.134
  1900:   247140.134   247295.134   247432.134   247447.134   247534.134
  1905:   247540.134   247588.134   247673.134   247682.134   247757.134
  1910:   247769.134   247952.134   248089.134   248124.134   248160.134
  1915:   248322.134   248356.134   248450.134   248490.134   248503.134
  1920:   248536.134   248748.134   248787.134   248824.134   248863.134
  1925:   248952.134   248964.134   249040.134   249078.134   249116.134
  1930:   249184.134   249223.134   249258.134   249322.134   249354.134
  1935:   249388.134   249403.134   249478.134   249512.134   249545.134
  1940:   249586.134   249599.134   249671.134   249753.134   249840.134
  1945:   249875.134   249885.134   249922.134   250115.134   250149.134
  1950:   250154.824   250154.920   251654.910   251656.614   254406.624
  1955:   254407.714   254663.124   254740.124   255250.124   255286.124
  1960:   255320.124   255364.124   255383.124   255432.124   255672.124
  1965:   255724.124   255736.124   255782.124   255815.124   255876.124
  1970:   255914.124   256046.124   256086.124   256119.124   256155.124
  1975:   256202.124   256302.124   256457.124   256564.124   256658.124
  1980:   256738.124   256837.124   257845.724   257845.920   257845.901
  1985:   257845.094   258145.902   259645.910   259647.615   263497.625
  1990:   263498.815   263632.135   263667.135   263782.135   263816.135
  1995:   263857.135   264169.135   264219.135   264413.135   264444.135
  2000:   264478.135   264509.135   264545.135   264774.135   264814.135
  2005:   264824.135   264862.135   264920.135   265123.135   265135.135
  2010:   265171.135   265205.135   265217.135   265332.135   265411.135
  2015:   265423.135   265562.135   265596.135   265610.135   265649.135
  2020:   265703.135   265714.135   265881.135   266032.135   266072.135
  2025:   266084.135   266196.135   266233.135   266270.135   266307.135
  2030:   266319.135   266360.135   266373.135   266457.135   266549.135
  2035:   266629.135   266717.135   266729.135   266912.135   266923.135
  2040:   266983.135   267020.135   267136.135   267280.135   267295.135
  2045:   267470.135   267481.135   267575.135   267594.135   267626.135
  2050:   267638.135   267757.135   267828.135   267936.135   267977.135
  2055:   268016.135   268051.135   268086.135   268117.135   268149.135
  2060:   268165.135   268203.135   268218.135   268266.135   268404.135
  2065:   268417.135   268451.135   268496.135   268602.135   268656.135
  2070:   268752.135   268829.135   268868.135   269105.135   269182.135
  2075:   269221.135   269233.135   269433.135   269494.135   269731.135
  2080:   269768.135   269821.135   270269.135   270306.135   270341.135
  2085:   270375.135   270407.135   270442.135   270475.135   270512.135
  2090:   270553.135   270607.135   270751.135   270784.135   270819.135
  2095:   270864.135   270953.135   270999.135   271146.135   271176.135
  2100:   271198.825   271198.920   271213.411   271243.411   272698.910
  2105:   272700.613   274650.623   274651.713   274906.123   274946.123
  2110:   274983.123   275019.123   275057.123   275103.123   275190.123
  2115:   275227.123   275268.123   275304.123   275316.123   275354.123
  2120:   275396.123   275431.123   275470.123   275544.123   275577.123
  2125:   275620.123   275636.123   275708.123   275767.123   275800.123
  2130:   275847.123   275976.123   275987.123   276074.123   276116.123
  2135:   276154.123   276166.123   276240.123   276256.123   276299.123
  2140:   276572.123   276585.123   276675.723   276675.920   276675.901
  2145:   276675.093   276975.902   278475.910   278477.611   279477.621
  2150:   279478.811   281061.131   281102.131   281140.131   281177.131
  2155:   281213.131   281253.131   281288.131   281327.131   281364.131
  2160:   281375.131   281455.131   281468.131   281518.131   281534.131
  2165:   281566.131   281600.131   281638.131   281676.131   281716.131
  2170:   281756.131   281770.131   281786.131   281816.131   281853.131
  2175:   281896.131   281944.131   281983.131   281997.131   282169.131
  2180:   282208.131   282366.131   282383.131   282501.131   282520.131
  2185:   282554.131   282571.131   282678.821   282678.920   282679.411
  2190:   284178.910   284180.611   285180.621   285181.711   285264.121
  2195:   285304.121   285336.121   285373.121   285414.121   285450.121
  2200:   285501.121   285582.121   285618.121   285656.121   285705.121
  2205:   285768.121   285804.121   285845.121   285883.121   285966.121
  2210:   286222.721   286222.920   286222.901   286222.091   286522.902
  2215:   288022.910   288024.613   289974.623   289975.813   290120.133
  2220:   290284.133   290317.133   290355.133   290463.133   290733.133
  2225:   290770.133   290807.133   290843.133   290874.133   291064.133
  2230:   291075.133   291113.133   291148.133   291182.133   291222.133
  2235:   291259.133   291270.133   291331.133   291365.133   291404.133
  2240:   291416.133   291506.133   291668.133   291679.133   291771.133
  2245:   291936.133   291949.133   292031.133   292047.133   292110.133
  2250:   292145.133   292158.133   292219.133   292232.133   292310.133
  2255:   292344.133   292357.133   292390.133   292491.133   292536.133
  2260:   292572.133   292587.133   292676.133   292719.133   292755.133
  2265:   293066.133   293084.133   293113.133   293212.133   293225.133
  2270:   293299.133   293389.133   293402.133   293600.133   293659.133
  2275:   293669.133   293788.133   293826.133   293882.133   293976.133
  2280:   294014.133   294103.133   294150.133   294175.823   294175.920
  2285:   294189.411   295675.910   295677.613   297627.623   297628.713
  2290:   297953.123   297988.123   298019.123   298053.123   298143.123
  2295:   298253.123   298284.123   298322.123   298356.123   298388.123
  2300:   298414.123   298488.123   298582.123   298699.123   298857.123
  2305:   298935.123   299010.123   299021.123   299118.123   299196.123
  2310:   299209.123   299305.123   299392.123   299591.723   299591.920
  2315:   299591.901   299591.093   299891.902   301391.910   301393.611
  2320:   302393.621   302394.711   302505.121   302541.121   302647.121
  2325:   302722.121   302757.121   302787.121   302862.121   302970.121
  2330:   303006.121   303043.121   303079.121   303112.121   303186.121
  2335:   303220.121   303301.121   303341.121   303357.121   303384.121
  2340:   303460.721   303460.920   303460.901   303460.091   303760.902
  2345:   305260.910   305262.611   306262.621   306263.811   306343.131
  2350:   306378.131   306421.131   306493.131   306535.131   306603.131
  2355:   306645.131   306683.131   306720.131   306750.131   306832.131
  2360:   306870.131   306949.131   306990.131   307028.131   307069.131
  2365:   307082.131   307170.131   307287.131   307337.131   307457.131
  2370:   307547.131   307556.131   307592.131   307626.131   307667.131
  2375:   307708.131   307725.131   307799.131   307814.131   307899.131
  2380:   307990.131   308088.131   308103.131   308219.131   308393.131
  2385:   308444.131   308506.131   308519.131   308709.131   308758.131
  2390:   308873.131   308908.131   308939.131   308972.131   309052.131
  2395:   309233.131   309315.131   309463.821   309463.920   309465.411
  2400:   310963.910   310965.611   311965.621   311966.711   312135.121
  2405:   312178.121   312254.121   312286.121   312321.121   312359.121
  2410:   312447.121   312520.121   312589.121   312623.121   312664.121
  2415:   312698.121   312738.121   312861.121   312875.121   312993.721
  2420:   312993.920   312993.901   312993.091   313293.902   314793.910
  2425:   314795.614   317545.624   317546.814   317788.134   317955.134
  2430:   318041.134   318145.134   318272.134   318556.134   318638.134
  2435:   318674.134   318821.134   318855.134   319163.134   319304.134
  2440:   319346.134   319427.134   319458.134   319491.134   319524.134
  2445:   319702.134   319734.134   319889.134   319964.134   320040.134
  2450:   320127.134   320253.134   320406.134   320419.134   320493.134
  2455:   320509.134   320523.134   320630.134   320667.134   320680.134
  2460:   320713.134   320728.134   320771.134   320809.134   320854.134
  2465:   320867.134   320956.134   320988.134   321000.134   321118.134
  2470:   321132.134   321215.134   321228.134   321267.134   321285.134
  2475:   321547.134   321561.134   321596.134   321608.134   321729.134
  2480:   321952.134   322228.134   322268.134   322306.134   322344.134
  2485:   322377.134   322410.134   322442.134   322475.134   322508.134
  2490:   322548.134   322592.134   322784.134   322799.134   322847.134
  2495:   322892.134   323046.824   323046.920   324546.910   324548.612
  2500:   325948.622   325949.712   326094.122   326142.122   326365.122
  2505:   326543.122   326659.122   326695.122   326732.122   326767.122
  2510:   326811.122   326925.122   327002.122   327037.122   327076.122
  2515:   327108.122   327242.122   327278.122   327322.122   327360.722
  2520:   327360.920   327360.901   327360.092   327660.902   329160.910
  2525:   329162.614   331912.624   331913.714   332032.124   332137.124
  2530:   332178.124   332267.124   332310.124   332358.124   332440.124
  2535:   332607.124   332714.124   332730.124   332764.124   332804.124
  2540:   332854.124   333100.124   333317.124   333362.124   333411.124
  2545:   333423.124   333466.124   333589.124   333603.124   333693.124
  2550:   333703.124   333861.124   333879.124   333917.124   333962.124
  2555:   334004.124   334017.124   334098.124   334156.124   334434.124
  2560:   334500.124   334580.124   334589.124   334635.124   334918.724
  2565:   334918.920   334918.901   334918.094   335218.902   336718.910
  2570:   336720.614   339470.624   339471.714   339965.124   340044.124
  2575:   340122.124   340363.124   340562.124   340783.124   340820.124
  2580:   340944.124   340979.124   341016.124   341054.124   341087.124
  2585:   341120.124   341168.124   341261.124   341397.124   341409.124
  2590:   341476.124   341545.124   341604.124   341697.124   341737.124
  2595:   341832.124   342110.124   342190.124   342263.724   342263.920
  2600:   342263.901   342263.094   342563.902   344063.910   344065.611
  2605:   345065.621   345066.711   345235.121   345277.121   345386.121
  2610:   345433.121   345521.121   345592.121   345633.121   345671.121
  2615:   345709.121   345751.121   345794.121   345834.121   345910.121
  2620:   345954.121   345994.121   346006.121   346152.721   346152.920
  2625:   346152.901   346152.091   346452.902   347952.910   347954.611
  2630:   348954.621   348955.811   349088.131   349129.131   349170.131
  2635:   349216.131   349262.131   349304.131   349352.131   349470.131
  2640:   349545.131   349559.131   349635.131   349648.131   349767.131
  2645:   349810.131   349823.131   349871.131   349886.131   349971.131
  2650:   350008.131   350057.131   350096.131   350136.131   350214.131
  2655:   350256.131   350321.131   350345.131   350417.131   350432.131
  2660:   350483.131   350527.131   350549.131   350563.131   350649.131
  2665:   350667.131   350723.131   350765.131   350806.131   351023.131
  2670:   351068.131   351120.131   351209.131   351264.131   351479.131
  2675:   351566.131   351617.131   351679.131   351753.131   351767.131
  2680:   351834.131   351961.131   351974.131   352046.131   352059.131
  2685:   352155.821   352155.920   353655.910   353657.614   356407.624
  2690:   356408.814   356662.134   356811.134   356846.134   356885.134
  2695:   356992.134   357034.134   357383.134   357695.134   357816.134
  2700:   358098.134   358319.134   358371.134   358519.134   358537.134
  2705:   358593.134   358659.134   358677.134   358758.134   358794.134
  2710:   358831.134   358874.134   358906.134   358985.134   359109.134
  2715:   359192.134   359201.134   359240.134   359274.134   359362.134
  2720:   359376.134   359409.134   359448.134   359505.134   359520.134
  2725:   359607.134   359639.134   359718.134   359731.134   359851.134
  2730:   359899.134   359976.134   360022.134   360037.134   360084.134
  2735:   360097.134   360129.134   360171.134   360188.134   360241.134
  2740:   360565.134   360604.134   360643.134   360686.134   360723.134
  2745:   360737.134   360871.134   361198.134   361331.134   361343.134
  2750:   361430.134   361444.134   361655.134   361847.134   361908.824
  2755:   361908.920   361934.411   361945.411   363408.910   363410.614
  2760:   366160.624   366161.714   366775.124   367439.124   367477.124
  2765:   367516.124   367852.124   367894.124   367933.124   367974.124
  2770:   368017.124   368067.124   368115.124   368201.124   368284.124
  2775:   368324.124   368364.124   368407.124   368424.124   368519.124
  2780:   368553.124   368586.124   368626.124   368667.124   368761.124
  2785:   368808.124   368841.124   368879.124   368913.724   368913.920
  2790:   368913.901   368913.094   369213.902   370713.910   370715.611
  2795:   371715.621   371716.711   371830.121   371930.121   371972.121
  2800:   372016.121   372095.121   372170.121   372199.121   372276.121
  2805:   372311.121   372343.121   372379.121   372417.121   372452.121
  2810:   372487.121   372523.121   372564.121   372715.121   372725.721
  2815:   372725.920   372725.901   372725.091   373025.902   374525.910
  2820:   374527.613   376477.623   376478.813   376619.133   376659.133
  2825:   376788.133   376871.133   376905.133   376940.133   377048.133
  2830:   377125.133   377205.133   377238.133   377270.133   377305.133
  2835:   377326.133   377357.133   377392.133   377431.133   377467.133
  2840:   377540.133   377550.133   377590.133   377666.133   377792.133
  2845:   377829.133   377952.133   377988.133   378026.133   378067.133
  2850:   378080.133   378199.133   378214.133   378282.133   378334.133
  2855:   378369.133   378615.133   378699.133   378712.133   378757.133
  2860:   378870.133   379023.133   379036.133   379179.133   379208.133
  2865:   379332.133   379413.133   379462.133   379565.133   379607.133
  2870:   379645.133   379684.133   379698.133   379730.133   379923.133
  2875:   379934.133   380076.133   380086.133   380228.133   380267.133
  2880:   380678.823   380678.920   382178.910   382180.612   383580.622
  2885:   383581.812   383661.132   383741.132   383824.132   383959.132
  2890:   383994.132   384030.132   384064.132   384110.132   384141.132
  2895:   384309.132   384376.132   384408.132   384456.132   384470.132
  2900:   384548.132   384560.132   384647.132   384734.132   384746.132
  2905:   384855.132   384891.132   384938.132   384950.132   384991.132
  2910:   385184.132   385192.132   385227.132   385330.132   385403.132
  2915:   385416.132   385449.132   385536.132   385547.132   385762.132
  2920:   385799.132   385839.132   385875.132   385935.132   385952.132
  2925:   386039.132   386141.132   386193.132   386206.132   386396.132
  2930:   386482.132   386493.132   386709.132   386718.132   387023.132
  2935:   387072.132   387109.132   387123.132   387159.132   387181.822
  2940:   387181.920   388681.910   388683.615   392533.625   392534.715
  2945:   392942.125   392981.125   393415.125   393451.125   393484.125
  2950:   393520.125   393861.125   393899.125   393938.125   393980.125
  2955:   394025.125   394067.125   394183.125   394209.125   394268.125
  2960:   394299.125   394418.125   394447.125   394523.125   394559.125
  2965:   394593.125   394638.125   394673.125   394713.125   394727.125
  2970:   394792.125   394880.125   394916.125   394954.125   394989.125
  2975:   395027.125   395043.125   395077.125   395320.125   395359.125
  2980:   395372.125   395407.125   395446.125   395534.125   395583.125
  2985:   395619.125   395673.125   395723.125   395812.125   395848.125
  2990:   395894.125   395936.125   395948.125   395984.125   396022.125
  2995:   396334.125   396393.725   396393.920   396393.901   396393.095
  3000:   396693.902   398193.910   398195.613   400145.623   400146.713
  3005:   400250.123   400343.123   400376.123   400416.123   400424.123
  3010:   400573.123   400605.123   400644.123   400686.123   400723.123
  3015:   400753.123   400791.123   400824.123   400862.123   400905.123
  3020:   400978.123   400995.123   401066.123   401076.123   401221.123
  3025:   401315.123   401438.123   401487.123   401572.123   401586.123
  3030:   401625.123   401638.123   401656.123   401737.123   401747.123
  3035:   401824.123   401870.123   401947.123   402003.123   402208.723
  3040:   402208.920   402208.901   402208.093   402508.902   404008.910
  3045:   404010.612   405410.622   405411.712   405566.122   405673.122
  3050:   405790.122   405824.122   405865.122   405903.122   405944.122
  3055:   405987.122   406163.122   406354.122   406429.122   406441.122
  3060:   406518.122   406558.122   406592.122   406626.122   406708.122
  3065:   406750.122   406785.122   406820.722   406820.920   406820.901
  3070:   406820.092   407120.902   408620.910   408622.615   412472.625
  3075:   412473.815   412820.135   412968.135   413436.135   413473.135
  3080:   413511.135   413548.135   413633.135   413741.135   413773.135
  3085:   413918.135   413947.135   413988.135   414022.135   414054.135
  3090:   414087.135   414123.135   414206.135   414241.135   414272.135
  3095:   414309.135   414355.135   414404.135   414477.135   414491.135
  3100:   414596.135   414644.135   414701.135   414773.135   414785.135
  3105:   414862.135   414873.135   415123.135   415162.135   415196.135
  3110:   415214.135   415251.135   415287.135   415302.135   415341.135
  3115:   415369.135   415408.135   415442.135   415500.135   415512.135
  3120:   415593.135   415664.135   415701.135   415738.135   415777.135
  3125:   415817.135   415982.135   416022.135   416220.135   416235.135
  3130:   416333.135   416378.135   416457.135   416472.135   416527.135
  3135:   416538.135   416648.135   416801.135   416813.135   416857.135
  3140:   416889.135   416964.135   416999.135   417061.135   417097.135
  3145:   417137.135   417195.135   417369.135   417414.135   417468.135
  3150:   417681.135   417715.135   417747.135   417779.135   417812.135
  3155:   417845.135   417897.135   418162.135   418197.135   418285.135
  3160:   418385.135   418432.135   418480.135   418561.135   418604.135
  3165:   418782.135   418978.135   419020.135   419252.135   419292.135
  3170:   419328.135   419363.135   419395.135   419427.135   419462.135
  3175:   419502.135   419530.135   419614.135   419647.135   419678.135
  3180:   419715.135   419746.135   419781.135   419984.135   420023.135
  3185:   420061.135   420173.825   420173.920   421673.910   421675.615
  3190:   425525.625   425526.715   425716.125   425757.125   425794.125
  3195:   425843.125   425888.125   425996.125   426039.125   426073.125
  3200:   426335.125   426378.125   426432.125   426437.125   426558.125
  3205:   426595.125   426628.125   426660.125   426703.125   426751.125
  3210:   426794.125   426852.125   426930.125   426942.125   427183.125
  3215:   427339.125   427374.125   427410.125   427453.125   427468.125
  3220:   427503.125   427537.125   427581.125   427624.125   427723.125
  3225:   427759.125   427887.125   428023.125   428065.125   428179.125
  3230:   428198.125   428303.125   428400.125   428412.125   428451.125
  3235:   428495.125   428599.125   428613.125   428691.125   428703.125
  3240:   428746.125   429028.125   429071.125   429083.125   429131.125
  3245:   429168.125   429185.125   429312.125   429505.725   429505.920
  3250:   429505.901   429505.095   429805.902   431305.910   431307.613
  3255:   433257.623   433258.713   433640.123   433836.123   433944.123
  3260:   434230.123   434269.123   434307.123   434353.123   434393.123
  3265:   434429.123   434488.123   434532.123   434566.123   434607.123
  3270:   434656.123   434695.123   434730.123   434773.123   434784.123
  3275:   434833.123   434876.123   434909.123   434989.123   435033.123
  3280:   435153.123   435194.123   435232.723   435232.920   435232.901
  3285:   435232.093   435532.902   437032.910   437034.614   439784.624
  3290:   439785.714   440238.124   440276.124   440310.124   440330.124
  3295:   440714.124   440719.124   440793.124   440881.124   440976.124
  3300:   441062.124   441075.124   441154.124   441237.124   441247.124
  3305:   441322.124   441341.124   441372.124   441442.124   441482.124
  3310:   441621.124   441704.124   441713.124   441750.124   441761.124
  3315:   441798.124   441811.124   441844.124   441932.124   442054.124
  3320:   442104.124   442238.124   442280.124   442313.124   442352.124
  3325:   442368.124   442410.124   442474.124   442490.124   442577.724
  3330:   442577.920   442577.901   442577.094   442877.902   444377.910
  3335:   444379.612   445779.622   445780.712   445947.122   445990.122
  3340:   446036.122   446118.122   446158.122   446233.122   446266.122
  3345:   446306.122   446344.122   446385.122   446426.122   446466.122
  3350:   446516.122   446559.122   446595.122   446675.122   446732.122
  3355:   446747.122   446833.122   446872.122   446951.122   447199.722
  3360:   447199.920   447199.901   447199.092   447499.902   448999.910
  3365:   449001.615   452851.625   452852.715   452971.125   453786.125
  3370:   453900.125   453945.125   454143.125   454164.125   454200.125
  3375:   454236.125   454334.125   454369.125   454442.125   454524.125
  3380:   454706.125   454717.125   454787.125   454853.125   454886.125
  3385:   454962.125   454976.125   455050.125   455060.125   455139.125
  3390:   455303.125   455350.125   455394.125   455433.125   455481.125
  3395:   455497.125   455531.125   455550.125   455567.125   455614.125
  3400:   455705.125   455806.125   455820.125   455989.125   456006.125
  3405:   456034.125   456113.125   456140.125   456173.125   456252.125
  3410:   456306.125   456387.125   456425.125   456541.125   456553.125
  3415:   456609.125   456647.125   456680.125   456721.725   456721.920
  3420:   456721.901   456721.095   457021.902   458521.910   458523.615
  3425:   462373.625   462374.715   462771.125   463123.125   463497.125
  3430:   463535.125   463570.125   463604.125   463645.125   463694.125
  3435:   463773.125   463881.125   463913.125   463947.125   463984.125
  3440:   464020.125   464054.125   464085.125   464119.125   464151.125
  3445:   464265.125   464301.125   464334.125   464365.125   464412.125
  3450:   464447.125   464530.125   464564.125   464606.125   464639.125
  3455:   464678.125   464694.125   464727.125   464743.125   464839.125
  3460:   464932.125   464974.125   465013.125   465053.125   465097.125
  3465:   465222.125   465325.125   465450.125   465469.125   465519.125
  3470:   465654.125   465730.125   465744.125   465827.125   465836.125
  3475:   465886.125   466142.125   466160.125   466194.125   466243.725
  3480:   466243.920   466243.901   466243.095   466543.902   468043.910
  3485:   468045.611   469045.621   469046.711   469158.121   469198.121
  3490:   469280.121   469322.121   469401.121   469438.121   469471.121
  3495:   469544.121   469573.121   469612.121   469645.121   469678.121
  3500:   469714.121   469751.121   469868.121   469903.121   469942.121
  3505:   469955.121   470085.721   470085.920   470085.901   470085.091
  3510:   470385.902   471885.910   471887.612   473287.622   473288.712
  3515:   473430.122   473475.122   473563.122   473599.122   473638.122
  3520:   473738.122   473768.122   473802.122   473838.122   473859.122
  3525:   473893.122   473928.122   473961.122   474001.122   474036.122
  3530:   474073.122   474122.122   474157.122   474193.122   474263.122
  3535:   474276.122   474429.122   474476.122   474508.122   474522.122
  3540:   474557.122   474570.122   474585.122   474599.122   474649.122
  3545:   474683.122   474762.722   474762.920   474762.901   474762.092
  3550:   475062.902   476562.910   476564.612   477964.622   477965.712
  3555:   478129.122   478170.122   478211.122   478266.122   478308.122
  3560:   478383.122   478418.122   478452.122   478530.122   478565.122
  3565:   478680.122   478756.122   478833.122   478879.122   478960.122
  3570:   478970.122   479016.122   479055.122   479095.122   479133.122
  3575:   479149.122   479165.122   479289.122   479420.722   479420.920
  3580:   479420.901   479420.092   479720.902   481220.910   481222.612
  3585:   482622.622   482623.712   482708.122   482750.122   482791.122
  3590:   482892.122   482919.122   482953.122   482990.122   483021.122
  3595:   483094.122   483170.122   483202.122   483238.122   483273.122
  3600:   483310.122   483326.122   483399.122   483478.122   483491.122
  3605:   483618.122   483655.122   483731.122   483818.122   483916.122
  3610:   483928.122   484005.122   484051.722   484051.920   484051.901
  3615:   484051.092   484351.902   485851.910   485853.612   487253.622
  3620:   487254.812   487350.132   487395.132   487434.132   487483.132
  3625:   487527.132   487626.132   487658.132   487700.132   487737.132
  3630:   487775.132   487814.132   487892.132   487908.132   487942.132
  3635:   488028.132   488061.132   488144.132   488156.132   488239.132
  3640:   488281.132   488314.132   488349.132   488394.132   488479.132
  3645:   488494.132   488568.132   488642.132   488680.132   488719.132
  3650:   488751.132   488833.132   488884.132   488897.132   488997.132
  3655:   489045.132   489083.132   489098.132   489129.132   489268.132
  3660:   489282.132   489372.132   489386.132   489505.132   489516.132
  3665:   489551.132   489689.132   489706.132   489747.132   489762.132
  3670:   489802.132   489882.132   489934.132   489947.132   490302.132
  3675:   490314.132   490391.132   490478.132   490519.132   490595.132
  3680:   490611.132   490662.132   490673.132   490843.132   490854.822
  3685:   490854.920   492354.910   492356.614   495106.624   495107.714
  3690:   496344.124   496383.124   496457.124   496492.124   496528.124
  3695:   496568.124   496675.124   496704.124   496768.124   496806.124
  3700:   496925.124   496937.124   497112.124   497148.124   497186.124
  3705:   497225.124   497300.124   497376.124   497494.124   497532.124
  3710:   497568.124   497612.124   497696.124   497743.124   497817.124
  3715:   497834.124   497868.724   497868.920   497868.901   497868.094
  3720:   498168.902   499668.910   499670.611   500670.621   500671.711
  3725:   500780.121   500818.121   500851.121   500929.121   500962.121
  3730:   501031.121   501062.121   501098.121   501129.121   501165.121
  3735:   501196.121   501233.121   501338.121   501411.121   501442.121
  3740:   501478.121   501515.121   501565.121   501674.721   501674.920
  3745:   501674.901   501674.091   501974.902   503474.910   503476.612
  3750:   504876.622   504877.812   504982.132   505022.132   505093.132
  3755:   505124.132   505192.132   505253.132   505357.132   505393.132
  3760:   505425.132   505463.132   505499.132   505512.132   505582.132
  3765:   505670.132   505685.132   505788.132   505798.132   505852.132
  3770:   505865.132   505946.132   505960.132   506076.132   506110.132
  3775:   506149.132   506159.132   506177.132   506255.132   506345.132
  3780:   506396.132   506432.132   506470.132   506511.132   506554.132
  3785:   506567.132   506615.132   506629.132   506643.132   506769.132
  3790:   506937.132   506991.132   507028.132   507046.132   507078.132
  3795:   507247.132   507292.132   507307.132   507371.132   507468.132
  3800:   507500.132   507541.132   507558.132   507636.132   507652.132
  3805:   507783.132   507810.132   507858.132   507893.132   508017.132
  3810:   508035.132   508159.132   508335.132   508408.132   508442.132
  3815:   508477.822   508477.920   508481.411   508493.411   509977.910
  3820:   509979.613   511929.623   511930.813   512068.133   512218.133
  3825:   512298.133   512330.133   512370.133   512598.133   512634.133
  3830:   512669.133   512715.133   512862.133   513057.133   513111.133
  3835:   513197.133   513545.133   513608.133   513621.133   513654.133
  3840:   513687.133   513785.133   513821.133   513855.133   513888.133
  3845:   513965.133   513999.133   514014.133   514084.133   514120.133
  3850:   514155.133   514192.133   514236.133   514251.133   514299.133
  3855:   514311.133   514391.133   514404.133   514483.133   514566.133
  3860:   514576.133   514797.133   514810.133   515011.133   515089.133
  3865:   515177.133   515231.133   515287.133   515327.133   515362.133
  3870:   515400.133   515435.133   515453.133   515487.133   515528.133
  3875:   515568.133   515583.133   515666.133   515678.133   515737.133
  3880:   515807.133   516016.133   516032.133   516083.133   516124.133
  3885:   516130.823   516130.920   517630.910   517632.614   520382.624
  3890:   520383.714   521083.124   521297.124   521346.124   521470.124
  3895:   521614.124   521802.124   521841.124   521924.124   522155.124
  3900:   522192.124   522222.124   522262.124   522334.124   522462.124
  3905:   522508.124   522542.124   522788.124   522820.124   522857.124
  3910:   522895.124   522982.124   523038.124   523136.724   523136.920
  3915:   523136.901   523136.094   523436.902   524936.910   524938.613
  3920:   526888.623   526889.713   527015.123   527148.123   527224.123
  3925:   527294.123   527337.123   527344.123   527533.123   527567.123
  3930:   527598.123   527640.123   527670.123   527714.123   527745.123
  3935:   527783.123   527821.123   527979.123   528029.123   528043.123
  3940:   528125.123   528213.123   528226.123   528279.123   528318.123
  3945:   528357.123   528442.123   528480.123   528512.123   528528.123
  3950:   528542.123   528626.123   528792.123   528829.123   528879.723
  3955:   528879.920   528879.901   528879.093   529179.902   530679.910
  3960:   530681.614   533431.624   533432.714   534015.124   534463.124
  3965:   534509.124   534545.124   534736.124   534770.124   534805.124
  3970:   534881.124   534922.124   534953.124   534992.124   535028.124
  3975:   535153.124   535189.124   535229.124   535264.124   535295.124
  3980:   535331.124   535414.124   535489.124   535563.124   535611.124
  3985:   535654.124   535729.124   535804.124   535819.124   535857.124
  3990:   535932.124   535946.124   536023.124   536066.124   536097.124
  3995:   536233.724   536233.920   536233.901   536233.094   536533.902
  4000:   538033.910   538035.612   539435.622   539436.712   539594.122
  4005:   539637.122   539687.122   539734.122   539741.122   539806.122
  4010:   539837.122   539869.122   539945.122   539978.122   540016.122
  4015:   540053.122   540093.122   540127.122   540215.122   540290.122
  4020:   540448.122   540461.122   540539.122   540579.122   540613.122
  4025:   540653.122   540689.122   540888.722   540888.920   540888.901
  4030:   540888.092   541188.902   542688.910   542690.615   546540.625
  4035:   546541.715   547035.125   547076.125   547113.125   547186.125
  4040:   547228.125   547307.125   547341.125   547376.125   547424.125
  4045:   547474.125   547522.125   547572.125   547608.125   547651.125
  4050:   547686.125   547722.125   547759.125   547806.125   547903.125
  4055:   547942.125   548013.125   548260.125   548275.125   548317.125
  4060:   548516.125   548568.125   548580.125   548626.125   548717.125
  4065:   548760.125   548772.125   548815.125   548853.125   548895.125
  4070:   548933.125   548949.125   549026.125   549063.125   549103.125
  4075:   549119.125   549156.125   549190.125   549305.125   549325.125
  4080:   549358.125   549395.125   549439.125   549453.125   549496.125
  4085:   549669.125   549703.125   549882.125   550051.125   550104.125
  4090:   550119.125   550161.125   550207.125   550245.125   550280.125
  4095:   550325.125   550357.125   550408.725   550408.920   550408.901
  4100:   550408.095   550708.902   552208.910   552210.615   556060.625
  4105:   556061.715   556222.125   556265.125   556305.125   556425.125
  4110:   556455.125   556490.125   556701.125   556736.125   556769.125
  4115:   556812.125   556826.125   556860.125   556893.125   556930.125
  4120:   557201.125   557235.125   557273.125   557356.125   557468.125
  4125:   557589.125   557599.125   557706.125   557725.125   557771.125
  4130:   557804.125   557846.125   557860.125   557893.125   557930.125
  4135:   558010.125   558060.125   558075.125   558307.125   558320.125
  4140:   558394.125   558429.125   558480.125   558493.125   558602.125
  4145:   558615.125   558786.125   558824.125   558841.125   558904.125
  4150:   558923.125   558955.125   558997.125   559048.125   559237.125
  4155:   559257.125   559290.125   559330.125   559369.125   559382.125
  4160:   559532.125   559570.125   559608.125   559650.125   559664.125
  4165:   559752.125   559762.125   559798.125   559823.125   559859.125
  4170:   559896.125   559912.725   559912.920   559912.901   559912.095
  4175:   560212.902   561712.910   561714.611   562714.621   562715.711
  4180:   562839.121   562874.121   562908.121   562947.121   562991.121
  4185:   563038.121   563099.121   563178.121   563213.121   563260.121
  4190:   563304.121   563407.121   563461.121   563544.121   563559.121
  4195:   563604.121   563683.121   563770.721   563770.920   563770.901
  4200:   563770.091   564070.902   565570.910   565572.614   568322.624
  4205:   568323.814   568470.134   568509.134   568553.134   568719.134
  4210:   568764.134   568863.134   568896.134   568932.134   568969.134
  4215:   569006.134   569047.134   569081.134   569203.134   569240.134
  4220:   569281.134   569322.134   569399.134   569440.134   569476.134
  4225:   569510.134   569681.134   569807.134   569822.134   569855.134
  4230:   569936.134   570020.134   570175.134   570225.134   570277.134
  4235:   570327.134   570340.134   570375.134   570506.134   570522.134
  4240:   570602.134   570700.134   570751.134   570795.134   570833.134
  4245:   570849.134   570870.134   570900.134   570944.134   570986.134
  4250:   571001.134   571062.134   571098.134   571115.134   571146.134
  4255:   571188.134   571232.134   571252.134   571351.134   571473.134
  4260:   571488.134   571681.134   571721.134   571758.134   571821.134
  4265:   572045.134   572062.134   572097.134   572138.134   572174.134
  4270:   572214.134   572263.134   572297.134   572333.134   572345.134
  4275:   572593.134   572633.134   572671.134   572683.134   572764.134
  4280:   572779.134   572884.134   572919.134   572957.134   572993.134
  4285:   573048.134   573227.134   573237.134   573293.134   573307.134
  4290:   573562.134   573602.134   573768.134   573823.824   573823.920
  4295:   573824.411   575323.910   575325.611   576325.621   576326.711
  4300:   576428.121   576461.121   576500.121   576546.121   576631.121
  4305:   576670.121   576722.121   576808.121   576842.121   576882.121
  4310:   576922.121   576956.121   576999.121   577033.121   577080.121
  4315:   577123.121   577185.121   577224.121   577257.121   577296.121
  4320:   577429.721   577429.920   577429.901   577429.091   577729.902
  4325:   579229.910   579231.614   581981.624   581982.714   582098.124
  4330:   582139.124   582179.124   582251.124   582294.124   582371.124
  4335:   582407.124   582440.124   582476.124   582523.124   582616.124
  4340:   582648.124   582694.124   582725.124   582759.124   582818.124
  4345:   582934.124   582967.124   583050.124   583164.124   583195.124
  4350:   583252.124   583289.124   583321.124   583392.124   583491.124
  4355:   583505.124   583588.124   583659.124   583678.124   583709.124
  4360:   583829.124   583902.124   583936.124   584021.124   584037.124
  4365:   584055.124   584130.124   584172.124   584188.124   584218.124
  4370:   584238.124   584276.124   584316.124   584438.124   584477.124
  4375:   584489.124   584527.124   584547.124   584770.724   584770.920
  4380:   584770.901   584770.094   585070.902   586570.910   586572.612
  4385:   587972.622   587973.712   588066.122   588130.122   588173.122
  4390:   588215.122   588287.122   588316.122   588353.122   588393.122
  4395:   588424.122   588468.122   588503.122   588543.122   588581.122
  4400:   588615.122   588654.122   588692.122   588772.122   588848.122
  4405:   588890.122   588923.122   588957.122   589037.122   589116.122
  4410:   589125.122   589205.122   589242.122   589483.722   589483.920
  4415:   589483.901   589483.092   589783.902   591283.910   591285.611
  4420:   592285.621   592286.711   592405.121   592442.121   592478.121
  4425:   592521.121   592565.121   592608.121   592614.121   592652.121
  4430:   592692.121   592839.121   592914.121   592951.121   592987.121
  4435:   593025.121   593065.121   593109.121   593227.121   593267.121
  4440:   593338.721   593338.920   593338.901   593338.091   593638.902
  4445:   595138.910   595140.615   598990.625   598991.715   599152.125
  4450:   599280.125   599615.125   600150.125   600182.125   600224.125
  4455:   600311.125   600498.125   600535.125   600620.125   600703.125
  4460:   600772.125   600802.125   600875.125   600961.125   601073.125
  4465:   601107.125   601145.125   601216.125   601343.125   601381.125
  4470:   601418.125   601456.125   601495.125   601513.125   601546.125
  4475:   601896.125   601912.125   601974.125   601984.125   602107.125
  4480:   602173.125   602213.125   602298.125   602437.125   602453.125
  4485:   602482.125   602519.125   602556.125   602568.125   602648.125
  4490:   602742.125   602778.125   602813.125   602856.725   602856.920
  4495:   602856.901   602856.095   603156.902   604656.910   604658.611
  4500:   605658.621   605659.711   605771.121   605816.121   605856.121
  4505:   605895.121   605944.121   605986.121   606059.121   606128.121
  4510:   606166.121   606235.121   606307.121   606344.121   606414.121
  4515:   606450.121   606556.121   606592.121   606737.721   606737.920
  4520:   606737.901   606737.091   607037.902   608537.910   608539.611
  4525:   609539.621   609540.811   609629.131   609674.131   609719.131
  4530:   609763.131   609800.131   609871.131   609940.131   609973.131
  4535:   610009.131   610045.131   610060.131   610124.131   610141.131
  4540:   610256.131   610291.131   610325.131   610372.131   610409.131
  4545:   610522.131   610558.131   610661.131   610700.131   610785.131
  4550:   610798.131   610880.131   610972.131   611014.131   611046.131
  4555:   611081.131   611119.131   611132.131   611148.131   611182.131
  4560:   611223.131   611261.131   611275.131   611353.131   611400.131
  4565:   611414.131   611517.131   611533.131   611712.131   611726.131
  4570:   611761.131   611779.131   611822.131   612067.131   612152.131
  4575:   612165.131   612327.131   612381.131   612430.131   612470.131
  4580:   612504.131   612542.131   612580.131   612595.131   612672.131
  4585:   612740.821   612740.920   614240.910   614242.614   616992.624
  4590:   616993.714   617119.124   617219.124   617470.124   617515.124
  4595:   617594.124   617637.124   617751.124   617783.124   617821.124
  4600:   617863.124   617953.124   617985.124   618056.124   618145.124
  4605:   618231.124   618304.124   618329.124   618397.124   618429.124
  4610:   618461.124   618510.124   618550.124   618595.124   618611.124
  4615:   618648.124   618686.124   618721.124   618804.124   618862.124
  4620:   618895.124   618952.124   618965.124   619046.124   619078.124
  4625:   619117.124   619258.124   619294.124   619413.124   619476.124
  4630:   619489.124   619599.124   619688.124   619729.124   619764.724
  4635:   619764.920   619764.901   619764.094   620064.902   621564.910
  4640:   621566.614   624316.624   624317.714   624574.124   624606.124
  4645:   624635.124   624719.124   625062.124   625101.124   625179.124
  4650:   625215.124   625282.124   625346.124   625429.124   625464.124
  4655:   625496.124   625530.124   625564.124   625640.124   625714.124
  4660:   625868.124   625901.124   625937.124   625974.124   626011.124
  4665:   626045.124   626123.124   626352.124   626403.124   626434.124
  4670:   626511.124   626545.124   626556.124   626672.124   626708.124
  4675:   626762.124   626796.124   626833.124   626849.124   626903.124
  4680:   626953.124   626965.124   627118.724   627118.920   627118.901
  4685:   627118.094   627418.902   628918.910   628920.614   631670.624
  4690:   631671.814   631778.134   631815.134   631890.134   631974.134
  4695:   632032.134   632178.134   632214.134   632243.134   632249.134
  4700:   632508.134   632556.134   632591.134   632857.134   632895.134
  4705:   632908.134   632938.134   632970.134   633005.134   633043.134
  4710:   633073.134   633154.134   633231.134   633306.134   633341.134
  4715:   633410.134   633492.134   633733.134   633766.134   633782.134
  4720:   633811.134   633890.134   633979.134   633992.134   634054.134
  4725:   634144.134   634155.134   634257.134   634272.134   634312.134
  4730:   634363.134   634378.134   634454.134   634465.134   634513.134
  4735:   634561.134   634571.134   634681.134   634695.134   634819.134
  4740:   634883.134   634920.134   634935.134   635019.134   635054.134
  4745:   635100.134   635115.134   635149.134   635188.134   635274.134
  4750:   635459.134   635585.134   635665.134   635758.134   635773.134
  4755:   635805.134   635855.134   635869.134   635908.134   636069.134
  4760:   636104.134   636142.134   636180.134   636414.134   636460.134
  4765:   636637.134   636689.134   636847.134   636891.134   636906.134
  4770:   637076.134   637116.134   637129.134   637171.824   637171.920
  4775:   637172.411   637189.411   638671.910   638673.615   642523.625
  4780:   642524.715   643208.125   643248.125   643289.125   643415.125
  4785:   643450.125   643537.125   643615.125   643767.125   643804.125
  4790:   643838.125   643876.125   643959.125   643999.125   644032.125
  4795:   644074.125   644150.125   644219.125   644264.125   644296.125
  4800:   644350.125   644392.125   644445.125   644493.125   644565.125
  4805:   644606.125   644643.125   644687.125   644722.125   644773.125
  4810:   644814.125   644825.125   644857.125   644969.125   645009.125
  4815:   645054.125   645095.125   645135.125   645185.125   645201.125
  4820:   645244.125   645345.125   645384.125   645425.125   645441.125
  4825:   645475.125   645514.125   645571.125   645625.125   645634.125
  4830:   645671.125   645762.125   645775.125   645861.125   645874.125
  4835:   645996.125   646008.125   646091.125   646131.125   646169.125
  4840:   646208.125   646251.125   646262.125   646302.125   646536.725
  4845:   646536.920   646536.901   646536.095   646836.902   648336.910
  4850:   648338.612   649738.622   649739.712   649897.122   649937.122
  4855:   649977.122   650016.122   650102.122   650142.122   650219.122
  4860:   650255.122   650292.122   650330.122   650372.122   650401.122
  4865:   650445.122   650482.122   650518.122   650559.122   650596.122
  4870:   650703.122   650742.122   650789.122   650827.122   650868.122
  4875:   650890.122   650925.122   651010.122   651132.122   651181.722
  4880:   651181.920   651181.901   651181.092   651481.902   652981.910
  4885:   652983.613   654933.623   654934.713   655014.123   655061.123
  4890:   655104.123   655141.123   655185.123   655224.123   655297.123
  4895:   655329.123   655364.123   655409.123   655443.123   655478.123
  4900:   655519.123   655532.123   655580.123   655615.123   655688.123
  4905:   655758.123   655801.123   655916.123   655957.123   656025.123
  4910:   656067.123   656135.123   656275.123   656321.123   656337.123
  4915:   656369.123   656514.123   656657.123   656744.123   656786.123
  4920:   656824.123   656926.723   656926.920   656926.901   656926.093
  4925:   657226.902   658726.910   658728.614   661478.624   661479.714
  4930:   661585.124   661818.124   661860.124   662068.124   662277.124
  4935:   662502.124   662539.124   662573.124   662824.124   662856.124
  4940:   663007.124   663041.124   663077.124   663121.124   663172.124
  4945:   663375.124   663431.124   663470.124   663512.124   663663.124
  4950:   663703.124   663739.124   663772.124   663793.124   663828.124
  4955:   663866.124   663975.124   663989.124   664023.124   664058.124
  4960:   664135.124   664168.124   664207.124   664246.724   664246.920
  4965:   664246.901   664246.094   664546.902   666046.910   666048.615
  4970:   669898.625   669899.715   669988.125   670025.125   670099.125
  4975:   670139.125   670182.125   670313.125   670417.125   670450.125
  4980:   670531.125   670564.125   670646.125   670688.125   670718.125
  4985:   670751.125   670785.125   670826.125   670932.125   670973.125
  4990:   671050.125   671152.125   671186.125   671228.125   671259.125
  4995:   671300.125   671334.125   671377.125   671422.125   671635.125
  5000:   671688.125   671733.125   671789.125   671826.125   671838.125
  5005:   671952.125   671965.125   672045.125   672058.125   672135.125
  5010:   672178.125   672277.125   672351.125   672381.125   672465.125
  5015:   672503.125   672544.125   672558.125   672687.125   672725.125
  5020:   672735.125   672821.125   672922.125   672962.125   672977.125
  5025:   673012.125   673023.125   673180.125   673194.125   673280.125
  5030:   673310.125   673326.125   673344.125   673513.125   673647.125
  5035:   673784.725   673784.920   673784.901   673784.095   674084.902
  5040:   675584.910   675586.613   677536.623   677537.713   677622.123
  5045:   677657.123   677734.123   677778.123   677819.123   677863.123
  5050:   677910.123   677946.123   678026.123   678059.123   678096.123
  5055:   678135.123   678173.123   678207.123   678287.123   678356.123
  5060:   678370.123   678484.123   678556.123   678576.123   678613.123
  5065:   678688.123   678736.123   678772.123   678809.123   679000.123
  5070:   679040.123   679127.123   679225.123   679240.123   679328.123
  5075:   679340.123   679412.123   679451.123   679500.723   679500.920
  5080:   679500.901   679500.093   679800.902   679800.902   679800.005
  5085:   679800.006   679800.007   679800.020        
D:
     0:        0.000        0.000        0.000        0.000        0.000
     5:        0.000        0.000        0.000        0.000        0.000
    10:        0.000        0.000        0.000        0.000        0.000
    15:        0.000        0.000        0.000        0.000        0.000
    20:        0.000        0.000        0.000        0.000        0.000
    25:        0.000       18.000        0.000        0.000        0.000
    30:        0.000        0.000        0.000        0.000        0.000
    35:        0.000
F:
     0:       10.000       14.000       19.500       27.500       38.500
     5:       10.000       14.000       19.500       27.500       38.500
    10:       10.000       14.000       19.500       27.500       38.500
    15:       20.000       28.000       39.000       55.000       77.000
    20:       20.000       28.000       39.000       55.000       77.000
    25:       20.000       28.000       39.000       55.000       77.000
    30:       10.000       14.000       19.500       27.500       38.500
    35:       10.000       14.000       19.500       27.500       38.500
    40:       10.000       14.000       19.500       27.500       38.500
    45:       10.000       14.000       19.500       27.500       38.500
    50:       10.000       14.000       19.500       27.500       38.500
    55:       10.000       14.000       19.500       27.500       38.500
    60:       10.000       14.000       19.500       27.500       38.500
    65:       10.000       14.000       19.500       27.500       38.500
    70:       10.000       14.000       19.500       27.500       38.500
    75:       20.000       28.000       39.000       55.000       77.000
    80:       20.000       28.000       39.000       55.000       77.000
    85:       10.000       14.000       19.500       27.500       38.500
    90:       10.000       14.000       19.500       27.500       38.500
    95:       10.000       14.000       19.500       27.500       38.500
I:
     0:       75.000        0.000        0.000
M:
     0:       15.000       15.000       15.000       15.000       15.000
     5:        5.000        5.000        5.000        5.000        5.000
    10:      100.000
N:
     0:       20.000       20.000       20.000       20.000       20.000
     5:        0.000
Q:
     0:       15.000       15.000       15.000       15.000       15.000
     5:        0.000
V:
     0:        0.000        0.000        0.000        0.000        0.000
     5:      275.000      360.000      464.000      566.000      811.000
    10:      257.000      296.000      317.000      397.000      571.000
    15:        0.000
