File: C:\MED-PC IV\DATA\M_PEAK12P002


Start Date: 08/18/17
End Date: 08/18/17
Subject: P002
Experiment: IF-PICO
Group: 0
Box: 5
Start Time:  9:56:24
End Time: 11:50:28
MSN: Multiple_Peak
B:       0.000
C:       0.000
E:    3026.000
G:      28.000
H:    3600.000
J:       0.000
K:       0.000
L:       0.000
O:       0.000
P:       0.000
R:       0.000
S:       0.000
T:  681103.000
U:       0.000
W:       0.000
X:       0.000
Y:       0.000
Z:       0.000
A:
     0:        0.010      500.910      502.613     2452.623     2453.713
     5:     3604.123     4102.123     4136.123     4180.123     4215.123
    10:     4271.123     4310.123     4348.123     4432.723     4432.920
    15:     4432.901     4432.093     4732.902     6232.910     6234.612
    20:     7634.622     7635.812     7927.132     7957.132     7987.132
    25:     8018.132     8054.132     8087.132     8117.132     8234.132
    30:     8488.132     8570.132     8601.132     8645.132     8763.132
    35:     8795.132     8835.132     8878.132     8972.132     9123.132
    40:     9152.132     9184.132     9266.132     9300.132     9385.132
    45:     9497.132     9579.132     9619.132     9817.132     9934.132
    50:    10050.132    10173.132    10212.132    10497.132    10535.132
    55:    10611.132    10645.132    10682.132    10799.132    10912.132
    60:    11073.132    11196.132    11230.132    11235.822    11235.920
    65:    12735.910    12737.614    15487.624    15488.814    15597.134
    70:    15632.134    15664.134    15773.134    15847.134    15878.134
    75:    15916.134    16070.134    16114.134    16152.134    16193.134
    80:    16326.134    16701.134    16736.134    16772.134    16804.134
    85:    16893.134    16937.134    16971.134    17015.134    17175.134
    90:    17210.134    17248.134    17288.134    17324.134    17405.134
    95:    17441.134    17596.134    17632.134    17708.134    17825.134
   100:    17903.134    18092.134    18127.134    18209.134    18317.134
   105:    18639.134    18740.134    18856.134    19059.134    19130.134
   110:    19334.134    19480.134    19598.134    19701.134    19744.134
   115:    19787.134    19902.134    20022.134    20243.134    20457.134
   120:    20490.134    20600.134    20735.134    20822.134    20862.134
   125:    20896.134    20943.134    20983.134    20988.824    20988.920
   130:    22488.910    22490.612    23890.622    23891.712    23963.122
   135:    23995.122    24032.122    24068.122    24211.122    24355.122
   140:    24385.122    24416.122    24450.122    24572.122    24615.122
   145:    24650.122    24682.122    24748.122    24795.122    24828.122
   150:    24894.122    24928.122    25231.122    25344.722    25344.920
   155:    25344.901    25344.092    25644.902    27144.910    27146.613
   160:    29096.623    29097.713    29181.123    29213.123    29276.123
   165:    29400.123    29538.123    29704.123    29740.123    29971.123
   170:    30002.123    30036.123    30067.123    30103.123    30129.123
   175:    30161.123    30259.123    30333.123    30425.123    30611.123
   180:    30795.123    30914.123    31021.123    31106.723    31106.920
   185:    31106.901    31106.093    31406.902    32906.910    32908.614
   190:    35658.624    35659.714    35952.124    36115.124    36491.124
   195:    36526.124    36555.124    36590.124    36728.124    36805.124
   200:    36880.124    36999.124    37108.124    37187.124    37224.124
   205:    37444.124    37562.124    37737.124    37895.124    37964.124
   210:    38086.124    38470.724    38470.920    38470.901    38470.094
   215:    38770.902    40270.910    40272.615    40904.115    44122.625
   220:    44123.715    44379.125    45118.125    45193.125    45228.125
   225:    45319.125    45553.125    45634.125    45677.125    45824.125
   230:    45860.125    45897.125    46022.125    46054.125    46128.125
   235:    46167.125    46207.125    46293.125    46394.125    46491.125
   240:    46609.125    46690.125    46807.125    46927.125    46973.125
   245:    47089.125    47337.125    47508.125    47585.125    47701.125
   250:    47862.125    47999.725    47999.920    47999.901    47999.095
   255:    48299.902    49799.910    49801.612    51201.622    51202.712
   260:    51279.122    51314.122    51552.122    51617.122    51716.122
   265:    51749.122    51852.122    51954.122    52024.122    52109.122
   270:    52252.122    52420.122    52512.122    52631.722    52631.920
   275:    52631.901    52631.092    52931.902    54431.910    54433.611
   280:    55433.621    55434.711    55618.121    55654.121    55696.121
   285:    55800.121    55863.121    55927.121    56031.121    56064.121
   290:    56148.121    56228.121    56262.121    56341.121    56427.121
   295:    56507.721    56507.920    56507.901    56507.091    56807.902
   300:    58307.910    58309.611    59309.621    59310.711    59418.121
   305:    59455.121    59583.121    59629.121    59661.121    59750.121
   310:    59830.121    59949.121    60032.121    60108.121    60197.121
   315:    60235.121    60276.121    60314.721    60314.920    60314.901
   320:    60314.091    60614.902    62114.910    62116.613    64066.623
   325:    64067.713    64120.123    64789.123    64824.123    64861.123
   330:    65002.123    65077.123    65195.123    65303.123    65353.123
   335:    65386.123    65417.123    65485.123    65806.123    65901.123
   340:    66032.723    66032.920    66032.901    66032.093    66332.902
   345:    67832.910    67834.612    69234.622    69235.712    69319.122
   350:    69350.122    69386.122    69442.122    69491.122    69594.122
   355:    69666.122    69696.122    69774.122    69812.122    69873.122
   360:    69993.122    70109.122    70192.122    70274.122    70338.122
   365:    70420.122    70525.122    70608.122    70675.722    70675.920
   370:    70675.901    70675.092    70975.902    72475.910    72477.614
   375:    75227.624    75228.714    75823.124    75861.124    75900.124
   380:    75938.124    76103.124    76166.124    76237.124    76391.124
   385:    76424.124    76502.124    76581.124    76736.124    76863.124
   390:    76906.124    76940.124    77023.124    77061.124    77254.124
   395:    77296.124    77332.124    77447.124    77637.124    77748.124
   400:    77903.124    77979.724    77979.920    77979.901    77979.094
   405:    78279.902    79779.910    79781.611    80781.621    80782.711
   410:    80862.121    80949.121    81103.121    81187.121    81225.121
   415:    81348.121    81426.121    81466.121    81543.121    81646.121
   420:    81725.121    81812.721    81812.920    81812.901    81812.091
   425:    82112.902    83612.910    83614.615    87464.625    87465.715
   430:    88000.125    88355.125    88613.125    88826.125    88858.125
   435:    89104.125    89176.125    89292.125    89407.125    89521.125
   440:    89636.125    89741.125    89906.125    89947.125    90070.125
   445:    90187.125    90319.125    90464.125    90579.125    90660.125
   450:    90806.125    90915.125    91031.125    91136.125    91284.125
   455:    91322.725    91322.920    91322.901    91322.095    91622.902
   460:    93122.910    93124.612    94524.622    94525.712    94615.122
   465:    94723.122    94862.122    94927.122    95086.122    95201.122
   470:    95286.122    95326.122    95364.122    95444.122    95488.122
   475:    95613.122    95652.122    95731.122    95816.122    95858.122
   480:    95986.722    95986.920    95986.901    95986.092    96286.902
   485:    97786.910    97788.614   100538.624   100539.714   101167.124
   490:   101245.124   101292.124   101329.124   101546.124   101659.124
   495:   101696.124   101861.124   101943.124   102067.124   102153.124
   500:   102192.124   102281.124   102503.124   102624.124   102814.124
   505:   102948.124   102987.124   103121.124   103342.724   103342.920
   510:   103342.901   103342.094   103642.902   105142.910   105144.613
   515:   107094.623   107095.713   107896.123   107991.123   108031.123
   520:   108300.123   108442.123   108572.123   108702.123   108855.123
   525:   108935.123   109021.123   109148.723   109148.920   109148.901
   530:   109148.093   109448.902   110948.910   110950.612   112350.622
   535:   112351.712   112447.122   112738.122   112778.122   112898.122
   540:   113039.122   113138.122   113217.122   113298.122   113339.122
   545:   113427.122   113521.122   113652.122   113703.122   113787.722
   550:   113787.920   113787.901   113787.092   114087.902   115587.910
   555:   115589.613   117539.623   117540.713   118051.123   118174.123
   560:   118211.123   118305.123   118371.123   118401.123   118580.123
   565:   118613.123   118783.123   118894.123   119084.123   119183.123
   570:   119372.123   119583.723   119583.920   119583.901   119583.093
   575:   119883.902   121383.910   121385.613   123335.623   123336.713
   580:   123608.123   123763.123   124021.123   124105.123   124178.123
   585:   124316.123   124389.123   124540.123   124612.123   124735.123
   590:   124844.123   124884.123   125002.123   125107.123   125187.123
   595:   125294.723   125294.920   125294.901   125294.093   125594.902
   600:   127094.910   127096.611   128096.621   128097.711   128240.121
   605:   128368.121   128400.121   128580.121   128665.121   128738.121
   610:   128810.121   128886.121   129008.121   129092.121   129193.721
   615:   129193.920   129193.901   129193.091   129493.902   130993.910
   620:   130995.611   131995.621   131996.711   132068.121   132108.121
   625:   132217.121   132291.121   132326.121   132366.121   132443.121
   630:   132477.121   132562.121   132642.121   132731.121   132815.121
   635:   132897.121   132939.121   133147.721   133147.920   133147.901
   640:   133147.091   133447.902   134947.910   134949.611   135949.621
   645:   135950.711   136047.121   136078.121   136113.121   136280.121
   650:   136311.121   136379.121   136419.121   136496.121   136533.121
   655:   136775.121   136812.121   137037.721   137037.920   137037.901
   660:   137037.091   137337.902   138837.910   138839.611   139839.621
   665:   139840.711   139899.121   139928.121   140076.121   140107.121
   670:   140144.121   140233.121   140273.121   140308.121   140413.121
   675:   140491.121   140572.121   140650.121   140690.121   140796.121
   680:   140875.721   140875.920   140875.901   140875.091   141175.902
   685:   142675.910   142677.613   144627.623   144628.713   144717.123
   690:   145048.123   145145.123   145247.123   145535.123   145714.123
   695:   145827.123   145928.123   146057.123   146093.123   146135.123
   700:   146395.123   146495.123   146566.123   146757.723   146757.920
   705:   146757.901   146757.093   147057.902   148557.910   148559.615
   710:   152409.625   152410.715   153051.125   153716.125   154391.125
   715:   154495.125   154669.125   154778.125   154851.125   155023.125
   720:   155141.125   155349.125   155424.125   155525.125   155605.125
   725:   155676.125   155847.125   155879.125   155988.125   156142.125
   730:   156325.725   156325.920   156325.901   156325.095   156625.902
   735:   158125.910   158127.611   159127.621   159128.711   159469.121
   740:   159507.121   159552.121   159585.121   159730.121   159766.121
   745:   159860.121   159949.121   160026.121   160320.721   160320.920
   750:   160320.901   160320.091   160620.902   162120.910   162122.611
   755:   163122.621   163123.711   163215.121   163253.121   163365.121
   760:   163398.121   163434.121   163471.121   163512.121   163611.121
   765:   163687.121   163805.121   163841.121   163958.121   164029.121
   770:   164108.121   164188.721   164188.920   164188.901   164188.091
   775:   164488.902   165988.910   165990.611   166990.621   166991.711
   780:   167070.121   167112.121   167289.121   167437.121   167533.121
   785:   167610.121   167725.121   167794.121   167872.121   167992.721
   790:   167992.920   167992.901   167992.091   168292.902   169792.910
   795:   169794.612   171194.622   171195.712   171319.122   171355.122
   800:   171556.122   171656.122   171741.122   171822.122   171938.122
   805:   172010.122   172085.122   172160.122   172240.122   172409.122
   810:   172450.122   172573.122   172618.722   172618.920   172618.901
   815:   172618.092   172918.902   174418.910   174420.614   177170.624
   820:   177171.714   177865.124   178044.124   178248.124   178284.124
   825:   178384.124   178422.124   178805.124   178918.124   178991.124
   830:   179104.124   179214.124   179332.124   179410.124   179530.124
   835:   179682.124   179799.124   179938.724   179938.920   179938.901
   840:   179938.094   180238.902   181738.910   181740.614   184490.624
   845:   184491.714   184550.124   185339.124   185476.124   185945.124
   850:   186042.124   186178.124   186291.124   186406.124   186564.124
   855:   186671.124   186802.124   187003.124   187076.124   187200.124
   860:   187519.724   187519.920   187519.901   187519.094   187819.902
   865:   189319.910   189321.613   191271.623   191272.713   191457.123
   870:   191769.123   191984.123   192197.123   192229.123   192268.123
   875:   192364.123   192437.123   192479.123   192563.123   192642.123
   880:   192673.123   192901.123   192995.123   193092.123   193207.123
   885:   193384.723   193384.920   193384.901   193384.093   193684.902
   890:   195184.910   195186.615   199036.625   199037.715   200017.125
   895:   200281.125   200415.125   200558.125   200665.125   200792.125
   900:   200910.125   201229.125   201426.125   201541.125   201914.125
   905:   202121.125   202236.125   202346.125   202489.125   202580.125
   910:   202691.125   202904.725   202904.920   202904.901   202904.095
   915:   203204.902   204704.910   204706.613   206656.623   206657.813
   920:   207125.133   207269.133   207388.133   207459.133   207621.133
   925:   207886.133   207963.133   208227.133   208310.133   208352.133
   930:   208612.133   208694.133   208882.133   208924.133   209087.133
   935:   209198.133   209306.133   209402.133   209508.133   209665.133
   940:   209772.133   209973.133   210084.133   210191.133   210457.133
   945:   210642.133   210737.133   210857.823   210857.920   212357.910
   950:   212359.614   215109.624   215110.714   215924.124   216315.124
   955:   216514.124   216779.124   216908.124   217026.124   217230.124
   960:   217361.124   217572.124   217631.124   217721.124   217888.724
   965:   217888.920   217888.901   217888.094   218188.902   219688.910
   970:   219690.613   221640.623   221641.713   221762.123   221801.123
   975:   221838.123   221937.123   221977.123   222117.123   222302.123
   980:   222461.123   222588.123   222660.123   222769.123   222899.123
   985:   223217.123   223350.123   223418.123   223538.123   223683.723
   990:   223683.920   223683.901   223683.093   223983.902   225483.910
   995:   225485.613   227435.623   227436.813   227890.133   228084.133
  1000:   228117.133   228258.133   228379.133   228555.133   228589.133
  1005:   228886.133   228927.133   229035.133   229168.133   229300.133
  1010:   229429.133   229543.133   229652.133   229777.133   229904.133
  1015:   230008.133   230123.133   230250.133   230363.133   230553.133
  1020:   230672.133   230790.133   230911.133   231018.133   231145.133
  1025:   231257.133   231446.133   231564.133   231605.133   231636.823
  1030:   231636.920   233136.910   233138.612   234538.622   234539.812
  1035:   235144.132   235186.132   235217.132   235253.132   235413.132
  1040:   235451.132   235591.132   235680.132   235758.132   235872.132
  1045:   236131.132   236253.132   236466.132   236592.132   236932.132
  1050:   237053.132   237160.132   237286.132   237500.132   237552.132
  1055:   237586.132   237723.132   237820.132   237938.132   238042.132
  1060:   238139.822   238139.920   239639.910   239641.614   242391.624
  1065:   242392.714   243090.124   244050.124   244155.124   244272.124
  1070:   244560.124   244762.124   244974.124   245013.124   245222.724
  1075:   245222.920   245222.901   245222.094   245522.902   247022.910
  1080:   247024.613   248974.623   248975.713   249368.123   249399.123
  1085:   249569.123   249713.123   249751.123   249930.123   250086.123
  1090:   250122.123   250249.123   250282.123   250389.123   250520.123
  1095:   250646.123   250862.123   250951.723   250951.920   250951.901
  1100:   250951.093   251251.902   252751.910   252753.612   254153.622
  1105:   254154.712   254383.122   254661.122   254828.122   254956.122
  1110:   255205.122   255288.122   255322.122   255404.122   255478.122
  1115:   255622.722   255622.920   255622.901   255622.092   255922.902
  1120:   257422.910   257424.611   258424.621   258425.811   258518.131
  1125:   258637.131   258730.131   258758.131   258794.131   258908.131
  1130:   259144.131   259228.131   259306.131   259456.131   259614.131
  1135:   259765.131   259806.131   259920.131   260030.131   260280.131
  1140:   260320.131   260419.131   260524.131   260656.131   260733.131
  1145:   260834.131   260953.131   261024.131   261069.131   261198.131
  1150:   261236.131   261279.131   261380.131   261505.131   261625.821
  1155:   261625.920   263125.910   263127.615   266977.625   266978.815
  1160:   267800.135   268257.135   268287.135   268320.135   268462.135
  1165:   268500.135   268537.135   268632.135   268668.135   268870.135
  1170:   269010.135   269124.135   269245.135   269478.135   269595.135
  1175:   269712.135   269812.135   269926.135   270022.135   270281.135
  1180:   270394.135   270515.135   270663.135   270773.135   270970.135
  1185:   271111.135   271212.135   271322.135   271476.135   271591.135
  1190:   271628.135   271833.135   271930.135   272088.135   272160.135
  1195:   272197.135   272269.135   272488.135   272524.135   272574.135
  1200:   273061.135   273101.135   273149.135   273181.135   273402.135
  1205:   273441.135   273479.135   273538.135   273580.135   273618.135
  1210:   273765.135   273806.135   273852.135   273920.135   274034.135
  1215:   274222.135   274351.135   274383.135   274413.135   274447.135
  1220:   274551.135   274651.135   274678.825   274678.920   276178.910
  1225:   276180.614   278930.624   278931.714   279180.124   279214.124
  1230:   279245.124   279277.124   279318.124   279349.124   279379.124
  1235:   279409.124   279440.124   279468.124   279548.124   279580.124
  1240:   279646.124   279684.124   279759.124   279862.124   279898.124
  1245:   279974.124   280026.124   280105.124   280187.124   280301.124
  1250:   280387.124   280612.124   280714.124   280825.124   280869.124
  1255:   280968.124   281078.124   281199.124   281274.124   281665.124
  1260:   281816.724   281816.920   281816.901   281816.094   282116.902
  1265:   283616.910   283618.615   287468.625   287469.715   287726.125
  1270:   288041.125   288109.125   288215.125   288382.125   288408.125
  1275:   288483.125   288716.125   288751.125   288866.125   288979.125
  1280:   289257.125   289368.125   289444.125   289633.125   289747.125
  1285:   289822.125   289979.125   290096.125   290277.125   290351.125
  1290:   290513.125   290550.125   290622.125   290746.125   290843.125
  1295:   290888.125   291055.125   291134.125   291215.125   291253.125
  1300:   291353.725   291353.920   291353.901   291353.095   291653.902
  1305:   293153.910   293155.615   297005.625   297006.715   297120.125
  1310:   297570.125   297600.125   298199.125   298232.125   298269.125
  1315:   298397.125   298438.125   298474.125   298647.125   298682.125
  1320:   298733.125   299005.125   299116.125   299352.125   299468.125
  1325:   299575.125   299698.125   299850.125   299987.125   300100.125
  1330:   300223.125   300439.125   300569.125   300723.125   300839.125
  1335:   300942.725   300942.920   300942.901   300942.095   301242.902
  1340:   302742.910   302744.614   305494.624   305495.814   306606.134
  1345:   306801.134   307016.134   307357.134   307391.134   307541.134
  1350:   307624.134   307726.134   307815.134   307939.134   308086.134
  1355:   308319.134   308435.134   308612.134   308907.134   309016.134
  1360:   309115.134   309232.134   309369.134   309464.134   309582.134
  1365:   309764.134   309875.134   309976.134   310095.134   310204.134
  1370:   310404.134   310490.134   310621.134   310719.134   310831.134
  1375:   310995.824   310995.920   312495.910   312497.615   316347.625
  1380:   316348.815   316423.135   316727.135   317412.135   317772.135
  1385:   317808.135   318235.135   318300.135   318378.135   318558.135
  1390:   318590.135   318626.135   318756.135   318791.135   318860.135
  1395:   318994.135   319071.135   319179.135   319259.135   319356.135
  1400:   319485.135   319599.135   319717.135   319890.135   319980.135
  1405:   320189.135   320290.135   320394.135   320599.135   320763.135
  1410:   320932.135   321046.135   321223.135   321459.135   321577.135
  1415:   321778.135   321844.135   321893.135   321982.135   322059.135
  1420:   322714.135   322746.135   322788.135   322825.135   322874.135
  1425:   322918.135   322985.135   323027.135   323109.135   323144.135
  1430:   323219.135   323267.135   323302.135   323419.135   323583.135
  1435:   323711.135   323753.135   323914.135   324048.825   324048.920
  1440:   325548.910   325550.612   326950.622   326951.712   327141.122
  1445:   327174.122   327209.122   327241.122   327419.122   327588.122
  1450:   327683.122   327767.122   327802.122   327846.122   327884.122
  1455:   327962.122   328100.122   328174.122   328315.122   328400.722
  1460:   328400.920   328400.901   328400.092   328700.902   330200.910
  1465:   330202.611   331202.621   331203.711   331306.121   331338.121
  1470:   331375.121   331430.121   331500.121   331684.121   331911.121
  1475:   331998.121   332033.121   332110.121   332182.121   332299.721
  1480:   332299.920   332299.901   332299.091   332599.902   334099.910
  1485:   334101.613   336051.623   336052.713   336105.123   336670.123
  1490:   336746.123   336858.123   337045.123   337133.123   337249.123
  1495:   337292.123   337328.123   337458.123   337631.123   337825.123
  1500:   337940.123   338044.723   338044.920   338044.901   338044.093
  1505:   338344.902   339844.910   339846.615   343696.625   343697.715
  1510:   344114.125   344478.125   344642.125   344684.125   344928.125
  1515:   345000.125   345119.125   345167.125   345341.125   345528.125
  1520:   345693.125   345729.125   345871.125   345909.125   345935.125
  1525:   345963.125   346042.125   346283.125   346316.125   346433.125
  1530:   346544.125   346582.125   346741.125   346860.125   346941.125
  1535:   347014.125   347113.125   347202.125   347319.125   347513.125
  1540:   347630.725   347630.920   347630.901   347630.095   347930.902
  1545:   349430.910   349432.615   353282.625   353283.715   353495.125
  1550:   353715.125   353816.125   354365.125   354496.125   354532.125
  1555:   354563.125   354603.125   354934.125   355102.125   355175.125
  1560:   355298.125   355407.125   355505.125   355614.125   355724.125
  1565:   355881.125   356008.125   356129.125   356244.125   356294.125
  1570:   356326.125   356547.125   356653.125   356840.125   356947.125
  1575:   357044.125   357153.725   357153.920   357153.901   357153.095
  1580:   357453.902   358953.910   358955.613   360905.623   360906.813
  1585:   361329.133   361515.133   361600.133   361634.133   361671.133
  1590:   361730.133   361776.133   361940.133   361974.133   362120.133
  1595:   362248.133   362367.133   362405.133   362442.133   362514.133
  1600:   362637.133   362845.133   362966.133   363006.133   363121.133
  1605:   363442.133   363511.133   363552.133   363649.133   363719.133
  1610:   363899.133   364025.133   364181.133   364300.133   364418.133
  1615:   364497.133   364607.133   364869.133   364968.133   365106.823
  1620:   365106.920   366606.910   366608.611   367608.621   367609.811
  1625:   367702.131   367772.131   367963.131   368064.131   368096.131
  1630:   368182.131   368321.131   368355.131   368425.131   368496.131
  1635:   368570.131   368603.131   368677.131   368718.131   368788.131
  1640:   368868.131   368981.131   369052.131   369093.131   369174.131
  1645:   369267.131   369359.131   369421.131   369458.131   369501.131
  1650:   369542.131   369580.131   369624.131   369745.131   369787.131
  1655:   369825.131   369890.131   369929.131   370036.131   370112.131
  1660:   370215.131   370292.131   370395.131   370511.131   370742.131
  1665:   370809.821   370809.920   372309.910   372311.614   375061.624
  1670:   375062.814   375405.134   375916.134   376160.134   376355.134
  1675:   376456.134   376685.134   376955.134   377025.134   377064.134
  1680:   377102.134   377209.134   377261.134   377412.134   377527.134
  1685:   377644.134   378027.134   378150.134   378240.134   378286.134
  1690:   378324.134   378441.134   378546.134   378622.134   378732.134
  1695:   378857.134   378968.134   379076.134   379139.134   379311.134
  1700:   379434.134   379675.134   379753.134   379854.134   380052.134
  1705:   380172.134   380318.134   380439.134   380530.134   380562.824
  1710:   380562.920   382062.910   382064.611   383064.621   383065.811
  1715:   383174.131   383281.131   383319.131   383470.131   383508.131
  1720:   383545.131   383570.131   383631.131   383787.131   383937.131
  1725:   384067.131   384148.131   384196.131   384236.131   384320.131
  1730:   384402.131   384655.131   384787.131   384835.131   384907.131
  1735:   385091.131   385171.131   385238.131   385422.131   385521.131
  1740:   385845.131   385994.131   386072.131   386180.131   386265.821
  1745:   386265.920   387765.910   387767.611   388767.621   388768.811
  1750:   388923.131   389042.131   389077.131   389208.131   389396.131
  1755:   389477.131   389558.131   389594.131   389696.131   389820.131
  1760:   389964.131   390032.131   390070.131   390150.131   390357.131
  1765:   390587.131   390630.131   390668.131   390778.131   391102.131
  1770:   391223.131   391296.131   391368.131   391415.131   391485.131
  1775:   391951.131   391968.821   391968.920   393468.910   393470.612
  1780:   394870.622   394871.812   395026.132   395061.132   395157.132
  1785:   395335.132   395364.132   395405.132   395545.132   395589.132
  1790:   395702.132   395746.132   395922.132   395991.132   396074.132
  1795:   396242.132   396373.132   396509.132   396588.132   396721.132
  1800:   396839.132   396927.132   397007.132   397117.132   397255.132
  1805:   397299.132   397401.132   397586.132   397696.132   397789.132
  1810:   397901.132   398061.132   398156.132   398235.132   398272.132
  1815:   398471.822   398471.920   399971.910   399973.613   401923.623
  1820:   401924.713   402004.123   402044.123   402084.123   402124.123
  1825:   402171.123   402213.123   402266.123   402397.123   402525.123
  1830:   402616.123   402698.123   402790.123   402886.123   402928.123
  1835:   403032.123   403118.123   403236.123   403351.123   403507.123
  1840:   403640.123   403750.123   403795.123   403848.123   404007.723
  1845:   404007.920   404007.901   404007.093   404307.902   405807.910
  1850:   405809.611   406809.621   406810.711   406882.121   406917.121
  1855:   407054.121   407084.121   407209.121   407413.121   407536.121
  1860:   407650.121   407811.721   407811.920   407811.901   407811.091
  1865:   408111.902   409611.910   409613.614   412363.624   412364.714
  1870:   412444.124   412677.124   412850.124   413039.124   413246.124
  1875:   413326.124   413484.124   413519.124   413553.124   413734.124
  1880:   413960.124   414049.124   414146.124   414180.124   414217.124
  1885:   414355.124   414524.124   414561.124   414646.124   414887.124
  1890:   414968.124   415089.124   415237.724   415237.920   415237.901
  1895:   415237.094   415537.902   417037.910   417039.612   418439.622
  1900:   418440.712   418521.122   418567.122   418662.122   418864.122
  1905:   418965.122   419029.122   419064.122   419182.122   419227.122
  1910:   419265.122   419337.122   419385.122   419421.122   419568.122
  1915:   419615.122   419699.122   419894.722   419894.920   419894.901
  1920:   419894.092   420194.902   421694.910   421696.615   425546.625
  1925:   425547.815   426002.135   426251.135   426492.135   427115.135
  1930:   427147.135   427353.135   427608.135   427732.135   427767.135
  1935:   427935.135   428057.135   428241.135   428393.135   428565.135
  1940:   428743.135   428847.135   429065.135   429295.135   429479.135
  1945:   429598.135   429725.135   429919.135   430097.135   430214.135
  1950:   430368.135   430497.135   430613.135   430752.135   430788.135
  1955:   430908.135   431078.135   431211.135   431323.135   431412.135
  1960:   431507.135   431542.135   431652.135   431860.135   432281.135
  1965:   432329.135   432425.135   432461.135   432517.135   432698.135
  1970:   433247.825   433247.920   434747.910   434749.615   438599.625
  1975:   438600.715   439372.125   439421.125   439659.125   440032.125
  1980:   440303.125   440337.125   440467.125   440768.125   440977.125
  1985:   441017.125   441054.125   441208.125   441249.125   441291.125
  1990:   441404.125   441517.125   441705.125   441823.125   441998.125
  1995:   442150.125   442315.125   442462.725   442462.920   442462.901
  2000:   442462.095   442762.902   444262.910   444264.613   446214.623
  2005:   446215.713   446606.123   446634.123   446922.123   447044.123
  2010:   447082.123   447298.123   447399.123   447432.123   447464.123
  2015:   447497.123   447712.123   447758.123   447949.123   447992.123
  2020:   448084.123   448217.723   448217.920   448217.901   448217.093
  2025:   448517.902   450017.910   450019.611   451019.621   451020.711
  2030:   451250.121   451331.121   451365.121   451586.121   451628.121
  2035:   451750.121   451858.121   451944.121   452044.721   452044.920
  2040:   452044.901   452044.091   452344.902   453844.910   453846.613
  2045:   455796.623   455797.713   455867.123   455994.123   456234.123
  2050:   456389.123   456480.123   456511.123   456669.123   456802.123
  2055:   456934.123   457049.123   457084.123   457216.123   457308.123
  2060:   457432.123   457656.123   457780.723   457780.920   457780.901
  2065:   457780.093   458080.902   459580.910   459582.614   462332.624
  2070:   462333.714   462948.124   462979.124   463013.124   463119.124
  2075:   463174.124   463223.124   463460.124   463496.124   463538.124
  2080:   463628.124   463721.124   463931.124   464056.124   464187.124
  2085:   464288.124   464324.124   464522.124   464559.124   464642.124
  2090:   464759.124   464879.124   465006.124   465132.724   465132.920
  2095:   465132.901   465132.094   465432.902   466932.910   466934.612
  2100:   468334.622   468335.712   468394.122   468544.122   468704.122
  2105:   468738.122   468777.122   468908.122   469008.122   469052.122
  2110:   469146.122   469230.122   469315.122   469503.122   469550.122
  2115:   469669.122   469854.722   469854.920   469854.901   469854.092
  2120:   470154.902   471654.910   471656.611   472656.621   472657.711
  2125:   472757.121   472797.121   472899.121   472991.121   473031.121
  2130:   473171.121   473304.121   473392.121   473479.121   473591.121
  2135:   473773.721   473773.920   473773.901   473773.091   474073.902
  2140:   475573.910   475575.612   476975.622   476976.712   477248.122
  2145:   477346.122   477397.122   477525.122   477682.122   477798.122
  2150:   477870.122   477926.122   478052.122   478164.122   478247.122
  2155:   478329.122   478405.722   478405.920   478405.901   478405.092
  2160:   478705.902   480205.910   480207.614   482957.624   482958.714
  2165:   483291.124   483430.124   483497.124   483711.124   483824.124
  2170:   483936.124   484121.124   484158.124   484402.124   484524.124
  2175:   484580.124   484707.124   484820.124   484905.124   484986.124
  2180:   485111.124   485332.124   485471.124   485607.124   485764.724
  2185:   485764.920   485764.901   485764.094   486064.902   487564.910
  2190:   487566.614   490316.624   490317.714   490394.124   490432.124
  2195:   490578.124   490697.124   490834.124   490949.124   490987.124
  2200:   491108.124   491274.124   491319.124   491416.124   491519.124
  2205:   491715.124   491796.124   491955.124   492206.124   492327.124
  2210:   492408.124   492452.124   492528.124   492653.124   492803.124
  2215:   492875.124   492984.124   493090.724   493090.920   493090.901
  2220:   493090.094   493390.902   494890.910   494892.615   498742.625
  2225:   498743.715   499245.125   499399.125   499678.125   499780.125
  2230:   500183.125   500384.125   500421.125   500462.125   500554.125
  2235:   500799.125   500834.125   500873.125   500964.125   501038.125
  2240:   501117.125   501223.125   501396.125   501504.125   501671.125
  2245:   501778.125   501903.125   502057.125   502186.125   502222.125
  2250:   502262.125   502453.125   502559.125   502811.725   502811.920
  2255:   502811.901   502811.095   503111.902   504611.910   504613.614
  2260:   507363.624   507364.714   507428.124   507991.124   508095.124
  2265:   508310.124   508446.124   508480.124   508564.124   508739.124
  2270:   508865.124   508987.124   509122.124   509278.124   509594.124
  2275:   509707.124   509813.124   509923.124   510097.124   510136.724
  2280:   510136.920   510136.901   510136.094   510436.902   511936.910
  2285:   511938.615   515788.625   515789.715   516317.125   516412.125
  2290:   516656.125   516854.125   517280.125   517312.125   517345.125
  2295:   517427.125   517464.125   517507.125   517643.125   517831.125
  2300:   517933.125   518121.125   518250.125   518319.125   518433.125
  2305:   518589.125   518716.125   518833.125   518960.125   519086.125
  2310:   519196.125   519365.125   519455.125   519577.125   519696.725
  2315:   519696.920   519696.901   519696.095   519996.902   521496.910
  2320:   521498.614   524248.624   524249.714   524706.124   524822.124
  2325:   525048.124   525124.124   525160.124   525349.124   525604.124
  2330:   525639.124   525747.124   525867.124   525980.124   526094.124
  2335:   526224.124   526340.124   526469.124   526570.124   526693.124
  2340:   526821.124   526925.124   527072.724   527072.920   527072.901
  2345:   527072.094   527372.902   528872.910   528874.614   531624.624
  2350:   531625.814   531994.134   532029.134   532174.134   532203.134
  2355:   532280.134   532381.134   532653.134   532883.134   532961.134
  2360:   533099.134   533133.134   533219.134   533754.134   533837.134
  2365:   533971.134   534096.134   534225.134   534346.134   534463.134
  2370:   534619.134   534732.134   534851.134   534981.134   535177.134
  2375:   535285.134   535327.134   535547.134   535621.134   535746.134
  2380:   535846.134   535973.134   536098.134   536250.134   536372.134
  2385:   536496.134   536648.134   536764.134   536912.134   537031.134
  2390:   537125.824   537125.920   538625.910   538627.612   540027.622
  2395:   540028.712   540088.122   540122.122   540235.122   540268.122
  2400:   540365.122   540502.122   540642.122   540750.122   540839.122
  2405:   540935.122   541009.122   541109.122   541222.122   541280.122
  2410:   541325.122   541438.722   541438.920   541438.901   541438.092
  2415:   541738.902   543238.910   543240.615   547090.625   547091.715
  2420:   547714.125   547745.125   547955.125   547997.125   548307.125
  2425:   548351.125   548441.125   548551.125   548604.125   548756.125
  2430:   548796.125   548945.125   549060.125   549303.125   549382.125
  2435:   549467.125   549574.125   549796.125   549907.125   550038.125
  2440:   550186.125   550316.125   550420.125   550613.125   550738.125
  2445:   550859.125   550971.725   550971.920   550971.901   550971.095
  2450:   551271.902   552771.910   552773.614   555523.624   555524.714
  2455:   556120.124   556192.124   556500.124   556629.124   556668.124
  2460:   556799.124   556828.124   556966.124   557005.124   557042.124
  2465:   557082.124   557124.124   557336.124   557484.124   557600.124
  2470:   557774.124   557882.124   557986.124   558097.124   558288.724
  2475:   558288.920   558288.901   558288.094   558588.902   560088.910
  2480:   560090.615   563940.625   563941.715   564321.125   564664.125
  2485:   564698.125   564730.125   564992.125   565023.125   565145.125
  2490:   565188.125   565232.125   565450.125   565492.125   565807.125
  2495:   565902.125   566093.125   566178.125   566293.125   566362.125
  2500:   566621.125   566751.125   566904.125   567191.125   567293.125
  2505:   567405.125   567527.125   567677.125   567789.125   567902.725
  2510:   567902.920   567902.901   567902.095   568202.902   569702.910
  2515:   569704.611   570704.621   570705.711   570812.121   570852.121
  2520:   570958.121   570994.121   571107.121   571231.121   571264.121
  2525:   571304.121   571394.121   571472.121   571552.121   571634.121
  2530:   571887.721   571887.920   571887.901   571887.091   572187.902
  2535:   573687.910   573689.612   575089.622   575090.712   575179.122
  2540:   575298.122   575334.122   575495.122   575672.122   575707.122
  2545:   575832.122   575920.122   575953.122   576137.122   576222.122
  2550:   576307.122   576439.122   576529.722   576529.920   576529.901
  2555:   576529.092   576829.902   578329.910   578331.615   582181.625
  2560:   582182.715   582246.125   582566.125   582866.125   583028.125
  2565:   583166.125   583262.125   583454.125   583498.125   583656.125
  2570:   583689.125   583728.125   584036.125   584108.125   584284.125
  2575:   584426.125   584508.125   584658.125   584699.125   584929.125
  2580:   585056.125   585182.125   585372.125   585489.125   585712.125
  2585:   585826.125   585932.125   586055.725   586055.920   586055.901
  2590:   586055.095   586355.902   587855.910   587857.615   591707.625
  2595:   591708.715   592323.125   592665.125   592705.125   592742.125
  2600:   592783.125   592824.125   593028.125   593136.125   593274.125
  2605:   593313.125   593600.125   593643.125   593785.125   593963.125
  2610:   594089.125   594216.125   594319.125   594428.125   594549.125
  2615:   594677.125   594798.125   594925.125   595125.125   595245.125
  2620:   595356.125   595657.725   595657.920   595657.901   595657.095
  2625:   595957.902   597457.910   597459.612   598859.622   598860.812
  2630:   598948.132   599058.132   599142.132   599175.132   599286.132
  2635:   599408.132   599537.132   599635.132   599709.132   599834.132
  2640:   599966.132   600013.132   600057.132   600166.132   600320.132
  2645:   600541.132   600660.132   600788.132   600976.132   601126.132
  2650:   601366.132   601586.132   601763.132   601863.132   601983.132
  2655:   602096.132   602201.132   602236.132   602425.132   602460.822
  2660:   602460.920   603960.910   603962.615   607812.625   607813.815
  2665:   608711.135   608896.135   609043.135   609259.135   609382.135
  2670:   609519.135   609626.135   609795.135   609904.135   610031.135
  2675:   610130.135   610217.135   610257.135   610374.135   610601.135
  2680:   610725.135   610982.135   611088.135   611319.135   611444.135
  2685:   611585.135   611744.135   611863.135   611985.135   612097.135
  2690:   612199.135   613414.135   613455.135   613796.135   613844.135
  2695:   613880.135   613916.135   613949.135   614032.135   614282.135
  2700:   614387.135   614495.135   614560.135   614643.135   614775.135
  2705:   614966.135   615042.135   615168.135   615233.135   615357.135
  2710:   615451.135   615513.825   615513.920   617013.910   617015.612
  2715:   618415.622   618416.712   618491.122   618547.122   618631.122
  2720:   618669.122   618780.122   618917.122   619077.122   619213.122
  2725:   619357.122   619389.122   619629.122   619681.122   619762.122
  2730:   619897.722   619897.920   619897.901   619897.092   620197.902
  2735:   621697.910   621699.614   624449.624   624450.814   624845.134
  2740:   624957.134   625302.134   625334.134   625368.134   625505.134
  2745:   625551.134   625774.134   625919.134   626039.134   626163.134
  2750:   626231.134   626351.134   626472.134   626592.134   626906.134
  2755:   627109.134   627366.134   627468.134   627698.134   627861.134
  2760:   628009.134   628146.134   628269.134   628413.134   628453.134
  2765:   628594.134   628720.134   629177.134   629354.134   629473.134
  2770:   629577.134   629779.134   629950.824   629950.920   631450.910
  2775:   631452.613   633402.623   633403.813   633572.133   633617.133
  2780:   633668.133   633705.133   633819.133   633872.133   633966.133
  2785:   634075.133   634116.133   634160.133   634275.133   634325.133
  2790:   634359.133   634457.133   634624.133   634827.133   634957.133
  2795:   635095.133   635164.133   635216.133   635369.133   635485.133
  2800:   635569.133   635601.133   635654.133   635684.133   635874.133
  2805:   635989.133   636022.133   636154.133   636202.133   636415.133
  2810:   636462.133   636504.133   636548.133   636645.133   636683.133
  2815:   636868.133   636916.133   637241.133   637316.133   637438.133
  2820:   637482.133   637567.133   637603.823   637603.920   639103.910
  2825:   639105.612   640505.622   640506.712   640684.122   640720.122
  2830:   640806.122   641037.122   641080.122   641121.122   641295.122
  2835:   641457.122   641497.122   641650.122   641843.122   642091.722
  2840:   642091.920   642091.901   642091.092   642391.902   643891.910
  2845:   643893.613   645843.623   645844.713   645948.123   646094.123
  2850:   646168.123   646336.123   646375.123   646524.123   646668.123
  2855:   646747.123   646839.123   646921.123   647158.123   647245.123
  2860:   647403.123   647436.123   647550.123   647640.123   647767.123
  2865:   647891.723   647891.920   647891.901   647891.093   648191.902
  2870:   649691.910   649693.613   651643.623   651644.813   651934.133
  2875:   652413.133   653108.133   653181.133   653417.133   653497.133
  2880:   653638.133   653754.133   653794.133   653982.133   654100.133
  2885:   654265.133   654379.133   654742.133   654873.133   654992.133
  2890:   655148.133   655191.133   655338.133   655515.133   655703.133
  2895:   655844.823   655844.920   657344.910   657346.611   658346.621
  2900:   658347.811   658541.131   658578.131   658803.131   658881.131
  2905:   658950.131   659055.131   659351.131   659558.131   659723.131
  2910:   659795.131   659881.131   660004.131   660067.131   660275.131
  2915:   660382.131   660433.131   660469.131   660580.131   660738.131
  2920:   661003.131   661189.131   661278.131   661400.131   661502.131
  2925:   661547.821   661547.920   663047.910   663049.615   666899.625
  2930:   666900.815   667636.135   667861.135   668408.135   668444.135
  2935:   668650.135   668814.135   669083.135   669125.135   669312.135
  2940:   669352.135   669387.135   669567.135   669592.135   669631.135
  2945:   669782.135   669950.135   670190.135   670310.135   670428.135
  2950:   670549.135   670631.135   670667.135   670742.135   670792.135
  2955:   670880.135   670918.135   671062.135   671187.135   671330.135
  2960:   671441.135   671550.135   671653.135   671773.135   671897.135
  2965:   671949.135   672070.135   672153.135   672299.135   672480.135
  2970:   673168.135   673269.135   673300.135   673334.135   673379.135
  2975:   673484.135   673533.135   673695.135   673761.135   673988.135
  2980:   674323.135   674366.135   674407.135   674509.135   674600.825
  2985:   674600.920   676100.910   676102.612   677502.622   677503.812
  2990:   677579.132   677847.132   678159.132   678197.132   678360.132
  2995:   678512.132   678546.132   678663.132   678741.132   678872.132
  3000:   678996.132   679105.132   679194.132   679229.132   679410.132
  3005:   679530.132   679641.132   679734.132   679826.132   679933.132
  3010:   679977.132   680084.132   680244.132   680344.132   680440.132
  3015:   680774.132   680869.132   681010.132   681098.132   681103.822
  3020:   681103.920   681103.902   681103.005   681103.006   681103.007
  3025:   681103.020     
D:
     0:        0.000        0.000        0.000        0.000        0.000
     5:        0.000        0.000        0.000        0.000        0.000
    10:        0.000        0.000        0.000        0.000        0.000
    15:        0.000        0.000        0.000        0.000        0.000
    20:        0.000        0.000        0.000        0.000        0.000
    25:        0.000        0.000        0.000        0.000        0.000
    30:        0.000        0.000        0.000        0.000        0.000
    35:        0.000
F:
     0:       10.000       14.000       19.500       27.500       38.500
     5:       10.000       14.000       19.500       27.500       38.500
    10:       10.000       14.000       19.500       27.500       38.500
    15:       20.000       28.000       39.000       55.000       77.000
    20:       20.000       28.000       39.000       55.000       77.000
    25:       20.000       28.000       39.000       55.000       77.000
    30:       10.000       14.000       19.500       27.500       38.500
    35:       10.000       14.000       19.500       27.500       38.500
    40:       10.000       14.000       19.500       27.500       38.500
    45:       10.000       14.000       19.500       27.500       38.500
    50:       10.000       14.000       19.500       27.500       38.500
    55:       10.000       14.000       19.500       27.500       38.500
    60:       10.000       14.000       19.500       27.500       38.500
    65:       10.000       14.000       19.500       27.500       38.500
    70:       10.000       14.000       19.500       27.500       38.500
    75:       20.000       28.000       39.000       55.000       77.000
    80:       20.000       28.000       39.000       55.000       77.000
    85:       10.000       14.000       19.500       27.500       38.500
    90:       10.000       14.000       19.500       27.500       38.500
    95:       10.000       14.000       19.500       27.500       38.500
I:
     0:       75.000        0.000        0.000
M:
     0:       15.000       15.000       15.000       15.000       15.000
     5:        5.000        5.000        5.000        5.000        5.000
    10:      100.000
N:
     0:       20.000       20.000       20.000       20.000       20.000
     5:        0.000
Q:
     0:       15.000       15.000       15.000       15.000       15.000
     5:        0.000
V:
     0:        0.000        0.000        0.000        0.000        1.000
     5:      182.000      227.000      239.000      300.000      396.000
    10:      149.000      157.000      157.000      200.000      262.000
    15:        0.000
