File: C:\MED-PC IV\DATA\M_PEAK3P003


Start Date: 08/08/17
End Date: 08/08/17
Subject: P003
Experiment: IF-PICO
Group: 0
Box: 7
Start Time: 10:24:32
End Time: 12:16:18
MSN: Multiple_Peak
B:       0.000
C:       0.000
E:    5015.000
G:      77.000
H:    7700.000
J:       0.000
K:       0.000
L:       0.000
O:       0.000
P:       0.000
R:       0.000
S:       0.000
T:  667539.000
U:       0.000
W:       0.000
X:       0.000
Y:       0.000
Z:       0.000
A:
     0:        0.010      500.910      502.611     1502.621     1503.711
     5:     1608.121     1647.121     1685.121     1728.121     1827.121
    10:     1861.121     1928.121     1965.121     2006.121     2043.121
    15:     2081.121     2124.121     2157.121     2190.121     2225.121
    20:     2260.121     2295.121     2328.121     2359.121     2391.121
    25:     2426.121     2461.121     2495.121     2529.721     2529.920
    30:     2529.901     2529.091     2829.902     4329.910     4331.614
    35:     7081.624     7082.714     7164.124     7299.124     7360.124
    40:     7392.124     7426.124     7456.124     7487.124     7520.124
    45:     7553.124     7586.124     7616.124     7680.124     7689.124
    50:     7724.124     7803.124     7868.124     7902.124     7935.124
    55:     7968.124     8003.124     8039.124     8076.124     8113.124
    60:     8144.124     8183.124     8216.124     8252.124     8294.124
    65:     8328.124     8362.124     8398.124     8443.124     8513.124
    70:     8585.124     8625.124     8659.124     8696.124     8732.124
    75:     8769.124     8837.124     8878.124     8953.124     8989.124
    80:     9027.124     9061.124     9097.124     9131.124     9168.124
    85:     9206.124     9246.124     9284.124     9320.124     9355.124
    90:     9405.124     9447.124     9487.124     9522.124     9560.124
    95:     9596.124     9638.124     9713.124     9751.124     9861.724
   100:     9861.920     9861.901     9861.094    10161.902    11661.910
   105:    11663.615    15513.625    15514.715    15601.125    15639.125
   110:    15681.125    15721.125    15754.125    15832.125    15840.125
   115:    15871.125    15907.125    15935.125    16018.125    16049.125
   120:    16080.125    16113.125    16141.125    16175.125    16239.125
   125:    16271.125    16305.125    16338.125    16371.125    16409.125
   130:    16441.125    16478.125    16512.125    16551.125    16588.125
   135:    16660.125    16697.125    16772.125    16806.125    16841.125
   140:    16883.125    16959.125    16997.125    17043.125    17080.125
   145:    17114.125    17156.125    17198.125    17238.125    17330.125
   150:    17338.125    17375.125    17411.125    17446.125    17482.125
   155:    17524.125    17596.125    17607.125    17642.125    17744.125
   160:    17752.125    17790.125    17828.125    17861.125    17899.125
   165:    17936.125    18031.125    18064.125    18097.125    18134.125
   170:    18172.125    18212.125    18255.125    18336.125    18372.125
   175:    18412.125    18462.125    18499.125    18536.125    18603.125
   180:    18640.125    18749.125    18758.125    18793.125    18921.125
   185:    18966.125    19002.125    19070.125    19109.125    19153.125
   190:    19221.125    19329.125    19404.725    19404.920    19404.901
   195:    19404.095    19704.902    21204.910    21206.615    25056.625
   200:    25057.715    25979.125    26009.125    26043.125    26107.125
   205:    26179.125    26276.125    26381.125    26483.125    26518.125
   210:    26581.125    26591.125    26623.125    26654.125    26717.125
   215:    26748.125    26850.125    26914.125    26947.125    26982.125
   220:    27083.125    27115.125    27157.125    27269.125    27307.125
   225:    27435.125    27446.125    27484.125    27523.125    27564.125
   230:    27665.125    27803.125    27839.125    27878.125    27914.125
   235:    27948.125    27985.125    28053.125    28084.125    28116.125
   240:    28151.125    28194.125    28305.125    28417.125    28532.125
   245:    28633.125    28666.125    28700.125    28784.125    28818.125
   250:    28855.125    28890.125    28927.725    28927.920    28927.901
   255:    28927.095    29227.902    30727.910    30729.611    31729.621
   260:    31730.711    31912.121    32087.121    32121.121    32199.121
   265:    32233.121    32270.121    32312.121    32345.121    32382.121
   270:    32415.121    32445.121    32478.121    32510.121    32543.121
   275:    32575.121    32610.121    32645.121    32677.121    32712.121
   280:    32748.721    32748.920    32748.901    32748.091    33048.902
   285:    34548.910    34550.611    35550.621    35551.711    35730.121
   290:    35766.121    35800.121    35838.121    35870.121    35912.121
   295:    35980.121    36023.121    36058.121    36091.121    36165.121
   300:    36201.121    36236.121    36270.121    36309.121    36344.121
   305:    36353.121    36387.121    36421.121    36454.121    36491.121
   310:    36527.121    36562.721    36562.920    36562.901    36562.091
   315:    36862.902    38362.910    38364.613    40314.623    40315.713
   320:    40479.123    40550.123    40582.123    40618.123    40663.123
   325:    40698.123    40826.123    40858.123    40889.123    40921.123
   330:    40955.123    40986.123    41020.123    41052.123    41084.123
   335:    41152.123    41185.123    41219.123    41258.123    41298.123
   340:    41333.123    41369.123    41400.123    41434.123    41470.123
   345:    41513.123    41547.123    41585.123    41620.123    41657.123
   350:    41692.123    41728.123    41791.123    41828.123    41860.123
   355:    41941.123    41978.123    42017.123    42103.123    42145.123
   360:    42188.123    42259.123    42295.723    42295.920    42295.901
   365:    42295.093    42595.902    44095.910    44097.611    45097.621
   370:    45098.711    45220.121    45261.121    45299.121    45336.121
   375:    45382.121    45426.121    45459.121    45490.121    45566.121
   380:    45601.121    45637.121    45705.121    45739.121    45774.121
   385:    45811.121    45847.121    45884.121    45919.121    45954.121
   390:    45991.121    46030.121    46065.121    46101.721    46101.920
   395:    46101.901    46101.091    46401.902    47901.910    47903.615
   400:    51753.625    51754.715    52115.125    52196.125    52231.125
   405:    52263.125    52333.125    52367.125    52400.125    52432.125
   410:    52462.125    52493.125    52525.125    52557.125    52591.125
   415:    52673.125    52707.125    52740.125    52772.125    52805.125
   420:    52839.125    52875.125    52908.125    52942.125    52980.125
   425:    53020.125    53056.125    53089.125    53124.125    53162.125
   430:    53198.125    53235.125    53273.125    53312.125    53407.125
   435:    53447.125    53485.125    53520.125    53555.125    53592.125
   440:    53633.125    53713.125    53752.125    53798.125    53841.125
   445:    53881.125    53922.125    53994.125    54103.125    54145.125
   450:    54183.125    54321.125    54359.125    54393.125    54425.125
   455:    54461.125    54498.125    54535.125    54573.125    54609.125
   460:    54648.125    54683.125    54721.125    54755.125    54797.125
   465:    54839.125    54884.125    54925.125    55005.125    55077.125
   470:    55115.125    55150.125    55188.125    55227.125    55308.125
   475:    55347.125    55384.125    55430.125    55475.125    55550.125
   480:    55593.125    55669.725    55669.920    55669.901    55669.095
   485:    55969.902    57469.910    57471.614    60221.624    60222.814
   490:    60401.134    60500.134    60585.134    60619.134    60835.134
   495:    60940.134    61017.134    61056.134    61096.134    61180.134
   500:    61225.134    61328.134    61476.134    61518.134    61564.134
   505:    61678.134    61728.134    61823.134    61906.134    61946.134
   510:    61986.134    62024.134    62096.134    62136.134    62182.134
   515:    62220.134    62266.134    62359.134    62400.134    62441.134
   520:    62511.134    62545.134    62583.134    62654.134    62664.134
   525:    62705.134    62749.134    62791.134    62828.134    62894.134
   530:    62934.134    62975.134    63019.134    63060.134    63110.134
   535:    63230.134    63301.134    63341.134    63411.134    63451.134
   540:    63489.134    63529.134    63607.134    63717.134    63755.134
   545:    63831.134    63872.134    63917.134    64008.134    64085.134
   550:    64123.134    64168.134    64210.134    64252.134    64319.134
   555:    64361.134    64402.134    64441.134    64533.134    64572.134
   560:    64680.134    64722.134    64803.134    64838.134    64878.134
   565:    64948.134    64992.134    65034.134    65107.134    65156.134
   570:    65237.134    65279.134    65396.134    65440.134    65483.134
   575:    65530.134    65617.134    65658.134    65722.824    65722.920
   580:    67222.910    67224.613    69174.623    69175.713    69766.123
   585:    69896.123    70013.123    70051.123    70089.123    70133.123
   590:    70238.123    70354.123    70470.123    70545.123    70588.123
   595:    70703.123    70786.123    70832.123    70877.123    70948.123
   600:    71020.123    71036.123    71073.123    71116.123    71157.723
   605:    71157.920    71157.901    71157.093    71457.902    72957.910
   610:    72959.612    74359.622    74360.812    74775.132    74820.132
   615:    74860.132    74943.132    74985.132    75023.132    75063.132
   620:    75105.132    75140.132    75174.132    75207.132    75244.132
   625:    75284.132    75320.132    75355.132    75391.132    75432.132
   630:    75468.132    75510.132    75548.132    75586.132    75627.132
   635:    75666.132    75705.132    75746.132    75786.132    75824.132
   640:    75866.132    75909.132    75957.132    75997.132    76038.132
   645:    76076.132    76117.132    76158.132    76197.132    76245.132
   650:    76294.132    76344.132    76469.132    76655.132    76704.132
   655:    76827.132    76874.132    76921.132    76962.132    77087.132
   660:    77130.132    77160.822    77160.920    77169.411    77176.411
   665:    78660.910    78662.613    80612.623    80613.713    81140.123
   670:    81221.123    81262.123    81303.123    81338.123    81376.123
   675:    81461.123    81493.123    81528.123    81565.123    81604.123
   680:    81641.123    81678.123    81711.123    81749.123    81788.123
   685:    81826.123    81866.123    81902.123    81939.123    81978.123
   690:    82018.123    82058.123    82102.123    82146.123    82186.123
   695:    82223.123    82266.123    82313.123    82384.123    82428.123
   700:    82470.123    82510.123    82548.123    82589.723    82589.920
   705:    82589.901    82589.093    82889.902    84389.910    84391.611
   710:    85391.621    85392.711    85615.121    85661.121    85708.121
   715:    85785.121    85821.121    85854.121    85894.121    85942.121
   720:    85979.121    86017.121    86065.121    86137.121    86183.121
   725:    86229.121    86274.121    86310.121    86346.121    86381.121
   730:    86418.721    86418.920    86418.901    86418.091    86718.902
   735:    88218.910    88220.615    92070.625    92071.715    92681.125
   740:    92729.125    92921.125    93022.125    93209.125    93289.125
   745:    93332.125    93598.125    93645.125    93779.125    93917.125
   750:    93927.125    93966.125    94018.125    94125.125    94132.125
   755:    94180.125    94262.125    94301.125    94344.125    94391.125
   760:    94468.125    94514.125    94554.125    94593.125    94674.125
   765:    94716.125    94759.125    94803.125    94894.125    94994.125
   770:    95041.125    95089.125    95131.125    95171.125    95239.125
   775:    95283.125    95447.125    95453.125    95496.125    95541.125
   780:    95590.125    95706.125    95745.125    95790.125    95875.125
   785:    95916.125    96004.725    96004.920    96004.901    96004.095
   790:    96304.902    97804.910    97806.615   101656.625   101657.715
   795:   105754.725   105754.920   105754.901   105754.095   106054.902
   800:   107554.910   107556.611   108556.621   108557.711   108777.121
   805:   108821.121   108861.121   108901.121   108941.121   108986.121
   810:   109022.121   109057.121   109101.121   109176.121   109214.121
   815:   109250.121   109288.121   109329.121   109370.121   109407.121
   820:   109440.121   109478.121   109532.121   109580.721   109580.920
   825:   109580.901   109580.091   109880.902   111380.910   111382.615
   830:   115232.625   115233.815   115620.135   115745.135   115786.135
   835:   115818.135   115872.135   115996.135   116034.135   116081.135
   840:   116181.135   116232.135   116340.135   116421.135   116461.135
   845:   116498.135   116534.135   116571.135   116610.135   116657.135
   850:   116697.135   116737.135   116778.135   116820.135   116878.135
   855:   116915.135   116958.135   116998.135   117039.135   117199.135
   860:   117279.135   117363.135   117416.135   117460.135   117509.135
   865:   117560.135   117613.135   117725.135   117777.135   117858.135
   870:   117904.135   117946.135   118021.135   118064.135   118142.135
   875:   118187.135   118226.135   118267.135   118363.135   118449.135
   880:   118490.135   118542.135   118639.135   118750.135   118839.135
   885:   118924.135   118970.135   119009.135   119054.135   119097.135
   890:   119176.135   119226.135   119270.135   119318.135   119368.135
   895:   119453.135   119572.135   119587.135   119630.135   119679.135
   900:   119734.135   119780.135   119858.135   119907.135   120018.135
   905:   120122.135   120174.135   120225.135   120342.135   120388.135
   910:   120434.135   120481.135   120522.135   120602.135   120645.135
   915:   120751.135   120793.135   121069.135   121151.135   121193.135
   920:   121240.135   121282.135   121336.135   121418.135   121521.135
   925:   121567.135   121613.135   121659.135   121704.135   121756.135
   930:   121807.135   121852.135   122032.135   122078.135   122160.135
   935:   122208.135   122260.135   122311.135   122410.135   122420.135
   940:   122463.135   122503.135   122544.135   122582.135   122623.135
   945:   122705.135   122714.135   122755.135   122860.135   122933.825
   950:   122933.920   124433.910   124435.615   128285.625   128286.815
   955:   128628.135   128789.135   128897.135   128936.135   128980.135
   960:   129020.135   129060.135   129228.135   129267.135   129308.135
   965:   129351.135   129398.135   129500.135   129578.135   129621.135
   970:   129667.135   129885.135   129981.135   129988.135   130032.135
   975:   130158.135   130208.135   130254.135   130299.135   130344.135
   980:   130392.135   130501.135   130586.135   130664.135   130709.135
   985:   130749.135   130786.135   130832.135   130851.135   130896.135
   990:   130944.135   130991.135   131068.135   131116.135   131244.135
   995:   131257.135   131294.135   131357.135   131417.135   131469.135
  1000:   131507.135   131547.135   131634.135   131676.135   131724.135
  1005:   131768.135   131846.135   131968.135   132052.135   132163.135
  1010:   132206.135   132316.135   132363.135   132408.135   132566.135
  1015:   132615.135   132654.135   132734.135   132784.135   132830.135
  1020:   132873.135   132945.135   132990.135   133084.135   133136.135
  1025:   133244.135   133319.135   133368.135   133455.135   133503.135
  1030:   133554.135   133595.135   133666.135   133719.135   133830.135
  1035:   133898.135   133983.135   134034.135   134113.135   134159.135
  1040:   134268.135   134277.135   134349.135   134441.135   134485.135
  1045:   134530.135   134576.135   134618.135   134662.135   134736.135
  1050:   134847.135   134949.135   134959.135   135032.135   135108.135
  1055:   135162.135   135210.135   135262.135   135305.135   135343.135
  1060:   135379.135   135424.135   135467.135   135515.135   135720.135
  1065:   135835.135   135902.135   135954.135   135986.825   135986.920
  1070:   137486.910   137488.615   141338.625   141339.715   143549.125
  1075:   143881.125   143929.125   143940.125   144062.125   144216.125
  1080:   144263.125   144438.125   144480.125   144524.125   144770.125
  1085:   144816.125   145021.125   145099.125   145143.125   145181.125
  1090:   145239.725   145239.920   145239.901   145239.095   145539.902
  1095:   147039.910   147041.615   150891.625   150892.715   151348.125
  1100:   151469.125   151511.125   151554.125   151591.125   151697.125
  1105:   151739.125   152004.125   152047.125   152166.125   152207.125
  1110:   152245.125   152287.125   152321.125   152368.125   152409.125
  1115:   152519.125   152530.125   152569.125   152612.125   152726.125
  1120:   152773.125   152858.125   152871.125   152919.125   153036.125
  1125:   153045.125   153092.125   153138.125   153250.125   153295.125
  1130:   153344.125   153463.125   153504.125   153558.125   153673.125
  1135:   153680.125   153740.125   153796.125   153870.125   153914.125
  1140:   154028.125   154111.125   154156.125   154251.125   154297.125
  1145:   154402.125   154482.125   154531.125   154572.125   154615.125
  1150:   154660.125   154772.725   154772.920   154772.901   154772.095
  1155:   155072.902   156572.910   156574.611   157574.621   157575.711
  1160:   157873.121   157915.121   157997.121   158041.121   158078.121
  1165:   158123.121   158157.121   158194.121   158228.121   158269.121
  1170:   158306.121   158357.121   158399.121   158440.121   158483.121
  1175:   158524.121   158570.121   158618.721   158618.920   158618.901
  1180:   158618.091   158918.902   160418.910   160420.615   164270.625
  1185:   164271.815   164867.135   164917.135   165002.135   165058.135
  1190:   165101.135   165143.135   165308.135   165316.135   165396.135
  1195:   165441.135   165494.135   165548.135   165619.135   165672.135
  1200:   165724.135   165880.135   165936.135   165946.135   165996.135
  1205:   166045.135   166099.135   166210.135   166262.135   166303.135
  1210:   166420.135   166526.135   166612.135   166661.135   166751.135
  1215:   166804.135   166853.135   166945.135   166994.135   167042.135
  1220:   167096.135   167185.135   167232.135   167293.135   167355.135
  1225:   167486.135   167492.135   167543.135   167658.135   167889.135
  1230:   167898.135   167941.135   167989.135   168097.135   168137.135
  1235:   168184.135   168293.135   168373.135   168423.135   168526.135
  1240:   168536.135   168586.135   168632.135   168709.135   168752.135
  1245:   168794.135   168836.135   168874.135   168921.135   168966.135
  1250:   169012.135   169053.135   169138.135   169235.135   169339.135
  1255:   169385.135   169463.135   169512.135   169594.135   169643.135
  1260:   169692.135   169780.135   169829.135   169879.135   169929.135
  1265:   170031.135   170075.135   170119.135   170225.135   170233.135
  1270:   170275.135   170326.135   170372.135   170501.135   170584.135
  1275:   170639.135   170728.135   170776.135   170824.135   170898.135
  1280:   170905.135   170983.135   171031.135   171081.135   171198.135
  1285:   171246.135   171370.135   171418.135   171597.135   171602.135
  1290:   171653.135   171697.135   171807.135   171928.135   171971.825
  1295:   171971.920   171974.411   173471.910   173473.613   175423.623
  1300:   175424.813   175711.133   175751.133   175923.133   175963.133
  1305:   176011.133   176059.133   176120.133   176168.133   176214.133
  1310:   176261.133   176312.133   176371.133   176450.133   176496.133
  1315:   176555.133   176596.133   176634.133   176670.133   176707.133
  1320:   176744.133   176780.133   176823.133   176873.133   176920.133
  1325:   176965.133   177006.133   177045.133   177082.133   177119.133
  1330:   177161.133   177200.133   177238.133   177286.133   177326.133
  1335:   177369.133   177417.133   177465.133   177516.133   177632.133
  1340:   177675.133   177721.133   177804.133   177928.133   177968.133
  1345:   178023.133   178076.133   178129.133   178170.133   178283.133
  1350:   178570.133   178638.133   178690.133   178740.133   178787.133
  1355:   178839.133   178886.133   178939.133   178982.133   179025.133
  1360:   179071.133   179182.133   179292.133   179324.823   179324.920
  1365:   180824.910   180826.614   183576.624   183577.714   183850.124
  1370:   183901.124   184016.124   184103.124   184140.124   184332.124
  1375:   184343.124   184528.124   184574.124   184681.124   184958.124
  1380:   185003.124   185150.124   185350.124   185391.124   185483.124
  1385:   185549.124   185590.124   185630.124   185671.124   185753.124
  1390:   185798.124   185843.124   185954.124   186029.124   186081.124
  1395:   186130.124   186178.124   186400.724   186400.920   186400.901
  1400:   186400.094   186700.902   188200.910   188202.612   189602.622
  1405:   189603.712   189867.122   189914.122   189948.122   189997.122
  1410:   190038.122   190075.122   190121.122   190164.122   190213.122
  1415:   190311.122   190351.122   190388.122   190427.122   190462.122
  1420:   190502.122   190538.122   190575.122   190616.122   190652.122
  1425:   190691.122   190735.122   190781.122   190822.122   190864.122
  1430:   190903.122   190946.122   190999.122   191046.722   191046.920
  1435:   191046.901   191046.092   191346.902   192846.910   192848.614
  1440:   195598.624   195599.814   196147.134   196289.134   196475.134
  1445:   196528.134   196667.134   196715.134   196883.134   196890.134
  1450:   196937.134   197046.134   197235.134   197433.134   197638.134
  1455:   197645.134   197689.134   197784.134   197916.134   197960.134
  1460:   198124.134   198208.134   198255.134   198263.134   198398.134
  1465:   198442.134   198556.134   198612.134   198736.134   198810.134
  1470:   198858.134   198980.134   199057.134   199195.134   199244.134
  1475:   199296.134   199378.134   199386.134   199472.134   199704.134
  1480:   199750.134   199850.134   199929.134   200091.134   200140.134
  1485:   200223.134   200264.134   200325.134   200406.134   200454.134
  1490:   200506.134   200551.134   200629.134   200796.134   200802.134
  1495:   200877.134   200929.134   201099.824   201099.920   201104.411
  1500:   202599.910   202601.613   204551.623   204552.713   204983.123
  1505:   205068.123   205113.123   205197.123   205422.123   205507.123
  1510:   205559.123   205737.123   205779.123   205859.123   205991.123
  1515:   206231.123   206310.123   206403.123   206482.123   206566.723
  1520:   206566.920   206566.901   206566.093   206866.902   208366.910
  1525:   208368.613   210318.623   210319.813   210548.133   210718.133
  1530:   210769.133   210814.133   210861.133   211046.133   211089.133
  1535:   211202.133   211244.133   211280.133   211315.133   211350.133
  1540:   211384.133   211421.133   211461.133   211617.133   211656.133
  1545:   211698.133   211738.133   211775.133   211814.133   211859.133
  1550:   211901.133   211951.133   211997.133   212039.133   212084.133
  1555:   212321.133   212365.133   212440.133   212449.133   212490.133
  1560:   212540.133   212590.133   212668.133   212734.133   212773.133
  1565:   212823.133   213006.133   213051.133   213105.133   213175.133
  1570:   213232.133   213342.133   213387.133   213441.133   213495.133
  1575:   213603.133   213643.133   213723.133   213765.133   213813.133
  1580:   213861.133   213987.133   214037.133   214096.133   214142.133
  1585:   214184.133   214219.823   214219.920   215719.910   215721.613
  1590:   217671.623   217672.713   217958.123   218008.123   218048.123
  1595:   218104.123   218149.123   218163.123   218397.123   218442.123
  1600:   218602.123   218652.123   218696.123   218712.123   218763.123
  1605:   218873.123   218965.123   219028.123   219066.123   219103.123
  1610:   219142.123   219179.123   219225.123   219270.123   219314.123
  1615:   219351.123   219397.123   219449.123   219498.123   219547.123
  1620:   219666.723   219666.920   219666.901   219666.093   219966.902
  1625:   221466.910   221468.612   222868.622   222869.712   223381.122
  1630:   223494.122   223666.122   223710.122   223805.122   223852.122
  1635:   223945.122   223989.122   224030.122   224072.122   224113.122
  1640:   224160.122   224243.122   224290.722   224290.920   224290.901
  1645:   224290.092   224590.902   226090.910   226092.613   228042.623
  1650:   228043.713   228426.123   228522.123   228574.123   228690.123
  1655:   228735.123   228778.123   228818.123   228933.123   228980.123
  1660:   229024.123   229110.123   229158.123   229213.123   229257.123
  1665:   229338.123   229488.123   229497.123   229546.123   229593.123
  1670:   229671.123   229685.123   229723.123   229831.123   229883.123
  1675:   230005.723   230005.920   230005.901   230005.093   230305.902
  1680:   231805.910   231807.614   234557.624   234558.714   235295.124
  1685:   235339.124   235420.124   235463.124   235583.124   235737.124
  1690:   235784.124   235859.124   235971.124   236011.124   236057.124
  1695:   236104.124   236147.124   236196.124   236281.124   236334.124
  1700:   236382.124   236424.124   236469.124   236548.124   236635.124
  1705:   236715.124   236829.124   236841.124   236887.124   236985.124
  1710:   237076.124   237165.124   237213.124   237268.124   237369.724
  1715:   237369.920   237369.901   237369.094   237669.902   239169.910
  1720:   239171.615   243021.625   243022.715   244039.125   244123.125
  1725:   244234.125   244277.125   244333.125   244380.125   244427.125
  1730:   244527.125   244637.125   244651.125   244738.125   244869.125
  1735:   244879.125   245123.125   245167.125   245253.125   245425.125
  1740:   245594.125   245641.125   245770.125   245814.125   245859.125
  1745:   245870.125   245917.125   246027.125   246036.125   246082.125
  1750:   246160.125   246208.125   246222.125   246275.125   246319.125
  1755:   246373.125   246422.125   246497.125   246545.125   246584.125
  1760:   246635.125   246679.125   246721.125   246767.125   246816.125
  1765:   246870.125   246909.725   246909.920   246909.901   246909.095
  1770:   247209.902   248709.910   248711.611   249711.621   249712.711
  1775:   250017.121   250059.121   250103.121   250142.121   250187.121
  1780:   250229.121   250273.121   250312.121   250358.121   250406.121
  1785:   250447.121   250492.121   250538.121   250584.121   250628.121
  1790:   250674.121   250722.721   250722.920   250722.901   250722.091
  1795:   251022.902   252522.910   252524.612   253924.622   253925.712
  1800:   254197.122   254238.122   254272.122   254311.122   254354.122
  1805:   254389.122   254426.122   254462.122   254497.122   254534.122
  1810:   254574.122   254612.122   254648.122   254691.122   254740.122
  1815:   254777.122   254813.122   254850.122   254888.122   254931.122
  1820:   254984.122   255032.122   255080.122   255128.122   255170.122
  1825:   255247.122   255287.122   255328.722   255328.920   255328.901
  1830:   255328.092   255628.902   257128.910   257130.612   258530.622
  1835:   258531.712   258812.122   258854.122   258886.122   258924.122
  1840:   258963.122   258998.122   259036.122   259080.122   259122.122
  1845:   259156.122   259190.122   259227.122   259266.122   259306.122
  1850:   259353.122   259399.122   259440.122   259492.122   259541.122
  1855:   259587.122   259669.122   259719.122   259762.122   259800.122
  1860:   259837.122   259877.122   259919.122   259958.722   259958.920
  1865:   259958.901   259958.092   260258.902   261758.910   261760.612
  1870:   263160.622   263161.712   263459.122   263498.122   263533.122
  1875:   263565.122   263607.122   263643.122   263681.122   263716.122
  1880:   263757.122   263796.122   263834.122   263871.122   263906.122
  1885:   263942.122   263981.122   264022.122   264066.122   264111.122
  1890:   264164.122   264206.122   264249.122   264288.122   264330.122
  1895:   264382.122   264426.122   264474.122   264516.122   264562.722
  1900:   264562.920   264562.901   264562.092   264862.902   266362.910
  1905:   266364.611   267364.621   267365.711   267582.121   267627.121
  1910:   267668.121   267705.121   267750.121   267790.121   267834.121
  1915:   267910.121   267943.121   267979.121   268017.121   268055.121
  1920:   268091.121   268130.121   268171.121   268214.121   268252.121
  1925:   268293.121   268333.121   268381.721   268381.920   268381.901
  1930:   268381.091   268681.902   270181.910   270183.613   272133.623
  1935:   272134.713   272435.123   272478.123   272516.123   272550.123
  1940:   272588.123   272625.123   272660.123   272699.123   272774.123
  1945:   272810.123   272846.123   272893.123   272932.123   272975.123
  1950:   273008.123   273042.123   273086.123   273120.123   273160.123
  1955:   273197.123   273208.123   273250.123   273297.123   273338.123
  1960:   273384.123   273429.123   273471.123   273509.123   273548.123
  1965:   273588.123   273630.123   273671.123   273714.123   273759.123
  1970:   273798.123   273837.123   273882.123   273924.123   273965.123
  1975:   274006.123   274047.123   274089.723   274089.920   274089.901
  1980:   274089.093   274389.902   275889.910   275891.614   278641.624
  1985:   278642.714   279040.124   279084.124   279171.124   279214.124
  1990:   279253.124   279381.124   279389.124   279442.124   279565.124
  1995:   279684.124   279695.124   279783.124   279833.124   279881.124
  2000:   279925.124   279969.124   280008.124   280056.124   280095.124
  2005:   280137.124   280178.124   280362.124   280375.124   280428.124
  2010:   280476.124   280525.124   280622.124   280782.124   280828.124
  2015:   280869.124   280878.124   280919.124   280957.124   281022.124
  2020:   281148.124   281158.124   281210.124   281326.124   281414.724
  2025:   281414.920   281414.901   281414.094   281714.902   283214.910
  2030:   283216.614   285966.624   285967.814   286296.134   286381.134
  2035:   286468.134   286511.134   286689.134   286793.134   286837.134
  2040:   286995.134   287037.134   287097.134   287145.134   287189.134
  2045:   287231.134   287269.134   287310.134   287354.134   287396.134
  2050:   287443.134   287485.134   287523.134   287558.134   287608.134
  2055:   287739.134   287746.134   287791.134   287840.134   287923.134
  2060:   287971.134   288018.134   288090.134   288097.134   288140.134
  2065:   288183.134   288225.134   288276.134   288386.134   288436.134
  2070:   288479.134   288524.134   288603.134   288643.134   288687.134
  2075:   288733.134   288783.134   288832.134   288879.134   288967.134
  2080:   289014.134   289114.134   289158.134   289217.134   289331.134
  2085:   289378.134   289543.134   289554.134   289632.134   289719.134
  2090:   289730.134   289771.134   289908.134   289920.134   289961.134
  2095:   290004.134   290053.134   290065.134   290111.134   290154.134
  2100:   290204.134   290288.134   290388.134   290464.134   290520.134
  2105:   290569.134   290678.134   290794.134   290806.134   290850.134
  2110:   290928.134   290940.134   291020.134   291111.134   291150.134
  2115:   291161.134   291209.134   291257.134   291269.134   291349.134
  2120:   291389.134   291467.824   291467.920   291474.411   291484.411
  2125:   292967.910   292969.611   293969.621   293970.711   294402.121
  2130:   294449.121   294496.121   294539.121   294575.121   294615.121
  2135:   294649.121   294684.121   294725.121   294771.121   294805.121
  2140:   294843.121   294881.121   294918.121   294953.121   294993.721
  2145:   294993.920   294993.901   294993.091   295293.902   296793.910
  2150:   296795.615   300645.625   300646.815   301056.135   301098.135
  2155:   301863.135   302055.135   302165.135   302209.135   302258.135
  2160:   302307.135   302350.135   302393.135   302545.135   302588.135
  2165:   302639.135   302705.135   302776.135   302815.135   302827.135
  2170:   302866.135   302953.135   302993.135   303082.135   303125.135
  2175:   303171.135   303266.135   303347.135   303395.135   303470.135
  2180:   303519.135   303571.135   303681.135   303743.135   303789.135
  2185:   303868.135   303911.135   303954.135   304001.135   304056.135
  2190:   304102.135   304176.135   304185.135   304277.135   304315.135
  2195:   304423.135   304470.135   304544.135   304592.135   304634.135
  2200:   304678.135   304750.135   304822.135   304909.135   304984.135
  2205:   304991.135   305042.135   305133.135   305226.135   305273.135
  2210:   305351.135   305393.135   305494.135   305572.135   305683.135
  2215:   305792.135   305800.135   305852.135   305930.135   305972.135
  2220:   306021.135   306066.135   306078.135   306122.135   306173.135
  2225:   306220.135   306270.135   306320.135   306365.135   306456.135
  2230:   306494.135   306535.135   306578.135   306631.135   306676.135
  2235:   306716.135   306794.135   306885.135   306926.135   306976.135
  2240:   307055.135   307097.135   307185.135   307234.135   307403.135
  2245:   307485.135   307613.135   307654.135   307743.135   307794.135
  2250:   307888.135   307993.135   308001.135   308049.135   308093.135
  2255:   308204.135   308255.135   308303.135   308346.825   308346.920
  2260:   308347.411   309846.910   309848.614   312598.624   312599.714
  2265:   313133.124   313290.124   313368.124   313467.124   313503.124
  2270:   313541.124   313549.124   313587.124   313618.124   313651.124
  2275:   313685.124   313725.124   313816.124   313852.124   313887.124
  2280:   313925.124   313961.124   314001.124   314054.124   314093.124
  2285:   314207.124   314251.124   314294.124   314339.124   314381.124
  2290:   314427.124   314472.124   314518.124   314596.124   314645.124
  2295:   314720.124   314732.124   314779.124   314826.124   314867.124
  2300:   314918.124   315042.124   315086.124   315172.124   315222.124
  2305:   315292.124   315341.124   315455.724   315455.920   315455.901
  2310:   315455.094   315755.902   317255.910   317257.613   319207.623
  2315:   319208.713   319479.123   319519.123   319553.123   319590.123
  2320:   319628.123   319674.123   319705.123   319743.123   319782.123
  2325:   319853.123   319930.123   319964.123   319994.123   320026.123
  2330:   320085.123   320119.123   320153.123   320187.123   320221.123
  2335:   320258.123   320294.123   320333.123   320372.123   320417.123
  2340:   320451.123   320489.123   320523.123   320562.123   320603.123
  2345:   320616.123   320659.123   320707.123   320750.123   320821.123
  2350:   320863.123   320909.123   320952.123   321003.123   321045.123
  2355:   321082.123   321122.123   321167.723   321167.920   321167.901
  2360:   321167.093   321467.902   322967.910   322969.614   325719.624
  2365:   325720.814   326106.134   326187.134   326271.134   326321.134
  2370:   326576.134   326614.134   326651.134   326853.134   326902.134
  2375:   327054.134   327099.134   327138.134   327169.134   327203.134
  2380:   327238.134   327274.134   327307.134   327385.134   327423.134
  2385:   327461.134   327596.134   327671.134   327682.134   327720.134
  2390:   327758.134   327801.134   327889.134   327931.134   328067.134
  2395:   328076.134   328117.134   328205.134   328249.134   328284.134
  2400:   328363.134   328400.134   328540.134   328552.134   328607.134
  2405:   328719.134   328789.134   328875.134   328914.134   328949.134
  2410:   329055.134   329066.134   329107.134   329142.134   329182.134
  2415:   329374.134   329420.134   329486.134   329499.134   329692.134
  2420:   329734.134   329783.134   329827.134   329869.134   329918.134
  2425:   329957.134   330000.134   330046.134   330055.134   330096.134
  2430:   330110.134   330230.134   330273.134   330382.134   330393.134
  2435:   330486.134   330553.134   330611.134   330870.134   330941.134
  2440:   330977.134   331018.134   331218.134   331220.824   331220.920
  2445:   332720.910   332722.612   334122.622   334123.712   334449.122
  2450:   334485.122   334524.122   334566.122   334596.122   334627.122
  2455:   334662.122   334704.122   334783.122   334830.122   334875.122
  2460:   334910.122   334944.122   334981.122   335017.122   335052.122
  2465:   335123.122   335162.122   335197.122   335228.122   335261.122
  2470:   335294.122   335345.122   335382.122   335420.122   335459.122
  2475:   335495.122   335536.722   335536.920   335536.901   335536.092
  2480:   335836.902   337336.910   337338.615   341188.625   341189.715
  2485:   341656.125   341778.125   341886.125   342130.125   342270.125
  2490:   342322.125   342402.125   342436.125   342474.125   342508.125
  2495:   342550.125   342659.125   342714.125   342902.125   342911.125
  2500:   342949.125   343122.125   343237.125   343270.125   343305.125
  2505:   343340.125   343378.125   343423.125   343455.125   343522.125
  2510:   343561.125   343593.125   343638.125   343680.125   343724.125
  2515:   343808.125   343893.125   343980.125   344063.125   344137.125
  2520:   344178.125   344262.125   344303.125   344340.125   344422.125
  2525:   344455.125   344504.125   344577.125   344624.125   344720.125
  2530:   344792.125   344956.125   344962.125   345033.125   345247.725
  2535:   345247.920   345247.901   345247.095   345547.902   347047.910
  2540:   347049.614   349799.624   349800.714   351121.124   351301.124
  2545:   351447.124   351620.124   351666.124   351863.124   351870.124
  2550:   351928.124   351975.124   352089.124   352132.124   352171.124
  2555:   352209.124   352246.124   352288.124   352331.124   352374.124
  2560:   352604.724   352604.920   352604.901   352604.094   352904.902
  2565:   354404.910   354406.611   355406.621   355407.711   355679.121
  2570:   355718.121   355796.121   355829.121   355866.121   355901.121
  2575:   355933.121   355964.121   355999.121   356035.121   356068.121
  2580:   356102.121   356137.121   356173.121   356205.121   356241.121
  2585:   356278.121   356315.121   356352.121   356389.121   356433.721
  2590:   356433.920   356433.901   356433.091   356733.902   358233.910
  2595:   358235.612   359635.622   359636.712   359961.122   360035.122
  2600:   360068.122   360106.122   360143.122   360173.122   360204.122
  2605:   360248.122   360279.122   360311.122   360345.122   360376.122
  2610:   360409.122   360446.122   360480.122   360515.122   360550.122
  2615:   360620.122   360656.122   360696.122   360733.122   360767.122
  2620:   360802.122   360842.122   360878.122   360917.122   360954.122
  2625:   361031.122   361129.722   361129.920   361129.901   361129.092
  2630:   361429.902   362929.910   362931.613   364881.623   364882.813
  2635:   365146.133   365187.133   365225.133   365259.133   365289.133
  2640:   365354.133   365386.133   365423.133   365456.133   365489.133
  2645:   365524.133   365557.133   365591.133   365630.133   365666.133
  2650:   365703.133   365740.133   365775.133   365813.133   365846.133
  2655:   365883.133   365922.133   366025.133   366061.133   366102.133
  2660:   366142.133   366182.133   366223.133   366264.133   366299.133
  2665:   366335.133   366370.133   366408.133   366489.133   366527.133
  2670:   366563.133   366601.133   366612.133   366649.133   366691.133
  2675:   366733.133   366768.133   366803.133   366841.133   366884.133
  2680:   366917.133   366996.133   367047.133   367111.133   367154.133
  2685:   367227.133   367275.133   367324.133   367389.133   367461.133
  2690:   367505.133   367576.133   367612.133   367685.133   367721.133
  2695:   367805.133   367874.133   367908.133   367944.133   368035.133
  2700:   368081.133   368151.133   368187.133   368301.133   368336.133
  2705:   368416.133   368456.133   368499.133   368541.133   368586.133
  2710:   368624.133   368709.133   368749.133   368782.823   368782.920
  2715:   368788.411   370282.910   370284.615   374134.625   374135.715
  2720:   374686.125   374887.125   374958.125   374997.125   375036.125
  2725:   375074.125   375175.125   375211.125   375243.125   375277.125
  2730:   375310.125   375344.125   375389.125   375429.125   375473.125
  2735:   375513.125   375568.125   375615.125   375774.125   375788.125
  2740:   375833.125   375884.125   375964.125   376022.125   376131.125
  2745:   376141.125   376186.125   376237.125   376393.125   376401.125
  2750:   376446.125   376496.125   376598.125   376604.125   376652.125
  2755:   376699.125   376747.125   376790.125   376837.125   376877.125
  2760:   376920.125   376969.125   377017.125   377059.125   377100.125
  2765:   377150.125   377241.125   377281.125   377319.125   377365.125
  2770:   377407.125   377421.125   377466.125   377507.125   377545.125
  2775:   377584.125   377628.125   377671.125   377711.125   377794.125
  2780:   377844.125   377981.125   378024.725   378024.920   378024.901
  2785:   378024.095   378324.902   379824.910   379826.615   383676.625
  2790:   383677.715   384212.125   384407.125   384490.125   384542.125
  2795:   384582.125   384624.125   384666.125   384699.125   384733.125
  2800:   384769.125   384804.125   384843.125   384886.125   384933.125
  2805:   384991.125   385027.125   385065.125   385107.125   385159.125
  2810:   385243.125   385282.125   385319.125   385363.125   385483.125
  2815:   385564.125   385577.125   385629.125   385741.125   385750.125
  2820:   385826.125   385876.125   385928.125   385977.125   386018.125
  2825:   386061.125   386101.125   386142.125   386248.125   386295.125
  2830:   386340.125   386460.125   386549.125   386656.125   386667.125
  2835:   386741.125   386819.125   386868.125   386968.125   387012.125
  2840:   387054.125   387098.125   387138.125   387177.125   387217.125
  2845:   387267.125   387306.125   387349.125   387398.125   387444.125
  2850:   387490.125   387535.725   387535.920   387535.901   387535.095
  2855:   387835.902   389335.910   389337.612   390737.622   390738.712
  2860:   391145.122   391235.122   391280.122   391314.122   391349.122
  2865:   391381.122   391415.122   391449.122   391486.122   391521.122
  2870:   391553.122   391590.122   391630.122   391665.122   391702.122
  2875:   391738.122   391776.122   391815.122   391856.122   391892.122
  2880:   391906.122   391951.122   391989.122   392033.122   392043.122
  2885:   392085.122   392124.122   392161.722   392161.920   392161.901
  2890:   392161.092   392461.902   393961.910   393963.611   394963.621
  2895:   394964.711   395175.121   395214.121   395255.121   395338.121
  2900:   395370.121   395403.121   395434.121   395470.121   395504.121
  2905:   395537.121   395577.121   395612.121   395653.121   395688.121
  2910:   395725.121   395761.121   395798.121   395836.121   395880.121
  2915:   395920.121   395959.121   395996.721   395996.920   395996.901
  2920:   395996.091   396296.902   397796.910   397798.613   399748.623
  2925:   399749.713   400101.123   400149.123   400191.123   400229.123
  2930:   400274.123   400315.123   400351.123   400442.123   400478.123
  2935:   400523.123   400558.123   400594.123   400639.123   400675.123
  2940:   400710.123   400746.123   400785.123   400826.123   400862.123
  2945:   400897.123   400933.123   400970.123   401009.123   401049.123
  2950:   401085.123   401124.123   401164.123   401206.123   401249.123
  2955:   401289.123   401334.123   401386.123   401430.123   401477.123
  2960:   401532.123   401581.123   401630.123   401709.723   401709.920
  2965:   401709.901   401709.093   402009.902   403509.910   403511.613
  2970:   405461.623   405462.713   405871.123   405919.123   405965.123
  2975:   406003.123   406054.123   406097.123   406134.123   406171.123
  2980:   406207.123   406247.123   406287.123   406322.123   406360.123
  2985:   406405.123   406440.123   406477.123   406514.123   406550.123
  2990:   406596.123   406641.123   406691.123   406731.123   406776.123
  2995:   406817.123   406863.123   406908.123   406952.123   406994.123
  3000:   407033.123   407073.123   407111.123   407151.123   407189.123
  3005:   407232.123   407273.123   407314.123   407356.123   407410.123
  3010:   407454.723   407454.920   407454.901   407454.093   407754.902
  3015:   409254.910   409256.614   412006.624   412007.714   412608.124
  3020:   412670.124   412712.124   412760.124   412810.124   412860.124
  3025:   412911.124   412956.124   412999.124   413034.124   413070.124
  3030:   413112.124   413153.124   413188.124   413224.124   413261.124
  3035:   413298.124   413337.124   413377.124   413419.124   413459.124
  3040:   413506.124   413622.124   413694.124   413704.124   413747.124
  3045:   413794.124   413847.124   413885.124   413924.124   413965.124
  3050:   414011.124   414060.124   414107.124   414157.124   414246.124
  3055:   414289.124   414334.124   414384.124   414462.124   414475.124
  3060:   414526.124   414576.124   414626.124   414675.124   414731.124
  3065:   414775.724   414775.920   414775.901   414775.094   415075.902
  3070:   416575.910   416577.612   417977.622   417978.712   418392.122
  3075:   418427.122   418460.122   418497.122   418536.122   418575.122
  3080:   418608.122   418643.122   418677.122   418712.122   418748.122
  3085:   418785.122   418821.122   418859.122   418897.122   418933.122
  3090:   418969.122   419008.122   419050.122   419090.122   419127.122
  3095:   419168.122   419211.122   419249.122   419287.122   419326.122
  3100:   419366.122   419407.722   419407.920   419407.901   419407.092
  3105:   419707.902   421207.910   421209.612   422609.622   422610.712
  3110:   422860.122   422899.122   422940.122   422973.122   423010.122
  3115:   423042.122   423074.122   423113.122   423149.122   423181.122
  3120:   423215.122   423250.122   423287.122   423319.122   423358.122
  3125:   423396.122   423437.122   423475.122   423511.122   423550.122
  3130:   423659.122   423728.122   423767.122   423805.122   423887.122
  3135:   423964.122   424006.122   424049.722   424049.920   424049.901
  3140:   424049.092   424349.902   425849.910   425851.613   427801.623
  3145:   427802.713   428066.123   428140.123   428150.123   428189.123
  3150:   428372.123   428417.123   428530.123   428574.123   428607.123
  3155:   428640.123   428676.123   428711.123   428744.123   428781.123
  3160:   428791.123   428824.123   428858.123   428895.123   428943.123
  3165:   428983.123   429016.123   429053.123   429097.123   429139.123
  3170:   429214.123   429250.123   429283.123   429414.123   429488.123
  3175:   429524.123   429557.123   429594.123   429702.123   429745.123
  3180:   429817.723   429817.920   429817.901   429817.093   430117.902
  3185:   431617.910   431619.611   432619.621   432620.811   432852.131
  3190:   432890.131   432928.131   433021.131   433052.131   433085.131
  3195:   433121.131   433158.131   433186.131   433217.131   433286.131
  3200:   433324.131   433358.131   433392.131   433425.131   433458.131
  3205:   433493.131   433530.131   433573.131   433611.131   433646.131
  3210:   433682.131   433717.131   433752.131   433790.131   433825.131
  3215:   433860.131   433895.131   433930.131   433971.131   434048.131
  3220:   434086.131   434122.131   434159.131   434195.131   434234.131
  3225:   434275.131   434313.131   434327.131   434359.131   434412.131
  3230:   434456.131   434501.131   434544.131   434586.131   434620.821
  3235:   434620.920   436120.910   436122.611   437122.621   437123.811
  3240:   437430.131   437511.131   437619.131   437688.131   437730.131
  3245:   437792.131   437823.131   437857.131   437890.131   437921.131
  3250:   437954.131   437985.131   438020.131   438052.131   438092.131
  3255:   438132.131   438166.131   438200.131   438234.131   438298.131
  3260:   438332.131   438368.131   438403.131   438442.131   438481.131
  3265:   438559.131   438597.131   438664.131   438701.131   438742.131
  3270:   438775.131   438811.131   438847.131   438880.131   438912.131
  3275:   438948.131   438987.131   439025.131   439089.131   439123.821
  3280:   439123.920   440623.910   440625.612   442025.622   442026.812
  3285:   442248.132   442291.132   442340.132   442374.132   442411.132
  3290:   442448.132   442487.132   442522.132   442555.132   442587.132
  3295:   442617.132   442649.132   442687.132   442720.132   442754.132
  3300:   442787.132   442820.132   442852.132   442885.132   442952.132
  3305:   443023.132   443092.132   443132.132   443172.132   443214.132
  3310:   443254.132   443293.132   443301.132   443335.132   443377.132
  3315:   443420.132   443460.132   443495.132   443533.132   443571.132
  3320:   443641.132   443676.132   443708.132   443746.132   443787.132
  3325:   443829.132   443903.132   443940.132   443984.132   444026.132
  3330:   444169.132   444207.132   444275.132   444344.132   444383.132
  3335:   444427.132   444500.132   444545.132   444581.132   444632.132
  3340:   444673.132   444718.132   444798.132   444826.822   444826.920
  3345:   444834.411   446326.910   446328.612   447728.622   447729.712
  3350:   448100.122   448209.122   448247.122   448282.122   448313.122
  3355:   448374.122   448406.122   448440.122   448470.122   448500.122
  3360:   448534.122   448567.122   448602.122   448639.122   448679.122
  3365:   448799.122   448835.122   448873.122   448915.122   448956.122
  3370:   448991.122   449031.122   449107.122   449146.722   449146.920
  3375:   449146.901   449146.092   449446.902   450946.910   450948.611
  3380:   451948.621   451949.711   452210.121   452251.121   452332.121
  3385:   452374.121   452433.121   452482.121   452521.121   452586.121
  3390:   452623.121   452653.121   452684.121   452716.121   452849.121
  3395:   452887.121   452916.121   452948.121   453027.721   453027.920
  3400:   453027.901   453027.091   453327.902   454827.910   454829.613
  3405:   456779.623   456780.813   457085.133   457133.133   457274.133
  3410:   457318.133   457417.133   457519.133   457561.133   457666.133
  3415:   457756.133   457835.133   457929.133   457934.133   457978.133
  3420:   458048.133   458093.133   458133.133   458221.133   458261.133
  3425:   458328.133   458397.133   458558.133   458599.133   458637.133
  3430:   458703.133   458713.133   458822.133   458865.133   458932.133
  3435:   458970.133   459057.133   459102.133   459143.133   459215.133
  3440:   459228.133   459299.133   459445.133   459487.133   459526.133
  3445:   459569.133   459727.133   459842.133   459882.133   459932.133
  3450:   459979.133   460084.133   460161.133   460206.133   460247.133
  3455:   460324.133   460426.133   460495.133   460540.133   460610.133
  3460:   460652.133   460680.823   460680.920   460698.411   462180.910
  3465:   462182.612   463582.622   463583.712   463933.122   463982.122
  3470:   464025.122   464094.122   464103.122   464142.122   464177.122
  3475:   464216.122   464255.122   464290.122   464367.122   464395.122
  3480:   464427.122   464457.122   464487.122   464521.122   464552.122
  3485:   464585.122   464626.122   464661.122   464734.122   464765.122
  3490:   464796.122   464878.122   464959.122   464999.722   464999.920
  3495:   464999.901   464999.092   465299.902   466799.910   466801.612
  3500:   468201.622   468202.712   468570.122   468608.122   468678.122
  3505:   468709.122   468744.122   468822.122   468887.122   468926.122
  3510:   468961.122   468997.122   469036.122   469149.122   469211.122
  3515:   469245.122   469275.122   469312.122   469344.122   469379.122
  3520:   469416.122   469451.122   469483.122   469518.122   469553.122
  3525:   469590.122   469626.722   469626.920   469626.901   469626.092
  3530:   469926.902   471426.910   471428.612   472828.622   472829.712
  3535:   473159.122   473235.122   473275.122   473312.122   473354.122
  3540:   473389.122   473452.122   473533.122   473571.122   473607.122
  3545:   473640.122   473722.122   473761.122   473795.122   473830.122
  3550:   473863.122   473899.122   473932.122   473969.122   474007.122
  3555:   474093.122   474128.122   474165.122   474205.122   474246.722
  3560:   474246.920   474246.901   474246.092   474546.902   476046.910
  3565:   476048.614   478798.624   478799.814   479376.134   479444.134
  3570:   479481.134   479513.134   479549.134   479587.134   479618.134
  3575:   479651.134   479688.134   479720.134   479759.134   479870.134
  3580:   479905.134   479940.134   480027.134   480067.134   480169.134
  3585:   480202.134   480241.134   480282.134   480324.134   480388.134
  3590:   480428.134   480508.134   480543.134   480646.134   480712.134
  3595:   480720.134   480760.134   480855.134   480897.134   480968.134
  3600:   481002.134   481043.134   481111.134   481187.134   481272.134
  3605:   481318.134   481357.134   481395.134   481473.134   481508.134
  3610:   481624.134   481671.134   481742.134   481785.134   481827.134
  3615:   481939.134   481986.134   482053.134   482095.134   482214.134
  3620:   482294.134   482377.134   482466.134   482539.134   482608.134
  3625:   482650.134   482698.134   482771.134   482819.134   482906.134
  3630:   482945.134   483010.134   483019.134   483060.134   483096.134
  3635:   483131.134   483168.134   483210.134   483248.134   483290.134
  3640:   483329.134   483364.134   483402.134   483445.134   483482.134
  3645:   483521.134   483567.134   483611.134   483690.134   483773.134
  3650:   483820.134   483918.134   483998.134   484062.134   484106.134
  3655:   484154.134   484198.134   484244.134   484292.134   484299.824
  3660:   484299.920   485799.910   485801.613   487751.623   487752.713
  3665:   489351.123   489506.123   489543.123   489578.123   489614.123
  3670:   489694.123   489774.723   489774.920   489774.901   489774.093
  3675:   490074.902   491574.910   491576.611   492576.621   492577.811
  3680:   492811.131   492887.131   492928.131   492967.131   492995.131
  3685:   493028.131   493101.131   493137.131   493223.131   493258.131
  3690:   493289.131   493321.131   493355.131   493386.131   493420.131
  3695:   493455.131   493531.131   493570.131   493607.131   493642.131
  3700:   493683.131   493759.131   493834.131   493846.131   493884.131
  3705:   493925.131   493960.131   494104.131   494140.131   494176.131
  3710:   494208.131   494242.131   494276.131   494314.131   494348.131
  3715:   494386.131   494424.131   494508.131   494547.131   494577.821
  3720:   494577.920   494583.411   496077.910   496079.614   498829.624
  3725:   498830.714   499164.124   499201.124   499335.124   499401.124
  3730:   499447.124   499590.124   499631.124   499672.124   499859.124
  3735:   499899.124   500080.124   500087.124   500130.124   500170.124
  3740:   500211.124   500396.124   500436.124   500505.124   500547.124
  3745:   500699.124   500763.124   500840.124   500885.124   500927.124
  3750:   500973.124   501012.124   501178.124   501225.124   501291.124
  3755:   501383.124   501429.124   501577.124   501616.724   501616.920
  3760:   501616.901   501616.094   501916.902   503416.910   503418.614
  3765:   506168.624   506169.714   506534.124   506572.124   506670.124
  3770:   506764.124   506972.124   507053.124   507126.124   507165.124
  3775:   507290.124   507321.124   507354.124   507386.124   507422.124
  3780:   507501.124   507574.124   507583.124   507649.124   507689.124
  3785:   507732.124   507769.124   507809.124   507845.124   507913.124
  3790:   507993.124   508025.124   508055.124   508087.124   508120.124
  3795:   508157.124   508170.124   508208.124   508249.124   508288.124
  3800:   508325.124   508437.124   508509.124   508552.124   508582.124
  3805:   508626.124   508709.124   508744.124   508782.124   508870.124
  3810:   508907.124   508949.724   508949.920   508949.901   508949.094
  3815:   509249.902   510749.910   510751.614   513501.624   513502.714
  3820:   513928.124   514032.124   514178.124   514216.124   514254.124
  3825:   514431.124   514554.124   514593.124   514726.124   514737.124
  3830:   514776.124   514848.124   514882.124   514914.124   514989.124
  3835:   515020.124   515064.124   515103.124   515133.124   515168.124
  3840:   515213.124   515248.124   515279.124   515363.124   515407.124
  3845:   515496.124   515533.124   515573.124   515657.124   515692.124
  3850:   515733.124   515776.124   515845.124   515882.124   515919.124
  3855:   516005.124   516045.124   516113.124   516163.124   516249.124
  3860:   516259.724   516259.920   516259.901   516259.094   516559.902
  3865:   518059.910   518061.613   520011.623   520012.713   520370.123
  3870:   520441.123   520544.123   520624.123   520868.123   520940.123
  3875:   521102.123   521219.123   521285.123   521377.123   521474.123
  3880:   521520.123   521604.123   521613.123   521662.123   521701.123
  3885:   521795.123   521804.123   521842.123   521920.123   522036.723
  3890:   522036.920   522036.901   522036.093   522336.902   523836.910
  3895:   523838.613   525788.623   525789.713   526266.123   526341.123
  3900:   526380.123   526459.123   526506.123   526712.123   526748.123
  3905:   526831.123   526867.123   526939.123   526975.123   527021.123
  3910:   527131.123   527180.123   527230.123   527274.123   527316.123
  3915:   527402.123   527434.123   527509.123   527549.123   527593.123
  3920:   527601.123   527641.123   527729.123   527768.723   527768.920
  3925:   527768.901   527768.093   528068.902   529568.910   529570.614
  3930:   532320.624   532321.714   532830.124   533038.124   533090.124
  3935:   533170.124   533211.124   533250.124   533396.124   533441.124
  3940:   533520.124   533560.124   533594.124   533677.124   533723.124
  3945:   533764.124   533800.124   533913.124   533971.124   534048.124
  3950:   534059.124   534102.124   534154.124   534193.124   534234.124
  3955:   534284.124   534340.124   534390.124   534434.124   534473.124
  3960:   534509.124   534550.124   534589.124   534631.124   534677.124
  3965:   534717.124   534758.124   534808.124   534850.124   534890.124
  3970:   534948.124   534994.124   535035.124   535083.724   535083.920
  3975:   535083.901   535083.094   535383.902   536883.910   536885.611
  3980:   537885.621   537886.711   538258.121   538303.121   538349.121
  3985:   538360.121   538398.121   538431.121   538467.121   538503.121
  3990:   538538.121   538576.121   538612.121   538648.121   538693.121
  3995:   538733.121   538773.121   538811.121   538849.121   538887.721
  4000:   538887.920   538887.901   538887.091   539187.902   540687.910
  4005:   540689.615   544539.625   544540.715   545275.125   545369.125
  4010:   545598.125   545639.125   545771.125   545891.125   546005.125
  4015:   546045.125   546087.125   546132.125   546200.125   546273.125
  4020:   546391.125   546436.125   546485.125   546585.125   546594.125
  4025:   546642.125   546689.125   546732.125   546773.125   546818.125
  4030:   546861.125   546904.125   546945.125   546989.125   547044.125
  4035:   547088.125   547130.125   547201.125   547250.125   547295.125
  4040:   547339.125   547409.125   547501.125   547541.125   547628.125
  4045:   547637.125   547685.125   547732.125   547774.125   547818.125
  4050:   547869.125   547912.125   547958.125   548003.125   548092.125
  4055:   548139.125   548228.125   548306.125   548315.125   548488.725
  4060:   548488.920   548488.901   548488.095   548788.902   550288.910
  4065:   550290.614   553040.624   553041.714   553545.124   553588.124
  4070:   553626.124   553664.124   553705.124   553756.124   553792.124
  4075:   553826.124   553868.124   553994.124   554047.124   554091.124
  4080:   554130.124   554168.124   554205.124   554246.124   554344.124
  4085:   554352.124   554397.124   554446.124   554495.124   554540.124
  4090:   554585.124   554630.124   554722.124   554767.124   554817.124
  4095:   554864.124   554905.124   554958.124   554996.124   555033.124
  4100:   555075.124   555113.124   555153.124   555190.124   555231.124
  4105:   555279.124   555323.124   555419.124   555466.124   555516.124
  4110:   555561.124   555611.124   555656.124   555706.124   555756.124
  4115:   555804.724   555804.920   555804.901   555804.094   556104.902
  4120:   557604.910   557606.612   559006.622   559007.812   559352.132
  4125:   559403.132   559448.132   559493.132   559531.132   559566.132
  4130:   559600.132   559635.132   559670.132   559713.132   559756.132
  4135:   559790.132   559830.132   559870.132   559881.132   559919.132
  4140:   559959.132   560000.132   560035.132   560072.132   560110.132
  4145:   560149.132   560186.132   560221.132   560264.132   560311.132
  4150:   560359.132   560400.132   560436.132   560477.132   560516.132
  4155:   560559.132   560599.132   560637.132   560673.132   560710.132
  4160:   560753.132   560802.132   560842.132   560885.132   560924.132
  4165:   560961.132   561019.132   561068.132   561114.132   561158.132
  4170:   561210.132   561261.132   561304.132   561344.132   561393.132
  4175:   561434.132   561476.132   561518.132   561566.132   561612.132
  4180:   561652.132   561689.132   561702.132   561743.132   561785.132
  4185:   561807.822   561807.920   563307.910   563309.614   566059.624
  4190:   566060.714   566315.124   566401.124   566467.124   566563.124
  4195:   566603.124   566685.124   566723.124   566758.124   566799.124
  4200:   566842.124   566875.124   566908.124   567008.124   567043.124
  4205:   567085.124   567130.124   567174.124   567216.124   567259.124
  4210:   567299.124   567341.124   567380.124   567426.124   567484.124
  4215:   567527.124   567572.124   567615.124   567656.124   567693.124
  4220:   567729.124   567767.124   567808.124   567850.124   567891.124
  4225:   567939.124   567982.124   568063.124   568109.124   568149.124
  4230:   568196.124   568279.124   568370.124   568407.124   568447.124
  4235:   568495.124   568544.124   568596.124   568637.124   568713.124
  4240:   568759.124   568885.724   568885.920   568885.901   568885.094
  4245:   569185.902   570685.910   570687.615   574537.625   574538.715
  4250:   575476.125   575514.125   575673.125   575703.125   575774.125
  4255:   575802.125   575832.125   575866.125   575909.125   575987.125
  4260:   576023.125   576149.125   576191.125   576236.125   576274.125
  4265:   576314.125   576351.125   576397.125   576435.125   576474.125
  4270:   576514.125   576556.125   576665.125   576799.125   576839.125
  4275:   576883.125   576921.125   577016.125   577088.125   577138.125
  4280:   577177.125   577215.125   577307.125   577353.125   577389.125
  4285:   577462.125   577505.125   577545.125   577583.125   577661.125
  4290:   577700.125   577795.125   577842.125   577878.125   577910.125
  4295:   577952.125   578036.125   578069.125   578102.125   578221.125
  4300:   578260.125   578302.125   578397.725   578397.920   578397.901
  4305:   578397.095   578697.902   580197.910   580199.611   581199.621
  4310:   581200.711   581502.121   581544.121   581583.121   581664.121
  4315:   581696.121   581729.121   581763.121   581793.121   581823.121
  4320:   581855.121   581887.121   581919.121   581954.121   581990.121
  4325:   582021.121   582055.121   582092.121   582128.121   582161.121
  4330:   582196.121   582232.721   582232.920   582232.901   582232.091
  4335:   582532.902   584032.910   584034.611   585034.621   585035.811
  4340:   585372.131   585409.131   585445.131   585484.131   585522.131
  4345:   585555.131   585585.131   585646.131   585679.131   585711.131
  4350:   585743.131   585779.131   585814.131   585850.131   585924.131
  4355:   585957.131   585991.131   586063.131   586135.131   586211.131
  4360:   586245.131   586279.131   586316.131   586353.131   586389.131
  4365:   586430.131   586466.131   586506.131   586545.131   586619.131
  4370:   586656.131   586694.131   586736.131   586795.131   586834.131
  4375:   586873.131   586917.131   586962.131   587000.131   587035.821
  4380:   587035.920   588535.910   588537.612   589937.622   589938.812
  4385:   590342.132   590391.132   590427.132   590460.132   590494.132
  4390:   590530.132   590619.132   590657.132   590699.132   590739.132
  4395:   590775.132   590814.132   590853.132   590866.132   590906.132
  4400:   590951.132   590991.132   591037.132   591086.132   591163.132
  4405:   591195.132   591231.132   591337.132   591376.132   591413.132
  4410:   591449.132   591481.132   591536.132   591578.132   591626.132
  4415:   591667.132   591803.132   591876.132   591915.132   591954.132
  4420:   591988.132   592023.132   592059.132   592104.132   592149.132
  4425:   592196.132   592235.132   592279.132   592321.132   592354.132
  4430:   592393.132   592430.132   592470.132   592515.132   592552.132
  4435:   592594.132   592632.132   592703.132   592738.822   592738.920
  4440:   592744.411   594238.910   594240.613   596190.623   596191.813
  4445:   596588.133   596839.133   596963.133   596994.133   597034.133
  4450:   597121.133   597162.133   597197.133   597235.133   597270.133
  4455:   597348.133   597388.133   597449.133   597483.133   597513.133
  4460:   597547.133   597583.133   597622.133   597657.133   597691.133
  4465:   597725.133   597803.133   597812.133   597910.133   597960.133
  4470:   597998.133   598042.133   598084.133   598150.133   598235.133
  4475:   598318.133   598359.133   598444.133   598552.133   598599.133
  4480:   598652.133   598691.133   598732.133   598770.133   598806.133
  4485:   598875.133   598913.133   599000.133   599081.133   599124.133
  4490:   599165.133   599207.133   599245.133   599313.133   599361.133
  4495:   599447.133   599490.133   599534.133   599619.133   599661.133
  4500:   599712.133   599748.133   599784.133   599864.133   599913.133
  4505:   599958.133   600000.133   600008.133   600091.823   600091.920
  4510:   601591.910   601593.612   602993.622   602994.712   603338.122
  4515:   603466.122   603548.122   603585.122   603628.122   603664.122
  4520:   603699.122   603731.122   603763.122   603793.122   603824.122
  4525:   603893.122   603971.122   604012.122   604047.122   604083.122
  4530:   604150.122   604180.122   604212.122   604294.122   604323.122
  4535:   604372.122   604411.722   604411.920   604411.901   604411.092
  4540:   604711.902   606211.910   606213.612   607613.622   607614.812
  4545:   608554.132   608675.132   608742.132   608824.132   608867.132
  4550:   608901.132   608932.132   608969.132   609005.132   609035.132
  4555:   609073.132   609112.132   609158.132   609188.132   609224.132
  4560:   609255.132   609289.132   609399.132   609485.132   609565.132
  4565:   609600.132   609640.132   609675.132   609757.132   609799.132
  4570:   609840.132   609879.132   610004.132   610046.132   610083.132
  4575:   610160.132   610232.132   610263.132   610303.132   610342.132
  4580:   610414.822   610414.920   611914.910   611916.614   614666.624
  4585:   614667.714   615091.124   615344.124   615384.124   615520.124
  4590:   615603.124   615649.124   615761.124   615803.124   615844.124
  4595:   615913.124   615962.124   615997.124   616040.124   616151.124
  4600:   616196.124   616294.124   616380.124   616432.124   616470.124
  4605:   616517.124   616562.124   616599.124   616669.124   616706.124
  4610:   616804.124   616845.124   616890.124   616984.124   616994.124
  4615:   617036.124   617078.124   617146.124   617187.124   617235.124
  4620:   617275.124   617320.124   617364.124   617403.124   617504.724
  4625:   617504.920   617504.901   617504.094   617804.902   619304.910
  4630:   619306.615   623156.625   623157.715   623772.125   623822.125
  4635:   623865.125   623898.125   623950.125   624023.125   624072.125
  4640:   624110.125   624210.125   624220.125   624264.125   624338.125
  4645:   624382.125   624430.125   624477.125   624569.125   624580.125
  4650:   624621.125   624667.125   624746.125   624819.125   624862.125
  4655:   624903.125   624939.125   625104.125   625112.125   625155.125
  4660:   625197.125   625297.125   625426.125   625478.125   625517.125
  4665:   625590.125   625671.125   625715.125   625755.125   625804.125
  4670:   625855.125   625899.125   625939.125   625975.125   626017.125
  4675:   626050.125   626091.125   626161.125   626203.125   626277.125
  4680:   626315.125   626361.125   626404.125   626536.125   626576.125
  4685:   626682.125   626724.125   626770.125   626837.125   626916.125
  4690:   627031.725   627031.920   627031.901   627031.095   627331.902
  4695:   628831.910   628833.614   631583.624   631584.714   632211.124
  4700:   632285.124   632398.124   632497.124   632542.124   632597.124
  4705:   632735.124   632744.124   632790.124   632839.124   632934.124
  4710:   632939.124   633009.124   633054.124   633093.124   633138.124
  4715:   633180.124   633273.124   633442.124   633512.124   633553.124
  4720:   633663.124   633702.124   633742.124   633823.124   633858.124
  4725:   633902.124   634061.124   634099.124   634169.124   634254.124
  4730:   634296.124   634386.724   634386.920   634386.901   634386.094
  4735:   634686.902   636186.910   636188.615   640038.625   640039.715
  4740:   640552.125   640622.125   640660.125   640767.125   640818.125
  4745:   640858.125   640892.125   640925.125   641020.125   641064.125
  4750:   641169.125   641211.125   641258.125   641317.125   641362.125
  4755:   641463.125   641542.125   641589.125   641630.125   641677.125
  4760:   641779.125   641819.125   641893.125   641944.125   641993.125
  4765:   642078.125   642112.125   642147.125   642231.125   642269.125
  4770:   642305.125   642353.125   642392.125   642440.125   642478.125
  4775:   642520.125   642560.125   642604.125   642648.125   642693.125
  4780:   642743.125   642752.125   642791.125   642860.125   642903.125
  4785:   642946.125   642986.125   643066.125   643114.125   643198.125
  4790:   643235.125   643277.125   643321.125   643358.125   643401.125
  4795:   643444.125   643500.125   643622.125   643666.125   643725.125
  4800:   643771.125   643815.125   643862.125   643906.725   643906.920
  4805:   643906.901   643906.095   644206.902   645706.910   645708.613
  4810:   647658.623   647659.713   647862.123   647968.123   648006.123
  4815:   648120.123   648153.123   648240.123   648276.123   648308.123
  4820:   648342.123   648375.123   648411.123   648448.123   648486.123
  4825:   648585.123   648627.123   648670.123   648709.123   648802.123
  4830:   648843.123   648882.123   648920.123   648957.123   648995.123
  4835:   649069.123   649106.123   649145.123   649222.123   649311.123
  4840:   649395.123   649437.123   649482.123   649521.123   649565.123
  4845:   649683.723   649683.920   649683.901   649683.093   649983.902
  4850:   651483.910   651485.611   652485.621   652486.811   652971.131
  4855:   653055.131   653097.131   653136.131   653169.131   653213.131
  4860:   653251.131   653285.131   653362.131   653373.131   653411.131
  4865:   653482.131   653491.131   653528.131   653567.131   653612.131
  4870:   653651.131   653687.131   653733.131   653775.131   653818.131
  4875:   653866.131   653908.131   653947.131   653991.131   654034.131
  4880:   654073.131   654109.131   654182.131   654220.131   654264.131
  4885:   654310.131   654351.131   654400.131   654445.131   654486.821
  4890:   654486.920   655986.910   655988.615   659838.625   659839.815
  4895:   660610.135   660806.135   660854.135   661040.135   661120.135
  4900:   661155.135   661201.135   661252.135   661299.135   661339.135
  4905:   661382.135   661499.135   661536.135   661578.135   661702.135
  4910:   661792.135   661833.135   661881.135   661934.135   662048.135
  4915:   662090.135   662179.135   662232.135   662306.135   662346.135
  4920:   662418.135   662469.135   662562.135   662606.135   662644.135
  4925:   662686.135   662725.135   662801.135   662846.135   662894.135
  4930:   662931.135   662972.135   663019.135   663068.135   663115.135
  4935:   663195.135   663236.135   663278.135   663323.135   663406.135
  4940:   663456.135   663537.135   663574.135   663698.135   663748.135
  4945:   663820.135   663911.135   663960.135   664090.135   664172.135
  4950:   664255.135   664298.135   664341.135   664453.135   664493.135
  4955:   664583.135   664626.135   664704.135   664788.135   664827.135
  4960:   664877.135   664921.135   665048.135   665085.135   665119.135
  4965:   665159.135   665236.135   665272.135   665353.135   665394.135
  4970:   665430.135   665475.135   665515.135   665553.135   665634.135
  4975:   665672.135   665746.135   665854.135   665901.135   665939.135
  4980:   665974.135   666069.135   666115.135   666155.135   666229.135
  4985:   666273.135   666316.135   666393.135   666436.135   666543.135
  4990:   666550.135   666613.135   666685.135   666769.135   666785.135
  4995:   666831.135   666874.135   666991.135   667067.135   667181.135
  5000:   667190.135   667228.135   667327.135   667333.135   667403.135
  5005:   667446.135   667483.135   667525.135   667539.825   667539.920
  5010:   667539.902   667539.005   667539.006   667539.007   667539.020
D:
     0:        0.000        0.000        0.000        0.000        0.000
     5:        0.000        0.000        0.000        0.000        0.000
    10:        0.000        0.000        0.000        0.000        0.000
    15:        0.000        0.000        0.000        0.000        0.000
    20:        0.000        0.000        0.000        0.000        0.000
    25:        0.000       12.000        0.000        0.000        0.000
    30:        0.000        0.000        0.000        0.000        0.000
    35:        0.000
F:
     0:       10.000       14.000       19.500       27.500       38.500
     5:       10.000       14.000       19.500       27.500       38.500
    10:       10.000       14.000       19.500       27.500       38.500
    15:       20.000       28.000       39.000       55.000       77.000
    20:       20.000       28.000       39.000       55.000       77.000
    25:       20.000       28.000       39.000       55.000       77.000
    30:       10.000       14.000       19.500       27.500       38.500
    35:       10.000       14.000       19.500       27.500       38.500
    40:       10.000       14.000       19.500       27.500       38.500
    45:       10.000       14.000       19.500       27.500       38.500
    50:       10.000       14.000       19.500       27.500       38.500
    55:       10.000       14.000       19.500       27.500       38.500
    60:       10.000       14.000       19.500       27.500       38.500
    65:       10.000       14.000       19.500       27.500       38.500
    70:       10.000       14.000       19.500       27.500       38.500
    75:       20.000       28.000       39.000       55.000       77.000
    80:       20.000       28.000       39.000       55.000       77.000
    85:       10.000       14.000       19.500       27.500       38.500
    90:       10.000       14.000       19.500       27.500       38.500
    95:       10.000       14.000       19.500       27.500       38.500
I:
     0:       75.000        0.000        0.000
M:
     0:       15.000       15.000       15.000       15.000       15.000
     5:        5.000        5.000        5.000        5.000        5.000
    10:      100.000
N:
     0:       20.000       20.000       20.000       20.000       20.000
     5:        0.000
Q:
     0:       15.000       15.000       15.000       15.000       15.000
     5:        0.000
V:
     0:        0.000        0.000        0.000        0.000        0.000
     5:      299.000      390.000      453.000      602.000      781.000
    10:      197.000      255.000      315.000      399.000      556.000
    15:        0.000
