File: C:\MED-PC IV\DATA\M_PEAK27P003


Start Date: 09/01/17
End Date: 09/01/17
Subject: P003
Experiment: IF-PICO
Group: 0
Box: 7
Start Time: 10:12:01
End Time: 12:05:10
MSN: Multiple_Peak
B:       0.000
C:       0.000
E:    5129.000
G:      14.000
H:    1400.000
J:       0.000
K:       0.000
L:       0.000
O:       0.000
P:       0.000
R:       0.000
S:       0.000
T:  678818.000
U:       0.000
W:       0.000
X:       0.000
Y:       0.000
Z:       0.000
A:
     0:        0.010      500.910      502.612     1902.622     1903.712
     5:     2249.122     2286.122     2323.122     2362.122     2394.122
    10:     2428.122     2461.122     2492.122     2524.122     2556.122
    15:     2587.122     2616.122     2645.122     2673.122     2704.122
    20:     2734.122     2763.122     2795.122     2826.122     2859.122
    25:     2890.122     2954.122     2987.122     3020.122     3055.122
    30:     3089.122     3126.122     3156.122     3219.122     3252.122
    35:     3285.122     3314.722     3314.920     3314.901     3314.092
    40:     3614.902     5114.910     5116.612     6516.622     6517.712
    45:     6583.122     6616.122     6648.122     6681.122     6752.122
    50:     6786.122     6817.122     6845.122     6876.122     6907.122
    55:     6938.122     6997.122     7031.122     7066.122     7097.122
    60:     7161.122     7193.122     7224.122     7254.122     7286.122
    65:     7317.122     7350.122     7382.122     7417.122     7483.122
    70:     7519.122     7554.122     7621.122     7655.122     7690.122
    75:     7725.122     7757.122     7793.122     7826.122     7860.122
    80:     7893.122     7928.722     7928.920     7928.901     7928.092
    85:     8228.902     9728.910     9730.612    11130.622    11131.812
    90:    11245.132    11284.132    11320.132    11353.132    11390.132
    95:    11422.132    11453.132    11486.132    11520.132    11553.132
   100:    11585.132    11613.132    11680.132    11712.132    11742.132
   105:    11774.132    11808.132    11843.132    11874.132    11906.132
   110:    11938.132    11970.132    12004.132    12073.132    12145.132
   115:    12210.132    12245.132    12281.132    12316.132    12351.132
   120:    12385.132    12421.132    12455.132    12594.132    12628.132
   125:    12661.132    12697.132    12731.132    12768.132    12804.132
   130:    12839.132    12872.132    12905.132    12940.132    12975.132
   135:    13011.132    13044.132    13083.132    13121.132    13154.132
   140:    13186.132    13217.132    13253.132    13288.132    13320.132
   145:    13356.132    13388.132    13421.132    13454.132    13488.132
   150:    13522.132    13558.132    13589.132    13626.132    13659.132
   155:    13692.132    13725.132    13760.132    13794.132    13832.132
   160:    13867.132    13904.132    13938.132    13972.132    14007.132
   165:    14039.132    14077.132    14112.132    14145.132    14184.132
   170:    14220.132    14253.132    14286.132    14321.132    14355.132
   175:    14388.132    14421.132    14455.132    14489.132    14523.132
   180:    14559.132    14593.132    14626.132    14660.132    14696.132
   185:    14731.822    14731.920    16231.910    16233.613    18183.623
   190:    18184.813    18313.133    18350.133    18382.133    18416.133
   195:    18452.133    18488.133    18516.133    18550.133    18579.133
   200:    18613.133    18650.133    18682.133    18709.133    18742.133
   205:    18771.133    18802.133    18834.133    18865.133    18900.133
   210:    18931.133    18997.133    19028.133    19061.133    19095.133
   215:    19129.133    19165.133    19198.133    19231.133    19265.133
   220:    19297.133    19329.133    19362.133    19395.133    19428.133
   225:    19462.133    19494.133    19529.133    19561.133    19596.133
   230:    19628.133    19660.133    19691.133    19724.133    19764.133
   235:    19796.133    19826.133    19860.133    19891.133    19926.133
   240:    19958.133    19993.133    20023.133    20091.133    20123.133
   245:    20156.133    20188.133    20222.133    20251.133    20285.133
   250:    20318.133    20349.133    20384.133    20416.133    20447.133
   255:    20484.133    20515.133    20548.133    20580.133    20611.133
   260:    20643.133    20675.133    20744.133    20778.133    20810.133
   265:    20842.133    20876.133    20941.133    20977.133    21007.133
   270:    21041.133    21072.133    21108.133    21138.133    21173.133
   275:    21208.133    21243.133    21278.133    21314.133    21345.133
   280:    21381.133    21419.133    21457.133    21499.133    21535.133
   285:    21582.133    21653.133    21679.133    21715.133    21787.133
   290:    21852.133    21882.133    21919.133    21992.133    22020.133
   295:    22053.133    22085.133    22112.133    22143.133    22171.133
   300:    22206.133    22238.133    22273.133    22311.133    22351.133
   305:    22384.823    22384.920    23884.910    23886.615    27736.625
   310:    27737.715    27940.125    27980.125    28087.125    28120.125
   315:    28152.125    28188.125    28222.125    28248.125    28303.125
   320:    28337.125    28370.125    28398.125    28424.125    28485.125
   325:    28515.125    28539.125    28572.125    28598.125    28625.125
   330:    28658.125    28686.125    28751.125    28784.125    28817.125
   335:    28847.125    28909.125    28941.125    28974.125    29017.125
   340:    29049.125    29080.125    29111.125    29143.125    29174.125
   345:    29203.125    29274.125    29309.125    29356.125    29396.125
   350:    29429.125    29460.125    29505.125    29532.125    29566.125
   355:    29593.125    29628.125    29693.125    29723.125    29756.125
   360:    29782.125    29813.125    29849.125    29877.125    29913.125
   365:    29941.125    29975.125    30003.125    30071.125    30139.125
   370:    30207.125    30241.125    30273.125    30303.125    30370.125
   375:    30406.125    30445.125    30473.125    30514.125    30591.125
   380:    30656.125    30684.125    30719.125    30762.125    30836.125
   385:    30868.125    30941.125    31009.125    31078.125    31193.125
   390:    31231.125    31304.125    31342.125    31377.125    31413.125
   395:    31448.125    31481.125    31512.125    31552.125    31586.125
   400:    31618.725    31618.920    31618.901    31618.095    31918.902
   405:    33418.910    33420.613    35370.623    35371.713    35583.123
   410:    35617.123    35676.123    35706.123    35743.123    35770.123
   415:    35802.123    35828.123    35855.123    35914.123    35953.123
   420:    36014.123    36046.123    36070.123    36101.123    36133.123
   425:    36166.123    36196.123    36224.123    36252.123    36281.123
   430:    36315.123    36344.123    36383.123    36443.123    36474.123
   435:    36543.123    36572.123    36608.123    36647.123    36680.123
   440:    36712.123    36743.123    36777.123    36811.123    36886.123
   445:    36921.123    36954.123    37001.123    37032.123    37113.123
   450:    37148.123    37181.123    37217.123    37255.123    37289.123
   455:    37325.723    37325.920    37325.901    37325.093    37625.902
   460:    39125.910    39127.611    40127.621    40128.711    40351.121
   465:    40389.121    40421.121    40486.121    40520.121    40550.121
   470:    40607.121    40666.121    40691.121    40724.121    40757.121
   475:    40817.121    40850.121    40877.121    40932.121    40965.121
   480:    41032.121    41062.121    41093.121    41125.121    41160.721
   485:    41160.920    41160.901    41160.091    41460.902    42960.910
   490:    42962.611    43962.621    43963.811    44315.131    44350.131
   495:    44379.131    44408.131    44442.131    44465.131    44495.131
   500:    44525.131    44556.131    44649.131    44678.131    44714.131
   505:    44742.131    44804.131    44836.131    44866.131    44895.131
   510:    44927.131    44960.131    44991.131    45095.131    45124.131
   515:    45190.131    45224.131    45253.131    45284.131    45320.131
   520:    45352.131    45386.131    45487.131    45519.131    45592.131
   525:    45659.131    45691.131    45723.131    45792.131    45824.131
   530:    45859.131    45891.131    45921.131    45977.131    46010.131
   535:    46041.131    46073.131    46105.131    46181.131    46218.131
   540:    46251.131    46328.131    46361.131    46392.131    46430.131
   545:    46464.131    46574.131    46604.131    46638.131    46673.131
   550:    46708.131    46744.131    46773.131    46805.131    46835.131
   555:    46938.131    46969.131    47029.131    47067.131    47103.131
   560:    47137.131    47163.821    47163.920    47170.411    48663.910
   565:    48665.614    51415.624    51416.814    51690.134    51732.134
   570:    51808.134    51911.134    51949.134    51983.134    52014.134
   575:    52076.134    52326.134    52363.134    52393.134    52424.134
   580:    52454.134    52487.134    52579.134    52613.134    52640.134
   585:    52709.134    52775.134    52839.134    52911.134    52944.134
   590:    53009.134    53045.134    53079.134    53109.134    53154.134
   595:    53189.134    53291.134    53322.134    53367.134    53401.134
   600:    53429.134    53465.134    53498.134    53533.134    53567.134
   605:    53603.134    53636.134    53674.134    53709.134    53746.134
   610:    53782.134    53813.134    53848.134    53882.134    53913.134
   615:    53949.134    53988.134    54022.134    54055.134    54088.134
   620:    54126.134    54164.134    54198.134    54240.134    54276.134
   625:    54310.134    54384.134    54453.134    54487.134    54516.134
   630:    54548.134    54577.134    54614.134    54645.134    54684.134
   635:    54726.134    54762.134    54794.134    54868.134    54974.134
   640:    55006.134    55053.134    55087.134    55125.134    55158.134
   645:    55192.134    55264.134    55335.134    55374.134    55411.134
   650:    55446.134    55486.134    55530.134    55560.134    55594.134
   655:    55629.134    55669.134    55704.134    55751.134    55788.134
   660:    55860.134    55897.134    55933.134    55973.134    56056.134
   665:    56139.134    56179.134    56256.134    56294.134    56341.134
   670:    56381.134    56487.134    56521.134    56562.134    56667.134
   675:    56706.134    56839.134    56916.824    56916.920    58416.910
   680:    58418.615    62268.625    62269.815    62820.135    62854.135
   685:    62926.135    62956.135    63039.135    63072.135    63102.135
   690:    63128.135    63158.135    63191.135    63217.135    63254.135
   695:    63284.135    63354.135    63390.135    63425.135    63457.135
   700:    63487.135    63522.135    63555.135    63590.135    63626.135
   705:    63656.135    63730.135    63809.135    63840.135    63874.135
   710:    63909.135    63941.135    63975.135    64041.135    64113.135
   715:    64152.135    64190.135    64224.135    64257.135    64296.135
   720:    64330.135    64366.135    64402.135    64473.135    64506.135
   725:    64545.135    64582.135    64620.135    64688.135    64764.135
   730:    64794.135    64832.135    64870.135    64901.135    64938.135
   735:    64969.135    65042.135    65078.135    65114.135    65196.135
   740:    65233.135    65347.135    65384.135    65418.135    65454.135
   745:    65530.135    65564.135    65599.135    65651.135    65719.135
   750:    65752.135    65825.135    65904.135    65948.135    66021.135
   755:    66060.135    66202.135    66306.135    66384.135    66394.135
   760:    66467.135    66474.135    66543.135    66601.135    67160.135
   765:    67201.135    67326.135    67461.135    67560.135    67916.135
   770:    68010.135    68051.135    68143.135    68173.135    68250.135
   775:    68260.135    68293.135    68336.135    68374.135    68416.135
   780:    68488.135    68547.135    68586.135    68697.135    68797.135
   785:    68887.135    68926.135    68969.135    69012.135    69050.135
   790:    69318.135    69460.135    69969.825    69969.920    71469.910
   795:    71471.611    72471.621    72472.711    72660.121    72912.121
   800:    72992.121    73017.121    73045.121    73094.121    73120.121
   805:    73151.121    73184.121    73214.121    73255.121    73296.121
   810:    73330.121    73366.121    73402.121    73438.121    73485.721
   815:    73485.920    73485.901    73485.091    73785.902    75285.910
   820:    75287.614    78037.624    78038.714    78693.124    78731.124
   825:    78782.124    78846.124    79005.124    79048.124    79082.124
   830:    79157.124    79229.124    79264.124    79299.124    79334.124
   835:    79363.124    79394.124    79425.124    79464.124    79541.124
   840:    79577.124    79612.124    79648.124    79684.124    79720.124
   845:    79789.124    79860.124    79894.124    79931.124    79970.124
   850:    80041.124    80077.124    80110.124    80148.124    80185.124
   855:    80219.124    80294.124    80329.124    80406.124    80443.124
   860:    80478.124    80514.124    80592.124    80628.124    80666.124
   865:    80698.124    80735.124    80768.124    80805.724    80805.920
   870:    80805.901    80805.094    81105.902    82605.910    82607.612
   875:    84007.622    84008.712    84345.122    84446.122    84554.122
   880:    84623.122    84691.122    84834.122    84878.122    85019.122
   885:    85092.122    85132.122    85232.122    85241.122    85275.122
   890:    85308.122    85347.122    85425.722    85425.920    85425.901
   895:    85425.092    85725.902    87225.910    87227.613    89177.623
   900:    89178.713    89512.123    89550.123    89684.123    89743.123
   905:    90023.123    90063.123    90094.123    90129.123    90235.123
   910:    90269.123    90303.123    90339.123    90372.123    90406.123
   915:    90468.123    90503.123    90535.123    90576.123    90651.123
   920:    90687.123    90721.123    90756.123    90793.123    90830.123
   925:    90907.123    90944.123    91096.123    91130.723    91130.920
   930:    91130.901    91130.093    91430.902    92930.910    92932.614
   935:    95682.624    95683.714    96638.124    96684.124    96750.124
   940:    96793.124    96863.124    96900.124    97007.124    97046.124
   945:    97121.124    97151.124    97181.124    97214.124    97251.124
   950:    97329.124    97366.124    97400.124    97442.124    97481.124
   955:    97513.124    97552.124    97588.124    97624.124    97662.124
   960:    97697.124    97736.124    97772.124    97808.124    97846.124
   965:    97905.124    97941.124    97986.124    98022.124    98055.124
   970:    98099.124    98133.124    98167.124    98204.124    98245.124
   975:    98291.124    98327.124    98359.124    98429.124    98463.724
   980:    98463.920    98463.901    98463.094    98763.902   100263.910
   985:   100265.614   103015.624   103016.714   103334.124   103444.124
   990:   103487.124   103593.124   103763.124   103801.124   103869.124
   995:   103974.124   104051.124   104232.124   104265.124   104347.124
  1000:   104384.124   104421.124   104494.124   104530.124   104540.124
  1005:   104576.124   104609.124   104640.124   104675.124   104711.124
  1010:   104744.124   104783.124   104815.124   104854.124   104888.124
  1015:   104927.124   104969.124   105005.124   105040.124   105075.124
  1020:   105112.124   105150.124   105184.124   105219.124   105257.124
  1025:   105291.124   105324.124   105366.124   105406.124   105446.124
  1030:   105480.124   105517.124   105598.124   105634.124   105668.124
  1035:   105706.124   105744.124   105820.724   105820.920   105820.901
  1040:   105820.094   106120.902   107620.910   107622.615   111472.625
  1045:   111473.715   112061.125   112103.125   112236.125   112280.125
  1050:   112330.125   112430.125   112464.125   112542.125   112578.125
  1055:   112614.125   112685.125   112727.125   112765.125   112798.125
  1060:   112874.125   112915.125   112951.125   112986.125   113069.125
  1065:   113106.125   113142.125   113179.125   113215.125   113249.125
  1070:   113286.125   113360.125   113393.125   113427.125   113464.125
  1075:   113498.125   113530.125   113565.125   113605.125   113641.125
  1080:   113680.125   113720.125   113756.125   113843.125   113881.125
  1085:   113915.125   113953.125   113990.125   114061.125   114097.125
  1090:   114130.125   114166.125   114204.125   114251.125   114290.125
  1095:   114327.125   114363.125   114398.125   114434.125   114471.125
  1100:   114515.125   114552.125   114592.125   114631.125   114672.125
  1105:   114783.125   114814.125   114847.125   114880.125   114914.125
  1110:   114948.125   114986.125   115067.125   115101.125   115137.125
  1115:   115288.125   115326.725   115326.920   115326.901   115326.095
  1120:   115626.902   117126.910   117128.611   118128.621   118129.711
  1125:   118405.121   118446.121   118486.121   118558.121   118588.121
  1130:   118618.121   118649.121   118682.121   118713.121   118746.121
  1135:   118777.121   118807.121   118840.121   118869.121   118902.121
  1140:   118942.121   119016.121   119046.121   119079.121   119112.121
  1145:   119147.721   119147.920   119147.901   119147.091   119447.902
  1150:   120947.910   120949.612   122349.622   122350.712   122547.122
  1155:   122621.122   122657.122   122691.122   122732.122   122771.122
  1160:   122803.122   122837.122   122878.122   122910.122   122988.122
  1165:   123020.122   123057.122   123091.122   123128.122   123164.122
  1170:   123242.122   123274.122   123311.122   123349.122   123390.122
  1175:   123428.122   123464.122   123499.122   123536.122   123578.122
  1180:   123619.122   123657.122   123691.122   123724.122   123757.722
  1185:   123757.920   123757.901   123757.092   124057.902   125557.910
  1190:   125559.613   127509.623   127510.713   127790.123   127860.123
  1195:   127934.123   127972.123   128010.123   128041.123   128084.123
  1200:   128114.123   128143.123   128183.123   128217.123   128254.123
  1205:   128320.123   128353.123   128393.123   128431.123   128467.123
  1210:   128501.123   128573.123   128613.123   128654.123   128693.123
  1215:   128728.123   128768.123   128847.123   128884.123   128959.123
  1220:   128998.123   129034.123   129071.123   129146.123   129183.123
  1225:   129221.123   129297.123   129343.123   129387.123   129428.123
  1230:   129464.723   129464.920   129464.901   129464.093   129764.902
  1235:   131264.910   131266.614   134016.624   134017.714   134572.124
  1240:   134617.124   134664.124   134707.124   134747.124   134786.124
  1245:   134831.124   134869.124   134915.124   134956.124   134998.124
  1250:   135047.124   135087.124   135130.124   135164.124   135202.124
  1255:   135235.124   135273.124   135310.124   135351.124   135385.124
  1260:   135421.124   135462.124   135497.124   135536.124   135576.124
  1265:   135611.124   135651.124   135688.124   135730.124   135768.124
  1270:   135809.124   135849.124   135887.124   135923.124   135961.124
  1275:   136004.124   136042.124   136087.124   136130.124   136174.124
  1280:   136223.124   136273.124   136316.124   136365.124   136411.124
  1285:   136457.124   136504.124   136605.124   136644.124   136715.124
  1290:   136757.124   136796.724   136796.920   136796.901   136796.094
  1295:   137096.902   138596.910   138598.611   139598.621   139599.811
  1300:   139876.131   139922.131   140016.131   140052.131   140091.131
  1305:   140132.131   140166.131   140200.131   140240.131   140277.131
  1310:   140309.131   140346.131   140381.131   140420.131   140458.131
  1315:   140492.131   140530.131   140564.131   140602.131   140640.131
  1320:   140677.131   140712.131   140750.131   140785.131   140822.131
  1325:   140861.131   140900.131   140938.131   140977.131   141020.131
  1330:   141061.131   141104.131   141146.131   141184.131   141229.131
  1335:   141273.131   141319.131   141367.131   141410.131   141450.131
  1340:   141495.131   141539.131   141629.131   141667.131   141709.131
  1345:   141800.131   141840.131   141888.131   141932.131   141969.131
  1350:   142007.131   142050.131   142095.131   142142.131   142186.131
  1355:   142224.131   142262.131   142319.131   142363.131   142411.131
  1360:   142454.131   142498.131   142543.131   142585.131   142633.131
  1365:   142674.131   142715.131   142752.131   142799.821   142799.920
  1370:   142804.411   144299.910   144301.614   147051.624   147052.714
  1375:   147552.124   147605.124   147684.124   147784.124   147859.124
  1380:   147977.124   148027.124   148071.124   148162.124   148352.124
  1385:   148434.124   148557.124   148594.124   148633.124   148676.124
  1390:   148724.124   148763.124   148808.124   148852.124   148897.124
  1395:   148945.124   148990.124   149034.124   149078.124   149119.124
  1400:   149162.124   149245.124   149284.124   149326.124   149373.124
  1405:   149464.124   149505.124   149550.124   149591.124   149630.124
  1410:   149667.124   149710.124   149749.124   149788.124   149880.724
  1415:   149880.920   149880.901   149880.094   150180.902   151680.910
  1420:   151682.615   155532.625   155533.715   155718.125   155955.125
  1425:   156068.125   156112.125   156164.125   156241.125   156331.125
  1430:   156373.125   156415.125   156443.125   156479.125   156522.125
  1435:   156560.125   156608.125   156686.125   156725.125   156807.125
  1440:   156842.125   156918.125   156955.125   156991.125   157036.125
  1445:   157076.125   157115.125   157149.125   157187.125   157229.125
  1450:   157268.125   157310.125   157346.125   157382.125   157463.125
  1455:   157505.125   157539.125   157616.125   157650.125   157687.125
  1460:   157722.125   157733.125   157770.125   157808.125   157915.125
  1465:   157999.125   158038.125   158074.125   158110.125   158147.125
  1470:   158183.125   158217.125   158252.125   158288.125   158325.125
  1475:   158365.125   158406.125   158444.125   158506.125   158551.125
  1480:   158588.125   158625.125   158663.125   158704.125   158746.125
  1485:   158901.125   158938.125   158973.125   159007.125   159048.125
  1490:   159086.125   159131.125   159176.125   159218.125   159258.125
  1495:   159297.125   159333.125   159367.125   159408.725   159408.920
  1500:   159408.901   159408.095   159708.902   161208.910   161210.611
  1505:   162210.621   162211.711   162491.121   162536.121   162677.121
  1510:   162745.121   162784.121   162837.121   162873.121   162905.121
  1515:   162935.121   162967.121   163025.121   163055.121   163087.121
  1520:   163117.121   163148.121   163288.721   163288.920   163288.901
  1525:   163288.091   163588.902   165088.910   165090.612   166490.622
  1530:   166491.712   166980.122   167017.122   167125.122   167207.122
  1535:   167245.122   167272.122   167302.122   167330.122   167358.122
  1540:   167388.122   167417.122   167450.122   167479.122   167511.122
  1545:   167543.122   167580.122   167611.122   167645.122   167680.122
  1550:   167714.122   167751.122   167787.122   167823.122   167862.122
  1555:   167901.722   167901.920   167901.901   167901.092   168201.902
  1560:   169701.910   169703.613   171653.623   171654.713   172294.123
  1565:   172367.123   172411.123   172453.123   172585.123   172658.123
  1570:   172719.123   172754.123   172834.123   172958.123   172995.123
  1575:   173108.123   173154.123   173193.123   173225.123   173338.123
  1580:   173373.123   173407.123   173445.123   173528.123   173573.123
  1585:   173607.723   173607.920   173607.901   173607.093   173907.902
  1590:   175407.910   175409.614   178159.624   178160.714   179130.124
  1595:   179228.124   179352.124   179497.124   179539.124   179620.124
  1600:   179719.124   179886.124   179958.124   180048.124   180136.124
  1605:   180174.124   180215.124   180298.124   180348.124   180387.124
  1610:   180502.124   180542.124   180578.124   180614.124   180656.124
  1615:   180693.124   180770.124   180810.124   180846.124   180880.124
  1620:   180920.724   180920.920   180920.901   180920.094   181220.902
  1625:   182720.910   182722.615   186572.625   186573.715   186933.125
  1630:   186983.125   187107.125   187271.125   187432.125   187544.125
  1635:   187655.125   187774.125   187813.125   187926.125   187964.125
  1640:   188082.125   188154.125   188277.125   188314.125   188350.125
  1645:   188394.125   188433.125   188504.125   188541.125   188578.125
  1650:   188616.125   188654.125   188693.125   188772.125   188783.125
  1655:   188824.125   188904.125   188944.125   188981.125   189058.125
  1660:   189096.125   189138.125   189178.125   189215.125   189251.125
  1665:   189292.125   189331.125   189404.125   189440.125   189475.125
  1670:   189510.125   189552.125   189589.125   189633.125   189675.125
  1675:   189713.125   189749.125   189791.125   189830.125   189871.125
  1680:   189904.125   189940.125   189981.125   190022.125   190062.125
  1685:   190098.125   190135.125   190169.125   190208.125   190249.125
  1690:   190284.125   190321.125   190366.125   190410.125   190459.725
  1695:   190459.920   190459.901   190459.095   190759.902   192259.910
  1700:   192261.615   196111.625   196112.715   196722.125   196770.125
  1705:   196815.125   196931.125   197155.125   197325.125   197363.125
  1710:   197567.125   197609.125   197690.125   197731.125   197814.125
  1715:   197896.125   197935.125   198013.125   198049.125   198076.125
  1720:   198107.125   198142.125   198180.125   198223.125   198303.125
  1725:   198340.125   198377.125   198414.125   198454.125   198495.125
  1730:   198533.125   198569.125   198612.125   198652.125   198691.125
  1735:   198727.125   198769.125   198806.125   198842.125   198920.125
  1740:   198955.125   198993.125   199030.125   199102.125   199139.125
  1745:   199189.125   199233.125   199271.125   199306.125   199342.125
  1750:   199383.125   199426.125   199462.125   199498.125   199532.125
  1755:   199571.125   199609.125   199648.125   199688.125   199731.125
  1760:   199766.125   199804.125   199848.125   199933.125   199976.725
  1765:   199976.920   199976.901   199976.095   200276.902   201776.910
  1770:   201778.612   203178.622   203179.812   203500.132   203569.132
  1775:   203610.132   203646.132   203681.132   203790.132   203826.132
  1780:   203859.132   203892.132   203921.132   203951.132   203985.132
  1785:   203993.132   204063.132   204094.132   204126.132   204160.132
  1790:   204194.132   204231.132   204266.132   204301.132   204338.132
  1795:   204376.132   204414.132   204454.132   204493.132   204534.132
  1800:   204618.132   204685.132   204729.132   204811.132   204850.132
  1805:   204930.132   204967.132   205002.132   205083.132   205125.132
  1810:   205164.132   205198.132   205235.132   205269.132   205305.132
  1815:   205345.132   205385.132   205422.132   205459.132   205502.132
  1820:   205544.132   205582.132   205621.132   205656.132   205694.132
  1825:   205739.132   205776.132   205814.132   205857.132   205895.132
  1830:   205934.132   205975.132   206018.132   206055.132   206098.132
  1835:   206170.132   206210.132   206252.132   206363.132   206443.132
  1840:   206519.132   206559.132   206598.132   206636.132   206677.132
  1845:   206717.132   206765.132   206779.822   206779.920   208279.910
  1850:   208281.613   210231.623   210232.713   210742.123   210799.123
  1855:   211043.123   211128.123   211312.123   211320.123   211421.123
  1860:   211450.123   211479.123   211510.123   211597.123   211670.123
  1865:   211750.123   211832.123   211872.123   211910.123   211986.123
  1870:   212025.123   212063.123   212101.123   212108.123   212147.123
  1875:   212185.723   212185.920   212185.901   212185.093   212485.902
  1880:   213985.910   213987.611   214987.621   214988.811   215164.131
  1885:   215209.131   215247.131   215321.131   215351.131   215387.131
  1890:   215421.131   215457.131   215486.131   215521.131   215558.131
  1895:   215616.131   215645.131   215677.131   215708.131   215743.131
  1900:   215778.131   215809.131   215841.131   215870.131   215899.131
  1905:   215930.131   215993.131   216026.131   216059.131   216090.131
  1910:   216123.131   216159.131   216193.131   216232.131   216310.131
  1915:   216354.131   216391.131   216476.131   216511.131   216546.131
  1920:   216585.131   216625.131   216666.131   216708.131   216775.131
  1925:   216809.131   216879.131   216911.131   216953.131   216995.131
  1930:   217036.131   217071.131   217110.131   217259.131   217295.131
  1935:   217336.131   217377.131   217419.131   217464.131   217542.131
  1940:   217581.131   217617.131   217654.131   217693.131   217774.131
  1945:   217809.131   217847.131   217882.131   217922.131   217964.131
  1950:   218010.131   218048.131   218126.131   218169.131   218188.821
  1955:   218188.920   219688.910   219690.612   221090.622   221091.712
  1960:   221706.122   221753.122   221837.122   221873.122   221968.122
  1965:   222054.122   222128.122   222159.122   222192.122   222223.122
  1970:   222250.122   222283.122   222320.122   222391.122   222420.122
  1975:   222454.122   222492.722   222492.920   222492.901   222492.092
  1980:   222792.902   224292.910   224294.614   227044.624   227045.814
  1985:   228046.134   228123.134   228166.134   228234.134   228393.134
  1990:   228518.134   228558.134   228638.134   228702.134   228775.134
  1995:   228848.134   228889.134   228928.134   228963.134   229002.134
  2000:   229075.134   229111.134   229257.134   229297.134   229338.134
  2005:   229373.134   229413.134   229448.134   229484.134   229525.134
  2010:   229566.134   229603.134   229672.134   229713.134   229786.134
  2015:   229824.134   229869.134   229904.134   229940.134   229973.134
  2020:   230010.134   230048.134   230088.134   230122.134   230153.134
  2025:   230264.134   230302.134   230379.134   230413.134   230446.134
  2030:   230520.134   230557.134   230597.134   230631.134   230698.134
  2035:   230735.134   230809.134   230870.134   230943.134   230979.134
  2040:   231019.134   231057.134   231088.134   231156.134   231193.134
  2045:   231297.134   231332.134   231366.134   231405.134   231439.134
  2050:   231473.134   231507.134   231537.134   231574.134   231612.134
  2055:   231654.134   231693.134   231729.134   231771.134   231808.134
  2060:   231873.134   231917.134   231952.134   232041.134   232235.134
  2065:   232545.824   232545.920   234045.910   234047.612   235447.622
  2070:   235448.712   235859.122   235889.122   235957.122   235985.122
  2075:   236020.122   236046.122   236076.122   236106.122   236166.122
  2080:   236198.122   236226.122   236256.122   236282.122   236342.122
  2085:   236376.122   236436.122   236479.122   236511.122   236538.122
  2090:   236570.122   236678.122   236745.122   236781.122   236822.122
  2095:   236856.722   236856.920   236856.901   236856.092   237156.902
  2100:   238656.910   238658.615   242508.625   242509.715   244057.125
  2105:   244200.125   244238.125   244345.125   244382.125   244406.125
  2110:   244471.125   244504.125   244536.125   244576.125   244656.125
  2115:   244686.125   244766.125   244799.125   244855.125   244890.125
  2120:   244928.125   244967.125   245006.125   245084.125   245117.125
  2125:   245193.125   245228.125   245267.125   245299.125   245380.125
  2130:   245415.125   245448.125   245484.125   245521.125   245533.125
  2135:   245578.125   245615.125   245648.125   245684.125   245714.125
  2140:   245748.125   245787.125   245888.125   245926.125   246002.125
  2145:   246067.125   246136.125   246170.125   246234.125   246262.125
  2150:   246297.125   246333.125   246367.725   246367.920   246367.901
  2155:   246367.095   246667.902   248167.910   248169.614   250919.624
  2160:   250920.714   251655.124   251699.124   251763.124   251872.124
  2165:   251913.124   251987.124   252025.124   252068.124   252163.124
  2170:   252172.124   252336.124   252411.124   252447.124   252480.124
  2175:   252556.124   252591.124   252648.124   252808.124   252851.124
  2180:   252887.124   252959.124   253071.124   253102.124   253128.124
  2185:   253195.124   253231.124   253238.124   253274.124   253312.124
  2190:   253347.124   253428.124   253462.124   253501.124   253603.124
  2195:   253639.124   253671.724   253671.920   253671.901   253671.094
  2200:   253971.902   255471.910   255473.614   258223.624   258224.814
  2205:   258928.134   259001.134   259037.134   259136.134   259171.134
  2210:   259221.134   259298.134   259367.134   259400.134   259411.134
  2215:   259446.134   259637.134   259736.134   259831.134   259860.134
  2220:   259940.134   259977.134   260015.134   260127.134   260158.134
  2225:   260192.134   260265.134   260299.134   260311.134   260345.134
  2230:   260382.134   260451.134   260527.134   260560.134   260703.134
  2235:   260810.134   260847.134   260878.134   260913.134   260947.134
  2240:   261054.134   261093.134   261127.134   261163.134   261197.134
  2245:   261272.134   261305.134   261341.134   261380.134   261415.134
  2250:   261453.134   261492.134   261525.134   261561.134   261635.134
  2255:   261666.134   261698.134   261735.134   261772.134   261811.134
  2260:   261875.134   261908.134   261943.134   261976.134   262012.134
  2265:   262049.134   262081.134   262118.134   262193.134   262224.134
  2270:   262259.134   262331.134   262369.134   262475.134   262513.134
  2275:   262758.134   262767.134   263544.134   263577.134   263655.134
  2280:   263724.824   263724.920   265224.910   265226.611   266226.621
  2285:   266227.711   266429.121   266562.121   266596.121   266628.121
  2290:   266685.121   266716.121   266743.121   266779.121   266807.121
  2295:   266836.121   266892.121   266952.121   266985.121   267010.121
  2300:   267042.121   267073.121   267100.121   267130.121   267201.121
  2305:   267237.721   267237.920   267237.901   267237.091   267537.902
  2310:   269037.910   269039.614   271789.624   271790.714   272332.124
  2315:   272467.124   272557.124   272593.124   272626.124   272734.124
  2320:   272821.124   272861.124   272936.124   272976.124   273059.124
  2325:   273090.124   273121.124   273163.124   273203.124   273231.124
  2330:   273300.124   273365.124   273398.124   273470.124   273505.124
  2335:   273542.124   273648.124   273713.124   273749.124   273782.124
  2340:   273819.124   273856.124   273891.124   273928.124   273963.124
  2345:   274001.124   274040.124   274071.124   274079.124   274116.124
  2350:   274156.124   274193.124   274226.124   274291.124   274327.124
  2355:   274368.124   274404.124   274443.124   274482.124   274513.124
  2360:   274553.724   274553.920   274553.901   274553.094   274853.902
  2365:   276353.910   276355.615   280205.625   280206.715   281921.125
  2370:   282038.125   282112.125   282216.125   282253.125   282284.125
  2375:   282314.125   282356.125   282467.125   282491.125   282528.125
  2380:   282608.125   282647.125   282685.125   282721.125   282754.125
  2385:   282832.125   282996.125   283033.125   283110.125   283155.125
  2390:   283188.125   283268.125   283305.125   283340.125   283403.125
  2395:   283485.125   283522.125   283598.125   283643.125   283681.125
  2400:   283711.125   283744.125   283779.125   283864.125   283902.125
  2405:   283935.125   283965.125   283976.125   284012.125   284051.125
  2410:   284125.725   284125.920   284125.901   284125.095   284425.902
  2415:   285925.910   285927.615   289777.625   289778.715   290150.125
  2420:   290498.125   290715.125   290795.125   290914.125   290926.125
  2425:   290996.125   291074.125   291109.125   291185.125   291283.125
  2430:   291320.125   291355.125   291391.125   291433.125   291474.125
  2435:   291574.125   291614.125   291654.125   291724.125   291754.125
  2440:   291827.125   291869.125   291906.125   291940.125   292021.125
  2445:   292060.125   292132.125   292173.125   292241.125   292313.125
  2450:   292350.125   292489.125   292523.125   292557.125   292587.125
  2455:   292623.125   292657.125   292690.125   292731.125   292767.125
  2460:   292797.125   292904.125   292980.125   293007.125   293039.125
  2465:   293070.125   293103.125   293141.125   293178.125   293217.125
  2470:   293256.125   293292.125   293327.125   293372.125   293441.125
  2475:   293478.125   293517.125   293552.125   293590.125   293631.725
  2480:   293631.920   293631.901   293631.095   293931.902   295431.910
  2485:   295433.611   296433.621   296434.711   296695.121   296774.121
  2490:   296820.121   296859.121   296915.121   296940.121   296968.121
  2495:   296997.121   297030.121   297060.121   297123.121   297151.121
  2500:   297186.121   297217.121   297244.121   297276.121   297306.121
  2505:   297336.121   297366.121   297432.121   297462.721   297462.920
  2510:   297462.901   297462.091   297762.902   299262.910   299264.613
  2515:   301214.623   301215.713   301365.123   301429.123   301469.123
  2520:   301604.123   301749.123   301852.123   301885.123   301936.123
  2525:   301961.123   301988.123   302045.123   302076.123   302101.123
  2530:   302132.123   302166.123   302203.123   302241.123   302282.123
  2535:   302324.123   302362.123   302401.123   302444.123   302483.123
  2540:   302526.123   302568.123   302611.123   302652.123   302698.123
  2545:   302739.123   302781.123   302823.123   302862.123   302901.123
  2550:   302948.123   302987.123   303024.123   303063.123   303101.123
  2555:   303143.123   303186.723   303186.920   303186.901   303186.093
  2560:   303486.902   304986.910   304988.613   306938.623   306939.713
  2565:   307248.123   307318.123   307364.123   307402.123   307462.123
  2570:   307534.123   307572.123   307604.123   307631.123   307664.123
  2575:   307703.123   307779.123   307822.123   307858.123   307930.123
  2580:   307964.123   308077.123   308119.123   308154.123   308187.123
  2585:   308261.123   308297.123   308335.123   308372.123   308406.123
  2590:   308440.123   308474.123   308503.123   308567.123   308648.123
  2595:   308684.123   308718.123   308757.123   308793.123   308825.123
  2600:   308857.123   308895.723   308895.920   308895.901   308895.093
  2605:   309195.902   310695.910   310697.611   311697.621   311698.711
  2610:   311772.121   311899.121   312018.121   312131.121   312167.121
  2615:   312200.121   312229.121   312260.121   312283.121   312312.121
  2620:   312337.121   312402.121   312436.121   312464.121   312495.121
  2625:   312527.121   312568.121   312603.121   312640.121   312672.121
  2630:   312713.721   312713.920   312713.901   312713.091   313013.902
  2635:   314513.910   314515.612   315915.622   315916.712   316022.122
  2640:   316137.122   316208.122   316252.122   316290.122   316317.122
  2645:   316386.122   316416.122   316448.122   316485.122   316516.122
  2650:   316552.122   316628.122   316663.122   316698.122   316736.122
  2655:   316773.122   316811.122   316843.122   316878.122   316913.122
  2660:   316985.122   317025.122   317098.122   317136.122   317144.122
  2665:   317182.122   317215.122   317252.122   317287.122   317320.722
  2670:   317320.920   317320.901   317320.092   317620.902   319120.910
  2675:   319122.614   321872.624   321873.714   321955.124   322000.124
  2680:   322075.124   322198.124   322349.124   322390.124   322525.124
  2685:   322562.124   322608.124   322653.124   322696.124   322727.124
  2690:   322761.124   322793.124   322861.124   322890.124   322925.124
  2695:   322967.124   323002.124   323086.124   323121.124   323150.124
  2700:   323183.124   323222.124   323255.124   323291.124   323334.124
  2705:   323369.124   323404.124   323441.124   323484.124   323519.124
  2710:   323528.124   323570.124   323609.124   323649.124   323715.124
  2715:   323782.124   323817.124   323852.124   323890.124   323926.124
  2720:   323963.124   324010.124   324047.124   324084.124   324128.124
  2725:   324199.124   324234.124   324268.124   324304.124   324345.124
  2730:   324386.124   324424.124   324462.124   324498.124   324538.124
  2735:   324576.124   324613.124   324654.724   324654.920   324654.901
  2740:   324654.094   324954.902   326454.910   326456.614   329206.624
  2745:   329207.714   329543.124   329701.124   329767.124   330000.124
  2750:   330073.124   330112.124   330152.124   330186.124   330229.124
  2755:   330275.124   330312.124   330426.124   330460.124   330536.124
  2760:   330609.124   330643.124   330762.124   330800.124   330836.124
  2765:   330871.124   330932.124   331011.124   331047.124   331083.124
  2770:   331120.124   331157.124   331193.124   331231.124   331270.124
  2775:   331304.124   331340.124   331378.124   331416.124   331451.124
  2780:   331489.124   331531.124   331572.124   331607.124   331682.124
  2785:   331717.124   331754.124   331795.124   331829.124   331867.124
  2790:   331898.124   331936.124   331971.724   331971.920   331971.901
  2795:   331971.094   332271.902   333771.910   333773.615   337623.625
  2800:   337624.715   338220.125   338745.125   338930.125   339209.125
  2805:   339243.125   339273.125   339303.125   339332.125   339459.125
  2810:   339491.125   339525.125   339565.125   339677.125   339788.125
  2815:   339815.125   339846.125   339887.125   339919.125   339955.125
  2820:   339998.125   340039.125   340077.125   340151.125   340190.125
  2825:   340225.125   340263.125   340313.125   340351.125   340461.125
  2830:   340502.125   340540.125   340575.125   340614.125   340690.125
  2835:   340725.125   340763.125   340801.125   340839.125   340881.125
  2840:   340915.125   340958.125   340992.125   341031.125   341108.125
  2845:   341143.125   341182.125   341217.125   341255.125   341324.125
  2850:   341364.125   341404.125   341447.125   341484.725   341484.920
  2855:   341484.901   341484.095   341784.902   343284.910   343286.615
  2860:   347136.625   347137.715   348707.125   348827.125   348867.125
  2865:   348942.125   349004.125   349076.125   349116.125   349152.125
  2870:   349245.125   349456.125   349501.125   349532.125   349568.125
  2875:   349608.125   349644.125   349680.125   349709.125   349756.125
  2880:   349798.125   349835.125   349871.125   349904.125   349946.125
  2885:   349985.125   350022.125   350062.125   350099.125   350143.125
  2890:   350180.125   350212.125   350251.125   350287.125   350329.125
  2895:   350368.125   350402.125   350436.125   350484.125   350521.125
  2900:   350562.125   350602.125   350635.125   350672.125   350708.125
  2905:   350742.125   350776.125   350813.125   350854.125   350893.125
  2910:   350932.125   350972.125   351008.725   351008.920   351008.901
  2915:   351008.095   351308.902   352808.910   352810.614   355560.624
  2920:   355561.714   356319.124   356504.124   356545.124   356582.124
  2925:   356668.124   356806.124   356871.124   356901.124   357007.124
  2930:   357042.124   357122.124   357155.124   357182.124   357214.124
  2935:   357246.124   357281.124   357356.124   357391.124   357424.124
  2940:   357498.124   357531.124   357607.124   357643.124   357683.124
  2945:   357716.124   357752.124   357797.124   357834.124   357868.124
  2950:   357903.124   357937.124   357975.124   358016.124   358054.124
  2955:   358089.124   358133.124   358170.124   358204.124   358240.124
  2960:   358279.124   358318.724   358318.920   358318.901   358318.094
  2965:   358618.902   360118.910   360120.615   363970.625   363971.715
  2970:   364789.125   364853.125   364907.125   364988.125   365132.125
  2975:   365168.125   365203.125   365238.125   365331.125   365425.125
  2980:   365498.125   365526.125   365561.125   365606.125   365644.125
  2985:   365676.125   365794.125   365915.125   365950.125   366031.125
  2990:   366064.125   366093.125   366127.125   366161.125   366192.125
  2995:   366234.125   366273.125   366313.125   366353.125   366395.125
  3000:   366439.125   366477.125   366517.125   366601.125   366674.125
  3005:   366711.125   366789.125   366861.125   366895.125   366981.125
  3010:   367020.125   367056.125   367090.125   367124.125   367160.125
  3015:   367194.125   367228.125   367269.125   367311.125   367349.125
  3020:   367429.125   367464.125   367499.125   367539.125   367573.125
  3025:   367607.125   367642.125   367681.125   367717.125   367753.125
  3030:   367832.725   367832.920   367832.901   367832.095   368132.902
  3035:   369632.910   369634.612   371034.622   371035.712   371273.122
  3040:   371327.122   371367.122   371398.122   371445.122   371487.122
  3045:   371518.122   371551.122   371589.122   371624.122   371661.122
  3050:   371696.122   371733.122   371770.122   371807.122   371849.122
  3055:   371885.122   371919.122   371954.122   371991.122   372033.122
  3060:   372073.122   372108.122   372146.122   372184.122   372223.122
  3065:   372259.122   372302.122   372347.122   372392.122   372430.122
  3070:   372527.722   372527.920   372527.901   372527.092   372827.902
  3075:   374327.910   374329.614   377079.624   377080.714   377519.124
  3080:   377651.124   377747.124   377854.124   377890.124   378016.124
  3085:   378053.124   378089.124   378165.124   378277.124   378307.124
  3090:   378344.124   378451.124   378481.124   378517.124   378557.124
  3095:   378599.124   378632.124   378664.124   378705.124   378746.124
  3100:   378787.124   378823.124   378856.124   378891.124   378928.124
  3105:   378969.124   379005.124   379040.124   379082.124   379119.124
  3110:   379153.124   379188.124   379223.124   379261.124   379300.124
  3115:   379339.124   379380.124   379417.124   379455.124   379527.124
  3120:   379568.124   379651.124   379694.124   379730.124   379810.124
  3125:   379847.724   379847.920   379847.901   379847.094   380147.902
  3130:   381647.910   381649.613   383599.623   383600.713   383829.123
  3135:   383980.123   384023.123   384190.123   384199.123   384241.123
  3140:   384271.123   384346.123   384379.123   384499.123   384534.123
  3145:   384653.123   384687.123   384801.123   384837.123   384871.123
  3150:   384903.123   384940.123   384983.123   385027.123   385064.123
  3155:   385116.123   385153.123   385188.123   385220.123   385258.123
  3160:   385337.123   385372.123   385406.123   385440.123   385477.123
  3165:   385515.123   385549.123   385585.723   385585.920   385585.901
  3170:   385585.093   385885.902   387385.910   387387.612   388787.622
  3175:   388788.712   389008.122   389050.122   389129.122   389227.122
  3180:   389261.122   389329.122   389358.122   389390.122   389420.122
  3185:   389453.122   389482.122   389514.122   389542.122   389581.122
  3190:   389615.122   389649.122   389730.122   389766.122   389800.122
  3195:   389837.122   389872.122   389905.122   389946.122   389982.122
  3200:   390017.122   390095.122   390136.122   390174.122   390211.722
  3205:   390211.920   390211.901   390211.092   390511.902   392011.910
  3210:   392013.612   393413.622   393414.712   393648.122   393688.122
  3215:   393760.122   393835.122   393881.122   393992.122   394019.122
  3220:   394055.122   394128.122   394158.122   394189.122   394219.122
  3225:   394288.122   394320.122   394350.122   394386.122   394419.122
  3230:   394456.122   394489.122   394525.122   394558.122   394597.122
  3235:   394629.122   394664.122   394698.122   394779.122   394817.722
  3240:   394817.920   394817.901   394817.092   395117.902   396617.910
  3245:   396619.613   398569.623   398570.813   398873.133   398989.133
  3250:   399038.133   399212.133   399430.133   399470.133   399549.133
  3255:   399638.133   399722.133   399768.133   399827.133   399859.133
  3260:   399893.133   399922.133   400030.133   400067.133   400173.133
  3265:   400208.133   400240.133   400281.133   400316.133   400351.133
  3270:   400386.133   400422.133   400462.133   400499.133   400532.133
  3275:   400567.133   400606.133   400646.133   400685.133   400720.133
  3280:   400793.133   400829.133   400865.133   400898.133   401021.133
  3285:   401062.133   401112.133   401148.133   401182.133   401215.133
  3290:   401286.133   401323.133   401358.133   401438.133   401548.133
  3295:   401599.133   401633.133   401668.133   401707.133   401740.133
  3300:   401776.133   401814.133   401855.133   401895.133   401934.133
  3305:   401971.133   402015.133   402052.133   402087.133   402162.133
  3310:   402197.133   402279.133   402323.133   402404.133   402448.133
  3315:   402652.133   402711.133   402770.823   402770.920   404270.910
  3320:   404272.613   406222.623   406223.713   408213.723   408213.920
  3325:   408213.901   408213.093   408513.902   410013.910   410015.613
  3330:   411965.623   411966.713   412188.123   412227.123   412506.123
  3335:   412914.123   413028.123   413130.123   413212.123   413253.123
  3340:   413296.123   413342.123   413383.123   413420.123   413458.123
  3345:   413644.123   413684.123   413719.123   413762.123   413815.123
  3350:   413859.123   413897.123   413978.723   413978.920   413978.901
  3355:   413978.093   414278.902   415778.910   415780.611   416780.621
  3360:   416781.811   416972.131   417055.131   417135.131   417166.131
  3365:   417202.131   417238.131   417266.131   417296.131   417326.131
  3370:   417365.131   417401.131   417430.131   417463.131   417493.131
  3375:   417525.131   417558.131   417596.131   417634.131   417696.131
  3380:   417729.131   417763.131   417798.131   417835.131   417873.131
  3385:   417903.131   417939.131   417978.131   418012.131   418048.131
  3390:   418086.131   418128.131   418164.131   418199.131   418241.131
  3395:   418283.131   418325.131   418363.131   418399.131   418430.131
  3400:   418464.131   418500.131   418539.131   418572.131   418614.131
  3405:   418650.131   418683.131   418719.131   418753.131   418789.131
  3410:   418827.131   418940.131   418978.131   419027.131   419069.131
  3415:   419107.131   419140.131   419180.131   419215.131   419252.131
  3420:   419299.131   419378.131   419417.131   419452.131   419488.131
  3425:   419539.131   419710.131   419913.131   419981.821   419981.920
  3430:   421481.910   421483.614   424233.624   424234.714   425589.124
  3435:   425715.124   425842.124   425884.124   425927.124   425963.124
  3440:   426089.124   426128.124   426160.124   426191.124   426325.124
  3445:   426356.124   426417.124   426489.124   426521.124   426555.124
  3450:   426599.124   426676.124   426761.124   426797.124   426832.124
  3455:   426872.124   426909.124   426938.124   427014.724   427014.920
  3460:   427014.901   427014.094   427314.902   428814.910   428816.612
  3465:   430216.622   430217.812   430550.132   430595.132   430794.132
  3470:   430839.132   430888.132   430928.132   430958.132   431064.132
  3475:   431097.132   431137.132   431168.132   431198.132   431228.132
  3480:   431267.132   431347.132   431435.132   431476.132   431512.132
  3485:   431549.132   431629.132   431668.132   431705.132   431794.132
  3490:   431833.132   431871.132   431909.132   431948.132   431990.132
  3495:   432028.132   432076.132   432117.132   432156.132   432193.132
  3500:   432233.132   432311.132   432354.132   432394.132   432432.132
  3505:   432475.132   432513.132   432560.132   432601.132   432645.132
  3510:   432686.132   432724.132   432762.132   432802.132   432846.132
  3515:   432885.132   432923.132   432962.132   433010.132   433051.132
  3520:   433096.132   433137.132   433176.132   433221.132   433260.132
  3525:   433300.132   433343.132   433385.132   433431.132   433479.132
  3530:   433520.132   433615.132   433775.132   433817.822   433817.920
  3535:   435317.910   435319.612   436719.622   436720.712   437132.122
  3540:   437220.122   437309.122   437349.122   437423.122   437455.122
  3545:   437484.122   437519.122   437555.122   437595.122   437630.122
  3550:   437664.122   437698.122   437739.122   437774.122   437812.122
  3555:   437847.122   437885.122   437921.122   437956.122   437989.122
  3560:   438028.122   438061.122   438096.122   438132.722   438132.920
  3565:   438132.901   438132.092   438432.902   439932.910   439934.611
  3570:   440934.621   440935.711   441363.121   441445.121   441563.121
  3575:   441594.121   441633.121   441671.121   441702.121   441741.121
  3580:   441781.121   441818.121   441854.121   441887.121   441920.121
  3585:   441959.721   441959.920   441959.901   441959.091   442259.902
  3590:   443759.910   443761.613   445711.623   445712.713   446115.123
  3595:   446170.123   446249.123   446300.123   446365.123   446423.123
  3600:   446464.123   446545.123   446578.123   446612.123   446693.123
  3605:   446732.123   446769.123   446810.123   446899.123   446938.123
  3610:   446974.123   447062.123   447100.123   447137.123   447222.123
  3615:   447262.123   447302.123   447339.123   447377.123   447415.123
  3620:   447454.123   447494.123   447579.123   447613.123   447649.123
  3625:   447687.723   447687.920   447687.901   447687.093   447987.902
  3630:   449487.910   449489.615   453339.625   453340.815   453709.135
  3635:   453761.135   453816.135   453858.135   453902.135   453994.135
  3640:   454030.135   454068.135   454107.135   454198.135   454240.135
  3645:   454274.135   454357.135   454449.135   454536.135   454567.135
  3650:   454598.135   454630.135   454756.135   454797.135   454842.135
  3655:   454877.135   454995.135   455029.135   455064.135   455099.135
  3660:   455182.135   455221.135   455256.135   455295.135   455331.135
  3665:   455416.135   455456.135   455491.135   455527.135   455564.135
  3670:   455603.135   455644.135   455685.135   455725.135   455772.135
  3675:   455811.135   455848.135   455858.135   455899.135   455940.135
  3680:   455978.135   456022.135   456059.135   456103.135   456147.135
  3685:   456189.135   456230.135   456275.135   456315.135   456356.135
  3690:   456397.135   456437.135   456481.135   456522.135   456563.135
  3695:   456602.135   456644.135   456686.135   456729.135   456770.135
  3700:   456813.135   456855.135   456900.135   456948.135   456990.135
  3705:   457033.135   457075.135   457161.135   457205.135   457254.135
  3710:   457300.135   457399.135   457455.135   457696.135   457791.135
  3715:   458066.135   458275.135   458615.135   459177.135   459211.135
  3720:   459260.135   459331.135   459370.135   459446.135   459488.135
  3725:   459585.135   459633.135   459677.135   459726.135   459783.135
  3730:   459823.135   459867.135   459916.135   459953.135   459993.135
  3735:   460031.135   460071.135   460116.135   460155.135   460195.135
  3740:   460235.135   460273.135   460315.135   460354.135   460392.135
  3745:   460434.135   460478.135   460558.135   460601.135   460642.135
  3750:   460718.135   460808.135   460977.135   461040.825   461040.920
  3755:   462540.910   462542.613   464492.623   464493.713   464913.123
  3760:   464961.123   465010.123   465087.123   465131.123   465211.123
  3765:   465251.123   465286.123   465318.123   465351.123   465381.123
  3770:   465420.123   465455.123   465583.123   465618.123   465652.123
  3775:   465687.123   465719.123   465751.123   465785.123   465823.123
  3780:   465854.123   465885.123   465924.123   465969.123   466010.123
  3785:   466044.123   466131.123   466174.123   466211.123   466258.123
  3790:   466322.123   466371.123   466412.123   466503.723   466503.920
  3795:   466503.901   466503.093   466803.902   468303.910   468305.612
  3800:   469705.622   469706.712   470045.122   470167.122   470261.122
  3805:   470388.122   470422.122   470454.122   470483.122   470517.122
  3810:   470550.122   470580.122   470611.122   470643.122   470676.122
  3815:   470711.122   470744.122   470780.122   470818.122   470859.122
  3820:   470901.122   470938.122   470973.122   471011.122   471046.122
  3825:   471090.122   471130.722   471130.920   471130.901   471130.092
  3830:   471430.902   472930.910   472932.611   473932.621   473933.711
  3835:   474173.121   474224.121   474306.121   474340.121   474464.121
  3840:   474498.121   474526.121   474559.121   474587.121   474617.121
  3845:   474653.121   474684.121   474715.121   474751.121   474786.121
  3850:   474819.121   474854.121   474891.121   474928.121   474965.721
  3855:   474965.920   474965.901   474965.091   475265.902   476765.910
  3860:   476767.613   478717.623   478718.813   479115.133   479154.133
  3865:   479232.133   479286.133   479336.133   479377.133   479420.133
  3870:   479461.133   479505.133   479632.133   479665.133   479702.133
  3875:   479733.133   479764.133   479793.133   479826.133   479857.133
  3880:   479893.133   479976.133   480014.133   480052.133   480095.133
  3885:   480137.133   480171.133   480210.133   480253.133   480292.133
  3890:   480335.133   480381.133   480418.133   480458.133   480494.133
  3895:   480532.133   480578.133   480616.133   480651.133   480691.133
  3900:   480729.133   480769.133   480808.133   480845.133   480889.133
  3905:   480929.133   480965.133   481002.133   481038.133   481086.133
  3910:   481133.133   481178.133   481218.133   481257.133   481299.133
  3915:   481337.133   481376.133   481420.133   481460.133   481499.133
  3920:   481538.133   481581.133   481633.133   481675.133   481720.133
  3925:   481760.133   481802.133   481843.133   481885.133   481927.133
  3930:   481969.133   482011.133   482057.133   482100.133   482137.133
  3935:   482179.133   482268.133   482438.133   482558.133   482724.133
  3940:   482807.133   482918.823   482918.920   484418.910   484420.614
  3945:   487170.624   487171.714   488158.124   488220.124   488343.124
  3950:   488387.124   488434.124   488478.124   488524.124   488563.124
  3955:   488656.124   488700.124   488733.124   488766.124   488801.124
  3960:   488835.124   488866.124   488902.124   488949.124   488984.124
  3965:   489111.124   489150.124   489207.124   489254.124   489302.124
  3970:   489379.124   489417.124   489454.124   489540.124   489577.124
  3975:   489618.124   489699.124   489739.124   489781.124   489821.124
  3980:   489858.124   489905.124   489946.724   489946.920   489946.901
  3985:   489946.094   490246.902   491746.910   491748.611   492748.621
  3990:   492749.711   492997.121   493093.121   493144.121   493315.121
  3995:   493356.121   493390.121   493420.121   493449.121   493484.121
  4000:   493516.121   493545.121   493582.121   493615.121   493646.121
  4005:   493678.121   493713.121   493750.721   493750.920   493750.901
  4010:   493750.091   494050.902   495550.910   495552.614   498302.624
  4015:   498303.814   499971.134   500021.134   500067.134   500114.134
  4020:   500157.134   500202.134   500245.134   500286.134   500328.134
  4025:   500449.134   500485.134   500521.134   500553.134   500589.134
  4030:   500628.134   500667.134   500706.134   500740.134   500775.134
  4035:   500815.134   500852.134   500889.134   500927.134   500972.134
  4040:   501012.134   501055.134   501092.134   501132.134   501176.134
  4045:   501262.134   501301.134   501339.134   501416.134   501462.134
  4050:   501502.134   501541.134   501580.134   501620.134   501655.134
  4055:   501700.134   501742.134   501778.134   501814.134   501856.134
  4060:   501903.134   501942.134   501979.134   502019.134   502056.134
  4065:   502094.134   502133.134   502176.134   502216.134   502258.134
  4070:   502299.134   502342.134   502386.134   502426.134   502470.134
  4075:   502508.134   502546.134   502648.134   502699.134   502746.134
  4080:   502794.134   502846.134   502899.134   503049.134   503184.134
  4085:   503364.134   503496.134   503758.134   503803.824   503803.920
  4090:   505303.910   505305.611   506305.621   506306.711   506608.121
  4095:   506664.121   506716.121   506792.121   506828.121   506859.121
  4100:   506889.121   506919.121   506953.121   506982.121   507012.121
  4105:   507045.121   507078.121   507111.121   507143.121   507177.121
  4110:   507213.121   507247.121   507283.121   507319.721   507319.920
  4115:   507319.901   507319.091   507619.902   509119.910   509121.615
  4120:   512971.625   512972.715   514288.125   514334.125   514413.125
  4125:   514463.125   514508.125   514551.125   514595.125   514637.125
  4130:   514725.125   514771.125   514818.125   514860.125   514905.125
  4135:   514996.125   515043.125   515091.125   515234.125   515276.125
  4140:   515368.125   515411.125   515456.125   515499.125   515543.125
  4145:   515580.125   515619.125   515656.125   515788.125   515873.125
  4150:   515914.125   515956.125   515993.125   516074.125   516114.125
  4155:   516156.125   516194.125   516272.125   516312.125   516349.125
  4160:   516391.125   516429.125   516470.125   516518.125   516559.125
  4165:   516600.125   516687.125   516733.125   516805.125   516849.725
  4170:   516849.920   516849.901   516849.095   517149.902   518649.910
  4175:   518651.613   520601.623   520602.713   521230.123   521274.123
  4180:   521354.123   521402.123   521449.123   521492.123   521568.123
  4185:   521649.123   521681.123   521709.123   521743.123   521787.123
  4190:   521866.123   521901.123   521935.123   521976.123   522065.123
  4195:   522101.123   522135.123   522170.123   522205.123   522241.123
  4200:   522274.123   522308.123   522346.123   522386.123   522419.123
  4205:   522453.123   522484.123   522520.123   522559.723   522559.920
  4210:   522559.901   522559.093   522859.902   524359.910   524361.611
  4215:   525361.621   525362.711   525688.121   525740.121   525778.121
  4220:   525810.121   525838.121   525880.121   525914.121   525944.121
  4225:   525977.121   526014.121   526047.121   526083.121   526117.121
  4230:   526151.121   526186.121   526225.121   526263.121   526298.121
  4235:   526336.121   526375.721   526375.920   526375.901   526375.091
  4240:   526675.902   528175.910   528177.612   529577.622   529578.712
  4245:   529931.122   529971.122   530094.122   530140.122   530224.122
  4250:   530266.122   530304.122   530334.122   530365.122   530397.122
  4255:   530426.122   530455.122   530486.122   530519.122   530554.122
  4260:   530585.122   530614.122   530648.122   530713.122   530748.122
  4265:   530783.122   530818.122   530851.122   530892.122   530932.122
  4270:   530971.122   531006.722   531006.920   531006.901   531006.092
  4275:   531306.902   532806.910   532808.613   534758.623   534759.713
  4280:   535558.123   535642.123   535685.123   535764.123   535794.123
  4285:   535822.123   535879.123   535914.123   535949.123   535979.123
  4290:   536041.123   536077.123   536112.123   536190.123   536221.123
  4295:   536256.123   536304.123   536337.123   536367.123   536447.123
  4300:   536482.123   536516.123   536550.123   536655.123   536688.123
  4305:   536722.723   536722.920   536722.901   536722.093   537022.902
  4310:   538522.910   538524.613   540474.623   540475.713   541276.123
  4315:   541308.123   541347.123   541387.123   541467.123   541526.123
  4320:   541563.123   541587.123   541618.123   541647.123   541677.123
  4325:   541754.123   541790.123   541823.123   541858.123   541888.123
  4330:   541917.123   541950.123   541989.123   542026.123   542064.123
  4335:   542101.123   542134.123   542166.123   542198.123   542241.123
  4340:   542274.123   542310.123   542343.123   542376.123   542414.123
  4345:   542453.723   542453.920   542453.901   542453.093   542753.902
  4350:   544253.910   544255.615   548105.625   548106.715   552019.725
  4355:   552019.920   552019.901   552019.095   552319.902   553819.910
  4360:   553821.611   554821.621   554822.811   555028.131   555142.131
  4365:   555174.131   555208.131   555243.131   555364.131   555397.131
  4370:   555423.131   555461.131   555535.131   555601.131   555632.131
  4375:   555705.131   555775.131   555845.131   555911.131   555997.131
  4380:   556036.131   556067.131   556146.131   556186.131   556217.131
  4385:   556256.131   556289.131   556321.131   556355.131   556397.131
  4390:   556470.131   556507.131   556544.131   556579.131   556614.131
  4395:   556648.131   556686.131   556729.131   556765.131   556803.131
  4400:   556842.131   556878.131   556916.131   556957.131   557000.131
  4405:   557033.131   557068.131   557105.131   557144.131   557182.131
  4410:   557229.131   557269.131   557308.131   557342.131   557384.131
  4415:   557418.131   557455.131   557495.131   557537.131   557577.131
  4420:   557614.131   557657.131   557698.131   557740.131   557903.131
  4425:   557960.131   558022.821   558022.920   559522.910   559524.615
  4430:   563374.625   563375.815   563576.135   563630.135   563834.135
  4435:   563876.135   563963.135   564001.135   564069.135   564137.135
  4440:   564177.135   564251.135   564321.135   564401.135   564438.135
  4445:   564479.135   564519.135   564555.135   564620.135   564695.135
  4450:   564737.135   564864.135   564894.135   564975.135   565053.135
  4455:   565124.135   565159.135   565192.135   565260.135   565335.135
  4460:   565377.135   565419.135   565465.135   565512.135   565687.135
  4465:   565727.135   565771.135   565927.135   565935.135   566053.135
  4470:   566090.135   566127.135   566333.135   566407.135   566809.135
  4475:   566961.135   567004.135   567071.135   567200.135   567436.135
  4480:   567475.135   567796.135   567857.135   568155.135   568284.135
  4485:   568510.135   568550.135   569312.135   569352.135   569393.135
  4490:   569673.135   569793.135   569830.135   570802.135   570861.135
  4495:   570998.135   571064.135   571075.825   571075.920   572575.910
  4500:   572577.614   575327.624   575328.714   575881.124   576221.124
  4505:   576266.124   576306.124   576351.124   576412.124   576598.124
  4510:   576634.124   576670.124   576705.124   576739.124   576921.124
  4515:   576926.124   576961.124   577002.124   577035.124   577114.124
  4520:   577149.124   577184.124   577217.124   577287.124   577330.124
  4525:   577369.124   577400.124   577444.124   577485.124   577522.124
  4530:   577559.124   577640.124   577706.124   577795.124   577837.124
  4535:   577876.124   577930.124   578101.724   578101.920   578101.901
  4540:   578101.094   578401.902   579901.910   579903.611   580903.621
  4545:   580904.711   581120.121   581159.121   581233.121   581312.121
  4550:   581384.121   581415.121   581485.121   581553.121   581633.121
  4555:   581673.121   581706.121   581740.121   581805.121   581840.121
  4560:   581878.121   581915.721   581915.920   581915.901   581915.091
  4565:   582215.902   583715.910   583717.612   585117.622   585118.812
  4570:   585433.132   585471.132   585505.132   585537.132   585615.132
  4575:   585791.132   585820.132   585852.132   585885.132   585914.132
  4580:   585942.132   585974.132   586005.132   586037.132   586072.132
  4585:   586156.132   586233.132   586273.132   586337.132   586377.132
  4590:   586414.132   586443.132   586477.132   586685.132   586724.132
  4595:   586762.132   586796.132   586872.132   586909.132   586953.132
  4600:   586989.132   587022.132   587056.132   587096.132   587136.132
  4605:   587175.132   587207.132   587265.132   587302.132   587337.132
  4610:   587370.132   587406.132   587438.132   587478.132   587516.132
  4615:   587549.132   587589.132   587719.132   587771.132   587894.132
  4620:   588025.132   588072.132   588119.132   588245.132   588326.132
  4625:   588507.132   588624.132   588661.132   588718.822   588718.920
  4630:   590218.910   590220.613   592170.623   592171.813   592930.133
  4635:   593170.133   593264.133   593440.133   593494.133   593549.133
  4640:   593583.133   593630.133   593735.133   593771.133   593889.133
  4645:   593932.133   593966.133   594004.133   594078.133   594127.133
  4650:   594200.133   594279.133   594357.133   594401.133   594441.133
  4655:   594483.133   594535.133   594573.133   594607.133   594649.133
  4660:   594692.133   594762.133   594841.133   594885.133   594928.133
  4665:   594970.133   595024.133   595179.133   595217.133   595257.133
  4670:   595302.133   595420.133   595466.133   595554.133   595618.133
  4675:   595660.133   595850.133   595945.133   595999.133   596045.133
  4680:   596082.133   596210.133   596261.133   596371.823   596371.920
  4685:   597871.910   597873.613   599823.623   599824.813   600094.133
  4690:   600258.133   600343.133   600527.133   600576.133   600633.133
  4695:   600678.133   600717.133   600757.133   600800.133   600836.133
  4700:   600876.133   600915.133   600992.133   601032.133   601110.133
  4705:   601246.133   601328.133   601369.133   601445.133   601520.133
  4710:   601559.133   601604.133   601686.133   601740.133   601844.133
  4715:   601887.133   602046.133   602053.133   602096.133   602156.133
  4720:   602194.133   602310.133   602315.133   602366.133   602444.133
  4725:   602485.133   602528.133   602587.133   602828.133   602836.133
  4730:   602932.133   603118.133   603152.133   603191.133   603245.133
  4735:   603281.133   603503.133   603546.133   603586.133   603819.133
  4740:   604010.133   604024.823   604024.920   605524.910   605526.611
  4745:   606526.621   606527.711   606779.121   606909.121   606952.121
  4750:   606997.121   607123.121   607158.121   607196.121   607240.121
  4755:   607360.121   607400.121   607447.121   607481.121   607556.721
  4760:   607556.920   607556.901   607556.091   607856.902   609356.910
  4765:   609358.614   612108.624   612109.814   612446.134   612631.134
  4770:   612670.134   612716.134   612754.134   612825.134   612921.134
  4775:   613234.134   613392.134   613674.134   613712.134   613747.134
  4780:   613786.134   613915.134   613974.134   614008.134   614177.134
  4785:   614846.134   614890.134   614950.134   615105.134   615141.134
  4790:   615187.134   615256.134   615290.134   615330.134   615364.134
  4795:   615462.134   615494.134   615533.134   615607.134   615644.134
  4800:   615679.134   615782.134   615866.134   615940.134   616011.134
  4805:   616047.134   616268.134   616372.134   616407.134   616439.134
  4810:   616466.134   616500.134   616576.134   616606.134   616790.134
  4815:   616872.134   617340.134   617376.134   617472.134   617609.824
  4820:   617609.920   619109.910   619111.615   622961.625   622962.715
  4825:   624245.125   624425.125   625105.125   626399.125   626446.125
  4830:   627252.725   627252.920   627252.901   627252.095   627552.902
  4835:   629052.910   629054.615   632904.625   632905.815   633516.135
  4840:   633677.135   633821.135   633897.135   633938.135   633968.135
  4845:   633994.135   634060.135   634163.135   634195.135   634272.135
  4850:   634416.135   634445.135   634536.135   634884.135   634952.135
  4855:   634987.135   635014.135   635250.135   635365.135   635406.135
  4860:   635502.135   635665.135   635699.135   635776.135   635961.135
  4865:   635994.135   636798.135   636954.135   636994.135   637092.135
  4870:   637102.135   637264.135   637334.135   637497.135   637557.135
  4875:   637588.135   637734.135   638328.135   638636.135   638668.135
  4880:   638731.135   638992.135   639219.135   639743.135   639783.135
  4885:   639910.135   639941.135   640045.135   640605.825   640605.920
  4890:   642105.910   642107.611   643107.621   643108.711   643435.121
  4895:   643488.121   643702.121   643822.121   643889.121   643931.121
  4900:   644068.121   644078.121   644139.721   644139.920   644139.901
  4905:   644139.091   644439.902   645939.910   645941.615   649791.625
  4910:   649792.715   650469.125   650531.125   650571.125   650608.125
  4915:   650642.125   650724.125   650757.125   650848.125   650880.125
  4920:   650919.125   650954.125   650987.125   651044.125   651081.125
  4925:   651113.125   651148.125   651214.125   651246.125   651277.125
  4930:   651314.125   651348.125   651378.125   651406.125   651440.125
  4935:   651469.125   651496.125   651535.125   651595.125   651628.125
  4940:   651657.125   651690.125   651729.125   651761.125   651793.125
  4945:   651854.125   651918.125   651955.125   652021.125   652063.125
  4950:   652102.125   652139.125   652170.125   652277.125   652313.125
  4955:   652394.125   652427.125   652462.125   652506.125   652540.125
  4960:   652606.125   652646.125   652687.125   652718.125   652753.125
  4965:   652832.125   652865.125   652944.125   652977.125   653007.125
  4970:   653040.125   653077.125   653179.125   653268.125   653342.125
  4975:   653384.125   653474.125   653520.125   653613.125   654317.725
  4980:   654317.920   654317.901   654317.095   654617.902   656117.910
  4985:   656119.612   657519.622   657520.812   657738.132   657766.132
  4990:   657807.132   657848.132   657925.132   657985.132   658197.132
  4995:   658230.132   658262.132   658336.132   658366.132   658405.132
  5000:   658446.132   658525.132   658566.132   658615.132   658691.132
  5005:   658725.132   658804.132   658930.132   658981.132   659019.132
  5010:   659066.132   659108.132   659149.132   659182.132   659215.132
  5015:   659250.132   659294.132   659329.132   659368.132   659408.132
  5020:   659444.132   659479.132   659514.132   659544.132   659580.132
  5025:   659755.132   659803.132   659923.132   660009.132   660048.132
  5030:   660116.132   660347.132   660391.132   660444.132   660683.132
  5035:   660762.132   660860.132   661001.132   661120.822   661120.920
  5040:   661127.411   662620.910   662622.615   666472.625   666473.815
  5045:   667127.135   667245.135   667372.135   667447.135   667484.135
  5050:   667520.135   667643.135   667717.135   667762.135   668264.135
  5055:   668318.135   668387.135   668478.135   668577.135   668618.135
  5060:   668710.135   668791.135   668863.135   668909.135   669006.135
  5065:   669047.135   669093.135   669131.135   669164.135   669207.135
  5070:   669379.135   669386.135   669462.135   669508.135   669548.135
  5075:   669653.135   669716.135   670150.135   670240.135   670353.135
  5080:   671003.135   671755.135   671860.135   671901.135   671974.135
  5085:   672016.135   672117.135   672170.135   672207.135   672254.135
  5090:   672299.135   672338.135   672405.135   672492.135   672535.135
  5095:   672913.135   673392.135   674173.825   674173.920   675673.910
  5100:   675675.612   677075.622   677076.712   677355.122   677465.122
  5105:   677521.122   677683.122   677726.122   677895.122   677931.122
  5110:   677971.122   678119.122   678126.122   678176.122   678221.122
  5115:   678323.122   678361.122   678392.122   678472.122   678518.722
  5120:   678518.920   678518.901   678518.092   678818.902   678818.902
  5125:   678818.005   678818.006   678818.007   678818.020      
D:
     0:        0.000        0.000        0.000        0.000        0.000
     5:        0.000        0.000        0.000        0.000        0.000
    10:        0.000        0.000        0.000        0.000        0.000
    15:        0.000        0.000        0.000        0.000        0.000
    20:        0.000        0.000        0.000        0.000        0.000
    25:        0.000        3.000        0.000        0.000        0.000
    30:        0.000        0.000        0.000        0.000        0.000
    35:        0.000
F:
     0:       10.000       14.000       19.500       27.500       38.500
     5:       10.000       14.000       19.500       27.500       38.500
    10:       10.000       14.000       19.500       27.500       38.500
    15:       20.000       28.000       39.000       55.000       77.000
    20:       20.000       28.000       39.000       55.000       77.000
    25:       20.000       28.000       39.000       55.000       77.000
    30:       10.000       14.000       19.500       27.500       38.500
    35:       10.000       14.000       19.500       27.500       38.500
    40:       10.000       14.000       19.500       27.500       38.500
    45:       10.000       14.000       19.500       27.500       38.500
    50:       10.000       14.000       19.500       27.500       38.500
    55:       10.000       14.000       19.500       27.500       38.500
    60:       10.000       14.000       19.500       27.500       38.500
    65:       10.000       14.000       19.500       27.500       38.500
    70:       10.000       14.000       19.500       27.500       38.500
    75:       20.000       28.000       39.000       55.000       77.000
    80:       20.000       28.000       39.000       55.000       77.000
    85:       10.000       14.000       19.500       27.500       38.500
    90:       10.000       14.000       19.500       27.500       38.500
    95:       10.000       14.000       19.500       27.500       38.500
I:
     0:       75.000        0.000        0.000
M:
     0:       15.000       15.000       15.000       15.000       15.000
     5:        5.000        5.000        5.000        5.000        5.000
    10:      100.000
N:
     0:       20.000       20.000       20.000       20.000       20.000
     5:        0.000
Q:
     0:       15.000       15.000       15.000       15.000       15.000
     5:        0.000
V:
     0:        0.000        0.000        0.000        0.000        0.000
     5:      266.000      396.000      447.000      633.000      806.000
    10:      336.000      343.000      362.000      387.000      394.000
    15:        0.000
