File: C:\MED-PC IV\DATA\M_PEAK15P105


Start Date: 08/20/17
End Date: 08/20/17
Subject: P105
Experiment: IF-PICO
Group: 0
Box: 6
Start Time: 10:07:45
End Time: 12:01:31
MSN: Multiple_Peak
B:       0.000
C:       0.000
E:    4774.000
G:      28.000
H:    3600.000
J:       0.000
K:       0.000
L:       0.000
O:       0.000
P:       0.000
R:       0.000
S:       0.000
T:  679602.000
U:       0.000
W:       0.000
X:       0.000
Y:       0.000
Z:       0.000
A:
     0:        0.010      500.910      502.614     3252.624     3253.714
     5:     3343.124     3383.124     3433.124     3472.124     3513.124
    10:     3560.124     3600.124     3648.124     3727.124     3763.124
    15:     3842.124     3882.124     3933.124     4010.124     4048.124
    20:     4068.124     4148.124     4180.124     4213.124     4252.124
    25:     4293.124     4401.124     4456.124     4510.124     4522.124
    30:     4555.124     4606.124     4621.124     4665.124     4693.124
    35:     4732.124     4785.124     4849.124     4907.124     4946.124
    40:     4982.124     5055.124     5180.124     5220.124     5261.124
    45:     5305.124     5360.124     5435.124     5483.124     5529.124
    50:     5590.124     5701.124     5750.124     5796.124     5840.124
    55:     5878.124     5925.124     6007.724     6007.920     6007.901
    60:     6007.094     6307.902     7807.910     7809.615    11659.625
    65:    11660.715    11741.125    11778.125    11811.125    11845.125
    70:    11923.125    11960.125    12003.125    12082.125    12121.125
    75:    12279.125    12298.125    12383.125    12434.125    12476.125
    80:    12484.125    12523.125    12554.125    12630.125    12664.125
    85:    12778.125    12889.125    12987.125    13022.125    13062.125
    90:    13159.125    13206.125    13222.125    13293.125    13329.125
    95:    13374.125    13515.125    13550.125    13639.125    13677.125
   100:    13731.125    13857.125    13911.125    13942.125    13964.125
   105:    14077.125    14120.125    14141.125    14245.125    14303.125
   110:    14337.125    14378.125    14422.125    14471.125    14583.125
   115:    14620.125    14842.125    14858.125    14906.125    14952.125
   120:    15004.125    15099.125    15162.125    15202.125    15288.125
   125:    15326.125    15359.125    15414.125    15501.125    15540.725
   130:    15540.920    15540.901    15540.095    15840.902    17340.910
   135:    17342.613    19292.623    19293.713    19405.123    19446.123
   140:    19488.123    19606.123    19640.123    19674.123    19708.123
   145:    19731.123    19807.123    19839.123    19874.123    19909.123
   150:    20002.123    20041.123    20074.123    20141.123    20231.123
   155:    20289.123    20329.123    20349.123    20384.123    20431.123
   160:    20545.123    20586.123    20625.123    20696.123    20735.123
   165:    20825.123    20857.123    20908.123    21001.123    21143.123
   170:    21167.123    21249.723    21249.920    21249.901    21249.093
   175:    21549.902    23049.910    23051.611    24051.621    24052.711
   180:    24212.121    24246.121    24301.121    24373.121    24411.121
   185:    24454.121    24521.121    24571.121    24639.121    24657.121
   190:    24723.121    24758.121    24814.121    24852.121    24902.121
   195:    24940.121    24976.121    25006.121    25040.121    25127.721
   200:    25127.920    25127.901    25127.091    25427.902    26927.910
   205:    26929.615    30779.625    30780.715    31265.125    31301.125
   210:    31335.125    31372.125    31411.125    31450.125    31493.125
   215:    31578.125    31612.125    31643.125    31679.125    31719.125
   220:    31883.125    31962.125    32011.125    32125.125    32156.125
   225:    32202.125    32315.125    32345.125    32380.125    32553.125
   230:    32596.125    32637.125    32677.125    32711.125    32756.125
   235:    32792.125    32846.125    32898.125    32949.125    33000.125
   240:    33025.125    33094.125    33137.125    33206.125    33247.125
   245:    33301.125    33357.125    33508.125    33580.125    33624.125
   250:    33745.125    33860.125    33897.125    33941.125    34017.125
   255:    34057.125    34076.125    34190.125    34278.125    34317.125
   260:    34357.125    34389.125    34547.125    34583.125    34626.125
   265:    34731.725    34731.920    34731.901    34731.095    35031.902
   270:    36531.910    36533.614    39283.624    39284.714    39607.124
   275:    39649.124    39682.124    39719.124    39830.124    39871.124
   280:    39909.124    39943.124    39965.124    39996.124    40032.124
   285:    40077.124    40119.124    40199.124    40271.124    40303.124
   290:    40342.124    40415.124    40464.124    40472.124    40549.124
   295:    40564.124    40630.124    40647.124    40725.124    40759.124
   300:    40794.124    40830.124    40902.124    40918.124    40934.124
   305:    41194.124    41271.124    41328.124    41441.124    41481.124
   310:    41519.124    41535.124    41554.124    41585.124    41666.124
   315:    41762.124    41783.124    41825.124    41864.124    41948.124
   320:    41981.124    42059.724    42059.920    42059.901    42059.094
   325:    42359.902    43859.910    43861.614    46611.624    46612.714
   330:    46939.124    47024.124    47041.124    47082.124    47358.124
   335:    47409.124    47478.124    47502.124    47540.124    47585.124
   340:    47626.124    47673.124    47714.124    47786.124    47816.124
   345:    47851.124    47924.124    47959.124    48035.124    48068.124
   350:    48142.124    48180.124    48257.124    48291.124    48357.124
   355:    48365.124    48419.124    48435.124    48482.124    48502.124
   360:    48585.124    48621.124    48657.124    48697.124    48734.124
   365:    48771.124    48806.124    48848.124    48866.124    48919.124
   370:    49000.124    49034.124    49069.124    49103.124    49144.124
   375:    49179.124    49228.124    49336.124    49372.724    49372.920
   380:    49372.901    49372.094    49672.902    51172.910    51174.613
   385:    53124.623    53125.713    53237.123    53273.123    53529.123
   390:    53609.123    53638.123    53670.123    53783.123    53819.123
   395:    53832.123    53866.123    53911.123    53997.123    54035.123
   400:    54080.123    54085.123    54136.123    54148.123    54187.123
   405:    54271.123    54311.123    54349.123    54445.123    54482.123
   410:    54517.123    54564.123    54599.123    54648.123    54691.123
   415:    54777.123    54817.123    54853.123    54959.123    54973.123
   420:    55011.123    55046.123    55082.723    55082.920    55082.901
   425:    55082.093    55382.902    56882.910    56884.612    58284.622
   430:    58285.712    58350.122    58396.122    58485.122    58549.122
   435:    58567.122    58603.122    58742.122    58808.122    58926.122
   440:    58960.122    58993.122    59008.122    59059.122    59151.122
   445:    59186.122    59218.122    59223.122    59356.122    59394.122
   450:    59431.122    59467.122    59639.122    59676.122    59693.722
   455:    59693.920    59693.901    59693.092    59993.902    61493.910
   460:    61495.613    63445.623    63446.713    63561.123    63596.123
   465:    63810.123    63989.123    64067.123    64108.123    64180.123
   470:    64215.123    64244.123    64282.123    64377.123    64417.123
   475:    64452.123    64499.123    64565.123    64604.123    64693.123
   480:    64727.123    64765.123    64801.123    64819.123    64850.123
   485:    64884.123    64902.123    64985.123    65018.123    65095.123
   490:    65131.123    65293.123    65340.123    65399.723    65399.920
   495:    65399.901    65399.093    65699.902    67199.910    67201.614
   500:    69951.624    69952.714    70693.124    70728.124    70769.124
   505:    70809.124    70852.124    70929.124    71078.124    71120.124
   510:    71125.124    71208.124    71243.124    71276.124    71424.124
   515:    71499.124    71513.124    71655.124    71688.124    71729.124
   520:    71787.124    71831.124    71880.124    71959.124    72006.124
   525:    72051.124    72132.124    72170.124    72208.124    72290.124
   530:    72402.124    72515.124    72596.124    72643.124    72685.124
   535:    72722.724    72722.920    72722.901    72722.094    73022.902
   540:    74522.910    74524.612    75924.622    75925.712    76048.122
   545:    76083.122    76116.122    76157.122    76192.122    76267.122
   550:    76315.122    76356.122    76395.122    76494.122    76502.122
   555:    76513.122    76571.122    76605.122    76641.122    76658.122
   560:    76688.122    76724.122    76766.122    76803.122    76849.122
   565:    76939.122    76981.122    77016.122    77054.122    77130.122
   570:    77144.122    77176.122    77220.122    77279.122    77319.122
   575:    77405.722    77405.920    77405.901    77405.092    77705.902
   580:    79205.910    79207.611    80207.621    80208.711    80318.121
   585:    80352.121    80466.121    80503.121    80538.121    80573.121
   590:    80610.121    80692.121    80730.121    80775.121    80855.121
   595:    80887.121    80919.121    80958.121    80980.121    81015.121
   600:    81073.121    81105.121    81244.721    81244.920    81244.901
   605:    81244.091    81544.902    83044.910    83046.611    84046.621
   610:    84047.711    84175.121    84212.121    84249.121    84328.121
   615:    84401.121    84438.121    84506.121    84542.121    84615.121
   620:    84660.121    84697.121    84707.121    84742.121    84817.121
   625:    84837.121    84925.121    84976.121    85023.121    85067.721
   630:    85067.920    85067.901    85067.091    85367.902    86867.910
   635:    86869.613    88819.623    88820.813    88909.133    88951.133
   640:    88990.133    89069.133    89073.133    89109.133    89186.133
   645:    89218.133    89259.133    89305.133    89478.133    89514.133
   650:    89617.133    89656.133    89706.133    89751.133    89758.133
   655:    89872.133    89882.133    89904.133    89937.133    90055.133
   660:    90092.133    90128.133    90161.133    90194.133    90237.133
   665:    90320.133    90338.133    90367.133    90437.133    90520.133
   670:    90557.133    90589.133    90632.133    90720.133    90758.133
   675:    90800.133    90837.133    90913.133    90952.133    90970.133
   680:    91067.133    91122.133    91159.133    91196.133    91240.133
   685:    91290.133    91413.133    91451.133    91475.133    91493.133
   690:    91576.133    91661.133    91703.133    91719.133    91755.133
   695:    91777.133    91832.133    91953.133    92005.133    92046.133
   700:    92084.133    92142.133    92147.133    92187.133    92378.133
   705:    92412.133    92431.133    92465.133    92474.133    92515.133
   710:    92554.133    92674.133    92721.133    92768.133    92852.133
   715:    92886.133    92934.133    92979.133    93020.823    93020.920
   720:    94520.910    94522.611    95522.621    95523.711    95988.121
   725:    96059.121    96098.121    96136.121    96171.121    96207.121
   730:    96280.121    96312.121    96347.121    96418.121    96453.121
   735:    96490.121    96543.721    96543.920    96543.901    96543.091
   740:    96843.902    98343.910    98345.614   101095.624   101096.714
   745:   101435.124   101516.124   101552.124   101591.124   101636.124
   750:   101672.124   101721.124   101728.124   101826.124   101859.124
   755:   101932.124   101954.124   102032.124   102063.124   102134.124
   760:   102164.124   102217.124   102255.124   102301.124   102306.124
   765:   102382.124   102395.124   102431.124   102447.124   102513.124
   770:   102546.124   102581.124   102601.124   102726.124   102765.124
   775:   102804.124   102877.124   102913.124   102920.124   103002.124
   780:   103019.124   103087.124   103155.124   103250.124   103330.124
   785:   103429.124   103463.124   103534.124   103550.124   103588.124
   790:   103629.124   103761.124   103817.124   103822.124   103854.724
   795:   103854.920   103854.901   103854.094   104154.902   105654.910
   800:   105656.611   106656.621   106657.711   106775.121   106813.121
   805:   106852.121   106891.121   106934.121   107016.121   107088.121
   810:   107125.121   107198.121   107315.121   107346.121   107384.121
   815:   107417.121   107455.121   107492.121   107508.121   107533.121
   820:   107565.121   107677.721   107677.920   107677.901   107677.091
   825:   107977.902   109477.910   109479.615   113329.625   113330.715
   830:   113619.125   113861.125   114616.125   114660.125   114705.125
   835:   114806.125   114855.125   115293.125   115342.125   115391.125
   840:   115475.125   115521.125   115575.125   115615.125   115661.125
   845:   115749.125   115790.125   115874.125   115954.125   116038.125
   850:   116078.125   116117.125   116215.125   116264.125   116392.125
   855:   116434.125   116483.125   116582.125   116623.125   116658.125
   860:   116696.125   116780.125   116868.125   116906.125   116947.125
   865:   116987.125   117026.125   117076.125   117228.725   117228.920
   870:   117228.901   117228.095   117528.902   119028.910   119030.613
   875:   120980.623   120981.813   121146.133   121188.133   121302.133
   880:   121349.133   121488.133   121526.133   121564.133   121600.133
   885:   121639.133   121685.133   121741.133   121784.133   121793.133
   890:   121946.133   121993.133   122027.133   122075.133   122125.133
   895:   122149.133   122230.133   122268.133   122308.133   122361.133
   900:   122403.133   122500.133   122584.133   122629.133   122649.133
   905:   122693.133   122734.133   122814.133   122896.133   122938.133
   910:   122980.133   123015.133   123062.133   123111.133   123163.133
   915:   123212.133   123232.133   123287.133   123384.133   123422.133
   920:   123464.133   123510.133   123550.133   123593.133   123628.133
   925:   123666.133   123720.133   123773.133   123899.133   123941.133
   930:   123987.133   124009.133   124043.133   124083.133   124121.133
   935:   124165.133   124217.133   124356.133   124397.133   124446.133
   940:   124482.133   124526.133   124620.133   124765.133   124776.133
   945:   124780.133   124869.133   124904.133   124913.133   124945.133
   950:   124991.133   125044.133   125160.133   125181.823   125181.920
   955:   125196.411   125269.411   126681.910   126683.613   128633.623
   960:   128634.713   129021.123   129057.123   129098.123   129143.123
   965:   129189.123   129225.123   129307.123   129351.123   129392.123
   970:   129507.123   129545.123   129584.123   129637.123   129684.123
   975:   129771.123   129808.123   129851.123   129949.123   129984.123
   980:   130006.123   130039.123   130083.123   130103.123   130190.123
   985:   130228.123   130264.123   130311.123   130363.123   130408.123
   990:   130501.123   130512.123   130565.123   130580.123   130682.723
   995:   130682.920   130682.901   130682.093   130982.902   132482.910
  1000:   132484.611   133484.621   133485.711   133612.121   133655.121
  1005:   133703.121   133750.121   133793.121   133838.121   133879.121
  1010:   133923.121   133962.121   134045.121   134066.121   134139.121
  1015:   134173.121   134210.121   134254.121   134347.121   134426.121
  1020:   134470.121   134514.721   134514.920   134514.901   134514.091
  1025:   134814.902   136314.910   136316.612   137716.622   137717.712
  1030:   137879.122   137921.122   137969.122   138015.122   138052.122
  1035:   138089.122   138132.122   138173.122   138293.122   138314.122
  1040:   138350.122   138395.122   138437.122   138477.122   138520.122
  1045:   138560.122   138604.122   138644.122   138684.122   138730.122
  1050:   138742.122   138781.122   138835.122   138875.122   138917.122
  1055:   138955.122   139000.122   139046.122   139092.122   139137.722
  1060:   139137.920   139137.901   139137.092   139437.902   140937.910
  1065:   140939.613   142889.623   142890.713   142990.123   143068.123
  1070:   143146.123   143188.123   143232.123   143275.123   143361.123
  1075:   143397.123   143475.123   143546.123   143584.123   143664.123
  1080:   143740.123   143755.123   143793.123   143852.123   143891.123
  1085:   144034.123   144074.123   144112.123   144153.123   144194.123
  1090:   144230.123   144255.123   144288.123   144332.123   144393.123
  1095:   144446.123   144464.123   144506.123   144549.123   144555.123
  1100:   144605.123   144651.123   144658.123   144805.123   144848.723
  1105:   144848.920   144848.901   144848.093   145148.902   146648.910
  1110:   146650.611   147650.621   147651.811   147879.131   147916.131
  1115:   147955.131   147994.131   148031.131   148066.131   148109.131
  1120:   148153.131   148207.131   148267.131   148415.131   148458.131
  1125:   148481.131   148534.131   148578.131   148666.131   148704.131
  1130:   148752.131   148799.131   148858.131   148871.131   148893.131
  1135:   148931.131   148982.131   149169.131   149180.131   149221.131
  1140:   149269.131   149323.131   149363.131   149408.131   149452.131
  1145:   149497.131   149535.131   149579.131   149707.131   149717.131
  1150:   149761.131   149800.131   149839.131   149850.131   149893.131
  1155:   149905.131   149956.131   149998.131   150040.131   150088.131
  1160:   150146.131   150211.131   150314.131   150362.131   150417.131
  1165:   150428.131   150573.131   150613.131   150655.131   150840.131
  1170:   150851.821   150851.920   152351.910   152353.614   155103.624
  1175:   155104.814   155714.134   155791.134   155942.134   156245.134
  1180:   156292.134   156338.134   156385.134   156434.134   156476.134
  1185:   156558.134   156596.134   156674.134   156710.134   156800.134
  1190:   156841.134   156881.134   156917.134   156991.134   157029.134
  1195:   157065.134   157146.134   157231.134   157243.134   157288.134
  1200:   157388.134   157426.134   157465.134   157501.134   157617.134
  1205:   157692.134   157730.134   157765.134   157811.134   157855.134
  1210:   157904.134   157954.134   157992.134   157998.134   158127.134
  1215:   158164.134   158244.134   158325.134   158363.134   158400.134
  1220:   158446.134   158466.134   158500.134   158551.134   158668.134
  1225:   158705.134   158746.134   158793.134   158881.134   158932.134
  1230:   158981.134   159132.134   159175.134   159221.134   159433.134
  1235:   159489.134   159535.134   160604.824   160604.920   162104.910
  1240:   162106.613   164056.623   164057.813   166361.133   166403.133
  1245:   166445.133   166565.133   166844.133   166989.133   167026.133
  1250:   167062.133   167188.133   167225.133   167274.133   167311.133
  1255:   167351.133   167394.133   167446.133   167532.133   167573.133
  1260:   167622.133   167716.133   167751.133   167786.133   167823.133
  1265:   167873.133   167947.133   167982.133   168029.133   168146.133
  1270:   168184.133   168202.133   168243.133   168257.823   168257.920
  1275:   168316.411   169757.910   169759.613   171709.623   171710.713
  1280:   172331.123   172373.123   172413.123   172457.123   172502.123
  1285:   172584.123   172623.123   172717.123   172798.123   172841.123
  1290:   172926.123   172965.123   173004.123   173045.123   173087.123
  1295:   173134.123   173223.123   173260.123   173277.123   173314.123
  1300:   173319.123   173430.123   173472.123   173510.123   173598.123
  1305:   173638.123   173677.723   173677.920   173677.901   173677.093
  1310:   173977.902   175477.910   175479.615   179329.625   179330.715
  1315:   179657.125   180037.125   180082.125   180138.125   180186.125
  1320:   180575.125   180619.125   180659.125   180705.125   180745.125
  1325:   180824.125   180862.125   181000.125   181038.125   181124.125
  1330:   181164.125   181241.125   181263.125   181302.125   181391.125
  1335:   181518.125   181554.125   181598.125   181687.125   181705.125
  1340:   181783.125   181818.125   181874.125   181912.125   181951.125
  1345:   181990.125   182034.125   182047.125   182081.125   182096.125
  1350:   182175.125   182196.125   182237.125   182289.125   182381.125
  1355:   182419.125   182499.125   182537.125   182578.125   182625.125
  1360:   182657.125   182677.125   182809.125   182848.125   182888.125
  1365:   182932.125   182977.125   183015.125   183064.125   183100.125
  1370:   183120.125   183154.125   183258.725   183258.920   183258.901
  1375:   183258.095   183558.902   185058.910   185060.611   186060.621
  1380:   186061.811   186218.131   186257.131   186300.131   186343.131
  1385:   186384.131   186422.131   186464.131   186514.131   186600.131
  1390:   186636.131   186675.131   186767.131   186810.131   186849.131
  1395:   186889.131   186897.131   186939.131   187073.131   187120.131
  1400:   187130.131   187175.131   187189.131   187354.131   187370.131
  1405:   187405.131   187447.131   187490.131   187527.131   187541.131
  1410:   187584.131   187600.131   187770.131   187826.131   187932.131
  1415:   187983.131   187995.131   188030.131   188103.131   188141.131
  1420:   188188.131   188292.131   188333.131   188386.131   188432.131
  1425:   188478.131   188526.131   188573.131   188617.131   188751.131
  1430:   188842.131   188897.131   188958.131   189000.131   189069.131
  1435:   189125.131   189238.131   189261.821   189261.920   190761.910
  1440:   190763.612   192163.622   192164.712   192285.122   192372.122
  1445:   192411.122   192493.122   192536.122   192587.122   192625.122
  1450:   192673.122   192764.122   192839.122   192908.122   192948.122
  1455:   193008.122   193050.122   193159.122   193195.122   193213.122
  1460:   193272.122   193315.122   193339.122   193389.122   193429.122
  1465:   193566.722   193566.920   193566.901   193566.092   193866.902
  1470:   195366.910   195368.611   196368.621   196369.711   196639.121
  1475:   196683.121   196733.121   196777.121   196826.121   196869.121
  1480:   196911.121   197004.121   197044.121   197119.121   197156.121
  1485:   197192.121   197227.121   197262.121   197284.121   197302.121
  1490:   197338.121   197421.721   197421.920   197421.901   197421.091
  1495:   197721.902   199221.910   199223.612   200623.622   200624.812
  1500:   200739.132   200829.132   200872.132   200917.132   200958.132
  1505:   201036.132   201069.132   201142.132   201176.132   201215.132
  1510:   201298.132   201335.132   201372.132   201411.132   201444.132
  1515:   201450.132   201542.132   201580.132   201683.132   201783.132
  1520:   201801.132   201834.132   201898.132   201917.132   201977.132
  1525:   202091.132   202132.132   202174.132   202212.132   202249.132
  1530:   202302.132   202391.132   202574.132   202614.132   202672.132
  1535:   202691.132   202725.132   202771.132   202888.132   202927.132
  1540:   202969.132   203028.132   203105.132   203125.132   203204.132
  1545:   203247.132   203284.132   203372.132   203388.132   203424.132
  1550:   203527.132   203575.132   203619.132   203740.132   203758.132
  1555:   203870.132   203887.132   204190.132   204224.822   204224.920
  1560:   205724.910   205726.615   209576.625   209577.815   209845.135
  1565:   209888.135   209936.135   211158.135   211203.135   211265.135
  1570:   211309.135   211359.135   211413.135   211457.135   211592.135
  1575:   211633.135   211978.135   212069.135   212132.135   212155.135
  1580:   212630.135   212671.135   212712.135   212750.135   212790.135
  1585:   212830.135   212836.135   212910.135   212947.135   212988.135
  1590:   213065.135   213106.135   213205.135   213240.135   213282.135
  1595:   213320.135   213359.135   213405.135   213491.135   213529.135
  1600:   213572.135   213607.135   213641.135   213648.135   213686.135
  1605:   213780.135   213816.135   213899.135   213937.135   214020.135
  1610:   214064.135   214170.135   214208.135   214248.135   214289.135
  1615:   214377.135   214454.135   214494.135   214537.135   214642.135
  1620:   214680.135   214719.135   214764.135   214894.135   214932.135
  1625:   214976.135   215017.135   215071.135   215112.135   215118.135
  1630:   215166.135   215260.135   215367.135   215422.135   215466.135
  1635:   215627.135   215683.135   215792.135   216242.135   216286.135
  1640:   216325.135   216380.135   216997.135   217053.135   217277.825
  1645:   217277.920   218777.910   218779.615   222629.625   222630.815
  1650:   223707.135   223797.135   224094.135   224134.135   224172.135
  1655:   224222.135   224279.135   224359.135   224522.135   224632.135
  1660:   224668.135   224706.135   224895.135   225111.135   225202.135
  1665:   225259.135   225319.135   225362.135   225450.135   225490.135
  1670:   225529.135   225581.135   225665.135   225702.135   225742.135
  1675:   225785.135   225963.135   226008.135   226092.135   226130.135
  1680:   226150.135   226267.135   226409.135   226466.135   226784.135
  1685:   226830.135   228114.135   228170.135   228243.135   228285.135
  1690:   228329.135   228375.135   228506.135   228662.135   228740.135
  1695:   228780.135   228823.135   228872.135   229006.135   229091.135
  1700:   229185.135   229239.135   229276.135   229314.135   229360.135
  1705:   229448.135   229482.135   229567.135   229585.135   229625.135
  1710:   229720.135   229764.135   229811.135   229913.135   229977.135
  1715:   230054.135   230142.135   230182.135   230268.135   230305.135
  1720:   230330.825   230330.920   230349.411   230365.411   231830.910
  1725:   231832.613   233782.623   233783.813   234130.133   234471.133
  1730:   234513.133   234561.133   234613.133   234660.133   234703.133
  1735:   234753.133   234832.133   234868.133   234909.133   234993.133
  1740:   235071.133   235091.133   235122.133   235167.133   235258.133
  1745:   235293.133   235328.133   235418.133   235432.133   235467.133
  1750:   235489.133   235567.133   235577.133   235645.133   235691.133
  1755:   235816.133   235898.133   235941.133   235985.133   236005.133
  1760:   236086.133   236096.133   236135.133   236178.133   236190.133
  1765:   236277.133   236335.133   236376.133   236414.133   236451.133
  1770:   236472.133   236589.133   236603.133   236641.133   236661.133
  1775:   236694.133   236770.133   236785.133   236822.133   236863.133
  1780:   236987.133   237027.133   237042.133   237153.133   237215.133
  1785:   237649.133   237703.133   237709.133   237983.823   237983.920
  1790:   239483.910   239485.615   243335.625   243336.715   243895.125
  1795:   243979.125   244020.125   244109.125   244148.125   244193.125
  1800:   244238.125   244243.125   244328.125   244369.125   244406.125
  1805:   244453.125   244494.125   244581.125   244614.125   244653.125
  1810:   244741.125   244781.125   244857.125   244889.125   245048.125
  1815:   245088.125   245123.125   245172.125   245181.125   245265.125
  1820:   245319.125   245356.125   245399.125   245408.125   245454.125
  1825:   245459.125   245535.125   245555.125   245705.125   245759.125
  1830:   245800.125   245928.125   245960.125   246004.125   246098.125
  1835:   246135.125   246179.125   246214.125   246260.125   246346.125
  1840:   246384.125   246426.125   246472.125   246527.125   246638.125
  1845:   246679.125   246732.125   246889.125   246937.125   246951.125
  1850:   247002.125   247028.125   247084.125   247091.125   247172.125
  1855:   247210.725   247210.920   247210.901   247210.095   247510.902
  1860:   249010.910   249012.613   250962.623   250963.713   251435.123
  1865:   251476.123   251559.123   251600.123   251637.123   251643.123
  1870:   251683.123   251815.123   251852.123   251888.123   251926.123
  1875:   251967.123   252017.123   252104.123   252136.123   252173.123
  1880:   252219.123   252352.123   252392.123   252484.123   252517.123
  1885:   252556.123   252603.123   252661.123   252759.123   252796.123
  1890:   252826.123   252943.723   252943.920   252943.901   252943.093
  1895:   253243.902   254743.910   254745.614   257495.624   257496.714
  1900:   257972.124   258175.124   258378.124   258416.124   258452.124
  1905:   258525.124   258565.124   258625.124   258677.124   258842.124
  1910:   258879.124   258928.124   259021.124   259064.124   259101.124
  1915:   259151.124   259157.124   259321.124   259366.124   259421.124
  1920:   259456.124   259498.124   259504.124   259582.124   259627.124
  1925:   259651.124   259773.124   259816.124   259823.124   259917.124
  1930:   259951.124   259987.124   260048.124   260087.124   260178.124
  1935:   260219.124   260295.724   260295.920   260295.901   260295.094
  1940:   260595.902   262095.910   262097.612   263497.622   263498.712
  1945:   263648.122   263699.122   263702.122   263752.122   263874.122
  1950:   263963.122   263999.122   264034.122   264105.122   264147.122
  1955:   264189.122   264246.122   264282.122   264369.122   264407.122
  1960:   264446.122   264466.122   264542.122   264561.122   264635.122
  1965:   264668.122   264712.122   264804.122   264841.122   264881.122
  1970:   264963.722   264963.920   264963.901   264963.092   265263.902
  1975:   266763.910   266765.615   270615.625   270616.715   271752.125
  1980:   271796.125   271851.125   272009.125   272051.125   272091.125
  1985:   272332.125   272380.125   272423.125   272502.125   272588.125
  1990:   272623.125   272705.125   272711.125   272792.125   272832.125
  1995:   272872.125   272909.125   272933.125   273054.125   273095.125
  2000:   273131.125   273184.125   273287.125   273367.125   273415.125
  2005:   273486.125   273543.125   273636.125   273782.125   273832.125
  2010:   273918.125   273959.125   273981.125   274017.125   274072.125
  2015:   274079.125   274124.125   274130.125   274179.125   274185.125
  2020:   274411.125   274447.125   274488.725   274488.920   274488.901
  2025:   274488.095   274788.902   276288.910   276290.615   280140.625
  2030:   280141.815   280888.135   281620.135   281657.135   281696.135
  2035:   281738.135   281747.135   281885.135   281926.135   282039.135
  2040:   282157.135   282217.135   282355.135   282387.135   282433.135
  2045:   282479.135   282640.135   282651.135   282762.135   282814.135
  2050:   282821.135   282871.135   282933.135   283099.135   283150.135
  2055:   283394.135   283438.135   283634.135   283673.135   283742.135
  2060:   283750.135   283762.135   283848.135   283889.135   283927.135
  2065:   283965.135   284015.135   284102.135   284139.135   284235.135
  2070:   284271.135   284349.135   284388.135   284424.135   284468.135
  2075:   284531.135   284612.135   284654.135   284668.135   284706.135
  2080:   284747.135   284837.135   284873.135   284912.135   285000.135
  2085:   285037.135   285127.135   285343.135   285361.135   285399.135
  2090:   285491.135   286415.135   286450.135   286498.135   287364.135
  2095:   287418.135   287566.135   287841.825   287841.920   289341.910
  2100:   289343.613   291293.623   291294.713   291417.123   291422.123
  2105:   292017.123   292025.123   292061.123   292111.123   292160.123
  2110:   292202.123   292286.123   292656.123   292681.123   292878.123
  2115:   292917.123   293042.123   293095.123   293189.123   293224.123
  2120:   293272.723   293272.920   293272.901   293272.093   293572.902
  2125:   295072.910   295074.613   297024.623   297025.713   297300.123
  2130:   297351.123   297399.123   297451.123   297538.123   297586.123
  2135:   297641.123   297717.123   297754.123   297801.123   297949.123
  2140:   297987.123   298024.123   298120.123   298177.123   298218.123
  2145:   298378.123   298416.123   298519.123   298556.123   298659.123
  2150:   298737.123   298773.123   299459.723   299459.920   299459.901
  2155:   299459.093   299759.902   301259.910   301261.615   305111.625
  2160:   305112.715   306896.125   306935.125   306972.125   307192.125
  2165:   307329.125   307547.125   307599.125   307605.125   307680.125
  2170:   307726.125   307773.125   307822.125   307828.125   307903.125
  2175:   307940.125   308020.125   308053.125   308092.125   308178.125
  2180:   308216.125   308261.125   308347.125   308383.125   308418.125
  2185:   308532.125   308634.125   308651.125   308727.125   308845.125
  2190:   308884.125   308922.125   308970.725   308970.920   308970.901
  2195:   308970.095   309270.902   310770.910   310772.614   313522.624
  2200:   313523.714   313724.124   313765.124   313808.124   313891.124
  2205:   313932.124   313973.124   314053.124   314094.124   314141.124
  2210:   314147.124   314184.124   314271.124   314306.124   314345.124
  2215:   314428.124   314478.124   314522.124   314569.124   314623.124
  2220:   314730.124   314772.124   314811.124   314901.124   315004.124
  2225:   315100.124   315143.124   315187.124   315227.124   315269.124
  2230:   315357.124   315404.124   315446.124   315502.124   315522.124
  2235:   315616.124   315655.124   315780.124   315819.124   315859.124
  2240:   315943.124   315978.124   316100.124   316139.124   316160.124
  2245:   316198.124   316294.724   316294.920   316294.901   316294.094
  2250:   316594.902   318094.910   318096.612   319496.622   319497.712
  2255:   319689.122   319794.122   319852.122   319900.122   320012.122
  2260:   320056.122   320197.122   320215.122   320249.122   320293.122
  2265:   320485.122   320501.122   320536.122   320586.122   320711.122
  2270:   320750.122   320762.122   320801.122   320838.122   320878.122
  2275:   320894.122   321017.722   321017.920   321017.901   321017.092
  2280:   321317.902   322817.910   322819.611   323819.621   323820.711
  2285:   324244.121   324281.121   324324.121   324365.121   324413.121
  2290:   324460.121   324505.121   324553.121   324560.121   324601.121
  2295:   324678.121   324718.121   324734.121   324766.121   324852.721
  2300:   324852.920   324852.901   324852.091   325152.902   326652.910
  2305:   326654.612   328054.622   328055.712   328173.122   328218.122
  2310:   328262.122   328309.122   328350.122   328393.122   328447.122
  2315:   328493.122   328536.122   328638.122   328681.122   328718.122
  2320:   328777.122   328815.122   328854.122   328889.122   328971.122
  2325:   329011.122   329029.122   329075.122   329164.122   329206.122
  2330:   329294.122   329310.122   329342.122   329383.122   329466.722
  2335:   329466.920   329466.901   329466.092   329766.902   331266.910
  2340:   331268.615   335118.625   335119.715   335567.125   335605.125
  2345:   335638.125   335680.125   335685.125   335757.125   335840.125
  2350:   335983.125   336018.125   336054.125   336146.125   336216.125
  2355:   336254.125   336360.125   336515.125   336556.125   336596.125
  2360:   336635.125   336678.125   336695.125   336756.125   336796.125
  2365:   336832.125   336915.125   336955.125   337044.125   337081.125
  2370:   337127.125   337133.125   337175.125   337263.125   337304.125
  2375:   337343.125   337390.125   337432.125   337472.125   337524.125
  2380:   337623.125   337657.125   337875.125   337988.125   338027.125
  2385:   338120.125   338137.125   338180.125   338261.125   338277.125
  2390:   338404.125   338463.125   338480.125   338543.125   338606.125
  2395:   338730.125   338782.125   338824.125   338863.125   338922.125
  2400:   339080.725   339080.920   339080.901   339080.095   339380.902
  2405:   340880.910   340882.612   342282.622   342283.712   342456.122
  2410:   342501.122   342545.122   342587.122   342672.122   342709.122
  2415:   342749.122   342923.122   342961.122   342997.122   343084.122
  2420:   343120.122   343235.122   343287.122   343305.122   343338.122
  2425:   343418.122   343424.122   343435.122   343513.122   343552.122
  2430:   343662.122   343717.722   343717.920   343717.901   343717.092
  2435:   344017.902   345517.910   345519.611   346519.621   346520.811
  2440:   346613.131   346651.131   346701.131   346745.131   346793.131
  2445:   346836.131   346880.131   346922.131   346960.131   347018.131
  2450:   347056.131   347102.131   347194.131   347270.131   347309.131
  2455:   347337.131   347394.131   347433.131   347493.131   347520.131
  2460:   347570.131   347691.131   347740.131   347752.131   347794.131
  2465:   347838.131   347922.131   348036.131   348089.131   348133.131
  2470:   348186.131   348287.131   348308.131   348341.131   348395.131
  2475:   348417.131   348445.131   348487.131   348556.131   348590.131
  2480:   348598.131   348640.131   348685.131   348736.131   348781.131
  2485:   348833.131   348927.131   348965.131   349010.131   349032.131
  2490:   349117.131   349169.131   349212.131   349305.131   349358.131
  2495:   349459.131   349494.131   349598.131   349635.131   349675.131
  2500:   349716.131   349720.821   349720.920   351220.910   351222.613
  2505:   353172.623   353173.713   353420.123   353454.123   353494.123
  2510:   353536.123   353627.123   353665.123   353716.123   353788.123
  2515:   353821.123   353900.123   353934.123   353972.123   354034.123
  2520:   354043.123   354125.123   354171.123   354261.123   354298.123
  2525:   354353.123   354393.123   354433.123   354480.123   354585.123
  2530:   354621.123   354670.123   354801.123   354842.123   354880.123
  2535:   354924.123   354965.123   354998.123   355020.123   355069.123
  2540:   355089.123   355136.723   355136.920   355136.901   355136.093
  2545:   355436.902   356936.910   356938.614   359688.624   359689.814
  2550:   359990.134   360029.134   360066.134   360111.134   360159.134
  2555:   360243.134   360286.134   360381.134   360416.134   360455.134
  2560:   360541.134   360580.134   360698.134   360831.134   360873.134
  2565:   360956.134   360995.134   361016.134   361047.134   361085.134
  2570:   361173.134   361211.134   361285.134   361325.134   361461.134
  2575:   361502.134   361538.134   361589.134   361643.134   361648.134
  2580:   361720.134   361726.134   361792.134   361831.134   361867.134
  2585:   361910.134   362002.134   362046.134   362089.134   362133.134
  2590:   362236.134   362328.134   362373.134   362409.134   362454.134
  2595:   362493.134   362530.134   362597.134   362642.134   362700.134
  2600:   362746.134   362819.134   362863.134   362918.134   363013.134
  2605:   363058.134   363096.134   363135.134   363173.134   363278.134
  2610:   363316.134   363327.134   363411.134   363423.134   363458.134
  2615:   363474.134   363545.134   363626.134   363677.134   363715.134
  2620:   363786.134   363911.134   363959.134   364106.134   364147.134
  2625:   364210.134   364259.134   364325.134   364366.134   364408.134
  2630:   364501.134   364537.134   364613.134   364656.134   364691.134
  2635:   364732.134   364739.134   364774.134   364893.134   364932.134
  2640:   365062.134   365119.134   365189.824   365189.920   366689.910
  2645:   366691.614   369441.624   369442.714   369679.124   369725.124
  2650:   369785.124   369838.124   369917.124   369960.124   370063.124
  2655:   370106.124   370156.124   370207.124   370214.124   370303.124
  2660:   370402.124   370440.124   370525.124   370566.124   370584.124
  2665:   370616.124   370665.124   370766.124   370807.124   370850.124
  2670:   370890.124   370927.124   371021.124   371070.124   371100.124
  2675:   371177.124   371201.124   371243.124   371440.124   371455.124
  2680:   371494.124   371535.124   371715.124   371772.124   371926.124
  2685:   371966.124   372024.124   372136.124   372194.724   372194.920
  2690:   372194.901   372194.094   372494.902   373994.910   373996.614
  2695:   376746.624   376747.714   377030.124   377075.124   377155.124
  2700:   377198.124   377253.124   377301.124   377352.124   377433.124
  2705:   377464.124   377504.124   377547.124   377626.124   377657.124
  2710:   377693.124   377731.124   377737.124   377813.124   377850.124
  2715:   377883.124   377920.124   378154.124   378196.124   378250.124
  2720:   378289.124   378327.124   378361.124   378382.124   378464.124
  2725:   378543.124   378596.124   378604.124   378679.124   378731.124
  2730:   378768.124   378805.124   378936.124   378976.124   378993.124
  2735:   379062.124   379134.124   379171.124   379272.124   379308.124
  2740:   379345.124   379389.124   379436.124   379478.124   379521.724
  2745:   379521.920   379521.901   379521.094   379821.902   381321.910
  2750:   381323.612   382723.622   382724.812   382781.132   382856.132
  2755:   382901.132   382949.132   383029.132   383065.132   383102.132
  2760:   383140.132   383182.132   383261.132   383295.132   383405.132
  2765:   383515.132   383561.132   383567.132   383648.132   383689.132
  2770:   383722.132   383768.132   383860.132   383911.132   383945.132
  2775:   383961.132   384008.132   384099.132   384137.132   384173.132
  2780:   384274.132   384350.132   384388.132   384403.132   384526.132
  2785:   384541.132   384575.132   384612.132   384648.132   384682.132
  2790:   384825.132   384862.132   384903.132   384910.132   385038.132
  2795:   385074.132   385117.132   385160.132   385237.132   385269.132
  2800:   385288.132   385320.132   385356.132   385395.132   385437.132
  2805:   385492.132   385594.132   385630.132   385671.132   385783.132
  2810:   385832.132   385844.132   385938.132   386324.822   386324.920
  2815:   387824.910   387826.615   391676.625   391677.715   391858.125
  2820:   391900.125   392067.125   392141.125   392263.125   392301.125
  2825:   392379.125   392453.125   392500.125   392546.125   392586.125
  2830:   392620.125   392627.125   392706.125   392745.125   392755.125
  2835:   392832.125   392849.125   392922.125   392961.125   392995.125
  2840:   393070.125   393147.125   393217.125   393302.125   393433.125
  2845:   393472.125   393506.125   393552.125   393558.125   393642.125
  2850:   393673.125   393716.125   393725.125   393812.125   393848.125
  2855:   394024.125   394106.125   394144.125   394183.125   394225.125
  2860:   394287.125   394322.125   394391.125   394427.125   394471.125
  2865:   394564.125   394603.125   394654.125   394696.125   394780.125
  2870:   394877.125   394914.125   394953.125   394994.125   395029.125
  2875:   395067.125   395118.125   395242.125   395337.125   395842.725
  2880:   395842.920   395842.901   395842.095   396142.902   397642.910
  2885:   397644.615   401494.625   401495.715   401622.125   401658.125
  2890:   401694.125   401735.125   401772.125   401852.125   401928.125
  2895:   401962.125   402002.125   402078.125   402111.125   402146.125
  2900:   402236.125   402268.125   402302.125   402338.125   402378.125
  2905:   402415.125   402453.125   402489.125   402510.125   402592.125
  2910:   402625.125   402663.125   402679.125   402781.125   402798.125
  2915:   402833.125   402873.125   402906.125   402945.125   403024.125
  2920:   403058.125   403099.125   403142.125   403180.125   403186.125
  2925:   403237.125   403257.125   403334.125   403375.125   403426.125
  2930:   403470.125   403511.125   403527.125   403645.125   403728.125
  2935:   403812.125   403853.125   403979.125   404056.125   404183.125
  2940:   404272.125   404311.125   404414.125   404497.125   404580.125
  2945:   404630.125   404717.125   404798.125   404843.125   404965.125
  2950:   405018.125   405034.125   405247.125   405288.125   405336.125
  2955:   405383.725   405383.920   405383.901   405383.095   405683.902
  2960:   407183.910   407185.614   409935.624   409936.814   410234.134
  2965:   410329.134   410369.134   410413.134   410502.134   410579.134
  2970:   410616.134   410703.134   410736.134   410786.134   410952.134
  2975:   411031.134   411062.134   411090.134   411134.134   411178.134
  2980:   411254.134   411293.134   411332.134   411340.134   411417.134
  2985:   411504.134   411541.134   411679.134   411720.134   411774.134
  2990:   411815.134   411924.134   411964.134   412002.134   412121.134
  2995:   412165.134   412216.134   412261.134   412405.134   412439.134
  3000:   412479.134   412564.134   412624.134   412749.134   412785.134
  3005:   412872.134   412909.134   412945.134   412985.134   413000.134
  3010:   413033.134   413082.134   413125.134   413223.134   413239.134
  3015:   413354.134   413369.134   413521.134   413557.134   413601.134
  3020:   413654.134   413836.134   413878.134   413965.134   414005.134
  3025:   414062.134   414202.134   414222.134   414258.134   414307.134
  3030:   414358.134   414406.134   414452.134   414561.134   414637.134
  3035:   414681.134   414846.134   414868.134   414959.134   415023.134
  3040:   415421.134   415436.824   415436.920   416936.910   416938.612
  3045:   418338.622   418339.712   418475.122   418568.122   418647.122
  3050:   418717.122   418795.122   418843.122   418886.122   418934.122
  3055:   418940.122   419015.122   419049.122   419083.122   419158.122
  3060:   419207.122   419213.122   419291.122   419324.122   419413.122
  3065:   419445.122   419480.122   419624.122   419713.122   419799.722
  3070:   419799.920   419799.901   419799.092   420099.902   421599.910
  3075:   421601.615   425451.625   425452.715   425628.125   425707.125
  3080:   426038.125   426085.125   426128.125   426246.125   426358.125
  3085:   426477.125   426510.125   426624.125   426757.125   426858.125
  3090:   427010.125   427049.125   427122.125   427197.125   427206.125
  3095:   427221.125   427263.125   427348.125   427382.125   427478.125
  3100:   427508.125   427540.125   427612.125   427662.125   427667.125
  3105:   427682.125   427807.125   427848.125   427925.125   428020.125
  3110:   428053.125   428108.125   428297.125   428397.125   428517.125
  3115:   428557.125   428593.125   428641.125   428647.125   428765.125
  3120:   428802.125   428839.125   428879.125   429046.125   429153.125
  3125:   429193.125   429365.725   429365.920   429365.901   429365.095
  3130:   429665.902   431165.910   431167.614   433917.624   433918.714
  3135:   434051.124   434097.124   434332.124   434644.124   434650.124
  3140:   434689.124   434734.124   434834.124   434884.124   434990.124
  3145:   435023.124   435074.124   435079.124   435313.124   435354.124
  3150:   435390.124   435410.124   435456.124   435548.124   435589.124
  3155:   435623.124   435709.124   435789.124   435884.124   435923.124
  3160:   435957.124   436003.124   436134.124   436172.124   436179.124
  3165:   436232.124   436345.124   436387.124   436469.124   436505.124
  3170:   436579.124   436629.124   436726.724   436726.920   436726.901
  3175:   436726.094   437026.902   438526.910   438528.615   442378.625
  3180:   442379.715   443104.125   443649.125   443700.125   443742.125
  3185:   443784.125   443841.125   443946.125   444000.125   444074.125
  3190:   444167.125   444296.125   444333.125   444386.125   444509.125
  3195:   444566.125   444625.125   444632.125   444862.125   444905.125
  3200:   444980.125   445017.125   445118.125   445152.125   445234.125
  3205:   445274.125   445372.125   445408.125   445451.125   445537.125
  3210:   445547.125   445581.125   445668.125   445703.125   445743.125
  3215:   445790.125   445936.125   445979.125   446030.125   446037.125
  3220:   446086.125   446139.125   446232.725   446232.920   446232.901
  3225:   446232.095   446532.902   448032.910   448034.612   449434.622
  3230:   449435.712   449528.122   449616.122   449660.122   449707.122
  3235:   449817.122   449902.122   449947.122   449998.122   450044.122
  3240:   450124.122   450163.122   450298.122   450333.122   450434.122
  3245:   450509.122   450531.122   450574.122   450580.122   450696.122
  3250:   450737.122   450879.722   450879.920   450879.901   450879.092
  3255:   451179.902   452679.910   452681.613   454631.623   454632.713
  3260:   455134.123   455231.123   455463.123   455510.123   455557.123
  3265:   455604.123   455713.123   455771.123   455841.123   456013.123
  3270:   456061.123   456066.123   456130.123   456202.123   456238.123
  3275:   456290.123   456374.123   456413.123   456448.123   456480.123
  3280:   456560.123   456598.723   456598.920   456598.901   456598.093
  3285:   456898.902   458398.910   458400.611   459400.621   459401.811
  3290:   459519.131   459560.131   459654.131   459698.131   459740.131
  3295:   459865.131   459981.131   460000.131   460034.131   460114.131
  3300:   460183.131   460263.131   460340.131   460589.131   460624.131
  3305:   460639.131   460700.131   460749.131   460801.131   460937.131
  3310:   460956.131   461024.131   461072.131   461078.131   461170.131
  3315:   461257.131   461448.131   461497.131   461651.131   461672.131
  3320:   461709.131   461746.131   461784.131   461874.131   461890.131
  3325:   462083.131   462142.131   462199.131   462243.131   462263.131
  3330:   462354.131   462480.131   462528.131   462586.131   462601.821
  3335:   462601.920   464101.910   464103.613   466053.623   466054.713
  3340:   466180.123   466227.123   466283.123   466330.123   466496.123
  3345:   466581.123   466616.123   466737.123   466783.123   466792.123
  3350:   466955.123   466993.123   467032.123   467123.123   467304.123
  3355:   467338.123   467450.123   467465.123   467561.123   467597.123
  3360:   467611.123   467666.123   467757.123   467844.123   467862.123
  3365:   467899.123   467915.123   467951.123   467984.123   467995.123
  3370:   468069.723   468069.920   468069.901   468069.093   468369.902
  3375:   469869.910   469871.615   473721.625   473722.815   474749.135
  3380:   475085.135   475125.135   475131.135   475169.135   475286.135
  3385:   475322.135   475361.135   475554.135   475698.135   475751.135
  3390:   475915.135   475953.135   476067.135   476150.135   476243.135
  3395:   476284.135   476412.135   476461.135   476528.135   476621.135
  3400:   476791.135   476808.135   476847.135   476907.135   476921.135
  3405:   476965.135   477032.135   477165.135   477221.135   477261.135
  3410:   477298.135   477340.135   477494.135   477511.135   477548.135
  3415:   477589.135   477818.135   477860.135   477898.135   477962.135
  3420:   478072.135   478223.135   478280.135   478321.135   478499.135
  3425:   478635.135   478691.135   478837.135   478886.135   478906.135
  3430:   479000.135   479082.135   479136.135   479164.135   479245.135
  3435:   479284.135   479355.135   479402.135   479535.135   479618.135
  3440:   479658.135   479747.135   479784.135   479833.135   479931.135
  3445:   479981.135   480293.135   480387.135   480963.135   481007.135
  3450:   481046.135   481096.135   481155.135   481197.135   481288.135
  3455:   481303.135   481343.135   481349.135   481389.135   481394.135
  3460:   481422.825   481422.920   482922.910   482924.615   486774.625
  3465:   486775.715   486907.125   486949.125   486997.125   487113.125
  3470:   487196.125   487232.125   487271.125   487308.125   487350.125
  3475:   487359.125   487534.125   487616.125   487652.125   487701.125
  3480:   487857.125   487877.125   487918.125   487968.125   487975.125
  3485:   488069.125   488103.125   488188.125   488223.125   488258.125
  3490:   488335.125   488354.125   488425.125   488462.125   488500.125
  3495:   488541.125   488635.125   488674.125   488753.125   488790.125
  3500:   488923.125   488989.125   489086.125   489129.125   489168.125
  3505:   489205.125   489334.125   489388.125   489425.125   489430.125
  3510:   489525.125   489570.125   489614.125   489719.125   489815.125
  3515:   489851.125   489971.125   490009.125   490049.125   490100.125
  3520:   490227.125   490242.125   490289.125   490315.125   490366.125
  3525:   490642.725   490642.920   490642.901   490642.095   490942.902
  3530:   492442.910   492444.611   493444.621   493445.711   493567.121
  3535:   493620.121   493756.121   493806.121   493811.121   493852.121
  3540:   493894.121   493984.121   494021.121   494059.121   494097.121
  3545:   494137.121   494176.121   494218.121   494281.121   494372.121
  3550:   494413.121   494462.721   494462.920   494462.901   494462.091
  3555:   494762.902   496262.910   496264.614   499014.624   499015.714
  3560:   499393.124   499478.124   499587.124   499622.124   499666.124
  3565:   499850.124   499965.124   500036.124   500111.124   500142.124
  3570:   500274.124   500312.124   500346.124   500352.124   500464.124
  3575:   500498.124   500508.124   500539.124   500661.124   500765.124
  3580:   500799.124   500874.124   500880.124   500989.124   501034.124
  3585:   501072.124   501080.124   501083.124   501146.124   501184.124
  3590:   501359.124   501397.124   501456.124   501505.124   501581.124
  3595:   501665.124   501709.124   501815.724   501815.920   501815.901
  3600:   501815.094   502115.902   503615.910   503617.614   506367.624
  3605:   506368.714   506481.124   506928.124   506968.124   507011.124
  3610:   507057.124   507140.124   507221.124   507259.124   507336.124
  3615:   507370.124   507520.124   507557.124   507641.124   507683.124
  3620:   507688.124   507842.124   507886.124   507960.124   508091.124
  3625:   508130.124   508138.124   508253.124   508288.124   508321.124
  3630:   508367.124   508385.124   508504.124   508542.124   508598.124
  3635:   508765.124   508806.124   508823.124   508860.124   508896.124
  3640:   508933.124   508968.124   509157.724   509157.920   509157.901
  3645:   509157.094   509457.902   510957.910   510959.612   512359.622
  3650:   512360.812   512452.132   512536.132   512614.132   512685.132
  3655:   512721.132   512767.132   512838.132   512873.132   512909.132
  3660:   512980.132   513051.132   513122.132   513153.132   513309.132
  3665:   513348.132   513384.132   513499.132   513579.132   513616.132
  3670:   513765.132   513813.132   513830.132   513862.132   513984.132
  3675:   514025.132   514062.132   514118.132   514157.132   514169.132
  3680:   514205.132   514294.132   514331.132   514367.132   514400.132
  3685:   514432.132   514562.132   514608.132   514711.132   514749.132
  3690:   514786.132   514801.132   514834.132   514882.132   514995.132
  3695:   515051.132   515122.132   515160.132   515326.132   515388.132
  3700:   515687.132   515730.132   515825.132   515929.132   515960.822
  3705:   515960.920   517460.910   517462.613   519412.623   519413.713
  3710:   520001.123   520084.123   520356.123   520647.123   520768.123
  3715:   520777.123   520892.123   521089.123   521210.123   521248.123
  3720:   521362.123   521404.723   521404.920   521404.901   521404.093
  3725:   521704.902   523204.910   523206.615   527056.625   527057.815
  3730:   528482.135   528519.135   528560.135   528603.135   528751.135
  3735:   528795.135   528800.135   528955.135   529138.135   529182.135
  3740:   529214.135   529251.135   529341.135   529370.135   529415.135
  3745:   529423.135   529553.135   529589.135   529677.135   529745.135
  3750:   529782.135   529801.135   529831.135   530027.135   530061.135
  3755:   530193.135   530224.135   530256.135   530298.135   530365.135
  3760:   530458.135   530494.135   530513.135   530546.135   530575.135
  3765:   530600.135   530682.135   530721.135   530758.135   530800.135
  3770:   530878.135   530917.135   531039.135   531075.135   531154.135
  3775:   531190.135   531287.135   531427.135   531575.135   531644.135
  3780:   531704.135   531755.135   531873.135   531977.135   531994.135
  3785:   532029.135   532070.135   532145.135   532274.135   532286.135
  3790:   532331.135   532383.135   533259.135   533342.135   533348.135
  3795:   534050.135   534089.135   534131.135   534178.135   534221.135
  3800:   534267.135   534312.135   534518.135   534607.135   534685.135
  3805:   534757.825   534757.920   534762.411   536257.910   536259.613
  3810:   538209.623   538210.813   538304.133   538354.133   538516.133
  3815:   538546.133   538722.133   538857.133   538976.133   539078.133
  3820:   539183.133   539226.133   539245.133   539469.133   539506.133
  3825:   539565.133   539609.133   539624.133   539774.133   539807.133
  3830:   539838.133   539885.133   539892.133   540008.133   540044.133
  3835:   540119.133   540157.133   540186.133   540226.133   540411.133
  3840:   540453.133   540486.133   540752.133   540789.133   540808.133
  3845:   540923.133   540958.133   540978.133   541057.133   541075.133
  3850:   541105.133   541200.133   541233.133   541272.133   541309.133
  3855:   541328.133   541485.133   541527.133   541704.133   541741.133
  3860:   541775.133   541860.133   541933.133   541976.133   541992.133
  3865:   542040.133   542410.823   542410.920   543910.910   543912.614
  3870:   546662.624   546663.814   547446.134   547487.134   547494.134
  3875:   547711.134   547859.134   548181.134   548218.134   548258.134
  3880:   548301.134   548347.134   548388.134   548486.134   548530.134
  3885:   548578.134   548629.134   548669.134   548883.134   548934.134
  3890:   549011.134   549044.134   549088.134   549132.134   549181.134
  3895:   549246.134   549251.134   549439.134   549493.134   549571.134
  3900:   549610.134   549691.134   549817.134   549850.134   549900.134
  3905:   549930.134   550021.134   550059.134   550075.134   550116.134
  3910:   550166.134   550210.134   550252.134   550271.134   550402.134
  3915:   550416.134   550531.134   550555.134   550635.134   550691.134
  3920:   550724.134   550768.134   550821.134   550864.134   551127.134
  3925:   551145.134   551441.134   551480.134   551695.134   552103.134
  3930:   552163.824   552163.920   552170.411   553663.910   553665.611
  3935:   554665.621   554666.711   554778.121   554816.121   554856.121
  3940:   554900.121   554945.121   554988.121   555029.121   555079.121
  3945:   555132.121   555174.121   555258.121   555298.121   555341.121
  3950:   555388.121   555426.121   555465.121   555507.121   555514.121
  3955:   555641.121   555684.721   555684.920   555684.901   555684.091
  3960:   555984.902   557484.910   557486.611   558486.621   558487.811
  3965:   558647.131   558720.131   558758.131   558800.131   558839.131
  3970:   558883.131   558918.131   558999.131   559037.131   559071.131
  3975:   559113.131   559128.131   559201.131   559217.131   559254.131
  3980:   559390.131   559437.131   559478.131   559523.131   559569.131
  3985:   559614.131   559630.131   559667.131   559709.131   559748.131
  3990:   559856.131   559946.131   560034.131   560079.131   560093.131
  3995:   560132.131   560152.131   560343.131   560398.131   560414.131
  4000:   560448.131   560522.131   560619.131   560639.131   560675.131
  4005:   560718.131   560953.131   560991.131   561032.131   561203.131
  4010:   561265.131   561323.131   561687.821   561687.920   563187.910
  4015:   563189.611   564189.621   564190.711   564350.121   564388.121
  4020:   564430.121   564472.121   564513.121   564602.121   564647.121
  4025:   564733.121   564774.121   564820.121   564841.121   564910.121
  4030:   564935.121   564942.121   564977.121   565029.121   565120.121
  4035:   565169.121   565211.721   565211.920   565211.901   565211.091
  4040:   565511.902   567011.910   567013.611   568013.621   568014.711
  4045:   568085.121   568127.121   568172.121   568222.121   568261.121
  4050:   568316.121   568397.121   568431.121   568455.121   568493.121
  4055:   568576.121   568612.121   568651.121   568795.121   568831.121
  4060:   568868.121   568904.121   568920.121   568956.121   569009.121
  4065:   569110.721   569110.920   569110.901   569110.091   569410.902
  4070:   570910.910   570912.613   572862.623   572863.713   572960.123
  4075:   573005.123   573106.123   573324.123   573760.123   573848.123
  4080:   573888.123   574129.123   574183.123   574399.123   574443.123
  4085:   574484.123   574517.123   574562.123   574646.123   574681.123
  4090:   574721.123   574757.123   574926.723   574926.920   574926.901
  4095:   574926.093   575226.902   576726.910   576728.614   579478.624
  4100:   579479.714   579629.124   579826.124   580216.124   580255.124
  4105:   580493.124   580605.124   580632.124   580663.124   580813.124
  4110:   580853.124   580889.124   580933.124   581059.124   581220.124
  4115:   581369.124   581420.124   581521.124   581597.124   581625.124
  4120:   581806.124   581837.124   581975.124   582025.124   582080.124
  4125:   582196.124   582252.724   582252.920   582252.901   582252.094
  4130:   582552.902   584052.910   584054.614   586804.624   586805.714
  4135:   587384.124   587495.124   587744.124   587813.124   588067.124
  4140:   588107.124   588158.124   588243.124   588328.124   588372.124
  4145:   588455.124   588655.124   588693.124   588764.124   588937.124
  4150:   589041.124   589103.124   589156.124   589230.124   589236.124
  4155:   589266.124   589274.124   589422.124   589462.124   589508.124
  4160:   589600.724   589600.920   589600.901   589600.094   589900.902
  4165:   591400.910   591402.615   595252.625   595253.715   595883.125
  4170:   596247.125   596285.125   596325.125   596405.125   596619.125
  4175:   596783.125   596945.125   596979.125   597020.125   597025.125
  4180:   597134.125   597169.125   597282.125   597339.125   597467.125
  4185:   597510.125   597558.125   597564.125   597658.125   597676.125
  4190:   597719.125   597932.125   597971.125   598012.125   598017.125
  4195:   598131.125   598166.125   598203.125   598315.125   598410.125
  4200:   598626.125   598700.125   598739.125   598824.125   598869.125
  4205:   598904.125   598944.125   599166.725   599166.920   599166.901
  4210:   599166.095   599466.902   600966.910   600968.612   602368.622
  4215:   602369.712   602452.122   602488.122   602529.122   602602.122
  4220:   602644.122   602743.122   602777.122   602821.122   602887.122
  4225:   602922.122   602942.122   602974.122   603033.122   603064.122
  4230:   603100.122   603142.122   603218.122   603251.122   603363.122
  4235:   603411.122   603522.122   603534.122   603570.122   603580.122
  4240:   603615.122   603654.122   603686.122   603800.722   603800.920
  4245:   603800.901   603800.092   604100.902   605600.910   605602.614
  4250:   608352.624   608353.714   608509.124   608553.124   608789.124
  4255:   608829.124   609007.124   609117.124   609322.124   609362.124
  4260:   609408.124   609454.124   609580.124   609665.124   609733.124
  4265:   609844.124   609944.124   610055.124   610087.124   610225.124
  4270:   610404.124   610440.124   610446.124   610506.124   610578.124
  4275:   610611.124   610718.124   610752.124   610792.124   610861.124
  4280:   610948.124   611051.124   611090.124   611126.724   611126.920
  4285:   611126.901   611126.094   611426.902   612926.910   612928.611
  4290:   613928.621   613929.711   614046.121   614084.121   614123.121
  4295:   614160.121   614205.121   614339.121   614374.121   614446.121
  4300:   614480.121   614517.121   614573.121   614600.121   614624.121
  4305:   614691.121   614738.121   614800.121   614840.121   614879.121
  4310:   614915.121   614957.721   614957.920   614957.901   614957.091
  4315:   615257.902   616757.910   616759.612   618159.622   618160.712
  4320:   618247.122   618288.122   618328.122   618368.122   618414.122
  4325:   618489.122   618525.122   618557.122   618590.122   618629.122
  4330:   618664.122   618744.122   618776.122   618814.122   618851.122
  4335:   618883.122   618904.122   618925.122   619064.122   619098.122
  4340:   619138.122   619174.122   619250.122   619377.122   619477.122
  4345:   619516.122   619530.122   619621.722   619621.920   619621.901
  4350:   619621.092   619921.902   621421.910   621423.615   625273.625
  4355:   625274.715   626538.125   626578.125   626620.125   626690.125
  4360:   626742.125   626819.125   626894.125   626936.125   626977.125
  4365:   627127.125   627209.125   627377.125   627498.125   627580.125
  4370:   627622.125   627785.125   627798.125   627832.125   627886.125
  4375:   627999.125   628037.125   628127.125   628209.125   628260.125
  4380:   628288.125   628329.125   628370.125   628420.125   628457.125
  4385:   628506.125   628599.125   628722.125   628844.125   628883.125
  4390:   628927.125   628968.125   628974.125   629144.725   629144.920
  4395:   629144.901   629144.095   629444.902   630944.910   630946.612
  4400:   632346.622   632347.812   632457.132   632625.132   632672.132
  4405:   632723.132   632834.132   632880.132   632940.132   632989.132
  4410:   633068.132   633104.132   633149.132   633155.132   633226.132
  4415:   633261.132   633338.132   633343.132   633413.132   633449.132
  4420:   633527.132   633546.132   633577.132   633617.132   633636.132
  4425:   633669.132   633724.132   633762.132   633804.132   633823.132
  4430:   633857.132   633899.132   634052.132   634085.132   634102.132
  4435:   634169.132   634261.132   634313.132   634332.132   634366.132
  4440:   634409.132   634456.132   634511.132   634549.132   634606.132
  4445:   634715.132   634732.132   634821.132   634872.132   634890.132
  4450:   634925.132   634961.132   635004.132   635040.132   635104.132
  4455:   635206.132   635289.132   635344.132   635474.132   635519.132
  4460:   635598.132   635638.132   635675.132   635834.132   635885.132
  4465:   635947.822   635947.920   637447.910   637449.611   638449.621
  4470:   638450.711   638539.121   638572.121   638607.121   638648.121
  4475:   638691.121   638728.121   638777.121   638819.121   638886.121
  4480:   638921.121   639004.121   639042.121   639080.121   639123.121
  4485:   639157.121   639172.121   639286.121   639337.121   639371.121
  4490:   639476.721   639476.920   639476.901   639476.091   639776.902
  4495:   641276.910   641278.612   642678.622   642679.712   642772.122
  4500:   642813.122   642851.122   642885.122   642926.122   642986.122
  4505:   643056.122   643094.122   643195.122   643256.122   643279.122
  4510:   643308.122   643380.122   643460.122   643495.122   643538.122
  4515:   643577.122   643582.122   643659.122   643689.122   643724.122
  4520:   643767.122   643806.122   643956.122   643994.122   644039.122
  4525:   644055.122   644143.722   644143.920   644143.901   644143.092
  4530:   644443.902   645943.910   645945.612   647345.622   647346.712
  4535:   647474.122   647575.122   647648.122   647655.122   647719.122
  4540:   647757.122   647793.122   647825.122   647858.122   647879.122
  4545:   647911.122   647996.122   648031.122   648067.122   648073.122
  4550:   648143.122   648173.122   648213.122   648246.122   648280.122
  4555:   648323.122   648386.122   648502.122   648545.122   648598.122
  4560:   648766.722   648766.920   648766.901   648766.092   649066.902
  4565:   650566.910   650568.611   651568.621   651569.711   651656.121
  4570:   651763.121   651805.121   651875.121   651969.121   652042.121
  4575:   652074.121   652153.121   652191.121   652223.121   652302.121
  4580:   652337.121   652371.121   652406.121   652441.121   652513.121
  4585:   652542.121   652578.721   652578.920   652578.901   652578.091
  4590:   652878.902   654378.910   654380.614   657130.624   657131.814
  4595:   657355.134   657761.134   657961.134   657995.134   658059.134
  4600:   658064.134   658268.134   658380.134   658584.134   658623.134
  4605:   658742.134   658780.134   658792.134   658966.134   659046.134
  4610:   659089.134   659136.134   659214.134   659245.134   659262.134
  4615:   659338.134   659373.134   659408.134   659446.134   659525.134
  4620:   659606.134   659632.134   659648.134   659728.134   659764.134
  4625:   659796.134   659829.134   659869.134   659938.134   659991.134
  4630:   660028.134   660070.134   660112.134   660146.134   660225.134
  4635:   660256.134   660290.134   660501.134   660538.134   660651.134
  4640:   660687.134   660724.134   660912.134   660926.134   660981.134
  4645:   661095.134   661231.134   661259.134   661294.134   661359.134
  4650:   661574.134   661589.134   661668.134   661876.134   661919.134
  4655:   662265.134   662316.134   662631.824   662631.920   664131.910
  4660:   664133.612   665533.622   665534.712   665598.122   665663.122
  4665:   665746.122   665891.122   665935.122   665976.122   666019.122
  4670:   666099.122   666176.122   666224.122   666301.122   666374.122
  4675:   666447.122   666485.122   666572.122   666607.122   666738.122
  4680:   666798.122   666876.122   666920.122   666947.722   666947.920
  4685:   666947.901   666947.092   667247.902   668747.910   668749.613
  4690:   670699.623   670700.713   671137.123   671177.123   671358.123
  4695:   671373.123   671532.123   671659.123   671712.123   671747.123
  4700:   671829.123   671865.123   671983.123   672039.123   672078.123
  4705:   672236.123   672280.123   672456.123   672549.123   672587.123
  4710:   672602.123   672799.723   672799.920   672799.901   672799.093
  4715:   673099.902   674599.910   674601.612   676001.622   676002.812
  4720:   676183.132   676257.132   676331.132   676369.132   676407.132
  4725:   676450.132   676543.132   676574.132   676678.132   676732.132
  4730:   676772.132   676848.132   676920.132   677014.132   677051.132
  4735:   677090.132   677168.132   677204.132   677228.132   677340.132
  4740:   677390.132   677425.132   677442.132   677732.132   677768.132
  4745:   677811.132   677862.132   677912.132   677934.132   677975.132
  4750:   678087.132   678130.132   678156.132   678341.132   678385.132
  4755:   678437.132   678522.132   678558.132   678602.132   678647.132
  4760:   678793.132   678887.132   679016.132   679072.132   679130.132
  4765:   679379.132   679395.132   679602.822   679602.920   679602.902
  4770:   679602.005   679602.006   679602.007   679602.020
D:
     0:        0.000        0.000        0.000        0.000        0.000
     5:        0.000        0.000        0.000        0.000        0.000
    10:        0.000        0.000        0.000        0.000        0.000
    15:        0.000        0.000        0.000        0.000        0.000
    20:        0.000        0.000        0.000        0.000        0.000
    25:        0.000        7.000        0.000        0.000        0.000
    30:        0.000        0.000        0.000        0.000        0.000
    35:        0.000
F:
     0:       10.000       14.000       19.500       27.500       38.500
     5:       10.000       14.000       19.500       27.500       38.500
    10:       10.000       14.000       19.500       27.500       38.500
    15:       20.000       28.000       39.000       55.000       77.000
    20:       20.000       28.000       39.000       55.000       77.000
    25:       20.000       28.000       39.000       55.000       77.000
    30:       10.000       14.000       19.500       27.500       38.500
    35:       10.000       14.000       19.500       27.500       38.500
    40:       10.000       14.000       19.500       27.500       38.500
    45:       10.000       14.000       19.500       27.500       38.500
    50:       10.000       14.000       19.500       27.500       38.500
    55:       10.000       14.000       19.500       27.500       38.500
    60:       10.000       14.000       19.500       27.500       38.500
    65:       10.000       14.000       19.500       27.500       38.500
    70:       10.000       14.000       19.500       27.500       38.500
    75:       20.000       28.000       39.000       55.000       77.000
    80:       20.000       28.000       39.000       55.000       77.000
    85:       10.000       14.000       19.500       27.500       38.500
    90:       10.000       14.000       19.500       27.500       38.500
    95:       10.000       14.000       19.500       27.500       38.500
I:
     0:       75.000        0.000        0.000
M:
     0:       15.000       15.000       15.000       15.000       15.000
     5:        5.000        5.000        5.000        5.000        5.000
    10:      100.000
N:
     0:       20.000       20.000       20.000       20.000       20.000
     5:        0.000
Q:
     0:       15.000       15.000       15.000       15.000       15.000
     5:        0.000
V:
     0:        0.000        0.000        0.000        0.000        0.000
     5:      278.000      382.000      408.000      603.000      772.000
    10:      265.000      281.000      300.000      350.000      372.000
    15:        0.000
