File: C:\MED-PC IV\DATA\M_PEAK30P003


Start Date: 09/04/17
End Date: 09/04/17
Subject: P003
Experiment: IF-PICO
Group: 0
Box: 7
Start Time: 10:21:52
End Time: 12:15:14
MSN: Multiple_Peak
B:       0.000
C:       0.000
E:    5849.000
G:      27.500
H:    2750.000
J:       0.000
K:       0.000
L:       0.000
O:       0.000
P:       0.000
R:       0.000
S:       0.000
T:  678372.000
U:       0.000
W:       0.000
X:       0.000
Y:       0.000
Z:       0.000
A:
     0:        0.010      500.910      502.614     3252.624     3253.814
     5:     3456.134     3492.134     3557.134     3591.134     3630.134
    10:     3661.134     3694.134     3728.134     3763.134     3797.134
    15:     3825.134     3883.134     3923.134     3956.134     4026.134
    20:     4055.134     4084.134     4113.134     4151.134     4189.134
    25:     4221.134     4253.134     4283.134     4314.134     4345.134
    30:     4377.134     4476.134     4509.134     4538.134     4570.134
    35:     4637.134     4669.134     4704.134     4794.134     4828.134
    40:     4861.134     4895.134     4927.134     4960.134     4994.134
    45:     5025.134     5059.134     5092.134     5128.134     5162.134
    50:     5195.134     5226.134     5258.134     5361.134     5393.134
    55:     5428.134     5460.134     5493.134     5526.134     5560.134
    60:     5593.134     5627.134     5664.134     5699.134     5733.134
    65:     5766.134     5798.134     5867.134     5904.134     5940.134
    70:     5976.134     6010.134     6043.134     6080.134     6116.134
    75:     6150.134     6184.134     6217.134     6253.134     6288.134
    80:     6321.134     6354.134     6389.134     6424.134     6460.134
    85:     6492.134     6524.134     6563.134     6598.134     6633.134
    90:     6668.134     6703.134     6738.134     6775.134     6807.134
    95:     6840.134     6949.134     6984.134     7020.134     7059.134
   100:     7096.134     7131.134     7166.134     7203.134     7240.134
   105:     7276.134     7308.134     7341.134     7408.134     7443.134
   110:     7479.134     7520.134     7551.134     7601.134     7636.134
   115:     7672.134     7748.134     7781.134     7813.134     7886.134
   120:     7994.134     8028.134     8059.134     8090.134     8127.134
   125:     8162.134     8199.134     8304.134     8342.134     8376.134
   130:     8411.134     8446.134     8476.134     8602.134     8642.134
   135:     8675.134     8708.134     8753.824     8753.920     8758.411
   140:    10253.910    10255.615    14105.625    14106.815    14595.135
   145:    14626.135    14659.135    14692.135    14729.135    14763.135
   150:    14797.135    14829.135    14861.135    14892.135    14922.135
   155:    14954.135    14986.135    15019.135    15086.135    15116.135
   160:    15147.135    15192.135    15229.135    15263.135    15301.135
   165:    15334.135    15368.135    15402.135    15436.135    15469.135
   170:    15505.135    15543.135    15577.135    15610.135    15644.135
   175:    15679.135    15715.135    15749.135    15785.135    15819.135
   180:    15857.135    15895.135    15928.135    15996.135    16032.135
   185:    16068.135    16105.135    16141.135    16173.135    16207.135
   190:    16243.135    16278.135    16314.135    16348.135    16387.135
   195:    16432.135    16468.135    16504.135    16538.135    16573.135
   200:    16648.135    16721.135    16757.135    16794.135    16830.135
   205:    16868.135    16906.135    16942.135    16974.135    17010.135
   210:    17046.135    17082.135    17118.135    17153.135    17188.135
   215:    17229.135    17268.135    17304.135    17343.135    17378.135
   220:    17417.135    17452.135    17492.135    17530.135    17609.135
   225:    17643.135    17676.135    17709.135    17742.135    17782.135
   230:    17819.135    17857.135    17896.135    17928.135    17963.135
   235:    18000.135    18037.135    18071.135    18103.135    18232.135
   240:    18269.135    18303.135    18396.135    18441.135    18475.135
   245:    18507.135    18541.135    18577.135    18610.135    18646.135
   250:    18677.135    18702.135    18765.135    18806.135    18838.135
   255:    18922.135    18959.135    18999.135    19032.135    19066.135
   260:    19095.135    19128.135    19209.135    19245.135    19282.135
   265:    19387.135    19504.135    19547.135    19588.135    19666.135
   270:    19856.135    19892.135    20019.135    20052.135    20088.135
   275:    20208.135    20272.135    20313.135    20347.135    20384.135
   280:    20416.135    20452.135    20488.135    20534.135    20588.135
   285:    20624.135    20696.135    20740.135    20918.135    20971.135
   290:    21092.135    21142.135    21806.825    21806.920    23306.910
   295:    23308.612    24708.622    24709.712    24844.122    24908.122
   300:    24941.122    24972.122    25007.122    25037.122    25073.122
   305:    25108.122    25138.122    25170.122    25205.122    25236.122
   310:    25264.122    25297.122    25332.122    25395.122    25427.122
   315:    25496.122    25527.122    25555.122    25619.122    25650.122
   320:    25686.122    25759.122    25788.122    25855.122    25895.122
   325:    25929.122    25961.122    25996.122    26032.122    26070.122
   330:    26105.122    26139.722    26139.920    26139.901    26139.092
   335:    26439.902    27939.910    27941.615    31791.625    31792.715
   340:    31898.125    31969.125    32013.125    32049.125    32092.125
   345:    32132.125    32165.125    32210.125    32248.125    32285.125
   350:    32315.125    32348.125    32414.125    32535.125    32579.125
   355:    32610.125    32639.125    32672.125    32703.125    32733.125
   360:    32768.125    32806.125    32838.125    32871.125    32901.125
   365:    32935.125    32970.125    33005.125    33039.125    33106.125
   370:    33144.125    33182.125    33218.125    33252.125    33288.125
   375:    33319.125    33351.125    33384.125    33422.125    33464.125
   380:    33499.125    33533.125    33568.125    33605.125    33642.125
   385:    33677.125    33712.125    33746.125    33777.125    33809.125
   390:    33842.125    33913.125    33950.125    33986.125    34018.125
   395:    34051.125    34085.125    34118.125    34154.125    34189.125
   400:    34226.125    34262.125    34295.125    34333.125    34369.125
   405:    34405.125    34439.125    34480.125    34525.125    34558.125
   410:    34590.125    34625.125    34659.125    34692.125    34727.125
   415:    34760.125    34796.125    34833.125    34877.125    34918.125
   420:    34952.125    34986.125    35021.125    35057.125    35158.125
   425:    35193.125    35233.125    35278.125    35323.125    35371.125
   430:    35412.125    35548.125    35590.125    35638.125    35676.725
   435:    35676.920    35676.901    35676.095    35976.902    37476.910
   440:    37478.614    40228.624    40229.714    40610.124    40650.124
   445:    40719.124    40811.124    40900.124    40938.124    40977.124
   450:    41007.124    41040.124    41074.124    41108.124    41149.124
   455:    41183.124    41223.124    41261.124    41331.124    41369.124
   460:    41409.124    41441.124    41473.124    41508.124    41546.124
   465:    41578.124    41612.124    41645.124    41681.124    41712.124
   470:    41748.124    41783.124    41818.124    41856.124    41895.124
   475:    41933.124    41969.124    42005.124    42047.124    42082.124
   480:    42120.124    42158.124    42197.124    42236.124    42277.124
   485:    42312.124    42347.124    42389.124    42426.124    42463.124
   490:    42501.124    42535.124    42571.124    42607.124    42642.124
   495:    42677.124    42714.124    42755.124    42794.124    42832.124
   500:    42877.124    42913.124    42951.124    42998.724    42998.920
   505:    42998.901    42998.094    43298.902    44798.910    44800.615
   510:    48650.625    48651.715    49134.125    49175.125    49211.125
   515:    49274.125    49302.125    49426.125    49502.125    49531.125
   520:    49566.125    49604.125    49640.125    49673.125    49706.125
   525:    49767.125    49841.125    49873.125    49902.125    49934.125
   530:    50011.125    50043.125    50074.125    50109.125    50141.125
   535:    50173.125    50209.125    50244.125    50282.125    50320.125
   540:    50389.125    50428.125    50463.125    50497.125    50531.125
   545:    50566.125    50602.125    50637.125    50673.125    50709.125
   550:    50742.125    50775.125    50809.125    50842.125    50881.125
   555:    50917.125    50949.125    50985.125    51021.125    51059.125
   560:    51097.125    51135.125    51172.125    51211.125    51251.125
   565:    51321.125    51426.125    51461.125    51499.125    51539.125
   570:    51572.125    51609.125    51645.125    51680.125    51718.125
   575:    51755.125    51790.125    51826.125    51931.125    51968.125
   580:    52005.125    52043.125    52075.125    52117.125    52156.125
   585:    52198.125    52243.125    52355.125    52403.125    52486.125
   590:    52520.725    52520.920    52520.901    52520.095    52820.902
   595:    54320.910    54322.611    55322.621    55323.811    55555.131
   600:    55597.131    55632.131    55661.131    55693.131    55726.131
   605:    55761.131    55800.131    55835.131    55866.131    55899.131
   610:    55966.131    56000.131    56031.131    56068.131    56100.131
   615:    56134.131    56165.131    56201.131    56237.131    56270.131
   620:    56307.131    56345.131    56380.131    56416.131    56457.131
   625:    56492.131    56525.131    56560.131    56595.131    56631.131
   630:    56667.131    56703.131    56746.131    56781.131    56816.131
   635:    56851.131    56883.131    56931.131    56968.131    57036.131
   640:    57107.131    57179.131    57215.131    57250.131    57284.131
   645:    57329.131    57410.131    57455.131    57493.131    57529.131
   650:    57569.131    57605.131    57644.131    57685.131    57723.131
   655:    57765.131    57806.131    57886.131    57926.131    57967.131
   660:    58008.131    58155.131    58193.131    58258.131    58297.131
   665:    58371.131    58404.131    58439.131    58471.131    58506.131
   670:    58523.821    58523.920    60023.910    60025.614    62775.624
   675:    62776.714    63160.124    63326.124    63391.124    63425.124
   680:    63458.124    63496.124    63531.124    63566.124    63594.124
   685:    63629.124    63674.124    63705.124    63733.124    63766.124
   690:    63801.124    63833.124    63867.124    63902.124    63968.124
   695:    64003.124    64035.124    64070.124    64105.124    64141.124
   700:    64172.124    64204.124    64236.124    64272.124    64336.124
   705:    64371.124    64405.124    64438.124    64473.124    64510.124
   710:    64543.124    64580.124    64618.124    64652.124    64688.124
   715:    64720.124    64758.124    64791.124    64832.124    64870.124
   720:    64914.124    64952.124    64989.124    65022.124    65055.124
   725:    65090.124    65128.124    65163.124    65212.124    65254.124
   730:    65290.124    65333.124    65371.124    65410.124    65423.124
   735:    65459.124    65495.124    65530.724    65530.920    65530.901
   740:    65530.094    65830.902    67330.910    67332.613    69282.623
   745:    69283.713    69374.123    69685.123    69722.123    69756.123
   750:    69794.123    69824.123    69856.123    69888.123    69965.123
   755:    69999.123    70074.123    70104.123    70134.123    70165.123
   760:    70195.123    70229.123    70264.123    70299.123    70333.123
   765:    70367.123    70402.123    70469.123    70503.123    70538.123
   770:    70575.123    70611.123    70651.123    70686.123    70723.123
   775:    70761.123    70797.123    70835.123    70872.123    70904.123
   780:    70939.123    70978.123    71049.123    71086.123    71131.123
   785:    71168.123    71205.123    71242.723    71242.920    71242.901
   790:    71242.093    71542.902    73042.910    73044.613    74994.623
   795:    74995.713    75206.123    75252.123    75315.123    75358.123
   800:    75428.123    75500.123    75531.123    75562.123    75591.123
   805:    75623.123    75660.123    75691.123    75721.123    75750.123
   810:    75784.123    75818.123    75850.123    75882.123    75947.123
   815:    75982.123    76017.123    76052.123    76087.123    76157.123
   820:    76190.123    76226.123    76264.123    76298.123    76330.123
   825:    76364.123    76399.123    76438.123    76473.123    76506.123
   830:    76542.123    76578.123    76609.123    76651.123    76690.123
   835:    76724.123    76759.123    76795.123    76836.123    76870.123
   840:    76908.123    76948.723    76948.920    76948.901    76948.093
   845:    77248.902    78748.910    78750.613    80700.623    80701.713
   850:    80877.123    80982.123    81020.123    81056.123    81088.123
   855:    81122.123    81217.123    81250.123    81325.123    81361.123
   860:    81433.123    81469.123    81539.123    81585.123    81617.123
   865:    81648.123    81681.123    81719.123    81748.123    81784.123
   870:    81824.123    81863.123    81899.123    81933.123    81976.123
   875:    82013.123    82053.123    82089.123    82126.123    82164.123
   880:    82202.123    82238.123    82275.123    82316.123    82355.123
   885:    82394.123    82434.123    82472.123    82509.123    82545.123
   890:    82583.123    82625.123    82665.723    82665.920    82665.901
   895:    82665.093    82965.902    84465.910    84467.613    86417.623
   900:    86418.713    86841.123    86891.123    86936.123    86977.123
   905:    87019.123    87061.123    87092.123    87127.123    87163.123
   910:    87197.123    87238.123    87277.123    87310.123    87345.123
   915:    87379.123    87414.123    87450.123    87486.123    87521.123
   920:    87557.123    87594.123    87637.123    87676.123    87714.123
   925:    87751.123    87787.123    87825.123    87861.123    87902.123
   930:    87945.123    87988.123    88026.123    88068.123    88109.123
   935:    88148.123    88185.123    88223.123    88261.123    88298.123
   940:    88345.123    88384.723    88384.920    88384.901    88384.093
   945:    88684.902    90184.910    90186.611    91186.621    91187.711
   950:    91445.121    91540.121    91577.121    91610.121    91647.121
   955:    91688.121    91723.121    91756.121    91795.121    91830.121
   960:    91866.121    91901.121    91935.121    91971.121    92008.121
   965:    92046.121    92085.121    92121.121    92157.121    92195.721
   970:    92195.920    92195.901    92195.091    92495.902    93995.910
   975:    93997.614    96747.624    96748.814    97068.134    97197.134
   980:    97243.134    97291.134    97341.134    97379.134    97413.134
   985:    97454.134    97487.134    97569.134    97605.134    97634.134
   990:    97667.134    97707.134    97739.134    97771.134    97804.134
   995:    97834.134    97866.134    97899.134    97935.134    97970.134
  1000:    98001.134    98036.134    98073.134    98081.134    98119.134
  1005:    98155.134    98198.134    98238.134    98280.134    98317.134
  1010:    98359.134    98401.134    98442.134    98477.134    98514.134
  1015:    98551.134    98588.134    98628.134    98666.134    98708.134
  1020:    98745.134    98784.134    98822.134    98859.134    98899.134
  1025:    98942.134    98985.134    99030.134    99071.134    99114.134
  1030:    99156.134    99195.134    99247.134    99293.134    99336.134
  1035:    99387.134    99428.134    99466.134    99503.134    99541.134
  1040:    99579.134    99618.134    99657.134    99695.134    99735.134
  1045:    99783.134    99825.134    99865.134    99904.134    99941.134
  1050:    99977.134   100016.134   100054.134   100097.134   100140.134
  1055:   100186.134   100236.134   100289.134   100327.134   100364.134
  1060:   100401.134   100440.134   100482.134   100520.134   100564.134
  1065:   101349.134   101397.134   101452.134   101513.134   101605.134
  1070:   101682.134   101751.134   101796.134   101846.134   101895.134
  1075:   101946.134   102080.134   102127.134   102248.824   102248.920
  1080:   102263.411   103748.910   103750.611   104750.621   104751.811
  1085:   105371.131   105424.131   105461.131   105495.131   105532.131
  1090:   105567.131   105599.131   105631.131   105665.131   105698.131
  1095:   105732.131   105769.131   105804.131   105836.131   105873.131
  1100:   105911.131   105947.131   105983.131   106017.131   106052.131
  1105:   106086.131   106124.131   106159.131   106196.131   106237.131
  1110:   106276.131   106315.131   106353.131   106391.131   106434.131
  1115:   106471.131   106516.131   106557.131   106598.131   106642.131
  1120:   106686.131   106729.131   106770.131   106823.131   106875.131
  1125:   106922.131   106966.131   107006.131   107046.131   107087.131
  1130:   107174.131   107223.131   107271.131   107313.131   107350.131
  1135:   107386.131   107424.131   107472.131   107510.131   107547.131
  1140:   107586.131   107624.131   107702.131   107743.131   107839.131
  1145:   107883.131   107951.821   107951.920   109451.910   109453.614
  1150:   112203.624   112204.714   112447.124   112526.124   112568.124
  1155:   112603.124   112640.124   112675.124   112707.124   112740.124
  1160:   112777.124   112815.124   112848.124   112882.124   112916.124
  1165:   112950.124   112985.124   113023.124   113058.124   113091.124
  1170:   113130.124   113165.124   113203.124   113239.124   113278.124
  1175:   113313.124   113352.124   113389.124   113431.124   113470.124
  1180:   113509.124   113554.124   113601.124   113642.124   113682.124
  1185:   113727.124   113781.124   113819.124   113857.124   113892.124
  1190:   113927.124   113964.124   113999.124   114038.124   114075.124
  1195:   114114.124   114151.124   114187.124   114226.124   114273.124
  1200:   114314.124   114359.124   114408.124   114452.124   114511.124
  1205:   114558.124   114614.124   114656.124   114704.124   114745.124
  1210:   114782.124   114821.124   114864.124   114909.124   114947.124
  1215:   114983.724   114983.920   114983.901   114983.094   115283.902
  1220:   116783.910   116785.615   120635.625   120636.715   120901.125
  1225:   120945.125   120983.125   121021.125   121055.125   121098.125
  1230:   121140.125   121273.125   121311.125   121346.125   121389.125
  1235:   121420.125   121748.125   121786.125   121822.125   121859.125
  1240:   121894.125   121933.125   121968.125   122004.125   122047.125
  1245:   122080.125   122115.125   122205.125   122249.125   122286.125
  1250:   122336.125   122378.125   122421.125   122458.125   122503.125
  1255:   122537.125   122574.125   122610.125   122644.125   122685.125
  1260:   122729.125   122770.125   122807.125   122844.125   122882.125
  1265:   122920.125   122959.125   122998.125   123041.125   123082.125
  1270:   123127.125   123167.125   123209.125   123249.125   123294.125
  1275:   123332.125   123367.125   123404.125   123442.125   123480.125
  1280:   123523.125   123571.125   123614.125   123663.125   123707.125
  1285:   123744.125   123781.125   123821.125   123863.125   123921.125
  1290:   123957.125   124000.125   124041.125   124086.125   124132.125
  1295:   124169.125   124207.125   124244.125   124279.125   124317.125
  1300:   124354.125   124392.125   124445.125   124502.725   124502.920
  1305:   124502.901   124502.095   124802.902   126302.910   126304.615
  1310:   130154.625   130155.715   130580.125   130627.125   130747.125
  1315:   130796.125   130843.125   130920.125   130963.125   131008.125
  1320:   131118.125   131301.125   131339.125   131444.125   131488.125
  1325:   131522.125   131607.125   131660.125   131704.125   131838.125
  1330:   131878.125   131918.125   131958.125   132006.125   132049.125
  1335:   132086.125   132126.125   132163.125   132210.125   132249.125
  1340:   132283.125   132322.125   132360.125   132459.125   132500.125
  1345:   132535.125   132574.125   132612.125   132651.125   132691.125
  1350:   132725.125   132762.125   132802.125   132841.125   132880.125
  1355:   132914.125   132949.125   132983.125   133023.125   133064.125
  1360:   133100.125   133136.125   133173.125   133212.125   133247.125
  1365:   133282.125   133323.125   133369.125   133413.125   133454.125
  1370:   133491.125   133538.125   133578.125   133615.125   133657.125
  1375:   133700.125   133750.125   133798.125   133837.125   133877.125
  1380:   133916.125   133958.125   133994.125   134038.725   134038.920
  1385:   134038.901   134038.095   134338.902   135838.910   135840.611
  1390:   136840.621   136841.711   137108.121   137187.121   137241.121
  1395:   137291.121   137460.121   137471.121   137511.121   137550.121
  1400:   137589.121   137621.121   137656.121   137690.121   137723.121
  1405:   137754.121   137788.121   137821.121   137852.721   137852.920
  1410:   137852.901   137852.091   138152.902   139652.910   139654.611
  1415:   140654.621   140655.711   140902.121   140967.121   141045.121
  1420:   141081.121   141126.121   141191.121   141224.121   141258.121
  1425:   141289.121   141321.121   141352.121   141383.121   141415.121
  1430:   141449.121   141481.121   141516.121   141551.121   141587.121
  1435:   141623.121   141662.721   141662.920   141662.901   141662.091
  1440:   141962.902   143462.910   143464.612   144864.622   144865.812
  1445:   145121.132   145220.132   145312.132   145361.132   145397.132
  1450:   145427.132   145466.132   145505.132   145535.132   145565.132
  1455:   145597.132   145626.132   145658.132   145689.132   145723.132
  1460:   145756.132   145791.132   145823.132   145859.132   145892.132
  1465:   145929.132   145965.132   146001.132   146039.132   146077.132
  1470:   146115.132   146152.132   146190.132   146231.132   146271.132
  1475:   146310.132   146347.132   146386.132   146423.132   146460.132
  1480:   146501.132   146542.132   146587.132   146626.132   146661.132
  1485:   146699.132   146790.132   146832.132   146868.132   146903.132
  1490:   146942.132   146984.132   147021.132   147056.132   147093.132
  1495:   147129.132   147165.132   147207.132   147253.132   147294.132
  1500:   147336.132   147377.132   147423.132   147462.132   147497.132
  1505:   147531.132   147570.132   147609.132   147647.132   147681.132
  1510:   147721.132   147762.132   147804.132   147842.132   147880.132
  1515:   147918.132   147957.132   148000.132   148042.132   148095.132
  1520:   148130.132   148168.132   148205.132   148245.132   148296.132
  1525:   148334.132   148375.132   148412.132   148456.132   148465.822
  1530:   148465.920   149965.910   149967.613   151917.623   151918.713
  1535:   152323.123   152376.123   152432.123   152536.123   152570.123
  1540:   152602.123   152632.123   152664.123   152697.123   152729.123
  1545:   152759.123   152797.123   152829.123   152861.123   152894.123
  1550:   152927.123   152961.123   152995.123   153027.123   153060.123
  1555:   153095.123   153131.123   153167.123   153202.123   153240.123
  1560:   153282.123   153319.123   153356.123   153394.123   153435.123
  1565:   153472.123   153512.123   153558.123   153601.123   153643.123
  1570:   153681.123   153721.123   153762.123   153803.123   153860.123
  1575:   153906.723   153906.920   153906.901   153906.093   154206.902
  1580:   155706.910   155708.612   157108.622   157109.712   157363.122
  1585:   157408.122   157491.122   157532.122   157569.122   157598.122
  1590:   157628.122   157666.122   157718.122   157753.122   157785.122
  1595:   157872.122   157913.122   157942.122   157975.122   158006.122
  1600:   158040.122   158074.122   158110.122   158145.122   158181.122
  1605:   158217.122   158254.122   158287.122   158322.122   158356.122
  1610:   158390.122   158425.122   158465.122   158503.122   158538.722
  1615:   158538.920   158538.901   158538.092   158838.902   160338.910
  1620:   160340.612   161740.622   161741.812   161977.132   162109.132
  1625:   162154.132   162191.132   162235.132   162287.132   162328.132
  1630:   162366.132   162400.132   162431.132   162516.132   162602.132
  1635:   162643.132   162675.132   162707.132   162747.132   162790.132
  1640:   162827.132   162864.132   162898.132   162935.132   162971.132
  1645:   163009.132   163048.132   163083.132   163120.132   163155.132
  1650:   163195.132   163235.132   163278.132   163316.132   163355.132
  1655:   163389.132   163431.132   163472.132   163512.132   163550.132
  1660:   163588.132   163623.132   163661.132   163698.132   163738.132
  1665:   163772.132   163815.132   163857.132   163896.132   163931.132
  1670:   163969.132   164004.132   164043.132   164082.132   164120.132
  1675:   164160.132   164200.132   164235.132   164280.132   164326.132
  1680:   164363.132   164402.132   164437.132   164476.132   164516.132
  1685:   164562.132   164602.132   164639.132   164676.132   164713.132
  1690:   164750.132   164786.132   164823.132   164860.132   164901.132
  1695:   164940.132   164980.132   165020.132   165059.132   165098.132
  1700:   165139.132   165176.132   165215.132   165259.132   165307.132
  1705:   165341.822   165341.920   165347.411   166841.910   166843.613
  1710:   168793.623   168794.713   169325.123   169396.123   169510.123
  1715:   169546.123   169583.123   169720.123   169762.123   169804.123
  1720:   169908.123   169939.123   169973.123   170006.123   170098.123
  1725:   170187.123   170222.123   170308.123   170339.123   170371.123
  1730:   170401.123   170438.123   170474.123   170512.123   170550.123
  1735:   170595.123   170639.123   170684.123   170729.123   170774.723
  1740:   170774.920   170774.901   170774.093   171074.902   172574.910
  1745:   172576.611   173576.621   173577.711   173840.121   174109.121
  1750:   174141.121   174172.121   174205.121   174245.121   174282.121
  1755:   174315.121   174356.121   174393.121   174424.121   174456.121
  1760:   174491.121   174522.121   174555.121   174586.721   174586.920
  1765:   174586.901   174586.091   174886.902   176386.910   176388.614
  1770:   179138.624   179139.814   179536.134   179584.134   179673.134
  1775:   179719.134   179809.134   179822.134   179932.134   179968.134
  1780:   180041.134   180205.134   180252.134   180294.134   180415.134
  1785:   180462.134   180499.134   180543.134   180638.134   180681.134
  1790:   180713.134   180744.134   180869.134   180948.134   180984.134
  1795:   181019.134   181058.134   181097.134   181141.134   181179.134
  1800:   181263.134   181305.134   181346.134   181383.134   181462.134
  1805:   181499.134   181533.134   181574.134   181658.134   181695.134
  1810:   181731.134   181767.134   181804.134   181845.134   181879.134
  1815:   181919.134   181955.134   181992.134   182030.134   182068.134
  1820:   182107.134   182145.134   182183.134   182221.134   182260.134
  1825:   182299.134   182337.134   182378.134   182423.134   182463.134
  1830:   182502.134   182541.134   182581.134   182615.134   182652.134
  1835:   182688.134   182732.134   182775.134   182817.134   182858.134
  1840:   182900.134   182941.134   183036.134   183075.134   183112.134
  1845:   183150.134   183188.134   183229.134   183268.134   183308.134
  1850:   183348.134   183391.134   183435.134   183478.134   183513.134
  1855:   183556.134   183595.134   183637.134   183677.134   183721.134
  1860:   183759.134   183799.134   183841.134   183887.134   183936.134
  1865:   183986.134   184033.134   184071.134   184166.134   184269.134
  1870:   184454.134   184507.134   184639.824   184639.920   186139.910
  1875:   186141.614   188891.624   188892.814   189956.134   190048.134
  1880:   190102.134   190153.134   190273.134   190308.134   190355.134
  1885:   190390.134   190434.134   190494.134   190538.134   190582.134
  1890:   190633.134   190669.134   190704.134   190735.134   190764.134
  1895:   190798.134   190833.134   190868.134   190900.134   190935.134
  1900:   190968.134   191001.134   191037.134   191072.134   191110.134
  1905:   191150.134   191188.134   191229.134   191267.134   191303.134
  1910:   191340.134   191377.134   191415.134   191452.134   191488.134
  1915:   191520.134   191559.134   191599.134   191640.134   191677.134
  1920:   191719.134   191759.134   191803.134   191848.134   191898.134
  1925:   191945.134   191987.134   192030.134   192077.134   192126.134
  1930:   192174.134   192216.134   192256.134   192306.134   192407.134
  1935:   192457.134   192507.134   192562.134   192612.134   192701.134
  1940:   192813.134   192949.134   193116.134   193175.134   193281.134
  1945:   193504.134   193843.134   194191.134   194296.134   194392.824
  1950:   194392.920   195892.910   195894.613   197844.623   197845.713
  1955:   198410.123   198458.123   198731.123   198781.123   198822.123
  1960:   198860.123   198892.123   198925.123   198961.123   198997.123
  1965:   199082.123   199117.123   199149.123   199183.123   199219.123
  1970:   199251.123   199289.123   199326.123   199359.123   199401.123
  1975:   199440.123   199474.123   199516.123   199552.123   199598.123
  1980:   199638.123   199676.123   199716.123   199764.123   199806.723
  1985:   199806.920   199806.901   199806.093   200106.902   201606.910
  1990:   201608.611   202608.621   202609.711   203843.721   203843.920
  1995:   203843.901   203843.091   204143.902   205643.910   205645.611
  2000:   206645.621   206646.711   207081.121   207123.121   207166.121
  2005:   207209.121   207253.121   207287.121   207318.121   207349.121
  2010:   207385.121   207418.121   207452.121   207484.121   207519.121
  2015:   207553.121   207587.121   207623.121   207658.721   207658.920
  2020:   207658.901   207658.091   207958.902   209458.910   209460.615
  2025:   213310.625   213311.715   213776.125   214084.125   214138.125
  2030:   214185.125   214223.125   214259.125   214311.125   214353.125
  2035:   214390.125   214503.125   214596.125   214635.125   214758.125
  2040:   214790.125   214869.125   214903.125   214985.125   215018.125
  2045:   215054.125   215093.125   215247.125   215257.125   215297.125
  2050:   215307.125   215340.125   215373.125   215410.125   215448.125
  2055:   215482.125   215521.125   215564.125   215605.125   215643.125
  2060:   215677.125   215716.125   215757.125   215792.125   215829.125
  2065:   215866.125   215903.125   215944.125   215983.125   216024.125
  2070:   216064.125   216106.125   216145.125   216183.125   216221.125
  2075:   216259.125   216297.125   216334.125   216373.125   216413.125
  2080:   216458.125   216495.125   216533.125   216567.125   216609.125
  2085:   216648.125   216687.125   216731.125   216775.125   216823.125
  2090:   216862.125   216903.125   216942.125   216981.125   217022.125
  2095:   217066.125   217111.125   217150.125   217189.725   217189.920
  2100:   217189.901   217189.095   217489.902   218989.910   218991.613
  2105:   220941.623   220942.713   221617.123   221717.123   221949.123
  2110:   221989.123   222024.123   222063.123   222099.123   222141.123
  2115:   222185.123   222238.123   222300.123   222355.123   222399.123
  2120:   222445.123   222478.123   222512.123   222542.123   222578.123
  2125:   222613.123   222646.123   222682.123   222713.123   222747.123
  2130:   222782.123   222814.123   222855.123   222893.723   222893.920
  2135:   222893.901   222893.093   223193.902   224693.910   224695.615
  2140:   228545.625   228546.715   229433.125   229523.125   229567.125
  2145:   229685.125   229725.125   229809.125   229852.125   229893.125
  2150:   229981.125   230015.125   230050.125   230082.125   230117.125
  2155:   230153.125   230183.125   230215.125   230247.125   230280.125
  2160:   230314.125   230351.125   230383.125   230418.125   230515.125
  2165:   230563.125   230595.125   230628.125   230662.125   230700.125
  2170:   230743.125   230782.125   230819.125   230856.125   230894.125
  2175:   230937.125   230976.125   231011.125   231055.125   231097.125
  2180:   231138.125   231177.125   231218.125   231262.125   231309.125
  2185:   231348.125   231389.125   231425.125   231464.125   231502.125
  2190:   231552.125   231595.125   231652.125   231693.125   231733.125
  2195:   231774.125   231813.125   231862.125   231938.125   231983.125
  2200:   232021.125   232063.125   232104.125   232226.125   232262.125
  2205:   232300.125   232337.125   232379.125   232417.725   232417.920
  2210:   232417.901   232417.095   232717.902   234217.910   234219.612
  2215:   235619.622   235620.812   235873.132   235926.132   236002.132
  2220:   236043.132   236085.132   236127.132   236167.132   236200.132
  2225:   236231.132   236264.132   236297.132   236329.132   236384.132
  2230:   236425.132   236457.132   236490.132   236524.132   236559.132
  2235:   236597.132   236633.132   236671.132   236709.132   236749.132
  2240:   236788.132   236826.132   236864.132   236904.132   236941.132
  2245:   236980.132   237017.132   237056.132   237096.132   237133.132
  2250:   237172.132   237214.132   237252.132   237295.132   237334.132
  2255:   237375.132   237417.132   237464.132   237509.132   237550.132
  2260:   237594.132   237638.132   237680.132   237728.132   237784.132
  2265:   237841.132   237895.132   237942.132   238023.132   238078.132
  2270:   238168.132   238212.132   238298.132   238347.132   238390.132
  2275:   238447.132   238540.132   238671.132   238817.132   239031.132
  2280:   239040.132   239191.132   239220.822   239220.920   240720.910
  2285:   240722.613   242672.623   242673.813   242842.133   242943.133
  2290:   243113.133   243165.133   243203.133   243238.133   243275.133
  2295:   243307.133   243339.133   243371.133   243401.133   243434.133
  2300:   243470.133   243503.133   243536.133   243569.133   243606.133
  2305:   243646.133   243680.133   243716.133   243753.133   243789.133
  2310:   243825.133   243862.133   243901.133   243941.133   243981.133
  2315:   244018.133   244057.133   244103.133   244157.133   244203.133
  2320:   244246.133   244286.133   244327.133   244367.133   244408.133
  2325:   244447.133   244498.133   244596.133   244651.133   244697.133
  2330:   244735.133   244777.133   244822.133   244870.133   244923.133
  2335:   245004.133   245056.133   245107.133   245148.133   245310.133
  2340:   245491.133   245555.133   245606.133   245692.133   245878.133
  2345:   246416.133   246510.133   246862.133   246873.823   246873.920
  2350:   248373.910   248375.614   251125.624   251126.714   251584.124
  2355:   251667.124   251755.124   251840.124   251915.124   251958.124
  2360:   251993.124   252085.124   252132.124   252171.124   252214.124
  2365:   252270.124   252317.124   252353.124   252388.124   252507.124
  2370:   252543.124   252584.124   252621.124   252661.124   252708.124
  2375:   252819.124   252853.124   252885.124   252917.124   252951.124
  2380:   252985.124   253017.124   253054.124   253098.124   253133.124
  2385:   253171.124   253206.124   253293.124   253333.124   253369.124
  2390:   253405.124   253441.124   253489.124   253530.124   253563.124
  2395:   253605.124   253649.124   253696.124   253736.124   253773.124
  2400:   253810.124   253846.124   253887.724   253887.920   253887.901
  2405:   253887.094   254187.902   255687.910   255689.614   258439.624
  2410:   258440.714   258749.124   258797.124   258841.124   258898.124
  2415:   258993.124   259027.124   259068.124   259099.124   259183.124
  2420:   259230.124   259269.124   259345.124   259379.124   259411.124
  2425:   259545.124   259576.124   259608.124   259641.124   259670.124
  2430:   259702.124   259734.124   259847.124   259881.124   259918.124
  2435:   259961.124   260004.124   260038.124   260076.124   260119.124
  2440:   260155.124   260195.124   260230.124   260265.124   260302.124
  2445:   260338.124   260379.124   260420.124   260460.124   260500.124
  2450:   260545.124   260588.124   260624.124   260634.124   260676.124
  2455:   260714.124   260751.124   260792.124   260828.124   260869.124
  2460:   260905.124   260948.124   260990.124   261030.124   261072.124
  2465:   261111.124   261156.124   261197.724   261197.920   261197.901
  2470:   261197.094   261497.902   262997.910   262999.612   264399.622
  2475:   264400.812   264667.132   264762.132   264850.132   264881.132
  2480:   264922.132   264962.132   264992.132   265024.132   265057.132
  2485:   265090.132   265122.132   265156.132   265189.132   265228.132
  2490:   265266.132   265308.132   265345.132   265383.132   265422.132
  2495:   265457.132   265494.132   265531.132   265571.132   265615.132
  2500:   265658.132   265698.132   265737.132   265776.132   265814.132
  2505:   265856.132   265903.132   265943.132   265984.132   266072.132
  2510:   266113.132   266149.132   266184.132   266222.132   266264.132
  2515:   266299.132   266339.132   266425.132   266468.132   266504.132
  2520:   266543.132   266581.132   266620.132   266671.132   266714.132
  2525:   266762.132   266808.132   266857.132   266942.132   267043.132
  2530:   267081.132   267119.132   267211.132   267373.132   267437.132
  2535:   267584.132   267721.132   267859.132   268000.822   268000.920
  2540:   268018.411   269500.910   269502.612   270902.622   270903.712
  2545:   271099.122   271188.122   271269.122   271320.122   271392.122
  2550:   271430.122   271475.122   271512.122   271544.122   271583.122
  2555:   271621.122   271657.122   271686.122   271717.122   271749.122
  2560:   271780.122   271813.122   271845.122   271877.122   271910.122
  2565:   271943.122   271977.122   272013.122   272052.122   272088.122
  2570:   272122.122   272156.122   272193.122   272229.122   272263.122
  2575:   272296.122   272333.722   272333.920   272333.901   272333.092
  2580:   272633.902   274133.910   274135.615   277985.625   277986.715
  2585:   278688.125   279420.125   279514.125   279559.125   279654.125
  2590:   279792.125   279828.125   279868.125   279910.125   279945.125
  2595:   279980.125   280017.125   280046.125   280086.125   280129.125
  2600:   280165.125   280198.125   280233.125   280267.125   280305.125
  2605:   280341.125   280372.125   280404.125   280437.125   280472.125
  2610:   280506.125   280540.125   280578.125   280621.125   280657.125
  2615:   280690.125   280727.125   280767.125   280806.125   280896.125
  2620:   280935.125   280973.125   281009.125   281065.125   281119.125
  2625:   281166.125   281217.125   281257.125   281297.125   281334.125
  2630:   281373.125   281412.125   281453.125   281493.125   281529.125
  2635:   281566.125   281604.125   281646.125   281682.125   281724.125
  2640:   281763.125   281812.125   281865.725   281865.920   281865.901
  2645:   281865.095   282165.902   283665.910   283667.611   284667.621
  2650:   284668.711   285211.121   285242.121   285341.121   285448.121
  2655:   285486.121   285644.121   285675.721   285675.920   285675.901
  2660:   285675.091   285975.902   287475.910   287477.614   290227.624
  2665:   290228.714   290784.124   290859.124   290967.124   291006.124
  2670:   291051.124   291087.124   291195.124   291237.124   291351.124
  2675:   291385.124   291421.124   291458.124   291584.124   291617.124
  2680:   291750.124   291784.124   291815.124   291847.124   291879.124
  2685:   291915.124   292002.124   292041.124   292122.124   292160.124
  2690:   292196.124   292237.124   292274.124   292309.124   292393.124
  2695:   292432.124   292466.124   292505.124   292544.124   292586.124
  2700:   292634.124   292668.124   292709.124   292746.124   292828.124
  2705:   292868.124   292905.124   292946.124   292985.724   292985.920
  2710:   292985.901   292985.094   293285.902   294785.910   294787.611
  2715:   295787.621   295788.711   296147.121   296258.121   296292.121
  2720:   296332.121   296361.121   296390.121   296420.121   296455.121
  2725:   296490.121   296525.121   296556.121   296588.121   296620.121
  2730:   296654.121   296687.121   296721.121   296758.121   296795.721
  2735:   296795.920   296795.901   296795.091   297095.902   298595.910
  2740:   298597.612   299997.622   299998.712   300205.122   300239.122
  2745:   300445.122   300570.122   300697.122   300885.122   301254.122
  2750:   301260.122   301321.122   301683.722   301683.920   301683.901
  2755:   301683.092   301983.902   303483.910   303485.614   306235.624
  2760:   306236.714   306833.124   306932.124   307041.124   307090.124
  2765:   307208.124   307243.124   307346.124   307383.124   307418.124
  2770:   307464.124   307505.124   307539.124   307635.124   307727.124
  2775:   307762.124   307794.124   307826.124   307860.124   307900.124
  2780:   307932.124   307966.124   308014.124   308049.124   308082.124
  2785:   308165.124   308211.124   308243.124   308282.124   308323.124
  2790:   308363.124   308397.124   308431.124   308478.124   308518.124
  2795:   308555.124   308593.124   308627.124   308661.124   308700.124
  2800:   308737.124   308774.124   308811.124   308851.124   308891.124
  2805:   308927.124   308962.124   308998.724   308998.920   308998.901
  2810:   308998.094   309298.902   310798.910   310800.613   312750.623
  2815:   312751.713   313305.123   313536.123   313577.123   313607.123
  2820:   313638.123   313725.123   313769.123   313811.123   313846.123
  2825:   313925.123   314037.123   314072.123   314102.123   314134.123
  2830:   314165.123   314195.123   314233.123   314278.123   314314.123
  2835:   314397.123   314438.123   314471.123   314504.123   314536.123
  2840:   314570.123   314604.123   314635.123   314671.123   314707.723
  2845:   314707.920   314707.901   314707.093   315007.902   316507.910
  2850:   316509.615   320359.625   320360.815   320704.135   320940.135
  2855:   321051.135   321253.135   321400.135   321445.135   321603.135
  2860:   321643.135   321678.135   321723.135   321773.135   321812.135
  2865:   321845.135   321891.135   321937.135   321984.135   322031.135
  2870:   322075.135   322116.135   322151.135   322192.135   322235.135
  2875:   322269.135   322307.135   322343.135   322380.135   322430.135
  2880:   322466.135   322502.135   322586.135   322627.135   322662.135
  2885:   322697.135   322731.135   322765.135   322805.135   322840.135
  2890:   322875.135   322911.135   322949.135   322986.135   323022.135
  2895:   323060.135   323113.135   323151.135   323195.135   323233.135
  2900:   323317.135   323355.135   323390.135   323425.135   323464.135
  2905:   323512.135   323551.135   323591.135   323627.135   323669.135
  2910:   323711.135   323748.135   323789.135   323827.135   323867.135
  2915:   323905.135   323943.135   323992.135   324032.135   324074.135
  2920:   324119.135   324158.135   324194.135   324236.135   324272.135
  2925:   324314.135   324358.135   324404.135   324447.135   324535.135
  2930:   324571.135   324616.135   324663.135   324717.135   324764.135
  2935:   324813.135   324857.135   325056.135   325145.135   325348.135
  2940:   325437.135   325509.135   325679.135   325732.135   325912.135
  2945:   325970.135   326076.135   326688.135   327079.135   327479.135
  2950:   327567.135   327640.135   327686.135   327730.135   327787.135
  2955:   328060.825   328060.920   328067.411   329560.910   329562.615
  2960:   333412.625   333413.815   333808.135   333897.135   333944.135
  2965:   334058.135   334103.135   334147.135   334255.135   334304.135
  2970:   334348.135   334386.135   334425.135   334536.135   334575.135
  2975:   334611.135   334692.135   334769.135   334808.135   334876.135
  2980:   334915.135   335054.135   335062.135   335106.135   335142.135
  2985:   335225.135   335267.135   335300.135   335347.135   335458.135
  2990:   335505.135   335540.135   335573.135   335611.135   335651.135
  2995:   335691.135   335731.135   335763.135   335852.135   335891.135
  3000:   335980.135   336020.135   336056.135   336090.135   336129.135
  3005:   336173.135   336217.135   336257.135   336293.135   336333.135
  3010:   336374.135   336411.135   336449.135   336490.135   336530.135
  3015:   336573.135   336614.135   336657.135   336699.135   336749.135
  3020:   336790.135   336839.135   336880.135   336929.135   336983.135
  3025:   337041.135   337083.135   337223.135   337279.135   337327.135
  3030:   337469.135   337481.135   337528.135   337638.135   337686.135
  3035:   337862.135   337912.135   338227.135   338271.135   338650.135
  3040:   338694.135   338743.135   338847.135   338896.135   339011.135
  3045:   339094.135   339152.135   339206.135   339253.135   339304.135
  3050:   339448.135   339499.135   339574.135   339618.135   339670.135
  3055:   339718.135   339811.135   339866.135   340021.135   340070.135
  3060:   340217.135   340322.135   340367.135   340410.135   340451.135
  3065:   340577.135   340739.135   340790.135   340924.135   341113.825
  3070:   341113.920   342613.910   342615.614   345365.624   345366.714
  3075:   345540.124   345639.124   345724.124   345810.124   345886.124
  3080:   345925.124   345973.124   346101.124   346143.124   346182.124
  3085:   346214.124   346243.124   346271.124   346302.124   346334.124
  3090:   346365.124   346399.124   346430.124   346462.124   346498.124
  3095:   346533.124   346567.124   346603.124   346637.124   346676.124
  3100:   346716.124   346752.124   346801.124   346846.124   346933.124
  3105:   346974.124   347012.124   347101.124   347144.124   347187.124
  3110:   347224.124   347260.124   347297.124   347334.124   347375.124
  3115:   347421.124   347464.124   347501.124   347537.124   347574.124
  3120:   347615.124   347655.124   347698.124   347738.124   347788.124
  3125:   347834.124   347904.124   348086.124   348147.724   348147.920
  3130:   348147.901   348147.094   348447.902   349947.910   349949.615
  3135:   353799.625   353800.715   354185.125   354259.125   354346.125
  3140:   354462.125   354560.125   354599.125   354640.125   354686.125
  3145:   354785.125   354831.125   354863.125   354900.125   354935.125
  3150:   354980.125   355021.125   355053.125   355084.125   355115.125
  3155:   355146.125   355180.125   355219.125   355256.125   355297.125
  3160:   355331.125   355367.125   355454.125   355492.125   355532.125
  3165:   355573.125   355613.125   355660.125   355701.125   355737.125
  3170:   355784.125   355830.125   355862.125   355900.125   355944.125
  3175:   355983.125   356019.125   356059.125   356097.125   356133.125
  3180:   356173.125   356208.125   356244.125   356285.125   356323.125
  3185:   356362.125   356404.125   356445.125   356487.125   356545.125
  3190:   356585.125   356632.125   356719.125   356757.125   356793.125
  3195:   356831.125   356867.125   356903.125   356939.125   356979.125
  3200:   357018.125   357054.125   357093.125   357135.125   357180.125
  3205:   357225.125   357269.125   357311.125   357496.125   357533.125
  3210:   357578.125   357794.725   357794.920   357794.901   357794.095
  3215:   358094.902   359594.910   359596.611   360596.621   360597.711
  3220:   361031.121   361074.121   361115.121   361150.121   361181.121
  3225:   361215.121   361249.121   361279.121   361312.121   361344.121
  3230:   361380.121   361453.121   361490.121   361523.121   361558.121
  3235:   361598.721   361598.920   361598.901   361598.091   361898.902
  3240:   363398.910   363400.611   364400.621   364401.811   364552.131
  3245:   364630.131   364739.131   364771.131   364802.131   364835.131
  3250:   364862.131   364895.131   364924.131   364956.131   364987.131
  3255:   365018.131   365053.131   365085.131   365116.131   365148.131
  3260:   365188.131   365223.131   365259.131   365293.131   365329.131
  3265:   365363.131   365400.131   365435.131   365471.131   365510.131
  3270:   365553.131   365588.131   365625.131   365669.131   365708.131
  3275:   365752.131   365789.131   365854.131   365894.131   365967.131
  3280:   366013.131   366054.131   366101.131   366143.131   366179.131
  3285:   366218.131   366256.131   366298.131   366343.131   366390.131
  3290:   366443.131   366531.131   366571.131   366626.131   366709.131
  3295:   366764.131   366816.131   366869.131   367025.131   367068.131
  3300:   367161.131   367259.131   367345.131   367377.131   367419.131
  3305:   367449.131   367484.131   367518.131   367552.131   367589.131
  3310:   367601.821   367601.920   369101.910   369103.611   370103.621
  3315:   370104.711   370342.121   370385.121   370430.121   370468.121
  3320:   370496.121   370525.121   370554.121   370584.121   370616.121
  3325:   370647.121   370681.121   370713.121   370745.121   370777.121
  3330:   370812.121   370847.121   370882.121   370916.121   370952.121
  3335:   370987.121   371024.121   371062.121   371096.121   371132.721
  3340:   371132.920   371132.901   371132.091   371432.902   372932.910
  3345:   372934.612   374334.622   374335.712   374557.122   374609.122
  3350:   374660.122   374704.122   374753.122   374799.122   374836.122
  3355:   374875.122   374910.122   374945.122   374975.122   375006.122
  3360:   375041.122   375071.122   375106.122   375139.122   375171.122
  3365:   375204.122   375237.122   375270.122   375303.122   375338.122
  3370:   375370.122   375409.122   375447.122   375488.122   375522.122
  3375:   375560.122   375598.122   375634.122   375680.122   375728.122
  3380:   375778.722   375778.920   375778.901   375778.092   376078.902
  3385:   377578.910   377580.615   381430.625   381431.715   381632.125
  3390:   382243.125   382396.125   382432.125   382469.125   382510.125
  3395:   382549.125   382734.125   382811.125   382969.125   383014.125
  3400:   383057.125   383100.125   383242.125   383272.125   383301.125
  3405:   383341.125   383370.125   383399.125   383437.125   383467.125
  3410:   383499.125   383534.125   383571.125   383604.125   383637.125
  3415:   383671.125   383714.125   383751.125   383792.125   383838.125
  3420:   383879.125   383914.125   383957.125   383993.125   384077.125
  3425:   384122.125   384162.125   384206.125   384246.125   384281.125
  3430:   384322.125   384414.125   384456.125   384490.125   384523.125
  3435:   384557.125   384590.125   384627.125   384660.125   384698.125
  3440:   384747.125   384791.125   384830.125   384920.125   384964.125
  3445:   385003.125   385050.125   385099.125   385137.125   385176.125
  3450:   385214.125   385254.125   385304.725   385304.920   385304.901
  3455:   385304.095   385604.902   387104.910   387106.614   389856.624
  3460:   389857.714   390003.124   390197.124   390361.124   390415.124
  3465:   390448.124   390484.124   390594.124   390631.124   390733.124
  3470:   390775.124   390967.124   391001.124   391029.124   391057.124
  3475:   391092.124   391126.124   391158.124   391240.124   391327.124
  3480:   391409.124   391442.124   391473.124   391506.124   391541.124
  3485:   391575.124   391610.124   391645.124   391680.124   391724.124
  3490:   391761.124   391852.124   391894.124   391937.124   391983.124
  3495:   392028.124   392066.124   392151.124   392193.124   392235.124
  3500:   392276.124   392327.124   392366.124   392403.124   392440.124
  3505:   392479.124   392516.124   392552.124   392593.124   392634.724
  3510:   392634.920   392634.901   392634.094   392934.902   394434.910
  3515:   394436.614   397186.624   397187.714   398079.124   398170.124
  3520:   398387.124   398425.124   398563.124   398600.124   398746.124
  3525:   398783.124   398815.124   398846.124   398876.124   398907.124
  3530:   398940.124   398976.124   399008.124   399039.124   399162.124
  3535:   399199.124   399245.124   399282.124   399320.124   399357.124
  3540:   399390.124   399484.124   399525.124   399560.124   399651.124
  3545:   399688.124   399722.124   399764.124   399811.124   399850.124
  3550:   399889.124   399941.724   399941.920   399941.901   399941.094
  3555:   400241.902   401741.910   401743.612   403143.622   403144.712
  3560:   403478.122   403618.122   403738.122   403824.122   403869.122
  3565:   403924.122   404202.122   404381.122   404426.122   404489.122
  3570:   404537.122   404592.722   404592.920   404592.901   404592.092
  3575:   404892.902   406392.910   406394.612   407794.622   407795.712
  3580:   408146.122   408208.122   408322.122   408356.122   408521.122
  3585:   408555.122   408582.122   408611.122   408648.122   408685.122
  3590:   408931.122   408973.122   409110.122   409154.122   409200.722
  3595:   409200.920   409200.901   409200.092   409500.902   411000.910
  3600:   411002.614   413752.624   413753.714   413852.124   414061.124
  3605:   414249.124   414432.124   414544.124   414592.124   414642.124
  3610:   414716.124   414752.124   414789.124   414833.124   414871.124
  3615:   414910.124   414943.124   414982.124   415068.124   415203.124
  3620:   415212.124   415247.124   415278.124   415311.124   415342.124
  3625:   415371.124   415407.124   415440.124   415471.124   415506.124
  3630:   415541.124   415574.124   415613.124   415651.124   415739.124
  3635:   415775.124   415813.124   415854.124   415885.124   415917.124
  3640:   415951.124   415988.124   416025.124   416071.124   416114.124
  3645:   416124.124   416164.124   416199.124   416235.124   416280.124
  3650:   416317.124   416356.124   416392.124   416428.124   416468.124
  3655:   416504.724   416504.920   416504.901   416504.094   416804.902
  3660:   418304.910   418306.613   420256.623   420257.813   420712.133
  3665:   420763.133   420914.133   420957.133   421064.133   421094.133
  3670:   421127.133   421209.133   421278.133   421287.133   421323.133
  3675:   421355.133   421406.133   421449.133   421492.133   421526.133
  3680:   421556.133   421586.133   421615.133   421645.133   421678.133
  3685:   421715.133   421750.133   421784.133   421819.133   421851.133
  3690:   421886.133   421920.133   421953.133   421987.133   421997.133
  3695:   422034.133   422072.133   422109.133   422196.133   422237.133
  3700:   422273.133   422309.133   422344.133   422383.133   422438.133
  3705:   422482.133   422516.133   422553.133   422590.133   422637.133
  3710:   422675.133   422716.133   422751.133   422787.133   422826.133
  3715:   422864.133   422903.133   422939.133   422979.133   423017.133
  3720:   423053.133   423089.133   423129.133   423171.133   423310.133
  3725:   423353.133   423390.133   423428.133   423463.133   423500.133
  3730:   423546.133   423588.133   423637.133   423684.133   423742.133
  3735:   423797.133   423879.133   423921.133   423967.133   424016.133
  3740:   424160.133   424245.133   424301.133   424457.823   424457.920
  3745:   425957.910   425959.611   426959.621   426960.811   427150.131
  3750:   427230.131   427266.131   427293.131   427326.131   427358.131
  3755:   427390.131   427419.131   427449.131   427483.131   427515.131
  3760:   427546.131   427580.131   427613.131   427647.131   427680.131
  3765:   427713.131   427745.131   427779.131   427813.131   427848.131
  3770:   427883.131   427916.131   427951.131   427986.131   428020.131
  3775:   428058.131   428091.131   428127.131   428163.131   428202.131
  3780:   428244.131   428339.131   428388.131   428426.131   428513.131
  3785:   428570.131   428612.131   428731.131   428778.131   428902.131
  3790:   428955.131   429150.131   429779.131   429827.131   429869.131
  3795:   429914.131   429959.131   430072.131   430160.821   430160.920
  3800:   430162.411   431660.910   431662.615   435512.625   435513.715
  3805:   435873.125   436028.125   436145.125   436198.125   436240.125
  3810:   436285.125   436337.125   436384.125   436548.125   436583.125
  3815:   436618.125   436658.125   436701.125   436747.125   436783.125
  3820:   436821.125   436862.125   437037.125   437076.125   437115.125
  3825:   437153.125   437187.125   437265.125   437300.125   437380.125
  3830:   437414.125   437460.125   437494.125   437528.125   437570.125
  3835:   437610.125   437644.125   437675.125   437756.125   437795.125
  3840:   437834.125   437875.125   437912.125   437946.125   437985.125
  3845:   438024.125   438062.125   438097.125   438135.125   438178.125
  3850:   438232.125   438273.125   438311.125   438352.125   438390.125
  3855:   438424.125   438460.125   438498.125   438542.125   438582.125
  3860:   438619.125   438659.125   438698.125   438735.125   438776.125
  3865:   438819.125   438855.125   438895.125   439025.125   439071.125
  3870:   439119.125   439161.125   439206.125   439254.125   439304.125
  3875:   439498.725   439498.920   439498.901   439498.095   439798.902
  3880:   441298.910   441300.613   443250.623   443251.713   443355.123
  3885:   443410.123   443456.123   443586.123   443633.123   443740.123
  3890:   443787.123   443828.123   443903.123   443947.123   443988.123
  3895:   444021.123   444058.123   444100.123   444214.123   444251.123
  3900:   444284.123   444314.123   444351.123   444399.123   444430.123
  3905:   444461.123   444493.123   444532.123   444618.123   444661.123
  3910:   444708.123   444751.123   444782.123   444812.123   444846.123
  3915:   444879.123   444912.123   444990.123   445027.123   445071.123
  3920:   445118.123   445164.123   445204.723   445204.920   445204.901
  3925:   445204.093   445504.902   447004.910   447006.615   450856.625
  3930:   450857.815   451828.135   451865.135   451900.135   451942.135
  3935:   452101.135   452138.135   452173.135   452218.135   452264.135
  3940:   452296.135   452334.135   452373.135   452404.135   452436.135
  3945:   452473.135   452513.135   452545.135   452578.135   452611.135
  3950:   452649.135   452685.135   452718.135   452823.135   452856.135
  3955:   452886.135   452920.135   452954.135   452997.135   453035.135
  3960:   453078.135   453118.135   453161.135   453196.135   453235.135
  3965:   453328.135   453372.135   453407.135   453448.135   453489.135
  3970:   453525.135   453562.135   453598.135   453636.135   453725.135
  3975:   453765.135   453801.135   453835.135   453875.135   453911.135
  3980:   453949.135   453990.135   454027.135   454061.135   454105.135
  3985:   454148.135   454191.135   454232.135   454266.135   454307.135
  3990:   454345.135   454387.135   454423.135   454463.135   454503.135
  3995:   454542.135   454588.135   454634.135   454681.135   454725.135
  4000:   454763.135   454804.135   454911.135   455122.135   455157.135
  4005:   455238.135   455288.135   455374.135   455408.135   455457.135
  4010:   455501.135   455591.135   455763.135   455808.135   455916.135
  4015:   455967.135   456016.135   456066.135   456113.135   456159.135
  4020:   456201.135   456357.135   456405.135   456451.135   456501.135
  4025:   456601.135   456656.135   456708.135   456757.135   456820.135
  4030:   456867.135   456974.135   457343.135   457388.135   457437.135
  4035:   457615.135   457654.135   457702.135   457761.135   457813.135
  4040:   457901.135   457980.135   458052.135   458241.135   458282.135
  4045:   458326.135   458403.135   458510.135   458557.825   458557.920
  4050:   460057.910   460059.612   461459.622   461460.712   461708.122
  4055:   461797.122   461830.122   461865.122   461913.122   461948.122
  4060:   462051.122   462080.122   462110.122   462141.122   462169.122
  4065:   462201.122   462233.122   462262.122   462294.122   462324.122
  4070:   462356.122   462390.122   462422.122   462459.122   462492.122
  4075:   462532.122   462568.122   462602.122   462640.122   462677.122
  4080:   462722.122   462757.122   462796.122   462845.122   462887.722
  4085:   462887.920   462887.901   462887.092   463187.902   464687.910
  4090:   464689.613   466639.623   466640.713   467097.123   467212.123
  4095:   467263.123   467303.123   467426.123   467476.123   467521.123
  4100:   467570.123   467611.123   467657.123   467700.123   467747.123
  4105:   467867.123   467912.123   467954.123   467997.123   468036.123
  4110:   468075.123   468239.123   468284.123   468318.123   468353.123
  4115:   468391.123   468437.123   468469.123   468503.123   468543.123
  4120:   468585.123   468625.723   468625.920   468625.901   468625.093
  4125:   468925.902   470425.910   470427.612   471827.622   471828.712
  4130:   472016.122   472101.122   472185.122   472230.122   472271.122
  4135:   472311.122   472339.122   472367.122   472400.122   472433.122
  4140:   472471.122   472556.122   472587.122   472615.122   472649.122
  4145:   472682.122   472722.122   472753.122   472788.122   472822.122
  4150:   472856.122   472889.122   472925.122   472964.122   472997.122
  4155:   473078.122   473115.122   473157.122   473195.122   473232.722
  4160:   473232.920   473232.901   473232.092   473532.902   475032.910
  4165:   475034.614   477784.624   477785.714   478192.124   478372.124
  4170:   478424.124   478481.124   478581.124   478667.124   478711.124
  4175:   478748.124   478789.124   478826.124   478868.124   478915.124
  4180:   478954.124   478988.124   479027.124   479073.124   479106.124
  4185:   479198.124   479234.124   479279.124   479313.124   479345.124
  4190:   479380.124   479429.124   479519.124   479560.124   479589.124
  4195:   479624.124   479657.124   479691.124   479724.124   479767.124
  4200:   479805.124   479840.124   479876.124   479913.124   479961.124
  4205:   479999.124   480038.124   480085.124   480123.124   480162.124
  4210:   480199.124   480236.124   480271.124   480314.124   480365.124
  4215:   480409.124   480449.124   480485.124   480525.124   480583.724
  4220:   480583.920   480583.901   480583.094   480883.902   482383.910
  4225:   482385.612   483785.622   483786.712   484062.122   484105.122
  4230:   484148.122   484359.122   484368.122   484401.122   484433.122
  4235:   484463.122   484500.122   484544.122   484574.122   484602.122
  4240:   484635.122   484670.122   484703.122   484740.122   484777.122
  4245:   484810.122   484842.122   484887.122   484924.122   484959.122
  4250:   484992.122   485026.122   485066.122   485104.122   485140.122
  4255:   485185.122   485230.722   485230.920   485230.901   485230.092
  4260:   485530.902   487030.910   487032.611   488032.621   488033.711
  4265:   488374.121   488418.121   488451.121   488482.121   488512.121
  4270:   488545.121   488583.121   488613.121   488643.121   488671.121
  4275:   488703.121   488732.121   488765.121   488797.121   488832.121
  4280:   488864.121   488897.121   488931.121   488968.121   489004.121
  4285:   489042.721   489042.920   489042.901   489042.091   489342.902
  4290:   490842.910   490844.613   492794.623   492795.813   493912.133
  4295:   493957.133   493998.133   494080.133   494117.133   494152.133
  4300:   494189.133   494223.133   494258.133   494301.133   494340.133
  4305:   494371.133   494402.133   494435.133   494475.133   494523.133
  4310:   494562.133   494599.133   494635.133   494670.133   494706.133
  4315:   494738.133   494774.133   494811.133   494851.133   494889.133
  4320:   494931.133   494973.133   495011.133   495050.133   495090.133
  4325:   495128.133   495179.133   495221.133   495308.133   495345.133
  4330:   495393.133   495433.133   495526.133   495593.133   495632.133
  4335:   495674.133   495846.133   495890.133   495963.133   496015.133
  4340:   496199.133   496256.133   496302.133   496355.133   496404.133
  4345:   496500.133   496572.133   496619.133   496660.133   496766.133
  4350:   496845.133   496899.133   496969.133   496995.823   496995.920
  4355:   498495.910   498497.611   499497.621   499498.711   499684.121
  4360:   499864.121   500177.121   500218.121   500268.121   500313.121
  4365:   500477.121   500515.721   500515.920   500515.901   500515.091
  4370:   500815.902   502315.910   502317.615   506167.625   506168.815
  4375:   506447.135   506558.135   506637.135   506681.135   506727.135
  4380:   506771.135   506820.135   506867.135   506920.135   507060.135
  4385:   507108.135   507147.135   507193.135   507245.135   507291.135
  4390:   507376.135   507423.135   507464.135   507506.135   507553.135
  4395:   507592.135   507637.135   507678.135   507715.135   507776.135
  4400:   507825.135   507876.135   507964.135   508004.135   508041.135
  4405:   508080.135   508125.135   508164.135   508203.135   508246.135
  4410:   508283.135   508317.135   508392.135   508423.135   508497.135
  4415:   508528.135   508602.135   508637.135   508680.135   508718.135
  4420:   508756.135   508794.135   508830.135   508868.135   508951.135
  4425:   508997.135   509049.135   509091.135   509143.135   509207.135
  4430:   509253.135   509299.135   509357.135   509417.135   509539.135
  4435:   509589.135   509712.135   509760.135   509813.135   509862.135
  4440:   509928.135   509985.135   510038.135   510130.135   510211.135
  4445:   510323.135   510771.135   510813.135   510858.135   510903.135
  4450:   510950.135   511022.135   511066.135   511115.135   511158.135
  4455:   511265.135   511347.135   511392.135   511502.135   511550.135
  4460:   511636.135   511680.135   511765.135   511812.135   511917.135
  4465:   511992.135   512038.135   512088.135   512134.135   512180.135
  4470:   512227.135   512284.135   512488.135   512536.135   512589.135
  4475:   512636.135   512685.135   512730.135   512831.135   513164.135
  4480:   513204.135   513311.135   513357.135   513555.135   513598.135
  4485:   513669.135   513772.135   513820.135   513861.135   513868.825
  4490:   513868.920   515368.910   515370.614   518120.624   518121.814
  4495:   518276.134   518403.134   518521.134   518677.134   518760.134
  4500:   518810.134   518853.134   518895.134   518940.134   518978.134
  4505:   519097.134   519142.134   519183.134   519222.134   519264.134
  4510:   519306.134   519374.134   519405.134   519488.134   519523.134
  4515:   519600.134   519628.134   519662.134   519695.134   519782.134
  4520:   519826.134   519865.134   519901.134   519979.134   520023.134
  4525:   520065.134   520142.134   520175.134   520208.134   520242.134
  4530:   520274.134   520307.134   520343.134   520379.134   520417.134
  4535:   520453.134   520493.134   520531.134   520570.134   520611.134
  4540:   520648.134   520687.134   520721.134   520758.134   520843.134
  4545:   520886.134   520928.134   520968.134   521006.134   521047.134
  4550:   521136.134   521175.134   521223.134   521308.134   521347.134
  4555:   521435.134   521487.134   521612.134   521688.134   521773.134
  4560:   521820.134   521972.134   522025.134   522172.134   522213.134
  4565:   522326.134   522613.134   522667.134   523026.134   523070.134
  4570:   523621.824   523621.920   525121.910   525123.613   527073.623
  4575:   527074.713   527267.123   527327.123   527418.123   527540.123
  4580:   527579.123   527622.123   527663.123   527774.123   527804.123
  4585:   527899.123   527927.123   527959.123   527986.123   528015.123
  4590:   528044.123   528073.123   528108.123   528144.123   528177.123
  4595:   528207.123   528239.123   528272.123   528304.123   528339.123
  4600:   528375.123   528409.123   528441.123   528475.123   528522.123
  4605:   528615.123   528657.123   528692.123   528741.123   528785.123
  4610:   528828.123   528875.123   528927.123   528978.123   529022.123
  4615:   529187.723   529187.920   529187.901   529187.093   529487.902
  4620:   530987.910   530989.612   532389.622   532390.712   532541.122
  4625:   532592.122   532705.122   532745.122   532785.122   532899.122
  4630:   532929.122   532956.122   532986.122   533016.122   533048.122
  4635:   533080.122   533112.122   533145.122   533176.122   533210.122
  4640:   533243.122   533286.122   533318.122   533353.122   533390.122
  4645:   533426.122   533467.122   533505.122   533540.122   533588.122
  4650:   533624.122   533663.122   533703.122   533752.122   533794.722
  4655:   533794.920   533794.901   533794.092   534094.902   535594.910
  4660:   535596.615   539446.625   539447.715   539965.125   540065.125
  4665:   540124.125   540231.125   540303.125   540353.125   540402.125
  4670:   540441.125   540479.125   540579.125   540615.125   540706.125
  4675:   540864.125   540896.125   540930.125   540977.125   541087.125
  4680:   541201.125   541241.125   541288.125   541382.125   541425.125
  4685:   541462.125   541502.125   541608.125   541654.125   541691.125
  4690:   541728.125   541818.125   541861.125   541899.125   541936.125
  4695:   541969.125   542007.125   542040.125   542074.125   542108.125
  4700:   542146.125   542184.125   542273.125   542312.125   542348.125
  4705:   542387.125   542427.125   542477.125   542515.125   542554.125
  4710:   542591.125   542634.125   542669.125   542705.125   542743.125
  4715:   542784.125   542823.125   542865.125   542957.125   542999.125
  4720:   543038.125   543076.125   543113.125   543197.125   543236.125
  4725:   543277.125   543317.725   543317.920   543317.901   543317.095
  4730:   543617.902   545117.910   545119.611   546119.621   546120.711
  4735:   546470.121   546510.121   546541.121   546577.121   546610.121
  4740:   546639.121   546667.121   546700.121   546732.121   546766.121
  4745:   546796.121   546828.121   546863.121   546901.121   546936.121
  4750:   546971.121   547003.121   547038.121   547075.121   547111.121
  4755:   547147.721   547147.920   547147.901   547147.091   547447.902
  4760:   548947.910   548949.613   550899.623   550900.813   551173.133
  4765:   551382.133   551487.133   551533.133   551623.133   551664.133
  4770:   551774.133   551803.133   551878.133   551912.133   551956.133
  4775:   551997.133   552028.133   552070.133   552106.133   552189.133
  4780:   552229.133   552276.133   552314.133   552362.133   552401.133
  4785:   552448.133   552547.133   552578.133   552607.133   552637.133
  4790:   552668.133   552751.133   552794.133   552826.133   552915.133
  4795:   552987.133   553026.133   553069.133   553106.133   553139.133
  4800:   553173.133   553210.133   553323.133   553362.133   553445.133
  4805:   553485.133   553521.133   553570.133   553636.133   553678.133
  4810:   553735.133   553778.133   553830.133   553870.133   554033.133
  4815:   554070.133   554103.133   554148.133   554192.133   554228.133
  4820:   554264.133   554302.133   554341.133   554378.133   554414.133
  4825:   554448.133   554493.133   554540.133   554587.133   554634.133
  4830:   554677.133   554788.133   554825.133   554876.133   554955.133
  4835:   554997.133   555070.133   555100.823   555100.920   555112.411
  4840:   556600.910   556602.614   559352.624   559353.714   560023.124
  4845:   560074.124   560151.124   560357.124   560404.124   560451.124
  4850:   560509.124   560872.124   560906.124   560952.124   561062.124
  4855:   561070.124   561108.124   561149.124   561234.124   561300.124
  4860:   561341.124   561377.124   561410.124   561448.124   561485.124
  4865:   561521.124   561555.124   561588.124   561657.124   561688.124
  4870:   561724.124   561811.124   561845.124   561875.124   561949.124
  4875:   561980.124   562012.124   562053.124   562094.124   562128.724
  4880:   562128.920   562128.901   562128.094   562428.902   563928.910
  4885:   563930.612   565330.622   565331.712   565461.122   565632.122
  4890:   565714.122   565824.122   565925.122   565998.122   566031.122
  4895:   566060.122   566114.122   566140.122   566174.122   566210.122
  4900:   566240.122   566275.122   566306.122   566339.122   566369.122
  4905:   566405.122   566460.122   566490.122   566525.122   566563.122
  4910:   566600.122   566631.122   566666.122   566701.122   566735.722
  4915:   566735.920   566735.901   566735.092   567035.902   568535.910
  4920:   568537.611   569537.621   569538.711   569672.121   569752.121
  4925:   569828.121   569902.121   569934.121   569966.121   570001.121
  4930:   570035.121   570060.121   570087.121   570114.121   570174.121
  4935:   570234.121   570266.121   570295.121   570330.121   570361.121
  4940:   570395.121   570451.121   570486.121   570522.121   570554.721
  4945:   570554.920   570554.901   570554.091   570854.902   572354.910
  4950:   572356.614   575106.624   575107.714   575708.124   575808.124
  4955:   575852.124   575939.124   576688.124   576727.124   576805.124
  4960:   576873.124   576908.124   576942.124   576977.124   577013.124
  4965:   577041.124   577072.124   577113.124   577147.124   577213.124
  4970:   577247.124   577284.124   577317.124   577349.124   577385.124
  4975:   577421.124   577456.124   577489.124   577552.124   577587.124
  4980:   577621.124   577652.124   577696.124   577732.124   577766.124
  4985:   577800.124   577872.724   577872.920   577872.901   577872.094
  4990:   578172.902   579672.910   579674.615   583524.625   583525.715
  4995:   584069.125   584491.125   584527.125   584640.125   584677.125
  5000:   584756.125   584818.125   584846.125   584872.125   584906.125
  5005:   584933.125   584961.125   585035.125   585075.125   585112.125
  5010:   585146.125   585174.125   585202.125   585241.125   585302.125
  5015:   585341.125   585370.125   585408.125   585441.125   585510.125
  5020:   585544.125   585575.125   585605.125   585634.125   585666.125
  5025:   585698.125   585733.125   585766.125   585840.125   585877.125
  5030:   585909.125   585945.125   585978.125   586017.125   586052.125
  5035:   586091.125   586125.125   586161.125   586195.125   586229.125
  5040:   586263.125   586297.125   586333.125   586366.125   586397.125
  5045:   586431.125   586467.125   586506.125   586538.125   586571.125
  5050:   586604.125   586639.125   586675.125   586712.125   586751.125
  5055:   586792.125   586831.125   586871.125   586910.125   586948.125
  5060:   586982.125   587019.125   587055.125   587094.125   587131.125
  5065:   587167.125   587205.125   587240.125   587277.125   587356.125
  5070:   587394.725   587394.920   587394.901   587394.095   587694.902
  5075:   589194.910   589196.613   591146.623   591147.713   591960.123
  5080:   592006.123   592113.123   592161.123   592219.123   592265.123
  5085:   592436.123   592481.123   592531.123   592575.123   592685.123
  5090:   592726.123   592853.123   592898.123   593005.123   593076.123
  5095:   593124.723   593124.920   593124.901   593124.093   593424.902
  5100:   594924.910   594926.615   598776.625   598777.715   599505.125
  5105:   599615.125   599658.125   599949.125   599995.125   600046.125
  5110:   600119.125   600257.125   600291.125   600332.125   600424.125
  5115:   600462.125   600556.125   600585.125   600613.125   600640.125
  5120:   600716.125   600749.125   600821.125   600849.125   600938.125
  5125:   601010.125   601043.125   601077.125   601145.125   601179.125
  5130:   601258.125   601295.125   601325.125   601356.125   601388.125
  5135:   601417.125   601452.125   601483.125   601515.125   601550.125
  5140:   601583.125   601617.125   601651.125   601681.125   601714.125
  5145:   601750.125   601781.125   601815.125   601849.125   601887.125
  5150:   601934.125   601975.125   602014.125   602082.125   602118.125
  5155:   602160.125   602243.125   602281.125   602316.125   602349.125
  5160:   602386.125   602422.125   602463.125   602501.125   602533.125
  5165:   602569.125   602613.125   602692.725   602692.920   602692.901
  5170:   602692.095   602992.902   604492.910   604494.615   608344.625
  5175:   608345.715   608717.125   608779.125   608922.125   608965.125
  5180:   609046.125   609087.125   609128.125   609232.125   609276.125
  5185:   609420.125   609451.125   609532.125   609565.125   609680.125
  5190:   609712.125   609742.125   609783.125   609854.125   609882.125
  5195:   609928.125   609963.125   609991.125   610094.125   610123.125
  5200:   610150.125   610182.125   610215.125   610289.125   610323.125
  5205:   610352.125   610378.125   610409.125   610444.125   610478.125
  5210:   610516.125   610548.125   610575.125   610610.125   610644.125
  5215:   610676.125   610709.125   610808.125   610843.125   610878.125
  5220:   610914.125   610947.125   610990.125   611026.125   611066.125
  5225:   611103.125   611140.125   611175.125   611212.125   611255.125
  5230:   611295.125   611336.125   611377.125   611416.125   611456.125
  5235:   611495.125   611533.125   611572.125   611612.125   611650.125
  5240:   611689.125   611730.125   611774.125   611818.125   611862.125
  5245:   611948.125   611994.125   612081.125   612131.125   612220.725
  5250:   612220.920   612220.901   612220.095   612520.902   614020.910
  5255:   614022.612   615422.622   615423.812   615737.132   615885.132
  5260:   615933.132   615976.132   616015.132   616051.132   616083.132
  5265:   616124.132   616158.132   616187.132   616219.132   616253.132
  5270:   616283.132   616315.132   616347.132   616378.132   616413.132
  5275:   616448.132   616483.132   616517.132   616550.132   616584.132
  5280:   616617.132   616652.132   616689.132   616724.132   616760.132
  5285:   616801.132   616843.132   616898.132   616945.132   616992.132
  5290:   617036.132   617076.132   617126.132   617173.132   617233.132
  5295:   617286.132   617333.132   617379.132   617426.132   617469.132
  5300:   617555.132   617601.132   617685.132   617736.132   617813.132
  5305:   617864.132   617915.132   618001.132   618042.132   618124.132
  5310:   618177.132   618359.132   618476.132   618622.132   618875.132
  5315:   618922.132   619023.822   619023.920   619027.411   620523.910
  5320:   620525.611   621525.621   621526.711   621726.121   621773.121
  5325:   621813.121   621852.121   621890.121   621921.121   621948.121
  5330:   621979.121   622008.121   622040.121   622072.121   622102.121
  5335:   622135.121   622167.121   622200.121   622233.121   622265.121
  5340:   622299.121   622332.121   622367.121   622401.121   622435.121
  5345:   622469.121   622505.121   622543.721   622543.920   622543.901
  5350:   622543.091   622843.902   624343.910   624345.612   625745.622
  5355:   625746.712   626068.122   626118.122   626275.122   626313.122
  5360:   626342.122   626371.122   626404.122   626435.122   626466.122
  5365:   626510.122   626547.122   626591.122   626628.122   626658.122
  5370:   626742.122   626781.122   626813.122   626846.122   626883.122
  5375:   626916.122   626948.122   626980.122   627012.122   627057.122
  5380:   627094.122   627128.122   627164.722   627164.920   627164.901
  5385:   627164.092   627464.902   628964.910   628966.613   630916.623
  5390:   630917.713   631600.123   631641.123   631674.123   631719.123
  5395:   631798.123   631846.123   631888.123   631927.123   631959.123
  5400:   632033.123   632120.123   632155.123   632192.123   632226.123
  5405:   632261.123   632293.123   632322.123   632354.123   632391.123
  5410:   632424.123   632453.123   632490.123   632527.123   632560.123
  5415:   632594.123   632628.123   632663.123   632709.123   632750.123
  5420:   632787.123   632828.123   632869.723   632869.920   632869.901
  5425:   632869.093   633169.902   634669.910   634671.611   635671.621
  5430:   635672.811   635903.131   635941.131   635976.131   636020.131
  5435:   636057.131   636087.131   636128.131   636159.131   636192.131
  5440:   636234.131   636270.131   636306.131   636339.131   636374.131
  5445:   636412.131   636450.131   636493.131   636528.131   636561.131
  5450:   636599.131   636637.131   636676.131   636710.131   636751.131
  5455:   636787.131   636824.131   636866.131   636905.131   636943.131
  5460:   636981.131   637030.131   637071.131   637110.131   637152.131
  5465:   637194.131   637232.131   637271.131   637312.131   637351.131
  5470:   637389.131   637427.131   637469.131   637510.131   637549.131
  5475:   637592.131   637630.131   637712.131   637755.131   637796.131
  5480:   637845.131   637886.131   637976.131   638020.131   638059.131
  5485:   638097.131   638134.131   638171.131   638213.131   638251.131
  5490:   638288.131   638323.131   638368.131   638416.131   638453.131
  5495:   638495.131   638538.131   638583.131   638626.131   638667.131
  5500:   638708.131   638764.131   638818.131   638861.131   638872.821
  5505:   638872.920   640372.910   640374.612   641774.622   641775.712
  5510:   641937.122   642058.122   642098.122   642136.122   642168.122
  5515:   642205.122   642234.122   642262.122   642298.122   642328.122
  5520:   642365.122   642395.122   642432.122   642464.122   642495.122
  5525:   642532.122   642565.122   642598.122   642634.122   642670.122
  5530:   642704.122   642740.122   642787.122   642828.122   642864.122
  5535:   642899.122   642932.122   642972.122   643011.122   643049.122
  5540:   643087.122   643128.122   643166.122   643215.722   643215.920
  5545:   643215.901   643215.092   643515.902   645015.910   645017.613
  5550:   646967.623   646968.813   647337.133   647380.133   647418.133
  5555:   647494.133   647529.133   647564.133   647600.133   647630.133
  5560:   647659.133   647689.133   647725.133   647755.133   647795.133
  5565:   647835.133   647866.133   647898.133   647943.133   647981.133
  5570:   648013.133   648049.133   648082.133   648124.133   648162.133
  5575:   648199.133   648237.133   648273.133   648314.133   648353.133
  5580:   648390.133   648426.133   648463.133   648498.133   648543.133
  5585:   648584.133   648628.133   648666.133   648710.133   648756.133
  5590:   648796.133   648841.133   648887.133   648925.133   648962.133
  5595:   649000.133   649040.133   649081.133   649123.133   649172.133
  5600:   649211.133   649247.133   649291.133   649335.133   649371.133
  5605:   649410.133   649459.133   649501.133   649540.133   649578.133
  5610:   649613.133   649653.133   649691.133   649738.133   649783.133
  5615:   649829.133   649869.133   649907.133   649945.133   649984.133
  5620:   650024.133   650080.133   650120.133   650156.133   650201.133
  5625:   650249.133   650291.133   650330.133   650371.133   650410.133
  5630:   650520.133   650565.133   650605.133   650646.133   650693.133
  5635:   650741.133   650779.133   650823.133   650985.133   651025.133
  5640:   651064.133   651108.133   651152.133   651168.823   651168.920
  5645:   652668.910   652670.612   654070.622   654071.712   654330.122
  5650:   654412.122   654455.122   654565.122   654600.122   654630.122
  5655:   654663.122   654696.122   654728.122   654757.122   654789.122
  5660:   654821.122   654855.122   654888.122   654921.122   654953.122
  5665:   654988.122   655026.122   655070.122   655105.122   655138.122
  5670:   655173.122   655213.122   655249.122   655297.122   655337.122
  5675:   655376.122   655412.122   655451.122   655489.722   655489.920
  5680:   655489.901   655489.092   655789.902   657289.910   657291.615
  5685:   661141.625   661142.715   661612.125   661865.125   661916.125
  5690:   662000.125   662050.125   662283.125   662328.125   662493.125
  5695:   662624.125   662719.125   662835.125   662881.125   663022.125
  5700:   663073.125   663138.125   663197.125   663254.125   663295.125
  5705:   663335.125   663372.125   663441.125   663534.125   663605.125
  5710:   663669.125   663750.125   663808.125   663861.125   663908.125
  5715:   664027.125   664072.125   664111.125   664229.125   664272.125
  5720:   664318.125   664361.125   664440.125   664478.125   664515.125
  5725:   664561.125   664601.125   664636.125   664673.125   664711.125
  5730:   664787.125   664827.125   664866.125   664906.125   664942.125
  5735:   664979.125   665021.725   665021.920   665021.901   665021.095
  5740:   665321.902   666821.910   666823.613   668773.623   668774.713
  5745:   669287.123   669332.123   669373.123   669413.123   669522.123
  5750:   669552.123   669581.123   669612.123   669641.123   669676.123
  5755:   669715.123   669748.123   669783.123   669824.123   669864.123
  5760:   669902.123   669937.123   669972.123   670013.123   670058.123
  5765:   670095.123   670133.123   670169.123   670203.123   670245.123
  5770:   670280.123   670318.123   670353.123   670390.123   670429.123
  5775:   670465.123   670506.123   670594.123   670633.123   670671.123
  5780:   670707.123   670754.723   670754.920   670754.901   670754.093
  5785:   671054.902   672554.910   672556.614   675306.624   675307.714
  5790:   675766.124   675988.124   676074.124   676158.124   676242.124
  5795:   676343.124   676349.124   676387.124   676427.124   676466.124
  5800:   676505.124   676537.124   676630.124   676663.124   676705.124
  5805:   676739.124   676769.124   676797.124   676827.124   676858.124
  5810:   676893.124   676975.124   677007.124   677044.124   677080.124
  5815:   677121.124   677157.124   677191.124   677231.124   677268.124
  5820:   677305.124   677347.124   677395.124   677434.124   677473.124
  5825:   677510.124   677553.124   677590.124   677627.124   677662.124
  5830:   677701.124   677741.124   677780.124   677819.124   677863.124
  5835:   677908.124   677955.124   677995.124   678035.124   678072.724
  5840:   678072.920   678072.901   678072.094   678372.902   678372.902
  5845:   678372.005   678372.006   678372.007   678372.020       
D:
     0:        0.000        0.000        0.000        0.000        0.000
     5:        0.000        0.000        0.000        0.000        0.000
    10:        0.000        0.000        0.000        0.000        0.000
    15:        0.000        0.000        0.000        0.000        0.000
    20:        0.000        0.000        0.000        0.000        0.000
    25:        0.000        8.000        0.000        0.000        0.000
    30:        0.000        0.000        0.000        0.000        0.000
    35:        0.000
F:
     0:       10.000       14.000       19.500       27.500       38.500
     5:       10.000       14.000       19.500       27.500       38.500
    10:       10.000       14.000       19.500       27.500       38.500
    15:       20.000       28.000       39.000       55.000       77.000
    20:       20.000       28.000       39.000       55.000       77.000
    25:       20.000       28.000       39.000       55.000       77.000
    30:       10.000       14.000       19.500       27.500       38.500
    35:       10.000       14.000       19.500       27.500       38.500
    40:       10.000       14.000       19.500       27.500       38.500
    45:       10.000       14.000       19.500       27.500       38.500
    50:       10.000       14.000       19.500       27.500       38.500
    55:       10.000       14.000       19.500       27.500       38.500
    60:       10.000       14.000       19.500       27.500       38.500
    65:       10.000       14.000       19.500       27.500       38.500
    70:       10.000       14.000       19.500       27.500       38.500
    75:       20.000       28.000       39.000       55.000       77.000
    80:       20.000       28.000       39.000       55.000       77.000
    85:       10.000       14.000       19.500       27.500       38.500
    90:       10.000       14.000       19.500       27.500       38.500
    95:       10.000       14.000       19.500       27.500       38.500
I:
     0:       75.000        0.000        0.000
M:
     0:       15.000       15.000       15.000       15.000       15.000
     5:        5.000        5.000        5.000        5.000        5.000
    10:      100.000
N:
     0:       20.000       20.000       20.000       20.000       20.000
     5:        0.000
Q:
     0:       15.000       15.000       15.000       15.000       15.000
     5:        0.000
V:
     0:        0.000        0.000        0.000        0.000        0.000
     5:      253.000      406.000      521.000      745.000     1061.000
    10:      320.000      351.000      362.000      478.000      588.000
    15:        0.000
