File: C:\MED-PC IV\DATA\M_PEAK29P003


Start Date: 09/03/17
End Date: 09/03/17
Subject: P003
Experiment: IF-PICO
Group: 0
Box: 7
Start Time: 10:00:56
End Time: 11:54:01
MSN: Multiple_Peak
B:       0.000
C:       0.000
E:    5663.000
G:      38.500
H:    3850.000
J:       0.000
K:       0.000
L:       0.000
O:       0.000
P:       0.000
R:       0.000
S:       0.000
T:  678418.000
U:       0.000
W:       0.000
X:       0.000
Y:       0.000
Z:       0.000
A:
     0:        0.010      500.910      502.612     1902.622     1903.712
     5:     2091.122     2124.122     2156.122     2189.122     2226.122
    10:     2261.122     2295.122     2322.122     2357.122     2387.122
    15:     2417.122     2447.122     2478.122     2507.122     2537.122
    20:     2569.122     2599.122     2665.122     2696.122     2734.122
    25:     2769.122     2800.122     2837.122     2871.122     2905.122
    30:     2914.122     2947.122     2981.122     3017.122     3055.122
    35:     3089.122     3124.122     3160.122     3195.122     3231.122
    40:     3267.122     3304.722     3304.920     3304.901     3304.092
    45:     3604.902     5104.910     5106.615     8956.625     8957.815
    50:     9096.135     9135.135     9174.135     9213.135     9254.135
    55:     9287.135     9319.135     9354.135     9388.135     9420.135
    60:     9452.135     9483.135     9515.135     9550.135     9585.135
    65:     9618.135     9651.135     9684.135     9717.135     9752.135
    70:     9785.135     9831.135     9866.135     9901.135     9936.135
    75:     9978.135    10009.135    10041.135    10076.135    10112.135
    80:    10149.135    10185.135    10221.135    10257.135    10290.135
    85:    10324.135    10359.135    10406.135    10442.135    10482.135
    90:    10558.135    10598.135    10632.135    10678.135    10750.135
    95:    10791.135    10826.135    10869.135    10921.135    10954.135
   100:    11025.135    11067.135    11102.135    11136.135    11170.135
   105:    11206.135    11242.135    11282.135    11317.135    11356.135
   110:    11393.135    11429.135    11469.135    11509.135    11557.135
   115:    11596.135    11644.135    11731.135    11768.135    11815.135
   120:    11900.135    11981.135    12025.135    12068.135    12105.135
   125:    12142.135    12185.135    12222.135    12266.135    12304.135
   130:    12339.135    12419.135    12455.135    12466.135    12502.135
   135:    12570.135    12662.135    12707.135    12800.135    12837.135
   140:    12868.135    12901.135    12940.135    12978.135    13031.135
   145:    13108.135    13184.135    13256.135    13322.135    13357.135
   150:    13394.135    13431.135    13473.135    13517.135    13556.135
   155:    13594.135    13630.135    13667.135    13714.135    13794.135
   160:    13828.135    13862.135    13896.135    13930.135    13966.135
   165:    14001.135    14043.135    14083.135    14122.135    14156.135
   170:    14191.135    14225.135    14260.135    14296.135    14333.135
   175:    14370.135    14404.135    14441.135    14478.135    14524.135
   180:    14566.135    14606.135    14644.135    14679.135    14724.135
   185:    14761.135    14870.135    14912.135    14994.135    15031.135
   190:    15071.135    15107.135    15145.135    15193.135    15228.135
   195:    15266.135    15300.135    15376.135    15414.135    15457.135
   200:    15503.135    15587.135    15623.135    15661.135    15722.135
   205:    15841.135    15945.135    16011.135    16045.135    16091.135
   210:    16165.135    16207.135    16239.135    16271.135    16304.135
   215:    16339.135    16375.135    16419.135    16500.135    16535.135
   220:    16569.135    16599.135    16634.135    16657.825    16657.920
   225:    18157.910    18159.614    20909.624    20910.714    21040.124
   230:    21087.124    21135.124    21181.124    21250.124    21292.124
   235:    21329.124    21366.124    21400.124    21484.124    21518.124
   240:    21568.124    21604.124    21637.124    21672.124    21706.124
   245:    21737.124    21772.124    21805.124    21844.124    21878.124
   250:    21913.124    21950.124    21990.124    22078.124    22116.124
   255:    22152.124    22188.124    22225.124    22263.124    22303.124
   260:    22341.124    22378.124    22415.124    22453.124    22491.124
   265:    22526.124    22561.124    22601.124    22645.124    22681.124
   270:    22761.124    22804.124    22844.124    22880.124    22912.124
   275:    22952.124    22986.124    23020.124    23056.124    23094.124
   280:    23130.124    23220.124    23259.124    23300.124    23377.124
   285:    23416.124    23455.124    23492.124    23531.124    23566.124
   290:    23605.124    23651.124    23693.724    23693.920    23693.901
   295:    23693.094    23993.902    25493.910    25495.613    27445.623
   300:    27446.713    27714.123    27755.123    27849.123    27898.123
   305:    27936.123    27970.123    27999.123    28031.123    28101.123
   310:    28133.123    28164.123    28201.123    28239.123    28273.123
   315:    28306.123    28344.123    28416.123    28454.123    28498.123
   320:    28532.123    28568.123    28604.123    28648.123    28686.123
   325:    28733.123    28771.123    28810.123    28846.123    28921.123
   330:    28958.123    28996.123    29038.123    29073.123    29110.123
   335:    29149.123    29192.123    29274.123    29349.123    29391.123
   340:    29423.723    29423.920    29423.901    29423.093    29723.902
   345:    31223.910    31225.614    33975.624    33976.714    34209.124
   350:    34277.124    34316.124    34358.124    34393.124    34437.124
   355:    34478.124    34508.124    34541.124    34574.124    34609.124
   360:    34640.124    34675.124    34708.124    34812.124    34846.124
   365:    34914.124    34947.124    35019.124    35055.124    35135.124
   370:    35181.124    35214.124    35254.124    35293.124    35364.124
   375:    35405.124    35516.124    35563.124    35609.124    35645.124
   380:    35680.124    35721.124    35758.124    35794.124    35837.124
   385:    35878.124    35916.124    35955.124    35990.124    36031.124
   390:    36066.124    36105.124    36144.124    36188.124    36237.124
   395:    36273.124    36321.124    36358.124    36397.124    36467.124
   400:    36503.124    36541.124    36622.124    36656.124    36691.124
   405:    36764.724    36764.920    36764.901    36764.094    37064.902
   410:    38564.910    38566.612    39966.622    39967.712    40117.122
   415:    40164.122    40202.122    40237.122    40277.122    40311.122
   420:    40341.122    40374.122    40407.122    40447.122    40490.122
   425:    40531.122    40568.122    40601.122    40641.122    40676.122
   430:    40721.122    40755.122    40790.122    40827.122    40863.122
   435:    40901.122    40939.122    40984.122    41020.122    41053.122
   440:    41092.122    41138.122    41183.122    41219.122    41254.122
   445:    41295.122    41333.122    41371.722    41371.920    41371.901
   450:    41371.092    41671.902    43171.910    43173.612    44573.622
   455:    44574.712    44815.122    44887.122    44965.122    45006.122
   460:    45041.122    45075.122    45117.122    45156.122    45191.122
   465:    45224.122    45261.122    45296.122    45333.122    45367.122
   470:    45404.122    45441.122    45481.122    45520.122    45557.122
   475:    45596.122    45633.122    45674.122    45710.122    45749.122
   480:    45789.122    45833.122    45872.122    45918.122    45955.122
   485:    45992.722    45992.920    45992.901    45992.092    46292.902
   490:    47792.910    47794.614    50544.624    50545.714    50839.124
   495:    50881.124    50917.124    50959.124    51028.124    51066.124
   500:    51106.124    51145.124    51179.124    51215.124    51250.124
   505:    51284.124    51349.124    51381.124    51416.124    51452.124
   510:    51524.124    51558.124    51592.124    51629.124    51671.124
   515:    51744.124    51785.124    51828.124    51867.124    51905.124
   520:    51939.124    51975.124    52015.124    52051.124    52087.124
   525:    52124.124    52160.124    52196.124    52232.124    52269.124
   530:    52308.124    52349.124    52394.124    52439.124    52482.124
   535:    52524.124    52562.124    52596.124    52633.124    52702.124
   540:    52740.124    52773.124    52808.124    52846.124    52884.124
   545:    52923.124    52968.124    53037.124    53114.124    53156.124
   550:    53239.124    53321.724    53321.920    53321.901    53321.094
   555:    53621.902    55121.910    55123.615    58973.625    58974.715
   560:    59298.125    59419.125    59460.125    59544.125    59586.125
   565:    59618.125    59651.125    59680.125    59713.125    59787.125
   570:    59821.125    59859.125    59895.125    59936.125    59979.125
   575:    60015.125    60057.125    60139.125    60176.125    60215.125
   580:    60260.125    60298.125    60334.125    60411.125    60459.125
   585:    60498.125    60537.125    60574.125    60613.125    60653.125
   590:    60691.125    60730.125    60817.125    60850.125    60885.125
   595:    60922.125    60960.125    60995.125    61035.125    61075.125
   600:    61121.125    61202.125    61242.125    61334.125    61378.125
   605:    61419.125    61432.125    61471.125    61516.125    61561.125
   610:    61599.125    61643.125    61686.125    61726.125    61769.125
   615:    61813.125    61855.125    61893.125    61933.125    61977.125
   620:    62020.125    62058.125    62096.125    62135.125    62175.125
   625:    62219.125    62260.125    62301.125    62343.125    62385.125
   630:    62428.125    62469.125    62512.125    62552.125    62592.125
   635:    62635.125    62678.125    62721.125    62761.125    62797.125
   640:    62835.725    62835.920    62835.901    62835.095    63135.902
   645:    64635.910    64637.615    68487.625    68488.715    68719.125
   650:    68797.125    68840.125    68883.125    68978.125    69013.125
   655:    69046.125    69079.125    69119.125    69157.125    69191.125
   660:    69223.125    69258.125    69293.125    69332.125    69367.125
   665:    69400.125    69441.125    69478.125    69517.125    69555.125
   670:    69590.125    69625.125    69669.125    69743.125    69785.125
   675:    69830.125    69869.125    69902.125    69979.125    70019.125
   680:    70057.125    70094.125    70135.125    70174.125    70214.125
   685:    70302.125    70341.125    70386.125    70433.125    70475.125
   690:    70514.125    70553.125    70641.125    70678.125    70717.125
   695:    70754.125    70792.125    70834.125    70876.125    70915.125
   700:    70978.125    71015.125    71054.125    71093.125    71135.125
   705:    71173.125    71213.125    71258.125    71341.125    71380.125
   710:    71420.125    71484.125    71522.125    71563.125    71604.125
   715:    71645.125    71688.125    71738.125    71775.125    71812.125
   720:    71856.125    71900.125    71938.125    71978.125    72015.125
   725:    72051.125    72125.125    72208.125    72243.125    72280.125
   730:    72318.125    72354.725    72354.920    72354.901    72354.095
   735:    72654.902    74154.910    74156.612    75556.622    75557.712
   740:    75740.122    75777.122    75809.122    75846.122    75876.122
   745:    75913.122    75950.122    75981.122    76019.122    76054.122
   750:    76086.122    76121.122    76154.122    76186.122    76224.122
   755:    76259.122    76298.122    76334.122    76371.122    76411.122
   760:    76448.122    76521.122    76560.122    76604.122    76640.122
   765:    76675.122    76711.122    76747.122    76784.122    76819.122
   770:    76857.122    76901.122    76938.122    77006.722    77006.920
   775:    77006.901    77006.092    77306.902    78806.910    78808.614
   780:    81558.624    81559.714    82216.124    82257.124    82294.124
   785:    82362.124    82397.124    82433.124    82469.124    82500.124
   790:    82532.124    82572.124    82608.124    82640.124    82686.124
   795:    82719.124    82756.124    82798.124    82837.124    82904.124
   800:    82944.124    82989.124    83022.124    83058.124    83096.124
   805:    83135.124    83176.124    83221.124    83260.124    83300.124
   810:    83338.124    83381.124    83419.124    83460.124    83496.124
   815:    83541.124    83583.124    83620.124    83659.124    83698.124
   820:    83733.124    83773.124    83808.124    83848.124    83889.124
   825:    83927.124    83970.124    84011.124    84056.124    84092.124
   830:    84228.124    84269.124    84308.124    84346.724    84346.920
   835:    84346.901    84346.094    84646.902    86146.910    86148.614
   840:    88898.624    88899.714    89088.124    89129.124    89163.124
   845:    89273.124    89304.124    89346.124    89466.124    89499.124
   850:    89534.124    89572.124    89610.124    89647.124    89681.124
   855:    89716.124    89750.124    89783.124    89815.124    89848.124
   860:    89887.124    89925.124    89961.124    90005.124    90045.124
   865:    90082.124    90116.124    90159.124    90199.124    90270.124
   870:    90308.124    90348.124    90385.124    90418.124    90461.124
   875:    90495.124    90533.124    90572.124    90605.124    90639.124
   880:    90674.124    90707.124    90739.124    90774.124    90811.124
   885:    90852.124    90933.124    90970.124    91051.124    91093.124
   890:    91133.124    91176.124    91217.124    91300.124    91340.124
   895:    91379.124    91419.124    91457.124    91496.124    91531.124
   900:    91568.124    91607.124    91647.124    91685.724    91685.920
   905:    91685.901    91685.094    91985.902    93485.910    93487.615
   910:    97337.625    97338.715    97977.125    98112.125    98155.125
   915:    98195.125    98239.125    98278.125    98310.125    98397.125
   920:    98436.125    98475.125    98511.125    98593.125    98708.125
   925:    98748.125    98784.125    98816.125    98848.125    98879.125
   930:    98919.125    99005.125    99086.125    99121.125    99200.125
   935:    99275.125    99310.125    99349.125    99390.125    99426.125
   940:    99461.125    99496.125    99556.125    99592.125    99627.125
   945:    99668.125    99707.125    99749.125    99788.125    99827.125
   950:    99903.125    99939.125    99979.125   100015.125   100050.125
   955:   100088.125   100126.125   100162.125   100240.125   100283.125
   960:   100324.125   100363.125   100408.125   100417.125   100452.125
   965:   100489.125   100525.125   100561.125   100599.125   100636.125
   970:   100675.125   100711.125   100748.125   100785.125   100824.125
   975:   100901.125   100942.125   100979.125   101018.125   101057.125
   980:   101099.125   101136.125   101175.125   101210.725   101210.920
   985:   101210.901   101210.095   101510.902   103010.910   103012.614
   990:   105762.624   105763.714   105959.124   106002.124   106046.124
   995:   106088.124   106127.124   106167.124   106201.124   106244.124
  1000:   106288.124   106334.124   106407.124   106454.124   106496.124
  1005:   106540.124   106591.124   106632.124   106665.124   106701.124
  1010:   106735.124   106774.124   106861.124   106899.124   106978.124
  1015:   107019.124   107063.124   107108.124   107157.124   107196.124
  1020:   107231.124   107270.124   107316.124   107350.124   107386.124
  1025:   107423.124   107457.124   107551.124   107591.124   107636.124
  1030:   107725.124   107766.124   107807.124   107849.124   107889.124
  1035:   107926.124   107981.124   108017.124   108058.124   108097.124
  1040:   108140.124   108188.124   108229.124   108270.124   108318.124
  1045:   108364.124   108407.124   108448.124   108461.124   108499.124
  1050:   108536.724   108536.920   108536.901   108536.094   108836.902
  1055:   110336.910   110338.613   112288.623   112289.713   112592.123
  1060:   112678.123   112721.123   112754.123   112789.123   112825.123
  1065:   112870.123   112905.123   112951.123   112994.123   113035.123
  1070:   113072.123   113115.123   113152.123   113191.123   113235.123
  1075:   113273.123   113311.123   113350.123   113390.123   113431.123
  1080:   113472.123   113516.123   113556.123   113597.123   113637.123
  1085:   113682.123   113726.123   113767.123   113807.123   113847.123
  1090:   113886.123   113931.123   113975.123   114016.123   114056.123
  1095:   114113.123   114157.123   114197.123   114244.723   114244.920
  1100:   114244.901   114244.093   114544.902   116044.910   116046.612
  1105:   117446.622   117447.812   117663.132   117743.132   117787.132
  1110:   117825.132   117870.132   117910.132   117946.132   117982.132
  1115:   118028.132   118061.132   118097.132   118133.132   118169.132
  1120:   118210.132   118245.132   118278.132   118315.132   118352.132
  1125:   118392.132   118430.132   118472.132   118510.132   118549.132
  1130:   118590.132   118628.132   118667.132   118707.132   118748.132
  1135:   118789.132   118830.132   118870.132   118910.132   118953.132
  1140:   119005.132   119047.132   119088.132   119131.132   119173.132
  1145:   119215.132   119258.132   119304.132   119344.132   119391.132
  1150:   119437.132   119477.132   119526.132   119565.132   119669.132
  1155:   119712.132   119752.132   119798.132   119897.132   119940.132
  1160:   119979.132   120020.132   120062.132   120113.132   120154.132
  1165:   120195.132   120233.132   120276.132   120317.132   120360.132
  1170:   120403.132   120447.132   120486.132   120525.132   120565.132
  1175:   120602.132   120646.132   120685.132   120722.132   120765.132
  1180:   120809.132   120850.132   120890.132   120929.132   120968.132
  1185:   121008.132   121046.132   121047.822   121047.920   122547.910
  1190:   122549.612   123949.622   123950.712   124193.122   124266.122
  1195:   124303.122   124341.122   124377.122   124410.122   124443.122
  1200:   124477.122   124512.122   124547.122   124583.122   124615.122
  1205:   124649.122   124685.122   124719.122   124757.122   124792.122
  1210:   124831.122   124868.122   124905.122   124939.122   124977.122
  1215:   125015.122   125052.122   125093.122   125133.122   125170.122
  1220:   125210.122   125252.122   125293.122   125336.122   125379.722
  1225:   125379.920   125379.901   125379.092   125679.902   127179.910
  1230:   127181.614   129931.624   129932.714   130160.124   130210.124
  1235:   130295.124   130338.124   130383.124   130430.124   130477.124
  1240:   130639.124   130681.124   130718.124   130755.124   130797.124
  1245:   130838.124   130876.124   130913.124   130951.124   131034.124
  1250:   131076.124   131120.124   131158.124   131196.124   131239.124
  1255:   131328.124   131367.124   131479.124   131521.124   131560.124
  1260:   131603.124   131641.124   131683.124   131721.124   131761.124
  1265:   131805.124   131845.124   131884.124   131930.124   131969.124
  1270:   132009.124   132053.124   132098.124   132134.124   132171.124
  1275:   132208.124   132247.124   132285.124   132325.124   132368.124
  1280:   132414.124   132455.124   132496.124   132541.124   132617.124
  1285:   132657.124   132695.724   132695.920   132695.901   132695.094
  1290:   132995.902   134495.910   134497.613   136447.623   136448.713
  1295:   136769.123   136818.123   136872.123   136912.123   136958.123
  1300:   137007.123   137081.123   137120.123   137156.123   137193.123
  1305:   137227.123   137263.123   137299.123   137335.123   137368.123
  1310:   137403.123   137439.123   137474.123   137508.123   137544.123
  1315:   137585.123   137620.123   137659.123   137695.123   137734.123
  1320:   137772.123   137811.123   137850.123   137887.123   137929.123
  1325:   137966.123   138001.123   138036.123   138074.123   138110.123
  1330:   138148.123   138191.123   138232.123   138274.123   138322.123
  1335:   138363.123   138403.723   138403.920   138403.901   138403.093
  1340:   138703.902   140203.910   140205.614   142955.624   142956.714
  1345:   143214.124   143253.124   143335.124   143375.124   143421.124
  1350:   143466.124   143505.124   143552.124   143589.124   143637.124
  1355:   143674.124   143710.124   143750.124   143836.124   143880.124
  1360:   143920.124   143958.124   143992.124   144113.124   144152.124
  1365:   144186.124   144224.124   144269.124   144361.124   144403.124
  1370:   144441.124   144482.124   144528.124   144566.124   144656.124
  1375:   144703.124   144741.124   144787.124   144828.124   144864.124
  1380:   144913.124   144957.124   144995.124   145037.124   145083.124
  1385:   145119.124   145162.124   145207.124   145246.124   145285.124
  1390:   145420.124   145462.124   145501.124   145540.124   145577.124
  1395:   145616.124   145652.124   145691.124   145729.724   145729.920
  1400:   145729.901   145729.094   146029.902   147529.910   147531.615
  1405:   151381.625   151382.715   151785.125   151896.125   152110.125
  1410:   152259.125   152299.125   152339.125   152552.125   152592.125
  1415:   152628.125   152720.125   152761.125   152807.125   152980.125
  1420:   153030.125   153076.125   153163.125   153208.125   153248.125
  1425:   153332.125   153372.125   153413.125   153527.125   153613.125
  1430:   153650.125   153741.125   153778.125   153815.125   153896.125
  1435:   153936.125   153974.125   154128.125   154167.125   154284.125
  1440:   154315.125   154347.125   154381.125   154484.125   154494.125
  1445:   154529.125   154559.125   154593.125   154630.125   154708.125
  1450:   154745.125   154781.125   154894.125   154932.125   154965.125
  1455:   155002.125   155096.125   155134.125   155206.125   155271.725
  1460:   155271.920   155271.901   155271.095   155571.902   157071.910
  1465:   157073.615   160923.625   160924.715   161381.125   161423.125
  1470:   161461.125   161641.125   161718.125   161753.125   161788.125
  1475:   161833.125   161867.125   161908.125   161945.125   161980.125
  1480:   162068.125   162141.125   162189.125   162220.125   162257.125
  1485:   162286.125   162317.125   162351.125   162444.125   162486.125
  1490:   162522.125   162605.125   162640.125   162687.125   162726.125
  1495:   162771.125   162806.125   162846.125   162880.125   162919.125
  1500:   163009.125   163046.125   163081.125   163115.125   163156.125
  1505:   163187.125   163279.125   163318.125   163358.125   163396.125
  1510:   163434.125   163479.125   163515.125   163549.125   163588.125
  1515:   163633.125   163672.125   163713.125   163793.125   163833.125
  1520:   163870.125   163907.125   163948.125   163987.125   164034.125
  1525:   164079.125   164117.125   164163.125   164204.125   164253.125
  1530:   164294.125   164331.125   164378.125   164420.125   164461.125
  1535:   164501.125   164540.125   164576.125   164613.125   164656.125
  1540:   164695.125   164730.125   164776.725   164776.920   164776.901
  1545:   164776.095   165076.902   166576.910   166578.614   169328.624
  1550:   169329.814   169461.134   169563.134   169855.134   169927.134
  1555:   169963.134   170004.134   170050.134   170084.134   170125.134
  1560:   170329.134   170463.134   170545.134   170669.134   170705.134
  1565:   170771.134   170809.134   170841.134   170907.134   170941.134
  1570:   171054.134   171090.134   171195.134   171230.134   171268.134
  1575:   171342.134   171376.134   171411.134   171441.134   171502.134
  1580:   171535.134   171579.134   171617.134   171651.134   171689.134
  1585:   171732.134   171771.134   171807.134   171842.134   171881.134
  1590:   171921.134   171962.134   171999.134   172037.134   172074.134
  1595:   172111.134   172190.134   172228.134   172265.134   172304.134
  1600:   172346.134   172384.134   172421.134   172455.134   172490.134
  1605:   172525.134   172565.134   172598.134   172634.134   172670.134
  1610:   172703.134   172740.134   172776.134   172816.134   172858.134
  1615:   172895.134   172931.134   172971.134   173009.134   173090.134
  1620:   173128.134   173166.134   173203.134   173241.134   173277.134
  1625:   173314.134   173351.134   173388.134   173426.134   173464.134
  1630:   173500.134   173543.134   173584.134   173618.134   173652.134
  1635:   173687.134   173724.134   173793.134   173865.134   173904.134
  1640:   173981.134   174017.134   174055.134   174092.134   174127.134
  1645:   174168.134   174205.134   174240.134   174276.134   174310.134
  1650:   174351.134   174388.134   174425.134   174500.134   174536.134
  1655:   174579.134   174615.134   174689.134   174728.134   174773.134
  1660:   174813.134   174829.824   174829.920   176329.910   176331.612
  1665:   177731.622   177732.712   178048.122   178161.122   178203.122
  1670:   178243.122   178272.122   178333.122   178370.122   178409.122
  1675:   178439.122   178471.122   178501.122   178533.122   178634.122
  1680:   178669.122   178703.122   178738.122   178777.122   178815.122
  1685:   178854.122   178892.122   178927.122   178969.122   179003.122
  1690:   179042.122   179088.122   179124.122   179169.722   179169.920
  1695:   179169.901   179169.092   179469.902   180969.910   180971.611
  1700:   181971.621   181972.711   182045.121   182106.121   182258.121
  1705:   182292.121   182320.121   182349.121   182401.121   182433.121
  1710:   182466.121   182493.121   182526.121   182557.121   182590.121
  1715:   182624.121   182655.121   182688.121   182723.121   182758.121
  1720:   182792.121   182827.121   182861.121   182897.121   182949.121
  1725:   182984.721   182984.920   182984.901   182984.091   183284.902
  1730:   184784.910   184786.613   186736.623   186737.713   187010.123
  1735:   187115.123   187153.123   187201.123   187250.123   187325.123
  1740:   187360.123   187391.123   187434.123   187479.123   187514.123
  1745:   187624.123   187659.123   187699.123   187788.123   187826.123
  1750:   187855.123   187888.123   187958.123   187993.123   188029.123
  1755:   188065.123   188106.123   188139.123   188178.123   188212.123
  1760:   188304.123   188339.123   188376.123   188420.123   188460.123
  1765:   188499.123   188537.123   188581.123   188627.123   188665.123
  1770:   188705.723   188705.920   188705.901   188705.093   189005.902
  1775:   190505.910   190507.614   193257.624   193258.714   193545.124
  1780:   193694.124   193735.124   193841.124   193881.124   193918.124
  1785:   193996.124   194027.124   194063.124   194105.124   194190.124
  1790:   194237.124   194309.124   194345.124   194375.124   194409.124
  1795:   194488.124   194521.124   194556.124   194633.124   194708.124
  1800:   194753.124   194792.124   194837.124   194880.124   194915.124
  1805:   194954.124   194992.124   195068.124   195156.124   195190.124
  1810:   195221.124   195303.124   195340.124   195373.124   195408.124
  1815:   195494.124   195533.124   195568.124   195602.124   195640.124
  1820:   195684.124   195721.124   195758.124   195798.124   195871.124
  1825:   195913.124   195949.124   195982.124   196098.724   196098.920
  1830:   196098.901   196098.094   196398.902   197898.910   197900.613
  1835:   199850.623   199851.713   200139.123   200246.123   200340.123
  1840:   200428.123   200461.123   200493.123   200522.123   200552.123
  1845:   200581.123   200610.123   200646.123   200677.123   200712.123
  1850:   200744.123   200819.123   200854.123   200893.123   200926.123
  1855:   200962.123   201040.123   201117.123   201156.123   201190.123
  1860:   201233.123   201268.123   201315.123   201392.123   201431.123
  1865:   201474.123   201515.123   201552.123   201588.123   201629.123
  1870:   201702.123   201739.123   201779.123   201815.723   201815.920
  1875:   201815.901   201815.093   202115.902   203615.910   203617.615
  1880:   207467.625   207468.715   208062.125   208106.125   208152.125
  1885:   208318.125   208424.125   208542.125   208634.125   208667.125
  1890:   208705.125   208743.125   208874.125   208951.125   208984.125
  1895:   209057.125   209135.125   209222.125   209334.125   209369.125
  1900:   209412.125   209499.125   209542.125   209578.125   209627.125
  1905:   209716.125   209750.125   209785.125   209818.125   209852.125
  1910:   209889.125   209923.125   209956.125   209990.125   210109.125
  1915:   210148.125   210191.125   210232.125   210271.125   210314.125
  1920:   210357.125   210396.125   210435.125   210478.125   210519.125
  1925:   210557.125   210598.125   210640.125   210681.125   210720.125
  1930:   210758.125   210800.125   210838.125   210875.125   210915.125
  1935:   210955.125   210994.125   211032.125   211074.125   211120.125
  1940:   211162.125   211208.125   211251.125   211293.125   211334.725
  1945:   211334.920   211334.901   211334.095   211634.902   213134.910
  1950:   213136.615   216986.625   216987.715   217700.125   217747.125
  1955:   217944.125   217983.125   218065.125   218195.125   218244.125
  1960:   218288.125   218387.125   218423.125   218474.125   218517.125
  1965:   218554.125   218631.125   218672.125   218719.125   218763.125
  1970:   218939.125   218977.125   219015.125   219044.125   219085.125
  1975:   219116.125   219152.125   219191.125   219229.125   219271.125
  1980:   219305.125   219345.125   219432.125   219471.125   219512.125
  1985:   219611.125   219650.125   219688.125   219727.125   219773.125
  1990:   219816.125   219852.125   219892.125   219931.125   219970.125
  1995:   220012.125   220058.125   220101.125   220152.125   220195.125
  2000:   220236.125   220276.125   220314.125   220350.125   220391.125
  2005:   220433.125   220474.125   220513.125   220554.125   220589.125
  2010:   220625.125   220663.125   220702.125   220741.125   220783.125
  2015:   220825.125   220864.725   220864.920   220864.901   220864.095
  2020:   221164.902   222664.910   222666.611   223666.621   223667.711
  2025:   223941.121   223982.121   224095.121   224138.121   224179.121
  2030:   224210.121   224240.121   224275.121   224312.121   224349.121
  2035:   224383.121   224420.121   224456.121   224495.121   224529.121
  2040:   224569.121   224608.121   224647.121   224687.721   224687.920
  2045:   224687.901   224687.091   224987.902   226487.910   226489.612
  2050:   227889.622   227890.712   228121.122   228159.122   228197.122
  2055:   228336.122   228374.122   228410.122   228446.122   228480.122
  2060:   228516.122   228551.122   228588.122   228628.122   228669.122
  2065:   228709.122   228746.122   228789.122   228825.122   228868.122
  2070:   228913.122   228953.122   228996.122   229039.122   229082.122
  2075:   229127.122   229170.122   229217.122   229255.122   229293.722
  2080:   229293.920   229293.901   229293.092   229593.902   231093.910
  2085:   231095.614   233845.624   233846.814   234528.134   234570.134
  2090:   234616.134   234657.134   234789.134   234947.134   234981.134
  2095:   235012.134   235043.134   235080.134   235126.134   235309.134
  2100:   235340.134   235371.134   235407.134   235441.134   235473.134
  2105:   235524.134   235568.134   235603.134   235638.134   235677.134
  2110:   235723.134   235764.134   235851.134   235892.134   235945.134
  2115:   235981.134   236021.134   236066.134   236107.134   236154.134
  2120:   236196.134   236235.134   236324.134   236363.134   236455.134
  2125:   236494.134   236533.134   236571.134   236610.134   236651.134
  2130:   236691.134   236734.134   236775.134   236816.134   236854.134
  2135:   236892.134   236929.134   236967.134   237012.134   237051.134
  2140:   237088.134   237127.134   237172.134   237214.134   237260.134
  2145:   237300.134   237338.134   237379.134   237418.134   237458.134
  2150:   237505.134   237542.134   237578.134   237618.134   237663.134
  2155:   237707.134   237746.134   237796.134   237842.134   237889.134
  2160:   237932.134   237980.134   238020.134   238058.134   238098.134
  2165:   238140.134   238182.134   238222.134   238263.134   238301.134
  2170:   238342.134   238384.134   238428.134   238467.134   238507.134
  2175:   238546.134   238586.134   238629.134   238671.134   238714.134
  2180:   238758.134   238809.134   238858.134   238897.134   238938.134
  2185:   238977.134   239017.134   239063.134   239107.134   239155.134
  2190:   239206.134   239244.134   239284.134   239328.134   239346.824
  2195:   239346.920   240846.910   240848.615   244698.625   244699.815
  2200:   245074.135   245270.135   245309.135   245379.135   245429.135
  2205:   245586.135   245625.135   245658.135   245697.135   245789.135
  2210:   245832.135   245911.135   245951.135   245998.135   246105.135
  2215:   246144.135   246184.135   246217.135   246247.135   246279.135
  2220:   246327.135   246371.135   246406.135   246440.135   246480.135
  2225:   246522.135   246559.135   246639.135   246762.135   246799.135
  2230:   246833.135   246874.135   246918.135   246962.135   247000.135
  2235:   247038.135   247080.135   247119.135   247166.135   247210.135
  2240:   247256.135   247302.135   247343.135   247386.135   247430.135
  2245:   247468.135   247506.135   247543.135   247586.135   247626.135
  2250:   247664.135   247705.135   247751.135   247792.135   247832.135
  2255:   247874.135   247918.135   247962.135   248002.135   248041.135
  2260:   248085.135   248098.135   248138.135   248182.135   248223.135
  2265:   248263.135   248303.135   248371.135   248418.135   248458.135
  2270:   248502.135   248539.135   248578.135   248621.135   248660.135
  2275:   248701.135   248753.135   248791.135   248830.135   248878.135
  2280:   248918.135   248965.135   249005.135   249047.135   249091.135
  2285:   249137.135   249180.135   249221.135   249263.135   249307.135
  2290:   249345.135   249386.135   249430.135   249480.135   249526.135
  2295:   249569.135   249607.135   249649.135   249694.135   249733.135
  2300:   249770.135   249814.135   249862.135   249908.135   249963.135
  2305:   250006.135   250048.135   250146.135   250192.135   250234.135
  2310:   250319.135   250359.135   250408.135   250448.135   250500.135
  2315:   250546.135   250671.135   250759.135   250842.135   250884.135
  2320:   250970.135   251149.135   251196.135   251352.135   251504.135
  2325:   251552.135   251893.135   251940.135   252016.135   252399.825
  2330:   252399.920   253899.910   253901.611   254901.621   254902.711
  2335:   255161.121   255208.121   255253.121   255288.121   255324.121
  2340:   255355.121   255385.121   255413.121   255457.121   255492.121
  2345:   255523.121   255556.121   255590.121   255626.121   255660.121
  2350:   255694.121   255729.121   255765.121   255799.121   255838.121
  2355:   255876.121   255913.721   255913.920   255913.901   255913.091
  2360:   256213.902   257713.910   257715.611   258715.621   258716.711
  2365:   258988.121   259035.121   259075.121   259109.121   259143.121
  2370:   259178.121   259210.121   259242.121   259274.121   259309.121
  2375:   259343.121   259375.121   259408.121   259442.121   259475.121
  2380:   259510.121   259545.121   259585.121   259620.121   259656.121
  2385:   259697.121   259736.721   259736.920   259736.901   259736.091
  2390:   260036.902   261536.910   261538.614   264288.624   264289.814
  2395:   265138.134   265408.134   265452.134   265570.134   265617.134
  2400:   265661.134   265694.134   265725.134   265759.134   265800.134
  2405:   265896.134   265948.134   265988.134   266027.134   266062.134
  2410:   266149.134   266195.134   266234.134   266283.134   266327.134
  2415:   266363.134   266405.134   266440.134   266472.134   266508.134
  2420:   266545.134   266582.134   266618.134   266653.134   266691.134
  2425:   266734.134   266774.134   266817.134   266856.134   266954.134
  2430:   266993.134   267038.134   267079.134   267118.134   267157.134
  2435:   267206.134   267250.134   267295.134   267339.134   267378.134
  2440:   267422.134   267462.134   267509.134   267549.134   267588.134
  2445:   267634.134   267674.134   267711.134   267750.134   267791.134
  2450:   267831.134   267870.134   267913.134   267954.134   267998.134
  2455:   268037.134   268077.134   268122.134   268163.134   268205.134
  2460:   268251.134   268301.134   268339.134   268377.134   268422.134
  2465:   268464.134   268503.134   268547.134   268591.134   268633.134
  2470:   268672.134   268712.134   268755.134   268795.134   268837.134
  2475:   268883.134   268923.134   268961.134   269004.134   269049.134
  2480:   269092.134   269134.134   269179.134   269229.134   269278.134
  2485:   269332.134   269380.134   269495.134   269552.134   269789.824
  2490:   269789.920   271289.910   271291.613   273241.623   273242.813
  2495:   273535.133   273577.133   273918.133   273962.133   273998.133
  2500:   274028.133   274062.133   274097.133   274129.133   274163.133
  2505:   274194.133   274236.133   274270.133   274301.133   274353.133
  2510:   274389.133   274422.133   274462.133   274504.133   274536.133
  2515:   274571.133   274608.133   274658.133   274692.133   274731.133
  2520:   274778.133   274818.133   274854.133   274888.133   274942.133
  2525:   274978.133   275014.133   275051.133   275087.133   275135.133
  2530:   275174.133   275216.133   275254.133   275292.133   275331.133
  2535:   275366.133   275401.133   275438.133   275487.133   275527.133
  2540:   275566.133   275604.133   275642.133   275681.133   275720.133
  2545:   275767.133   275811.133   275865.133   275906.133   275952.133
  2550:   275994.133   276036.133   276076.133   276116.133   276166.133
  2555:   276213.133   276261.133   276305.133   276352.133   276398.133
  2560:   276441.133   276488.133   276533.133   276579.133   276666.133
  2565:   276713.133   276790.133   276827.133   276838.133   276882.133
  2570:   276923.133   276968.133   277010.133   277053.133   277091.133
  2575:   277178.133   277219.133   277257.133   277308.133   277352.133
  2580:   277394.133   277442.823   277442.920   278942.910   278944.612
  2585:   280344.622   280345.712   280438.122   280500.122   280725.122
  2590:   280757.122   280842.122   280879.122   280922.122   280959.122
  2595:   281009.122   281046.122   281179.122   281346.122   281388.122
  2600:   281421.122   281454.122   281486.122   281519.122   281553.122
  2605:   281587.122   281619.122   281655.122   281689.122   281727.122
  2610:   281763.722   281763.920   281763.901   281763.092   282063.902
  2615:   283563.910   283565.614   286315.624   286316.714   286442.124
  2620:   286568.124   286651.124   286813.124   286849.124   286890.124
  2625:   286934.124   287027.124   287070.124   287119.124   287162.124
  2630:   287194.124   287225.124   287257.124   287288.124   287325.124
  2635:   287366.124   287400.124   287434.124   287478.124   287652.124
  2640:   287689.124   287724.124   287764.124   287798.124   287835.124
  2645:   287872.124   287910.124   287945.124   287988.124   288070.124
  2650:   288108.124   288203.124   288247.124   288290.124   288337.124
  2655:   288382.124   288430.124   288470.124   288512.124   288551.124
  2660:   288594.124   288637.124   288681.124   288722.124   288767.124
  2665:   288805.124   288845.124   288891.124   288932.124   288974.124
  2670:   289016.124   289059.124   289100.724   289100.920   289100.901
  2675:   289100.094   289400.902   290900.910   290902.613   292852.623
  2680:   292853.713   293123.123   293249.123   293296.123   293396.123
  2685:   293485.123   293521.123   293560.123   293656.123   293688.123
  2690:   293718.123   293749.123   293783.123   293820.123   293852.123
  2695:   293888.123   293923.123   293957.123   293997.123   294030.123
  2700:   294078.123   294112.123   294146.123   294182.123   294222.123
  2705:   294258.123   294295.123   294332.123   294370.123   294410.123
  2710:   294446.123   294484.123   294529.123   294574.123   294624.123
  2715:   294672.123   294713.123   294755.123   294842.723   294842.920
  2720:   294842.901   294842.093   295142.902   296642.910   296644.614
  2725:   299394.624   299395.714   299774.124   299822.124   299881.124
  2730:   300003.124   300050.124   300181.124   300228.124   300360.124
  2735:   300404.124   300436.124   300467.124   300509.124   300539.124
  2740:   300583.124   300620.124   300656.124   300702.124   300748.124
  2745:   300781.124   300816.124   300854.124   300894.124   301033.124
  2750:   301071.124   301115.124   301149.124   301185.124   301220.124
  2755:   301255.124   301294.124   301331.124   301370.124   301409.124
  2760:   301452.124   301501.124   301549.124   301596.124   301637.124
  2765:   301678.124   301722.124   301759.124   301808.124   301845.124
  2770:   301886.124   301930.124   302012.124   302056.124   302104.124
  2775:   302242.724   302242.920   302242.901   302242.094   302542.902
  2780:   304042.910   304044.615   307894.625   307895.815   309261.135
  2785:   309313.135   309356.135   309401.135   309445.135   309484.135
  2790:   309526.135   309560.135   309596.135   309628.135   309672.135
  2795:   309764.135   309811.135   309986.135   310019.135   310052.135
  2800:   310090.135   310129.135   310164.135   310215.135   310261.135
  2805:   310310.135   310349.135   310383.135   310425.135   310472.135
  2810:   310565.135   310605.135   310649.135   310691.135   310780.135
  2815:   310828.135   310865.135   310904.135   310952.135   310991.135
  2820:   311031.135   311121.135   311163.135   311254.135   311295.135
  2825:   311337.135   311386.135   311426.135   311470.135   311515.135
  2830:   311554.135   311593.135   311641.135   311686.135   311725.135
  2835:   311763.135   311806.135   311857.135   311898.135   311939.135
  2840:   312031.135   312072.135   312114.135   312158.135   312201.135
  2845:   312282.135   312331.135   312374.135   312419.135   312469.135
  2850:   312512.135   312556.135   312596.135   312637.135   312683.135
  2855:   312724.135   312763.135   312806.135   312846.135   312888.135
  2860:   312929.135   312969.135   313017.135   313063.135   313105.135
  2865:   313147.135   313238.135   313280.135   313353.135   313439.135
  2870:   313483.135   313524.135   313575.135   313661.135   313713.135
  2875:   313776.135   313898.135   314931.135   314977.135   315030.135
  2880:   315090.135   315129.135   315173.135   315217.135   315253.135
  2885:   315292.135   315331.135   315375.135   315447.135   315495.135
  2890:   315532.135   315570.135   315595.825   315595.920   315609.411
  2895:   317095.910   317097.615   320947.625   320948.715   321858.125
  2900:   321905.125   321946.125   321984.125   322025.125   322063.125
  2905:   322097.125   322133.125   322170.125   322206.125   322240.125
  2910:   322278.125   322318.125   322356.125   322522.125   322561.125
  2915:   322597.125   322630.125   322663.125   322756.125   322840.125
  2920:   322876.125   322908.125   322947.125   322979.125   323015.125
  2925:   323091.125   323131.125   323183.125   323228.125   323265.125
  2930:   323362.125   323411.125   323448.125   323536.125   323578.125
  2935:   323616.125   323695.125   323790.125   323838.125   323875.125
  2940:   323963.125   324006.125   324046.125   324135.125   324179.125
  2945:   324218.125   324263.125   324306.125   324346.125   324393.125
  2950:   324433.125   324471.125   324521.125   324568.125   324610.125
  2955:   324653.125   324699.125   324740.125   324786.125   324827.725
  2960:   324827.920   324827.901   324827.095   325127.902   326627.910
  2965:   326629.611   327629.621   327630.811   327890.131   327943.131
  2970:   327987.131   328019.131   328054.131   328085.131   328121.131
  2975:   328155.131   328189.131   328221.131   328255.131   328291.131
  2980:   328325.131   328361.131   328397.131   328435.131   328472.131
  2985:   328505.131   328543.131   328583.131   328620.131   328662.131
  2990:   328702.131   328741.131   328780.131   328823.131   328861.131
  2995:   328910.131   328948.131   328986.131   329027.131   329069.131
  3000:   329109.131   329155.131   329197.131   329239.131   329280.131
  3005:   329340.131   329378.131   329425.131   329475.131   329523.131
  3010:   329568.131   329662.131   329702.131   329739.131   329781.131
  3015:   329828.131   329867.131   329906.131   329984.131   330022.131
  3020:   330119.131   330165.131   330210.131   330259.131   330301.131
  3025:   330345.131   330392.131   330437.131   330483.131   330525.131
  3030:   330568.131   330608.131   330647.131   330813.131   330830.821
  3035:   330830.920   332330.910   332332.613   334282.623   334283.813
  3040:   334821.133   334873.133   334918.133   334956.133   334998.133
  3045:   335050.133   335088.133   335203.133   335238.133   335379.133
  3050:   335432.133   335470.133   335503.133   335535.133   335569.133
  3055:   335601.133   335633.133   335668.133   335702.133   335734.133
  3060:   335768.133   335804.133   335837.133   335872.133   335906.133
  3065:   335941.133   335979.133   336017.133   336058.133   336096.133
  3070:   336132.133   336171.133   336210.133   336248.133   336339.133
  3075:   336382.133   336419.133   336474.133   336520.133   336564.133
  3080:   336604.133   336648.133   336692.133   336825.133   336886.133
  3085:   336972.133   337013.133   337072.133   337130.133   337178.133
  3090:   337225.133   337324.133   337367.133   337437.133   337690.133
  3095:   337924.133   337981.133   338054.133   338483.823   338483.920
  3100:   339983.910   339985.612   341385.622   341386.712   342350.122
  3105:   342404.122   342459.122   342508.122   342559.122   342612.122
  3110:   342654.122   342691.122   342727.122   342761.122   342796.722
  3115:   342796.920   342796.901   342796.092   343096.902   344596.910
  3120:   344598.611   345598.621   345599.711   345843.121   345880.121
  3125:   345917.121   345949.121   345984.121   346025.121   346055.121
  3130:   346088.121   346125.121   346156.121   346192.121   346225.121
  3135:   346268.121   346301.121   346339.121   346374.121   346410.121
  3140:   346444.121   346486.121   346522.121   346561.121   346598.121
  3145:   346633.721   346633.920   346633.901   346633.091   346933.902
  3150:   348433.910   348435.611   349435.621   349436.711   349687.121
  3155:   349729.121   349767.121   349803.121   349835.121   349874.121
  3160:   349907.121   349937.121   349973.121   350005.121   350043.121
  3165:   350073.121   350111.121   350147.121   350182.121   350219.121
  3170:   350253.121   350289.121   350324.121   350359.121   350395.121
  3175:   350432.121   350469.721   350469.920   350469.901   350469.091
  3180:   350769.902   352269.910   352271.615   356121.625   356122.715
  3185:   356709.125   356798.125   356849.125   357049.125   357214.125
  3190:   357268.125   357301.125   357344.125   357461.125   357496.125
  3195:   357656.125   357697.125   357741.125   357775.125   357823.125
  3200:   357864.125   357899.125   357933.125   357966.125   358121.125
  3205:   358161.125   358282.125   358421.125   358465.125   358503.125
  3210:   358548.125   358585.125   358618.125   358706.125   358747.125
  3215:   358788.125   358829.125   358903.125   358942.125   358980.125
  3220:   359027.125   359065.125   359112.125   359151.125   359187.125
  3225:   359225.125   359267.125   359305.125   359346.125   359391.125
  3230:   359431.125   359477.125   359520.125   359571.125   359611.125
  3235:   359652.125   359691.125   359730.125   359769.125   359813.125
  3240:   359857.125   359905.125   359946.125   359984.725   359984.920
  3245:   359984.901   359984.095   360284.902   361784.910   361786.612
  3250:   363186.622   363187.712   363429.122   363475.122   363602.122
  3255:   363637.122   363672.122   363714.122   363823.122   363857.122
  3260:   363890.122   363920.122   363950.122   363982.122   364014.122
  3265:   364047.122   364079.122   364112.122   364150.122   364183.122
  3270:   364217.122   364252.122   364287.122   364323.122   364364.122
  3275:   364402.122   364437.122   364474.122   364514.122   364557.122
  3280:   364598.722   364598.920   364598.901   364598.092   364898.902
  3285:   366398.910   366400.612   367800.622   367801.712   368110.122
  3290:   368159.122   368242.122   368280.122   368311.122   368341.122
  3295:   368374.122   368406.122   368440.122   368471.122   368505.122
  3300:   368538.122   368571.122   368606.122   368643.122   368680.122
  3305:   368718.122   368754.122   368788.122   368826.122   368868.122
  3310:   368907.122   368945.122   368984.122   369025.122   369072.122
  3315:   369111.122   369152.122   369190.122   369231.722   369231.920
  3320:   369231.901   369231.092   369531.902   371031.910   371033.611
  3325:   372033.621   372034.811   372254.131   372330.131   372439.131
  3330:   372469.131   372501.131   372534.131   372570.131   372601.131
  3335:   372639.131   372670.131   372706.131   372741.131   372776.131
  3340:   372806.131   372842.131   372881.131   372916.131   372950.131
  3345:   372985.131   373022.131   373058.131   373096.131   373131.131
  3350:   373175.131   373226.131   373266.131   373307.131   373350.131
  3355:   373391.131   373433.131   373482.131   373563.131   373606.131
  3360:   373643.131   373682.131   373724.131   373762.131   373806.131
  3365:   373848.131   373893.131   373981.131   374024.131   374067.131
  3370:   374111.131   374147.131   374238.131   374281.131   374320.131
  3375:   374359.131   374399.131   374443.131   374487.131   374528.131
  3380:   374570.131   374610.131   374649.131   374689.131   374730.131
  3385:   374770.131   374819.131   374861.131   374901.131   374949.131
  3390:   374991.131   375028.131   375073.131   375116.131   375166.131
  3395:   375211.131   375234.821   375234.920   376734.910   376736.612
  3400:   378136.622   378137.812   378398.132   378446.132   378491.132
  3405:   378531.132   378578.132   378617.132   378648.132   378688.132
  3410:   378721.132   378755.132   378797.132   378828.132   378858.132
  3415:   378892.132   378924.132   378961.132   378995.132   379029.132
  3420:   379067.132   379108.132   379148.132   379192.132   379233.132
  3425:   379274.132   379317.132   379357.132   379400.132   379439.132
  3430:   379486.132   379524.132   379566.132   379614.132   379657.132
  3435:   379697.132   379742.132   379821.132   379875.132   379916.132
  3440:   379957.132   380029.132   380068.132   380105.132   380149.132
  3445:   380192.132   380298.132   380344.132   380388.132   380478.132
  3450:   380524.132   380563.132   380660.132   380710.132   380862.132
  3455:   380869.132   381018.132   381134.132   381245.132   381737.822
  3460:   381737.920   383237.910   383239.613   385189.623   385190.813
  3465:   385475.133   385561.133   385606.133   385647.133   385691.133
  3470:   385726.133   385757.133   385788.133   385819.133   385851.133
  3475:   385891.133   385926.133   385959.133   385999.133   386040.133
  3480:   386073.133   386104.133   386134.133   386174.133   386216.133
  3485:   386250.133   386289.133   386303.133   386343.133   386377.133
  3490:   386413.133   386453.133   386488.133   386529.133   386565.133
  3495:   386600.133   386648.133   386741.133   386786.133   386830.133
  3500:   386871.133   386911.133   386955.133   387032.133   387069.133
  3505:   387106.133   387161.133   387208.133   387220.133   387306.133
  3510:   387387.133   387424.133   387459.133   387502.133   387572.133
  3515:   387613.133   387649.133   387691.133   387732.133   387774.133
  3520:   387925.133   387963.133   388006.133   388052.133   388137.133
  3525:   388336.133   388682.133   389005.133   389117.133   389153.133
  3530:   389185.133   389364.133   389390.823   389390.920   389411.411
  3535:   390890.910   390892.615   394742.625   394743.715   395611.125
  3540:   396016.125   396143.125   396228.125   396266.125   396315.125
  3545:   396349.125   396398.125   396433.125   396549.125   396585.125
  3550:   396621.125   396722.125   396813.125   396867.125   396904.125
  3555:   397038.125   397108.125   397139.125   397179.125   397209.125
  3560:   397239.125   397274.125   397305.125   397366.125   397483.125
  3565:   397519.125   397550.125   397586.125   397624.125   397668.125
  3570:   397753.125   397797.125   397835.125   397869.125   397955.125
  3575:   398020.125   398051.125   398092.125   398177.125   398215.125
  3580:   398303.125   398339.125   398377.125   398410.125   398454.125
  3585:   398543.125   398624.725   398624.920   398624.901   398624.095
  3590:   398924.902   400424.910   400426.613   402376.623   402377.713
  3595:   402981.123   403023.123   403169.123   403205.123   403231.123
  3600:   403266.123   403492.123   403535.123   403571.123   403657.123
  3605:   403722.123   403756.123   403789.123   403819.123   403847.123
  3610:   403877.123   403950.123   403990.123   404021.123   404092.123
  3615:   404125.123   404155.123   404188.123   404221.123   404252.123
  3620:   404335.723   404335.920   404335.901   404335.093   404635.902
  3625:   406135.910   406137.611   407137.621   407138.711   407355.121
  3630:   407398.121   407446.121   407568.121   407600.121   407629.121
  3635:   407659.121   407697.121   407740.121   407772.121   407803.121
  3640:   407843.121   407874.121   407906.121   407936.121   407973.121
  3645:   408008.121   408040.121   408078.121   408108.121   408146.721
  3650:   408146.920   408146.901   408146.091   408446.902   409946.910
  3655:   409948.613   411898.623   411899.713   412265.123   412310.123
  3660:   412417.123   412460.123   412538.123   412573.123   412602.123
  3665:   412633.123   412671.123   412703.123   412817.123   412850.123
  3670:   412881.123   412912.123   412945.123   412983.123   413016.123
  3675:   413100.123   413168.123   413204.123   413236.123   413279.123
  3680:   413314.123   413354.123   413396.123   413432.123   413468.123
  3685:   413511.123   413550.123   413591.123   413635.123   413673.123
  3690:   413722.123   413811.123   413852.723   413852.920   413852.901
  3695:   413852.093   414152.902   415652.910   415654.612   417054.622
  3700:   417055.712   417478.122   417638.122   417702.122   417737.122
  3705:   417767.122   417794.122   417828.122   417859.122   417889.122
  3710:   417920.122   417948.122   417980.122   418011.122   418041.122
  3715:   418074.122   418140.122   418173.122   418209.122   418277.122
  3720:   418318.122   418356.122   418403.122   418446.122   418484.722
  3725:   418484.920   418484.901   418484.092   418784.902   420284.910
  3730:   420286.611   421286.621   421287.711   421565.121   421608.121
  3735:   421644.121   421682.121   421780.121   421824.121   421858.121
  3740:   421893.121   421923.121   421957.121   421987.121   422019.121
  3745:   422050.121   422083.121   422118.121   422188.121   422222.121
  3750:   422258.121   422298.721   422298.920   422298.901   422298.091
  3755:   422598.902   424098.910   424100.613   426050.623   426051.713
  3760:   426433.123   426469.123   426569.123   426696.123   426733.123
  3765:   426795.123   426825.123   426853.123   426883.123   426915.123
  3770:   426954.123   426989.123   427026.123   427117.123   427190.123
  3775:   427234.123   427266.123   427293.123   427324.123   427353.123
  3780:   427384.123   427416.123   427450.123   427485.123   427518.123
  3785:   427554.123   427635.123   427672.123   427713.123   427750.123
  3790:   427787.123   427823.123   427865.123   427948.123   427983.123
  3795:   428018.723   428018.920   428018.901   428018.093   428318.902
  3800:   429818.910   429820.612   431220.622   431221.712   431588.122
  3805:   431688.122   431725.122   431752.122   431787.122   431825.122
  3810:   431855.122   431882.122   431946.122   431974.122   432005.122
  3815:   432124.122   432158.122   432190.122   432226.122   432258.122
  3820:   432295.122   432326.122   432361.122   432392.122   432425.122
  3825:   432458.122   432494.122   432526.122   432565.122   432607.122
  3830:   432645.722   432645.920   432645.901   432645.092   432945.902
  3835:   434445.910   434447.614   437197.624   437198.714   437978.124
  3840:   438440.124   438519.124   438723.124   438797.124   438948.124
  3845:   439061.124   439136.124   439376.124   439410.124   439437.124
  3850:   439471.124   439513.124   439645.124   439732.124   439772.124
  3855:   439807.124   439839.124   439878.124   439961.724   439961.920
  3860:   439961.901   439961.094   440261.902   441761.910   441763.614
  3865:   444513.624   444514.814   445042.134   445119.134   445350.134
  3870:   445388.134   445434.134   445474.134   445584.134   445620.134
  3875:   445648.134   445708.134   445749.134   445787.134   445832.134
  3880:   445876.134   445910.134   446022.134   446057.134   446087.134
  3885:   446119.134   446154.134   446194.134   446226.134   446258.134
  3890:   446295.134   446331.134   446371.134   446419.134   446460.134
  3895:   446501.134   446545.134   446590.134   446639.134   446680.134
  3900:   446736.134   446775.134   446816.134   446855.134   446891.134
  3905:   446933.134   446975.134   447016.134   447056.134   447095.134
  3910:   447133.134   447186.134   447227.134   447273.134   447314.134
  3915:   447355.134   447394.134   447434.134   447473.134   447512.134
  3920:   447552.134   447589.134   447631.134   447672.134   447714.134
  3925:   447752.134   447795.134   447842.134   447883.134   447923.134
  3930:   447960.134   448002.134   448049.134   448094.134   448135.134
  3935:   448173.134   448216.134   448264.134   448311.134   448354.134
  3940:   448405.134   448445.134   448485.134   448532.134   448579.134
  3945:   448627.134   448671.134   448711.134   448751.134   448791.134
  3950:   448830.134   448872.134   448909.134   448951.134   448994.134
  3955:   449037.134   449090.134   449130.134   449243.134   449293.134
  3960:   449446.134   449704.134   450014.824   450014.920   451514.910
  3965:   451516.611   452516.621   452517.811   452859.131   452893.131
  3970:   452927.131   452959.131   452997.131   453028.131   453060.131
  3975:   453093.131   453138.131   453178.131   453209.131   453241.131
  3980:   453275.131   453312.131   453347.131   453381.131   453418.131
  3985:   453454.131   453495.131   453533.131   453572.131   453610.131
  3990:   453648.131   453684.131   453722.131   453758.131   453795.131
  3995:   453830.131   453867.131   453906.131   453942.131   453981.131
  4000:   454029.131   454078.131   454121.131   454170.131   454212.131
  4005:   454255.131   454298.131   454340.131   454388.131   454436.131
  4010:   454479.131   454525.131   454566.131   454609.131   454648.131
  4015:   454690.131   454734.131   454849.131   454937.131   455055.131
  4020:   455486.131   455532.131   455640.131   455717.821   455717.920
  4025:   457217.910   457219.613   459169.623   459170.813   459451.133
  4030:   459811.133   459862.133   459900.133   459950.133   460119.133
  4035:   460157.133   460188.133   460220.133   460336.133   460372.133
  4040:   460400.133   460430.133   460463.133   460510.133   460551.133
  4045:   460589.133   460622.133   460659.133   460752.133   460791.133
  4050:   460829.133   460866.133   460918.133   460962.133   461004.133
  4055:   461048.133   461081.133   461127.133   461140.133   461184.133
  4060:   461224.133   461264.133   461358.133   461371.133   461412.133
  4065:   461452.133   461496.133   461547.133   461589.133   461633.133
  4070:   461684.133   461725.133   461764.133   461804.133   461839.133
  4075:   461879.133   461923.133   461970.133   462009.133   462050.133
  4080:   462095.133   462138.133   462181.133   462223.133   462267.133
  4085:   462311.133   462357.133   462410.133   462465.133   462511.133
  4090:   462722.133   462806.133   462922.133   463040.133   463206.133
  4095:   463370.823   463370.920   464870.910   464872.611   465872.621
  4100:   465873.711   466094.121   466169.121   466238.121   466277.121
  4105:   466308.121   466337.121   466367.121   466399.121   466431.121
  4110:   466466.121   466499.121   466534.121   466568.121   466602.121
  4115:   466635.121   466672.121   466707.121   466743.121   466779.121
  4120:   466821.121   466858.121   466897.721   466897.920   466897.901
  4125:   466897.091   467197.902   468697.910   468699.615   472549.625
  4130:   472550.715   473589.125   473678.125   473729.125   473844.125
  4135:   473916.125   473959.125   474010.125   474143.125   474183.125
  4140:   474228.125   474270.125   474304.125   474336.125   474370.125
  4145:   474408.125   474441.125   474478.125   474510.125   474544.125
  4150:   474580.125   474623.125   474669.125   474709.125   474747.125
  4155:   474797.125   474833.125   474882.125   474922.125   474971.125
  4160:   475008.125   475050.125   475143.125   475185.125   475279.125
  4165:   475319.125   475359.125   475399.125   475439.125   475478.125
  4170:   475527.125   475566.125   475603.125   475639.125   475680.125
  4175:   475719.125   475759.125   475801.125   475850.125   475890.125
  4180:   475928.125   475968.125   476010.125   476058.125   476097.125
  4185:   476135.125   476176.125   476212.125   476248.125   476289.125
  4190:   476325.125   476364.125   476403.725   476403.920   476403.901
  4195:   476403.095   476703.902   478203.910   478205.615   482055.625
  4200:   482056.715   484301.125   484393.125   484558.125   484735.125
  4205:   484788.125   484962.125   485066.125   485100.125   485135.125
  4210:   485171.125   485203.125   485290.125   485396.125   485433.125
  4215:   485469.125   485500.125   485530.125   485561.125   485601.125
  4220:   485689.125   485724.125   485764.125   485808.125   485850.125
  4225:   485886.125   485926.725   485926.920   485926.901   485926.095
  4230:   486226.902   487726.910   487728.613   489678.623   489679.813
  4235:   490948.133   490981.133   491018.133   491049.133   491084.133
  4240:   491122.133   491155.133   491183.133   491227.133   491351.133
  4245:   491392.133   491432.133   491474.133   491509.133   491544.133
  4250:   491580.133   491616.133   491688.133   491770.133   491805.133
  4255:   491840.133   491872.133   491905.133   491988.133   492023.133
  4260:   492057.133   492102.133   492136.133   492169.133   492206.133
  4265:   492274.133   492318.133   492404.133   492442.133   492479.133
  4270:   492567.133   492603.133   492640.133   492676.133   492766.133
  4275:   492804.133   492845.133   492920.133   492961.133   493048.133
  4280:   493084.133   493119.133   493157.133   493197.133   493236.133
  4285:   493271.133   493309.133   493354.133   493394.133   493433.133
  4290:   493470.133   493513.133   493584.133   493659.133   493710.133
  4295:   493760.133   493879.823   493879.920   493881.411   495379.910
  4300:   495381.612   496781.622   496782.812   496973.132   497011.132
  4305:   497118.132   497186.132   497224.132   497282.132   497308.132
  4310:   497336.132   497364.132   497428.132   497459.132   497486.132
  4315:   497516.132   497548.132   497578.132   497610.132   497644.132
  4320:   497678.132   497711.132   497745.132   497815.132   497849.132
  4325:   497884.132   497920.132   497956.132   497990.132   498025.132
  4330:   498063.132   498102.132   498134.132   498168.132   498247.132
  4335:   498280.132   498323.132   498369.132   498406.132   498443.132
  4340:   498478.132   498515.132   498551.132   498632.132   498673.132
  4345:   498717.132   498753.132   498800.132   498838.132   498885.132
  4350:   498965.132   499008.132   499175.132   499287.132   500210.132
  4355:   500297.132   500382.822   500382.920   501882.910   501884.611
  4360:   502884.621   502885.811   503202.131   503238.131   503276.131
  4365:   503307.131   503391.131   503423.131   503454.131   503488.131
  4370:   503520.131   503552.131   503585.131   503617.131   503650.131
  4375:   503685.131   503718.131   503752.131   503786.131   503823.131
  4380:   503860.131   503899.131   503936.131   503971.131   504007.131
  4385:   504044.131   504081.131   504124.131   504159.131   504195.131
  4390:   504236.131   504284.131   504323.131   504362.131   504407.131
  4395:   504444.131   504577.131   504623.131   504709.131   504799.131
  4400:   504879.131   504980.131   505239.131   505387.131   506085.821
  4405:   506085.920   507585.910   507587.614   510337.624   510338.814
  4410:   511432.134   511473.134   511519.134   511630.134   511682.134
  4415:   511724.134   511762.134   511797.134   511877.134   511920.134
  4420:   511956.134   511989.134   512052.134   512084.134   512164.134
  4425:   512199.134   512278.134   512318.134   512346.134   512374.134
  4430:   512406.134   512440.134   512520.134   512562.134   512599.134
  4435:   512676.134   512711.134   512747.134   512788.134   512825.134
  4440:   512863.134   512904.134   512941.134   513026.134   513060.134
  4445:   513094.134   513136.134   513175.134   513211.134   513246.134
  4450:   513285.134   513318.134   513351.134   513385.134   513420.134
  4455:   513494.134   513529.134   513567.134   513602.134   513643.134
  4460:   513688.134   513725.134   513760.134   513802.134   513907.134
  4465:   513944.134   513976.134   514010.134   514055.134   514097.134
  4470:   514181.134   514218.134   514253.134   514290.134   514328.134
  4475:   514402.134   514444.134   514485.134   514566.134   514608.134
  4480:   514653.134   514695.134   514742.134   514867.134   514926.134
  4485:   514974.134   515020.134   515106.134   515282.134   515524.134
  4490:   515582.134   515773.134   515838.824   515838.920   517338.910
  4495:   517340.611   518340.621   518341.711   518556.121   518700.121
  4500:   518736.121   518762.121   518791.121   518825.121   518856.121
  4505:   518891.121   518919.121   518951.121   518981.121   519013.121
  4510:   519045.121   519077.121   519108.121   519172.121   519204.121
  4515:   519234.121   519267.121   519298.121   519332.121   519366.721
  4520:   519366.920   519366.901   519366.091   519666.902   521166.910
  4525:   521168.614   523918.624   523919.714   524856.124   525085.124
  4530:   525137.124   525217.124   525294.124   525461.124   525514.124
  4535:   525561.124   525643.124   525738.124   525782.124   525937.124
  4540:   526026.124   526104.124   526188.124   526271.124   526364.124
  4545:   526410.124   526451.124   526925.724   526925.920   526925.901
  4550:   526925.094   527225.902   528725.910   528727.611   529727.621
  4555:   529728.711   529950.121   530156.121   530256.121   530307.121
  4560:   530344.121   530378.121   530406.121   530440.121   530473.121
  4565:   530503.121   530531.121   530561.121   530594.121   530628.121
  4570:   530677.121   530709.121   530742.721   530742.920   530742.901
  4575:   530742.091   531042.902   532542.910   532544.612   533944.622
  4580:   533945.712   534375.122   534434.122   534590.122   534620.122
  4585:   534654.122   534686.122   534721.122   534752.122   534783.122
  4590:   534825.122   534857.122   534895.122   534925.122   534956.122
  4595:   534991.122   534999.122   535032.122   535068.122   535102.122
  4600:   535137.122   535173.122   535224.122   535264.122   535621.722
  4605:   535621.920   535621.901   535621.092   535921.902   537421.910
  4610:   537423.613   539373.623   539374.713   539546.123   539958.123
  4615:   540091.123   540133.123   540169.123   540213.123   540320.123
  4620:   540351.123   540387.123   540524.123   540558.123   540594.123
  4625:   540622.123   540651.123   540692.123   540734.123   540781.123
  4630:   540818.123   540857.123   540889.123   540920.123   540957.123
  4635:   540989.123   541022.123   541058.123   541102.123   541136.123
  4640:   541212.123   541253.123   541283.123   541313.123   541343.723
  4645:   541343.920   541343.901   541343.093   541643.902   543143.910
  4650:   543145.611   544145.621   544146.711   544238.121   544371.121
  4655:   544441.121   544551.121   544586.121   544695.121   544727.121
  4660:   544758.121   544788.121   544820.121   544852.121   544895.121
  4665:   544934.121   544968.121   545005.121   545039.121   545071.121
  4670:   545101.121   545135.121   545169.721   545169.920   545169.901
  4675:   545169.091   545469.902   546969.910   546971.613   548921.623
  4680:   548922.713   549122.123   549275.123   549458.123   549495.123
  4685:   549536.123   549656.123   549683.123   549696.123   549757.123
  4690:   549797.123   549905.123   549946.123   549982.123   550011.123
  4695:   550040.123   550100.123   550132.123   550162.123   550192.123
  4700:   550262.123   550293.123   550331.123   550383.123   550421.123
  4705:   550434.123   550469.123   550512.123   550552.123   550588.123
  4710:   550620.123   550651.123   550720.123   550758.123   550797.123
  4715:   550834.123   550915.723   550915.920   550915.901   550915.093
  4720:   551215.902   552715.910   552717.612   554117.622   554118.712
  4725:   554690.122   554765.122   554947.122   554980.122   555012.122
  4730:   555067.122   555103.122   555166.122   555195.122   555225.122
  4735:   555255.122   555288.122   555324.122   555356.122   555393.122
  4740:   555426.122   555460.122   555493.122   555523.722   555523.920
  4745:   555523.901   555523.092   555823.902   557323.910   557325.611
  4750:   558325.621   558326.711   558883.121   558961.121   558997.121
  4755:   559029.121   559058.121   559093.121   559122.121   559157.121
  4760:   559190.121   559218.121   559303.121   559338.721   559338.920
  4765:   559338.901   559338.091   559638.902   561138.910   561140.613
  4770:   563090.623   563091.713   563541.123   563874.123   563917.123
  4775:   563960.123   564069.123   564171.123   564210.123   564241.123
  4780:   564285.123   564324.123   564362.123   564397.123   564435.123
  4785:   564469.123   564497.123   564526.123   564586.123   564673.123
  4790:   564709.123   564742.123   564784.123   564819.123   564852.123
  4795:   564925.123   564956.123   564986.123   565017.123   565055.723
  4800:   565055.920   565055.901   565055.093   565355.902   566855.910
  4805:   566857.615   570707.625   570708.715   572068.125   572186.125
  4810:   572331.125   572373.125   572413.125   572456.125   572496.125
  4815:   572532.125   572560.125   572593.125   572621.125   572658.125
  4820:   572688.125   572759.125   572871.125   572909.125   572949.125
  4825:   572984.125   573019.125   573058.125   573094.125   573126.125
  4830:   573159.125   573196.125   573226.125   573255.125   573291.125
  4835:   573325.125   573358.125   573393.125   573515.125   573553.125
  4840:   573588.125   573623.125   573658.125   573691.125   573726.125
  4845:   573761.125   573800.125   573844.125   573881.125   573950.125
  4850:   573985.125   574019.125   574054.125   574137.125   574170.125
  4855:   574206.125   574241.125   574283.125   574324.125   574359.125
  4860:   574393.125   574428.125   574461.125   574495.125   574529.125
  4865:   574610.725   574610.920   574610.901   574610.095   574910.902
  4870:   576410.910   576412.613   578362.623   578363.713   578642.123
  4875:   578808.123   578851.123   578951.123   579027.123   579059.123
  4880:   579088.123   579165.123   579195.123   579241.123   579275.123
  4885:   579306.123   579384.123   579420.123   579505.123   579543.123
  4890:   579617.123   579658.123   579698.123   579771.123   579812.123
  4895:   579848.123   579883.123   579961.123   579998.123   580040.123
  4900:   580074.123   580110.123   580149.123   580182.123   580217.123
  4905:   580287.123   580325.723   580325.920   580325.901   580325.093
  4910:   580625.902   582125.910   582127.614   584877.624   584878.714
  4915:   585930.124   586098.124   586253.124   586287.124   586624.124
  4920:   586655.124   586682.124   586718.124   586751.124   586795.124
  4925:   586856.124   586938.124   586971.124   587001.124   587037.124
  4930:   587070.124   587107.124   587169.124   587203.124   587237.124
  4935:   587273.124   587310.124   587347.124   587391.124   587430.124
  4940:   587470.124   587508.124   587542.124   587576.124   587616.124
  4945:   587657.724   587657.920   587657.901   587657.094   587957.902
  4950:   589457.910   589459.613   591409.623   591410.713   592172.123
  4955:   592210.123   592251.123   592378.123   592433.123   592481.123
  4960:   592572.123   592610.123   592644.123   592671.123   592705.123
  4965:   592738.123   592773.123   592839.123   592926.123   592961.123
  4970:   592972.123   593006.123   593039.123   593072.123   593105.123
  4975:   593139.123   593173.123   593202.123   593235.123   593273.123
  4980:   593310.123   593345.123   593383.723   593383.920   593383.901
  4985:   593383.093   593683.902   595183.910   595185.615   599035.625
  4990:   599036.715   599329.125   599503.125   599608.125   599655.125
  4995:   599698.125   599744.125   599848.125   599887.125   599925.125
  5000:   600052.125   600082.125   600111.125   600139.125   600177.125
  5005:   600216.125   600253.125   600336.125   600372.125   600412.125
  5010:   600505.125   600554.125   600630.125   600669.125   600706.125
  5015:   600742.125   600779.125   600817.125   600909.125   600951.125
  5020:   600987.125   601027.125   601075.125   601111.125   601153.125
  5025:   601202.125   601238.125   601274.125   601317.125   601353.125
  5030:   601391.125   601432.125   601469.125   601514.125   601552.125
  5035:   601589.125   601628.125   601667.125   601712.125   601755.125
  5040:   601795.125   601841.125   601919.125   601962.125   602050.125
  5045:   602094.125   602131.125   602166.125   602202.125   602238.125
  5050:   602273.125   602311.125   602350.125   602390.125   602430.125
  5055:   602466.125   602511.125   602554.125   602594.125   602632.125
  5060:   602677.125   602726.125   602768.125   602806.125   602844.125
  5065:   602881.125   602923.725   602923.920   602923.901   602923.095
  5070:   603223.902   604723.910   604725.612   606125.622   606126.812
  5075:   606592.132   606640.132   606682.132   606731.132   606832.132
  5080:   606895.132   607075.132   607116.132   607144.132   607176.132
  5085:   607206.132   607238.132   607286.132   607326.132   607359.132
  5090:   607393.132   607430.132   607464.132   607500.132   607538.132
  5095:   607580.132   607618.132   607653.132   607689.132   607726.132
  5100:   607770.132   607806.132   607845.132   607884.132   607922.132
  5105:   607956.132   607999.132   608041.132   608078.132   608125.132
  5110:   608218.132   608256.132   608346.132   608398.132   608439.132
  5115:   608481.132   608527.132   608619.132   608703.132   608752.132
  5120:   608801.132   608847.132   608895.132   609080.132   609127.132
  5125:   609211.132   609260.132   609305.132   609362.132   609439.132
  5130:   609662.132   609726.822   609726.920   611226.910   611228.612
  5135:   612628.622   612629.812   612911.132   613163.132   613246.132
  5140:   613282.132   613399.132   613426.132   613454.132   613480.132
  5145:   613535.132   613613.132   613642.132   613684.132   613718.132
  5150:   613726.132   613761.132   613790.132   613819.132   613854.132
  5155:   613884.132   613915.132   613950.132   613982.132   614013.132
  5160:   614053.132   614093.132   614124.132   614159.132   614194.132
  5165:   614242.132   614280.132   614314.132   614359.132   614395.132
  5170:   614430.132   614473.132   614569.132   614606.132   614640.132
  5175:   614672.132   614712.132   614749.132   614784.132   614817.132
  5180:   614853.132   614936.132   614975.132   615009.132   615045.132
  5185:   615124.132   615197.132   615309.132   615343.132   615425.132
  5190:   615509.132   615551.132   615700.132   615739.132   615834.132
  5195:   615842.132   616029.132   616203.132   616229.822   616229.920
  5200:   616266.411   617729.910   617731.611   618731.621   618732.811
  5205:   618945.131   618980.131   619008.131   619035.131   619064.131
  5210:   619093.131   619129.131   619156.131   619190.131   619221.131
  5215:   619252.131   619318.131   619352.131   619388.131   619420.131
  5220:   619454.131   619487.131   619525.131   619565.131   619598.131
  5225:   619637.131   619676.131   619712.131   619750.131   619789.131
  5230:   619833.131   619915.131   620131.131   620176.131   620258.131
  5235:   620295.131   620340.131   620390.131   620458.131   620501.131
  5240:   620535.131   620655.131   620700.131   620739.131   620793.131
  5245:   620842.131   620882.131   621028.131   621203.131   621349.131
  5250:   621435.131   621631.131   621865.131   621932.821   621932.920
  5255:   621940.411   623432.910   623434.615   627284.625   627285.815
  5260:   628344.135   628387.135   628585.135   628618.135   628706.135
  5265:   628746.135   628774.135   628821.135   628850.135   628877.135
  5270:   628908.135   628970.135   629003.135   629077.135   629174.135
  5275:   629182.135   629219.135   629249.135   629280.135   629354.135
  5280:   629389.135   629465.135   629516.135   629604.135   629647.135
  5285:   629691.135   629732.135   629816.135   629855.135   629892.135
  5290:   629933.135   629977.135   630019.135   630063.135   630096.135
  5295:   630129.135   630162.135   630214.135   630254.135   630293.135
  5300:   630377.135   630414.135   630448.135   630521.135   630560.135
  5305:   630597.135   630633.135   630673.135   630708.135   630749.135
  5310:   630896.135   630932.135   630967.135   631041.135   631081.135
  5315:   631166.135   631210.135   631285.135   631331.135   631449.135
  5320:   631498.135   631549.135   631644.135   631700.135   631804.135
  5325:   631892.135   632025.135   632088.135   632203.135   632442.135
  5330:   632528.135   632613.135   632669.135   632755.135   632828.135
  5335:   633030.135   633066.135   633110.135   633173.135   633226.135
  5340:   633343.135   633399.135   633522.135   633574.135   633808.135
  5345:   633849.135   634427.135   634517.135   634828.135   634985.825
  5350:   634985.920   636485.910   636487.615   640337.625   640338.815
  5355:   640996.135   641121.135   641173.135   641211.135   641254.135
  5360:   641388.135   641429.135   641594.135   641655.135   641697.135
  5365:   641732.135   641764.135   641892.135   641899.135   641938.135
  5370:   641974.135   642082.135   642114.135   642147.135   642175.135
  5375:   642207.135   642247.135   642295.135   642329.135   642370.135
  5380:   642401.135   642432.135   642470.135   642567.135   642610.135
  5385:   642694.135   642731.135   642812.135   642849.135   642889.135
  5390:   642937.135   642976.135   643015.135   643052.135   643100.135
  5395:   643137.135   643171.135   643207.135   643245.135   643282.135
  5400:   643325.135   643368.135   643405.135   643445.135   643484.135
  5405:   643560.135   643596.135   643634.135   643676.135   643767.135
  5410:   643810.135   643933.135   643977.135   644027.135   644078.135
  5415:   644170.135   644222.135   644361.135   644412.135   644463.135
  5420:   644634.135   644682.135   644836.135   645325.135   645371.135
  5425:   645694.135   645752.135   645999.135   646331.135   646377.135
  5430:   646421.135   646465.135   646515.135   646566.135   646841.135
  5435:   646882.135   647150.135   647194.135   647238.135   647283.135
  5440:   647326.135   647362.135   647772.135   647816.135   647855.135
  5445:   647897.135   647942.135   647981.135   648027.135   648038.825
  5450:   648038.920   649538.910   649540.611   650540.621   650541.711
  5455:   650775.121   650878.121   650913.121   650940.121   650968.121
  5460:   651029.121   651062.121   651086.121   651158.121   651184.121
  5465:   651210.121   651249.121   651275.121   651306.121   651341.121
  5470:   651371.121   651397.121   651429.121   651463.121   651495.121
  5475:   651526.121   651560.721   651560.920   651560.901   651560.091
  5480:   651860.902   653360.910   653362.613   655312.623   655313.713
  5485:   655716.123   655968.123   655974.123   656015.123   656058.123
  5490:   656153.123   656195.123   656294.123   656339.123   656374.123
  5495:   656429.123   656461.123   656489.123   656520.123   656552.123
  5500:   656580.123   656613.123   656644.123   656677.123   656709.123
  5505:   656741.123   656769.123   656801.123   656835.123   656886.123
  5510:   656935.123   656973.123   657021.123   657106.123   657176.123
  5515:   657236.123   657378.723   657378.920   657378.901   657378.093
  5520:   657678.902   659178.910   659180.611   660180.621   660181.711
  5525:   660343.121   660391.121   660484.121   660586.121   660618.121
  5530:   660645.121   660673.121   660702.121   660732.121   660770.121
  5535:   660797.121   660828.121   660859.121   660891.121   660954.121
  5540:   660989.121   661020.121   661052.121   661091.121   661128.121
  5545:   661164.121   661201.721   661201.920   661201.901   661201.091
  5550:   661501.902   663001.910   663003.614   665753.624   665754.714
  5555:   666882.124   667034.124   667118.124   667286.124   667324.124
  5560:   667359.124   667393.124   667431.124   667591.124   667653.124
  5565:   667681.124   667724.124   667879.124   667916.124   668027.124
  5570:   668137.124   668174.124   668261.124   668297.124   668327.124
  5575:   668354.124   668382.124   668393.124   668432.124   668545.724
  5580:   668545.920   668545.901   668545.094   668845.902   670345.910
  5585:   670347.615   674197.625   674198.715   674567.125   674765.125
  5590:   675164.125   675368.125   675400.125   675433.125   675466.125
  5595:   675534.125   675613.125   675645.125   675693.125   675883.125
  5600:   675917.125   675945.125   675975.125   676008.125   676034.125
  5605:   676068.125   676081.125   676116.125   676146.125   676185.125
  5610:   676225.125   676262.125   676300.125   676427.125   676461.125
  5615:   676475.125   676515.125   676549.125   676588.125   676638.125
  5620:   676679.125   676713.125   676747.125   676794.125   676828.125
  5625:   676864.125   676901.125   676936.125   677028.125   677079.125
  5630:   677115.125   677157.125   677205.125   677288.125   677325.125
  5635:   677367.125   677413.125   677453.125   677491.125   677530.125
  5640:   677570.125   677613.125   677652.125   677692.125   677740.125
  5645:   677776.125   677816.125   677858.125   677894.125   677933.125
  5650:   677967.125   678005.125   678039.125   678118.725   678118.920
  5655:   678118.901   678118.095   678418.902   678418.902   678418.005
  5660:   678418.006   678418.007   678418.020        
D:
     0:        0.000        0.000        0.000        0.000        0.000
     5:        0.000        0.000        0.000        0.000        0.000
    10:        0.000        0.000        0.000        0.000        0.000
    15:        0.000        0.000        0.000        0.000        0.000
    20:        0.000        0.000        0.000        0.000        0.000
    25:        0.000        5.000        0.000        0.000        0.000
    30:        0.000        0.000        0.000        0.000        0.000
    35:        0.000
F:
     0:       10.000       14.000       19.500       27.500       38.500
     5:       10.000       14.000       19.500       27.500       38.500
    10:       10.000       14.000       19.500       27.500       38.500
    15:       20.000       28.000       39.000       55.000       77.000
    20:       20.000       28.000       39.000       55.000       77.000
    25:       20.000       28.000       39.000       55.000       77.000
    30:       10.000       14.000       19.500       27.500       38.500
    35:       10.000       14.000       19.500       27.500       38.500
    40:       10.000       14.000       19.500       27.500       38.500
    45:       10.000       14.000       19.500       27.500       38.500
    50:       10.000       14.000       19.500       27.500       38.500
    55:       10.000       14.000       19.500       27.500       38.500
    60:       10.000       14.000       19.500       27.500       38.500
    65:       10.000       14.000       19.500       27.500       38.500
    70:       10.000       14.000       19.500       27.500       38.500
    75:       20.000       28.000       39.000       55.000       77.000
    80:       20.000       28.000       39.000       55.000       77.000
    85:       10.000       14.000       19.500       27.500       38.500
    90:       10.000       14.000       19.500       27.500       38.500
    95:       10.000       14.000       19.500       27.500       38.500
I:
     0:       75.000        0.000        0.000
M:
     0:       15.000       15.000       15.000       15.000       15.000
     5:        5.000        5.000        5.000        5.000        5.000
    10:      100.000
N:
     0:       20.000       20.000       20.000       20.000       20.000
     5:        0.000
Q:
     0:       15.000       15.000       15.000       15.000       15.000
     5:        0.000
V:
     0:        0.000        0.000        0.000        0.000        0.000
     5:      310.000      410.000      521.000      709.000      947.000
    10:      280.000      307.000      338.000      487.000      593.000
    15:        0.000
