File: C:\MED-PC IV\DATA\M_PEAK3P875


Start Date: 08/08/17
End Date: 08/08/17
Subject: P875
Experiment: IF-PICO
Group: 0
Box: 8
Start Time: 10:24:48
End Time: 12:17:12
MSN: Multiple_Peak
B:       0.000
C:       0.000
E:    4621.000
G:      39.000
H:    3900.000
J:       0.000
K:       0.000
L:       0.000
O:       0.000
P:       0.000
R:       0.000
S:       0.000
T:  672949.000
U:       0.000
W:       0.000
X:       0.000
Y:       0.000
Z:       0.000
A:
     0:        0.010      500.910      502.615     4352.625     4353.715
     5:     4977.125     5774.125     5808.125     5846.125     5880.125
    10:     5918.125     6275.125     6342.125     6381.125     6573.125
    15:     6615.125     6914.125     6994.125     7036.125     7071.125
    20:     7106.125     7180.125     7222.125     7463.125     7832.125
    25:     7842.125     7903.125     8426.725     8426.920     8426.901
    30:     8426.095     8726.902    10226.910    10228.612    11628.622
    35:    11629.812    11774.132    11815.132    11853.132    11886.132
    40:    11929.132    11964.132    11999.132    12040.132    12073.132
    45:    12104.132    12137.132    12167.132    12203.132    12235.132
    50:    12269.132    12299.132    12334.132    12364.132    12397.132
    55:    12427.132    12466.132    12501.132    12534.132    12611.132
    60:    12642.132    12681.132    12779.132    12811.132    12845.132
    65:    12873.132    12906.132    12939.132    13041.132    13078.132
    70:    13356.132    13390.132    13423.132    13555.132    13769.132
    75:    13809.132    13841.132    13884.132    13921.132    14107.132
    80:    14145.132    14182.132    14219.132    14429.822    14429.920
    85:    15929.910    15931.614    18681.624    18682.814    19535.134
    90:    19574.134    19762.134    19798.134    19835.134    19869.134
    95:    19906.134    19945.134    19979.134    20044.134    20080.134
   100:    20119.134    20155.134    20198.134    20233.134    20593.134
   105:    20631.134    20915.134    21042.134    21289.134    21319.134
   110:    21352.134    21545.134    21795.134    21828.134    21864.134
   115:    21900.134    21937.134    21972.134    22220.134    22410.134
   120:    22479.134    22659.134    22947.134    22984.134    23113.134
   125:    23234.134    23757.134    23833.134    23870.134    23936.134
   130:    23971.134    24088.134    24182.824    24182.920    25682.910
   135:    25684.615    29534.625    29535.815    29992.135    30385.135
   140:    30421.135    30457.135    30490.135    30529.135    30564.135
   145:    30887.135    30927.135    30963.135    31000.135    31239.135
   150:    31272.135    31313.135    31734.135    31769.135    33462.135
   155:    33810.135    33877.135    34987.135    35582.135    35619.135
   160:    35651.135    35684.135    36527.135    36857.135    37235.825
   165:    37235.920    38735.910    38737.611    39737.621    39738.711
   170:    39997.121    40033.121    40106.121    40144.121    40177.121
   175:    40212.121    40244.121    40280.121    40344.121    40374.121
   180:    40408.121    40437.121    40502.121    40539.121    40567.121
   185:    40602.121    40632.121    40665.121    40697.121    40733.121
   190:    40765.721    40765.920    40765.901    40765.091    41065.902
   195:    42565.910    42567.615    46417.625    46418.715    47104.125
   200:    47142.125    47184.125    47340.125    47375.125    47413.125
   205:    47444.125    47484.125    47517.125    47550.125    47580.125
   210:    47619.125    47651.125    47689.125    47720.125    47825.125
   215:    47905.125    48256.125    49152.125    49180.125    49429.125
   220:    49465.125    49498.125    49689.125    49725.125    49759.125
   225:    49794.125    49823.125    49855.125    49885.125    49922.125
   230:    49957.125    49994.125    50292.725    50292.920    50292.901
   235:    50292.095    50592.902    52092.910    52094.613    54044.623
   240:    54045.713    54269.123    54304.123    54343.123    54379.123
   245:    54409.123    54443.123    54480.123    54509.123    54541.123
   250:    54571.123    54604.123    54632.123    54665.123    54693.123
   255:    54725.123    54756.123    54788.123    54817.123    54851.123
   260:    54881.123    54916.123    54943.123    54978.123    55011.123
   265:    55045.123    55073.123    55108.123    55125.123    55157.123
   270:    55192.123    55226.123    55256.123    55291.123    55322.123
   275:    55355.123    55403.123    55437.123    55472.123    55503.123
   280:    55539.123    55558.123    55595.123    55636.123    55677.123
   285:    55714.123    55750.123    55782.123    55822.123    55908.123
   290:    55927.123    56003.723    56003.920    56003.901    56003.093
   295:    56303.902    57803.910    57805.615    61655.625    61656.815
   300:    63767.135    63808.135    63844.135    63879.135    63913.135
   305:    63949.135    63982.135    64023.135    64060.135    64097.135
   310:    64130.135    64169.135    64206.135    64243.135    64550.135
   315:    64588.135    64626.135    65353.135    65391.135    65431.135
   320:    65768.135    65809.135    66258.135    66305.135    66598.135
   325:    66977.135    67280.135    67316.135    67354.135    67694.135
   330:    67730.135    67772.135    67811.135    67846.135    67880.135
   335:    67916.135    68162.135    68764.135    69077.135    69112.135
   340:    69141.135    69185.135    69300.135    69348.135    69356.825
   345:    69356.920    70856.910    70858.614    73608.624    73609.714
   350:    74452.124    74493.124    74814.124    74857.124    75081.124
   355:    75121.124    75963.124    76007.124    76041.124    76079.124
   360:    76120.124    76158.124    80843.724    80843.920    80843.901
   365:    80843.094    81143.902    82643.910    82645.611    83645.621
   370:    83646.711    83953.121    83987.121    84032.121    84070.121
   375:    84109.121    84151.121    84191.121    84232.121    84263.121
   380:    84301.121    84330.121    84366.121    84402.121    84433.121
   385:    84473.121    84501.121    84539.121    84575.121    84615.121
   390:    84655.721    84655.920    84655.901    84655.091    84955.902
   395:    86455.910    86457.613    88407.623    88408.713    88749.123
   400:    88790.123    88832.123    88870.123    88911.123    88942.123
   405:    88984.123    89021.123    89062.123    89096.123    89134.123
   410:    89169.123    89206.123    89235.123    89275.123    89305.123
   415:    89343.123    89379.123    89410.123    89450.123    89485.123
   420:    89521.123    89557.123    89598.123    89631.123    89671.123
   425:    89707.123    89750.123    89793.123    89834.123    89872.123
   430:    89892.123    90074.123    90291.123    90330.123    90677.723
   435:    90677.920    90677.901    90677.093    90977.902    92477.910
   440:    92479.615    96329.625    96330.815    97524.135    97552.135
   445:    97611.135    97892.135    97927.135    97967.135    98002.135
   450:    98040.135    98080.135    98953.135    98987.135    99025.135
   455:    99604.135    99644.135   102325.135   102405.135   102442.135
   460:   102481.135   102526.135   103923.135   103963.135   104003.135
   465:   104030.825   104030.920   105530.910   105532.614   108282.624
   470:   108283.714   109081.124   109122.124   109162.124   109196.124
   475:   109237.124   109274.124   109313.124   109352.124   109390.124
   480:   109423.124   109460.124   109493.124   109533.124   109572.124
   485:   109605.124   109645.124   109678.124   109714.124   109744.124
   490:   109783.124   109813.124   109853.124   109892.124   109931.124
   495:   110526.124   110566.124   110606.124   110667.124   110709.124
   500:   110748.124   111275.724   111275.920   111275.901   111275.094
   505:   111575.902   113075.910   113077.614   115827.624   115828.714
   510:   116012.124   116215.124   116256.124   116297.124   116336.124
   515:   116373.124   116408.124   116451.124   116485.124   116523.124
   520:   116562.124   116601.124   116638.124   116674.124   116712.124
   525:   116743.124   116780.124   116832.124   116878.124   116917.124
   530:   116950.124   116987.124   117018.124   117057.124   117085.124
   535:   117124.124   117154.124   117194.124   117221.124   117262.124
   540:   117301.124   117344.124   117389.124   117428.124   117466.124
   545:   117635.124   118022.124   118095.124   118136.124   118172.124
   550:   118212.124   118334.124   118642.724   118642.920   118642.901
   555:   118642.094   118942.902   120442.910   120444.615   124294.625
   560:   124295.715   126058.125   126093.125   126594.125   126632.125
   565:   126710.125   126752.125   127021.125   127102.125   127141.125
   570:   127459.125   127531.125   127813.125   128234.725   128234.920
   575:   128234.901   128234.095   128534.902   130034.910   130036.612
   580:   131436.622   131437.812   132058.132   132100.132   132142.132
   585:   132184.132   132225.132   132257.132   132299.132   132330.132
   590:   132377.132   132408.132   132450.132   132483.132   132523.132
   595:   132556.132   132599.132   132632.132   132673.132   132714.132
   600:   132753.132   132790.132   132833.132   132868.132   132907.132
   605:   132942.132   132982.132   133040.132   133196.132   133230.132
   610:   133268.132   133300.132   133343.132   133383.132   133426.132
   615:   133553.132   133589.132   133623.132   133660.132   133685.132
   620:   133726.132   133933.132   134009.132   134041.132   134237.822
   625:   134237.920   134245.411   134258.411   135737.910   135739.614
   630:   138489.624   138490.814   140435.134   140474.134   140517.134
   635:   140555.134   140596.134   140638.134   140677.134   140719.134
   640:   140751.134   140792.134   140829.134   140865.134   140901.134
   645:   140939.134   140973.134   141181.134   141221.134   141492.134
   650:   141532.134   141878.134   141915.134   141948.134   141985.134
   655:   142318.134   142355.134   142393.134   143722.134   143760.134
   660:   143796.134   143832.134   143866.134   143902.134   143938.134
   665:   143975.134   143990.824   143990.920   145490.910   145492.615
   670:   149342.625   149343.815   152362.135   152401.135   152433.135
   675:   152471.135   152507.135   152546.135   152585.135   152635.135
   680:   152947.135   152987.135   153228.135   153316.135   153357.135
   685:   153745.135   153784.135   154162.135   154206.135   154616.135
   690:   154660.135   154704.135   154741.135   154777.135   154814.135
   695:   155087.135   155128.135   155162.135   155430.135   155524.135
   700:   157043.825   157043.920   158543.910   158545.614   161295.624
   705:   161296.714   164741.724   164741.920   164741.901   164741.094
   710:   165041.902   166541.910   166543.612   167943.622   167944.712
   715:   168766.122   168808.122   168846.122   168889.122   168932.122
   720:   168973.122   169010.122   169052.122   169083.122   169120.122
   725:   169156.122   169187.122   169225.122   169292.122   169333.122
   730:   169374.722   169374.920   169374.901   169374.092   169674.902
   735:   171174.910   171176.612   172576.622   172577.712   173086.122
   740:   173167.122   173249.122   173295.122   173335.122   173373.122
   745:   173405.122   173445.122   173479.122   173510.122   173548.122
   750:   173577.122   173616.122   173653.122   173689.122   173720.122
   755:   173758.122   173775.122   173811.122   173844.122   173882.122
   760:   173920.122   173958.122   173993.722   173993.920   173993.901
   765:   173993.092   174293.902   175793.910   175795.612   177195.622
   770:   177196.712   178415.122   178482.122   178570.122   178604.722
   775:   178604.920   178604.901   178604.092   178904.902   180404.910
   780:   180406.614   183156.624   183157.714   183536.124   183895.124
   785:   183934.124   183975.124   184017.124   184146.124   184184.124
   790:   184222.124   184265.124   184420.124   184697.124   184737.124
   795:   184775.124   185068.124   185103.124   185135.124   185174.124
   800:   185211.124   185492.124   185530.124   185569.124   185613.124
   805:   185850.124   185885.124   185915.724   185915.920   185915.901
   810:   185915.094   186215.902   187715.910   187717.615   191567.625
   815:   191568.715   192974.125   193298.125   193338.125   193685.125
   820:   193799.125   193834.125   193862.125   193900.125   193934.125
   825:   193965.125   194001.125   194031.125   194067.125   194097.125
   830:   194137.125   194175.125   194212.125   194252.125   194294.125
   835:   194312.125   194348.125   194387.125   194468.125   194508.125
   840:   194982.125   195014.125   195095.125   195133.125   195188.125
   845:   195217.125   195255.125   195293.125   195484.725   195484.920
   850:   195484.901   195484.095   195784.902   197284.910   197286.613
   855:   199236.623   199237.713   199410.123   199625.123   199667.123
   860:   199709.123   199902.123   199937.123   199969.123   200006.123
   865:   200040.123   200077.123   200115.123   200151.123   200190.123
   870:   200223.123   200259.123   200291.123   200328.123   200362.123
   875:   200398.123   200414.123   200450.123   200486.123   200527.123
   880:   200563.123   200595.123   200631.123   200662.123   200706.123
   885:   200825.123   200864.123   200897.123   200944.123   200982.123
   890:   201033.123   201209.723   201209.920   201209.901   201209.093
   895:   201509.902   203009.910   203011.611   204011.621   204012.711
   900:   204282.121   204318.121   204361.121   204397.121   204439.121
   905:   204479.121   204513.121   204558.121   204590.121   204627.121
   910:   204665.121   204698.121   204735.121   204764.121   204803.121
   915:   204834.121   204872.121   204904.121   204942.121   204982.121
   920:   205021.721   205021.920   205021.901   205021.091   205321.902
   925:   206821.910   206823.611   207823.621   207824.811   208237.131
   930:   208271.131   208338.131   208377.131   208416.131   208456.131
   935:   208496.131   208528.131   208564.131   208595.131   208633.131
   940:   208665.131   208702.131   208731.131   208770.131   208808.131
   945:   208845.131   208884.131   208929.131   208967.131   209004.131
   950:   209035.131   209076.131   209115.131   209157.131   209195.131
   955:   209228.131   209266.131   209295.131   209337.131   209364.131
   960:   209385.131   209418.131   209432.131   209469.131   209512.131
   965:   209598.131   209628.131   209667.131   209704.131   209736.131
   970:   209775.131   209813.131   209824.821   209824.920   211324.910
   975:   211326.612   212726.622   212727.712   213050.122   213135.122
   980:   213180.122   213216.122   213254.122   213285.122   213322.122
   985:   213354.122   213394.122   213423.122   213461.122   213493.122
   990:   213530.122   213562.122   213600.122   213630.122   213668.122
   995:   213687.122   213725.122   213761.122   213797.122   213836.122
  1000:   213870.122   213909.122   213940.122   213982.122   214039.122
  1005:   214074.122   214105.122   214141.722   214141.920   214141.901
  1010:   214141.092   214441.902   215941.910   215943.613   217893.623
  1015:   217894.713   218114.123   218155.123   218196.123   218239.123
  1020:   218283.123   218325.123   218368.123   218403.123   218440.123
  1025:   218473.123   218510.123   218545.123   218582.123   218615.123
  1030:   218658.123   218692.123   218718.123   218753.123   218800.123
  1035:   218835.123   218871.123   218902.123   218941.123   218993.123
  1040:   219027.123   219054.123   219090.123   219127.123   219168.123
  1045:   219202.123   219235.123   219274.123   219302.123   219340.123
  1050:   219391.123   219428.123   219460.123   219499.123   219535.123
  1055:   219582.123   219621.123   219671.123   219711.123   219753.123
  1060:   219794.123   219901.723   219901.920   219901.901   219901.093
  1065:   220201.902   221701.910   221703.615   225553.625   225554.715
  1070:   226412.125   226750.125   226792.125   226837.125   226876.125
  1075:   227074.125   227157.125   227196.125   227382.125   227420.125
  1080:   227461.125   227737.125   228005.125   228041.125   228229.125
  1085:   228265.125   228515.125   228554.125   228589.125   228623.125
  1090:   228637.125   228670.125   228701.125   228735.125   228769.125
  1095:   228802.125   228832.125   228869.125   228902.125   228939.125
  1100:   228967.125   229006.125   229038.125   229075.125   229108.125
  1105:   229144.125   229196.125   229236.125   229433.725   229433.920
  1110:   229433.901   229433.095   229733.902   231233.910   231235.612
  1115:   232635.622   232636.712   233075.122   233112.122   233149.122
  1120:   233184.122   233224.122   233256.122   233295.122   233327.122
  1125:   233363.122   233393.122   233434.122   233468.122   233507.122
  1130:   233543.122   233580.122   233617.122   233654.122   233692.122
  1135:   233734.122   233765.122   233806.122   233836.122   233875.122
  1140:   233924.122   233957.122   233997.122   234028.122   234067.722
  1145:   234067.920   234067.901   234067.092   234367.902   235867.910
  1150:   235869.612   237269.622   237270.812   237438.132   237481.132
  1155:   237520.132   237560.132   237597.132   237639.132   237672.132
  1160:   237710.132   237748.132   237790.132   237824.132   237861.132
  1165:   237893.132   237931.132   237962.132   238000.132   238029.132
  1170:   238067.132   238098.132   238138.132   238153.132   238186.132
  1175:   238220.132   238259.132   238292.132   238331.132   238365.132
  1180:   238406.132   238438.132   238476.132   238508.132   238547.132
  1185:   238578.132   238618.132   238647.132   238685.132   238720.132
  1190:   238759.132   238812.132   238846.132   238883.132   238912.132
  1195:   238953.132   238990.132   239026.132   239068.132   239102.132
  1200:   239141.132   239192.132   239226.132   239264.132   239305.132
  1205:   239340.132   239380.132   239414.132   239530.132   239565.132
  1210:   239599.132   239630.132   239668.132   239697.132   239732.132
  1215:   239765.132   239804.132   239832.132   239869.132   239902.132
  1220:   239940.132   239973.132   240007.132   240046.132   240066.132
  1225:   240070.822   240070.920   241570.910   241572.612   242972.622
  1230:   242973.712   243130.122   243303.122   243353.122   243389.122
  1235:   243430.122   243467.122   243505.122   243542.122   243573.122
  1240:   243610.122   243639.122   243680.122   243717.122   243762.122
  1245:   243802.122   243834.122   243875.122   243911.122   243944.122
  1250:   243984.122   244015.122   244053.122   244084.122   244123.122
  1255:   244160.122   244173.122   244212.122   244251.122   244301.122
  1260:   244337.122   244380.722   244380.920   244380.901   244380.092
  1265:   244680.902   246180.910   246182.615   250032.625   250033.815
  1270:   250645.135   250682.135   250714.135   250755.135   250790.135
  1275:   250830.135   250860.135   250901.135   250938.135   250973.135
  1280:   251005.135   251043.135   251075.135   251111.135   251145.135
  1285:   251180.135   251209.135   251249.135   251302.135   251361.135
  1290:   251399.135   251433.135   251475.135   251511.135   251553.135
  1295:   251657.135   251688.135   251721.135   251769.135   251801.135
  1300:   251931.135   251966.135   252002.135   252034.135   252070.135
  1305:   252115.135   252281.135   252317.135   252355.135   252386.135
  1310:   252497.135   252528.135   252612.135   252639.135   252821.135
  1315:   252857.135   252894.135   252927.135   252968.135   253129.135
  1320:   253171.135   253208.135   253401.135   253437.135   253477.135
  1325:   253773.135   253811.135   253840.135   253874.135   253906.135
  1330:   253939.135   253989.135   254023.135   254061.135   254111.135
  1335:   254150.135   254192.135   254226.135   254261.135   254454.135
  1340:   254489.135   254525.135   254554.135   254591.135   254638.135
  1345:   254674.135   254756.135   254790.135   255038.135   255074.135
  1350:   255109.135   255136.135   255169.135   255199.135   255235.135
  1355:   255265.135   255303.135   255338.135   255496.135   255726.135
  1360:   255796.135   256001.135   256285.135   256318.135   256354.135
  1365:   256384.135   256420.135   256739.135   256814.135   257157.135
  1370:   257725.135   257733.825   257733.920   259233.910   259235.613
  1375:   261185.623   261186.713   261412.123   261454.123   262026.123
  1380:   262058.123   262092.123   262123.123   262160.123   262196.123
  1385:   262228.123   262266.123   262300.123   262336.123   262365.123
  1390:   262409.123   262446.123   262483.123   262522.123   262566.123
  1395:   262608.123   262650.123   262681.123   262720.123   262805.123
  1400:   262841.123   262873.123   262918.123   262949.123   263059.123
  1405:   263091.123   263146.723   263146.920   263146.901   263146.093
  1410:   263446.902   264946.910   264948.614   267698.624   267699.714
  1415:   268921.124   268996.124   269034.124   269072.124   269111.124
  1420:   269151.124   269184.124   269222.124   269258.124   269301.124
  1425:   269334.124   269372.124   269404.124   269443.124   269476.124
  1430:   269513.124   269545.124   269584.124   269615.124   269656.124
  1435:   269688.124   269731.124   269769.124   269811.124   269857.124
  1440:   269892.124   269927.124   269957.124   269999.124   270038.124
  1445:   270077.124   270118.124   270235.124   270273.124   270307.124
  1450:   270341.124   270368.124   270404.124   270433.124   270482.724
  1455:   270482.920   270482.901   270482.094   270782.902   272282.910
  1460:   272284.611   273284.621   273285.711   273675.121   273717.121
  1465:   273754.121   273797.121   273841.121   273882.121   273923.121
  1470:   273955.121   273994.121   274023.121   274066.121   274097.121
  1475:   274134.121   274165.121   274202.121   274236.121   274264.121
  1480:   274303.721   274303.920   274303.901   274303.091   274603.902
  1485:   276103.910   276105.611   277105.621   277106.711   277601.121
  1490:   277636.121   277677.121   277714.121   277757.121   277799.121
  1495:   277840.121   277879.121   277911.121   277952.121   277987.121
  1500:   278025.121   278057.121   278095.121   278126.721   278126.920
  1505:   278126.901   278126.091   278426.902   279926.910   279928.611
  1510:   280928.621   280929.811   281290.131   281576.131   281629.131
  1515:   281665.131   281704.131   281748.131   281789.131   281826.131
  1520:   281864.131   281903.131   281942.131   281978.131   282017.131
  1525:   282057.131   282091.131   282129.131   282163.131   282202.131
  1530:   282232.131   282274.131   282304.131   282341.131   282373.131
  1535:   282412.131   282461.131   282496.131   282538.131   282570.131
  1540:   282612.131   282651.131   282690.131   282727.131   282766.131
  1545:   282786.131   282834.131   282869.131   282924.131   282929.821
  1550:   282929.920   284429.910   284431.612   285831.622   285832.712
  1555:   286176.122   286260.122   286299.122   286339.122   286377.122
  1560:   286415.122   286449.122   286487.122   286516.122   286553.122
  1565:   286583.122   286622.122   286640.122   286672.122   286711.122
  1570:   286748.122   286788.122   286820.122   286858.122   286896.122
  1575:   286927.122   286965.122   287000.122   287042.122   287098.122
  1580:   287137.122   287173.122   287206.122   287246.722   287246.920
  1585:   287246.901   287246.092   287546.902   289046.910   289048.613
  1590:   290998.623   290999.713   291205.123   291251.123   291292.123
  1595:   291331.123   291372.123   291405.123   291468.123   291507.123
  1600:   291548.123   291587.123   291621.123   291660.123   291694.123
  1605:   291734.123   291765.123   291800.123   291830.123   291872.123
  1610:   291902.123   291941.123   291974.123   292011.123   292048.123
  1615:   292085.123   292121.123   292158.123   292189.123   292227.123
  1620:   292257.123   292295.123   292332.123   292373.123   292411.123
  1625:   292447.123   292487.123   292593.123   292628.123   292659.123
  1630:   292697.123   292734.123   292769.123   292817.123   292856.123
  1635:   292895.123   292927.123   293037.723   293037.920   293037.901
  1640:   293037.093   293337.902   294837.910   294839.613   296789.623
  1645:   296790.713   296990.123   297034.123   297122.123   297248.123
  1650:   297289.123   297326.123   297364.123   297403.123   297439.123
  1655:   297470.123   297508.123   297539.123   297578.123   297614.123
  1660:   297652.123   297684.123   297724.123   297755.123   297792.123
  1665:   297822.123   297859.123   297889.123   297926.123   297956.123
  1670:   297993.123   298022.123   298060.123   298097.123   298135.123
  1675:   298168.123   298208.123   298243.123   298284.123   298316.123
  1680:   298353.123   298390.123   298428.123   298459.123   298500.123
  1685:   298535.123   298577.123   298617.123   298652.123   298694.123
  1690:   298734.123   298780.723   298780.920   298780.901   298780.093
  1695:   299080.902   300580.910   300582.613   302532.623   302533.713
  1700:   302655.123   302696.123   302736.123   302777.123   302818.123
  1705:   302859.123   302893.123   302935.123   302974.123   303012.123
  1710:   303051.123   303092.123   303133.123   303165.123   303204.123
  1715:   303233.123   303274.123   303303.123   303339.123   303368.123
  1720:   303405.123   303435.123   303475.123   303516.123   303548.123
  1725:   303589.123   303639.123   303682.123   303721.123   303754.123
  1730:   303790.123   303819.123   303862.123   303898.123   303976.123
  1735:   304058.123   304099.123   304132.123   304173.123   304211.123
  1740:   304251.123   304286.123   304393.123   304428.123   304464.123
  1745:   304495.723   304495.920   304495.901   304495.093   304795.902
  1750:   306295.910   306297.614   309047.624   309048.714   309734.124
  1755:   309900.124   309940.124   309973.124   310995.124   311028.124
  1760:   311110.124   311290.124   311327.124   311370.124   311547.124
  1765:   311588.124   311745.124   311871.724   311871.920   311871.901
  1770:   311871.094   312171.902   313671.910   313673.613   315623.623
  1775:   315624.713   315854.123   315889.123   315924.123   315964.123
  1780:   316005.123   316074.123   316105.123   316144.123   316180.123
  1785:   316220.123   316257.123   316293.123   316326.123   316390.123
  1790:   316425.123   316453.123   316488.123   316524.123   316560.123
  1795:   316590.123   316627.123   316659.123   316686.123   316731.123
  1800:   316764.123   316804.123   316835.123   316873.123   316901.123
  1805:   316936.123   316966.123   317003.123   317037.123   317072.123
  1810:   317101.123   317138.123   317174.123   317211.123   317247.123
  1815:   317277.123   317324.123   317370.123   317383.123   317418.123
  1820:   317446.123   317481.123   317517.123   317534.123   317565.123
  1825:   317633.723   317633.920   317633.901   317633.093   317933.902
  1830:   319433.910   319435.612   320835.622   320836.712   320977.122
  1835:   321013.122   321054.122   321087.122   321123.122   321153.122
  1840:   321231.122   321269.122   321300.122   321335.122   321365.122
  1845:   321400.122   321425.122   321461.122   321489.122   321524.122
  1850:   321551.122   321584.122   321657.122   321703.122   321735.122
  1855:   321769.122   321800.122   321835.122   321865.122   321928.122
  1860:   321963.122   322006.122   322036.122   322077.122   322112.122
  1865:   322183.122   322212.122   322248.722   322248.920   322248.901
  1870:   322248.092   322548.902   324048.910   324050.615   327900.625
  1875:   327901.715   328970.125   329609.125   330304.125   330342.125
  1880:   330373.125   330410.125   330483.125   330524.125   330558.125
  1885:   330632.125   330668.125   330700.125   330768.125   330805.125
  1890:   330844.125   330883.125   331018.125   331068.125   331096.125
  1895:   331136.125   331170.125   331235.125   331263.125   331280.125
  1900:   331313.125   331338.125   331374.125   331441.125   331470.125
  1905:   331512.125   331611.125   331643.125   331672.125   331711.125
  1910:   331864.725   331864.920   331864.901   331864.095   332164.902
  1915:   333664.910   333666.615   337516.625   337517.715   337822.125
  1920:   338148.125   338181.125   338292.125   338328.125   338357.125
  1925:   338393.125   338425.125   338457.125   338488.125   338522.125
  1930:   338584.125   338612.125   338644.125   338671.125   338707.125
  1935:   338770.125   338798.125   338831.125   338878.125   338913.125
  1940:   338947.125   338984.125   339017.125   339053.125   339139.125
  1945:   339171.125   339210.125   339244.125   339277.125   339310.125
  1950:   339340.125   339375.125   339403.125   339436.125   339468.125
  1955:   339497.125   339533.125   339570.125   339599.125   339640.125
  1960:   339719.125   339753.125   339784.125   339847.125   339879.125
  1965:   339923.125   339955.125   339968.125   340002.125   340029.125
  1970:   340061.125   340088.125   340172.125   340200.125   340238.125
  1975:   340265.125   340304.125   340365.125   340394.125   340433.125
  1980:   340479.125   340512.125   340529.125   340558.125   340587.125
  1985:   340621.125   340652.125   340691.125   340722.125   340748.125
  1990:   340783.125   340873.125   340908.125   340939.125   340975.125
  1995:   341005.125   341038.125   341083.125   341117.125   341144.125
  2000:   341179.125   341269.125   341295.125   341329.125   341373.725
  2005:   341373.920   341373.901   341373.095   341673.902   343173.910
  2010:   343175.614   345925.624   345926.714   346708.124   346745.124
  2015:   346774.124   346812.124   346839.124   346873.124   346940.124
  2020:   346974.124   347007.124   347045.124   347078.124   347114.124
  2025:   347188.124   347284.124   347317.124   347344.124   347381.124
  2030:   347423.124   347455.124   347481.124   347516.124   347541.124
  2035:   347577.124   347611.124   347660.124   347687.124   347723.124
  2040:   347756.124   347784.124   347821.124   347909.124   347945.124
  2045:   347974.124   348007.124   348042.124   348083.124   348125.124
  2050:   348166.124   348199.124   348238.124   348269.124   348319.124
  2055:   348351.124   348391.124   348427.124   348464.124   348493.124
  2060:   348531.124   348574.124   348641.124   348677.724   348677.920
  2065:   348677.901   348677.094   348977.902   350477.910   350479.612
  2070:   351879.622   351880.712   352218.122   352283.122   352317.122
  2075:   352358.122   352398.122   352439.122   352470.122   352506.122
  2080:   352544.122   352581.122   352613.122   352650.122   352684.122
  2085:   352713.122   352748.122   352775.122   352813.122   352850.122
  2090:   352887.122   352904.122   352969.122   353010.122   353042.122
  2095:   353080.122   353110.122   353140.122   353179.122   353196.122
  2100:   353227.122   353257.122   353297.722   353297.920   353297.901
  2105:   353297.092   353597.902   355097.910   355099.611   356099.621
  2110:   356100.711   356312.121   356349.121   356385.121   356424.121
  2115:   356461.121   356495.121   356559.121   356588.121   356622.121
  2120:   356648.121   356682.121   356715.121   356747.121   356776.121
  2125:   356810.121   356838.121   356868.121   356880.121   356913.121
  2130:   356960.121   357003.121   357037.121   357072.121   357099.121
  2135:   357136.721   357136.920   357136.901   357136.091   357436.902
  2140:   358936.910   358938.612   360338.622   360339.712   360549.122
  2145:   360586.122   360623.122   360768.122   360806.122   360841.122
  2150:   360943.122   360975.122   361010.122   361070.122   361102.122
  2155:   361131.122   361167.122   361193.122   361227.122   361255.122
  2160:   361291.122   361323.122   361355.122   361383.122   361416.122
  2165:   361457.122   361472.122   361507.122   361538.122   361572.122
  2170:   361589.122   361621.122   361657.122   361690.122   361731.122
  2175:   361760.722   361760.920   361760.901   361760.092   362060.902
  2180:   363560.910   363562.614   366312.624   366313.714   366807.124
  2185:   366842.124   366952.124   366986.124   367020.124   367057.124
  2190:   367097.124   367129.124   367167.124   367204.124   367232.124
  2195:   367267.124   367302.124   367338.124   367376.124   367407.124
  2200:   367443.124   367502.124   367537.124   367566.124   367601.124
  2205:   367631.124   367666.124   367681.124   367744.124   367778.124
  2210:   367804.124   367843.124   367879.124   367912.124   367941.124
  2215:   367979.124   368013.124   368043.124   368112.124   368125.124
  2220:   368161.124   368199.124   368272.124   368309.124   368351.124
  2225:   368386.124   368403.124   368438.124   368469.124   368507.124
  2230:   368539.124   368577.124   368612.124   368647.124   368678.124
  2235:   368703.124   368738.124   368805.124   368830.124   368865.124
  2240:   368896.124   368928.124   368954.124   369031.124   369059.124
  2245:   369095.724   369095.920   369095.901   369095.094   369395.902
  2250:   370895.910   370897.614   373647.624   373648.814   373803.134
  2255:   374754.134   374797.134   374912.134   374948.134   374989.134
  2260:   375024.134   375064.134   375101.134   375140.134   375173.134
  2265:   375213.134   375245.134   375282.134   375308.134   375345.134
  2270:   375376.134   375416.134   375450.134   375482.134   375523.134
  2275:   375541.134   375578.134   375613.134   375645.134   375683.134
  2280:   375713.134   375752.134   375782.134   375823.134   375838.134
  2285:   375874.134   375911.134   375950.134   375982.134   376026.134
  2290:   376061.134   376091.134   376129.134   376175.134   376205.134
  2295:   376242.134   376289.134   376324.134   376354.134   376395.134
  2300:   376435.134   376464.134   376508.134   376553.134   376590.134
  2305:   376622.134   376661.134   376676.134   376715.134   376756.134
  2310:   376817.134   376851.134   376887.134   376903.134   376937.134
  2315:   376986.134   377011.134   377049.134   377088.134   377116.134
  2320:   377160.134   377197.134   377228.134   377267.134   377313.134
  2325:   377343.134   377385.134   377428.134   377464.134   377509.134
  2330:   377559.134   377588.134   377631.134   377668.134   377713.134
  2335:   377758.134   377795.134   377826.134   377866.134   377902.134
  2340:   377943.134   377988.134   378022.134   378049.134   378089.134
  2345:   378125.134   378171.134   378200.134   378235.134   378281.134
  2350:   378325.134   378360.134   378399.134   378436.134   378470.134
  2355:   378617.134   378653.134   378688.134   378716.134   378756.134
  2360:   378792.134   378832.134   378862.134   378950.134   378984.134
  2365:   379018.134   379140.134   379148.824   379148.920   380648.910
  2370:   380650.615   384500.625   384501.715   384979.125   385017.125
  2375:   385087.125   385124.125   385163.125   385196.125   385237.125
  2380:   385278.125   385422.125   385838.125   385882.125   385917.125
  2385:   385950.125   385981.125   386016.125   386049.125   386080.125
  2390:   386116.125   386162.125   386197.125   386226.125   386302.125
  2395:   386335.125   386353.125   386386.125   386422.125   386453.125
  2400:   386494.125   386532.125   386566.125   386616.125   386653.125
  2405:   386697.125   386731.125   386767.125   386793.125   386832.125
  2410:   386864.125   386918.125   386955.125   386994.125   387037.125
  2415:   387075.125   387107.125   387144.125   387176.125   387223.125
  2420:   387253.125   387290.125   387409.125   387439.125   387469.125
  2425:   387502.125   387536.125   387569.125   387605.125   387639.125
  2430:   387666.125   387705.125   387898.125   387946.125   388004.125
  2435:   388130.125   388167.125   388203.125   388236.125   388268.125
  2440:   388305.125   388335.125   388372.725   388372.920   388372.901
  2445:   388372.095   388672.902   390172.910   390174.611   391174.621
  2450:   391175.711   391305.121   391341.121   391383.121   391425.121
  2455:   391464.121   391504.121   391542.121   391581.121   391625.121
  2460:   391656.121   391692.121   391727.121   391765.121   391793.121
  2465:   391830.121   391861.121   391900.121   391928.121   391965.121
  2470:   391995.121   392034.121   392068.121   392103.121   392142.121
  2475:   392181.721   392181.920   392181.901   392181.091   392481.902
  2480:   393981.910   393983.612   395383.622   395384.812   395564.132
  2485:   395603.132   395648.132   395690.132   395730.132   395766.132
  2490:   395807.132   395840.132   395879.132   395913.132   395950.132
  2495:   395980.132   396020.132   396053.132   396091.132   396123.132
  2500:   396161.132   396190.132   396228.132   396260.132   396301.132
  2505:   396331.132   396371.132   396396.132   396437.132   396471.132
  2510:   396507.132   396557.132   396592.132   396635.132   396673.132
  2515:   396714.132   396756.132   396787.132   396830.132   396871.132
  2520:   396910.132   396949.132   396999.132   397038.132   397071.132
  2525:   397113.132   397142.132   397182.132   397199.132   397234.132
  2530:   397265.132   397305.132   397319.132   397353.132   397382.132
  2535:   397428.132   397464.132   397512.132   397531.132   397568.132
  2540:   397607.132   397646.132   397691.132   397737.132   397768.132
  2545:   397800.132   397844.132   397886.132   397927.132   397961.132
  2550:   398005.132   398042.132   398054.132   398090.132   398133.132
  2555:   398151.132   398184.822   398184.920   398191.411   399684.910
  2560:   399686.615   403536.625   403537.715   404268.125   404373.125
  2565:   404409.125   404451.125   404490.125   404527.125   404569.125
  2570:   404810.125   404841.125   404857.125   404890.125   404920.125
  2575:   404957.125   404986.125   405023.125   405052.125   405090.125
  2580:   405119.125   405158.125   405209.125   405243.125   405281.125
  2585:   405318.125   405355.125   405386.125   405428.125   405465.125
  2590:   405518.125   405557.125   405589.125   405628.125   405680.125
  2595:   405719.125   405752.125   405790.125   405821.125   405944.125
  2600:   405982.125   406009.125   406068.125   406101.125   406149.125
  2605:   406187.125   406229.125   406264.125   406304.125   406345.125
  2610:   406397.125   406489.125   406564.125   406610.125   406644.125
  2615:   406679.125   406706.125   406742.125   406769.125   406806.125
  2620:   406859.125   406896.125   406930.125   407032.125   407065.125
  2625:   407099.125   407150.125   407184.125   407221.125   407314.125
  2630:   407344.125   407380.125   407414.725   407414.920   407414.901
  2635:   407414.095   407714.902   409214.910   409216.612   410616.622
  2640:   410617.712   410763.122   410805.122   410850.122   410901.122
  2645:   410939.122   410984.122   411025.122   411062.122   411096.122
  2650:   411134.122   411166.122   411206.122   411235.122   411271.122
  2655:   411299.122   411340.122   411378.122   411421.122   411460.122
  2660:   411492.122   411531.122   411562.122   411601.122   411629.122
  2665:   411667.122   411684.122   411717.122   411750.122   411788.122
  2670:   411838.122   411872.122   411910.122   411942.122   411984.122
  2675:   412014.122   412053.722   412053.920   412053.901   412053.092
  2680:   412353.902   413853.910   413855.611   414855.621   414856.711
  2685:   414992.121   415028.121   415071.121   415111.121   415143.121
  2690:   415184.121   415212.121   415253.121   415291.121   415330.121
  2695:   415364.121   415404.121   415442.121   415480.121   415511.121
  2700:   415553.121   415601.121   415697.121   415735.121   415772.121
  2705:   415810.121   415847.121   415880.721   415880.920   415880.901
  2710:   415880.091   416180.902   417680.910   417682.614   420432.624
  2715:   420433.714   420835.124   420866.124   420952.124   421559.124
  2720:   421598.124   421638.124   421684.124   421721.124   421760.124
  2725:   421806.124   421843.124   421881.124   421914.124   421952.124
  2730:   421987.124   422024.124   422048.124   422087.124   422115.124
  2735:   422157.124   422205.124   422238.124   422277.124   422295.124
  2740:   422331.124   422371.124   422411.124   422447.124   422494.124
  2745:   422524.124   422561.124   422598.124   422871.124   422904.124
  2750:   422938.124   422965.124   423050.124   423076.124   423124.124
  2755:   423157.124   423193.724   423193.920   423193.901   423193.094
  2760:   423493.902   424993.910   424995.611   425995.621   425996.711
  2765:   426277.121   426351.121   426420.121   426456.121   426492.121
  2770:   426521.121   426556.121   426586.121   426624.121   426654.121
  2775:   426689.121   426719.121   426756.121   426781.121   426818.121
  2780:   426834.121   426868.121   426897.121   426934.121   426962.121
  2785:   427001.721   427001.920   427001.901   427001.091   427301.902
  2790:   428801.910   428803.613   430753.623   430754.713   430884.123
  2795:   430917.123   431211.123   431245.123   431282.123   431311.123
  2800:   431344.123   431373.123   431408.123   431434.123   431469.123
  2805:   431504.123   431576.123   431642.123   431672.123   431707.123
  2810:   431735.123   431771.123   431800.123   431834.123   431863.123
  2815:   431898.123   431925.123   431960.123   431986.123   432064.123
  2820:   432094.123   432128.123   432161.123   432189.123   432253.123
  2825:   432291.123   432329.123   432412.123   432456.123   432535.123
  2830:   432565.123   432595.123   432631.123   432659.123   432695.123
  2835:   432740.723   432740.920   432740.901   432740.093   433040.902
  2840:   434540.910   434542.614   437292.624   437293.714   437893.124
  2845:   437925.124   437991.124   438021.124   438088.124   438122.124
  2850:   438152.124   438184.124   438254.124   438283.124   438313.124
  2855:   438374.124   438401.124   438435.124   438477.124   438506.124
  2860:   438565.124   438598.124   438623.124   438657.124   438739.124
  2865:   438770.124   438802.124   438829.124   438861.124   438880.124
  2870:   438913.124   438942.124   438975.124   438988.124   439017.124
  2875:   439045.124   439080.124   439115.124   439144.124   439193.124
  2880:   439225.124   439252.124   439287.124   439315.124   439348.124
  2885:   439364.124   439395.124   439421.124   439456.124   439498.124
  2890:   439527.124   439563.124   439594.124   439661.124   439696.124
  2895:   439714.124   439864.124   439892.124   439927.124   439969.124
  2900:   439994.124   440015.124   440047.724   440047.920   440047.901
  2905:   440047.094   440347.902   441847.910   441849.615   445699.625
  2910:   445700.715   446595.125   446629.125   446663.125   447158.125
  2915:   447265.125   447302.125   447483.125   447522.125   447561.125
  2920:   447846.125   447875.125   447905.125   447926.125   447959.125
  2925:   447986.125   448046.125   448081.125   448111.125   448144.125
  2930:   448175.125   448207.125   448236.125   448285.125   448316.125
  2935:   448348.125   448384.125   448444.125   448464.125   448506.125
  2940:   448542.125   448636.125   448667.125   448693.125   448728.125
  2945:   448756.125   448790.125   448818.125   448855.125   448887.125
  2950:   448926.125   448990.125   449004.125   449036.125   449070.125
  2955:   449107.125   449156.125   449251.125   449283.125   449316.125
  2960:   449368.125   449402.125   449438.125   449470.125   449551.725
  2965:   449551.920   449551.901   449551.095   449851.902   451351.910
  2970:   451353.611   452353.621   452354.711   452553.121   452586.121
  2975:   452624.121   452669.121   452708.121   452744.121   452775.121
  2980:   452812.121   452842.121   452878.121   452905.121   452941.121
  2985:   452974.121   453013.121   453046.121   453077.121   453113.121
  2990:   453144.121   453176.121   453203.121   453240.121   453270.121
  2995:   453328.121   453365.721   453365.920   453365.901   453365.091
  3000:   453665.902   455165.910   455167.613   457117.623   457118.713
  3005:   457708.123   457742.123   457775.123   457804.123   457840.123
  3010:   457867.123   457902.123   457930.123   457965.123   457993.123
  3015:   458031.123   458064.123   458133.123   458165.123   458231.123
  3020:   458258.123   458292.123   458320.123   458356.123   458435.123
  3025:   458465.123   458502.123   458531.123   458577.123   458655.123
  3030:   458684.123   458721.123   458750.123   458778.123   458818.123
  3035:   458856.123   458885.123   458929.123   458968.123   459081.723
  3040:   459081.920   459081.901   459081.093   459381.902   460881.910
  3045:   460883.613   462833.623   462834.813   463081.133   463117.133
  3050:   463148.133   463183.133   463212.133   463244.133   463282.133
  3055:   463312.133   463346.133   463446.133   463481.133   463511.133
  3060:   463545.133   463574.133   463608.133   463638.133   463672.133
  3065:   463697.133   463733.133   463776.133   463804.133   463838.133
  3070:   463881.133   463928.133   463973.133   464013.133   464100.133
  3075:   464182.133   464228.133   464247.133   464286.133   464314.133
  3080:   464348.133   464420.133   464468.133   464494.133   464530.133
  3085:   464563.133   464589.133   464628.133   464663.133   464688.133
  3090:   464724.133   464766.133   464800.133   464833.133   464878.133
  3095:   464903.133   464940.133   464975.133   465021.133   465093.133
  3100:   465126.133   465168.133   465200.133   465230.133   465314.133
  3105:   465346.133   465392.133   465500.133   465528.133   465558.133
  3110:   465586.133   465600.133   465628.133   465669.133   465698.133
  3115:   465713.133   465744.133   465777.133   465808.133   465842.133
  3120:   465852.133   465882.133   465932.133   465965.133   466007.133
  3125:   466042.133   466215.133   466298.133   466330.133   466359.133
  3130:   466400.133   466447.133   466582.133   466615.133   466642.133
  3135:   466667.133   466734.823   466734.920   468234.910   468236.614
  3140:   470986.624   470987.714   471451.124   471489.124   471524.124
  3145:   471658.124   471939.124   471977.124   472009.124   472047.124
  3150:   472357.124   472393.124   472462.124   472540.124   472570.124
  3155:   472597.124   472628.124   472654.124   472686.124   472712.124
  3160:   472749.124   472811.124   472827.124   472859.124   472924.124
  3165:   472961.124   472995.124   473070.124   473099.124   473137.124
  3170:   473168.124   473204.124   473247.124   473340.124   473375.124
  3175:   473406.124   473442.124   473473.124   473506.124   473527.124
  3180:   473561.124   473604.124   473646.124   473678.124   473748.724
  3185:   473748.920   473748.901   473748.094   474048.902   475548.910
  3190:   475550.611   476550.621   476551.711   476726.121   476806.121
  3195:   476838.121   476877.121   476917.121   476946.121   476979.121
  3200:   477010.121   477050.121   477085.121   477151.121   477185.121
  3205:   477229.121   477258.121   477333.121   477363.121   477439.121
  3210:   477492.121   477520.121   477556.721   477556.920   477556.901
  3215:   477556.091   477856.902   479356.910   479358.613   481308.623
  3220:   481309.713   482246.123   482833.123   482866.123   482897.123
  3225:   482929.123   482959.123   482989.123   483035.123   483066.123
  3230:   483096.123   483130.123   483159.123   483191.123   483235.123
  3235:   483269.723   483269.920   483269.901   483269.093   483569.902
  3240:   485069.910   485071.611   486071.621   486072.811   486314.131
  3245:   486395.131   486429.131   486468.131   486497.131   486536.131
  3250:   486566.131   486599.131   486665.131   486692.131   486753.131
  3255:   486794.131   486819.131   486857.131   486887.131   486917.131
  3260:   486990.131   487029.131   487058.131   487122.131   487160.131
  3265:   487207.131   487257.131   487287.131   487304.131   487339.131
  3270:   487376.131   487412.131   487479.131   487545.131   487593.131
  3275:   487624.131   487665.131   487704.131   487777.131   487809.131
  3280:   487852.131   487882.131   487925.131   487988.131   488017.131
  3285:   488072.821   488072.920   489572.910   489574.613   491524.623
  3290:   491525.713   491673.123   491711.123   491805.123   491841.123
  3295:   491874.123   491911.123   491948.123   491986.123   492020.123
  3300:   492062.123   492098.123   492130.123   492176.123   492207.123
  3305:   492241.123   492267.123   492333.123   492369.123   492395.123
  3310:   492432.123   492461.123   492496.123   492523.123   492559.123
  3315:   492627.123   492679.123   492715.123   492744.123   492861.123
  3320:   492932.123   493020.123   493051.123   493083.123   493111.123
  3325:   493146.123   493173.123   493207.123   493250.123   493279.123
  3330:   493292.123   493331.123   493363.123   493398.123   493466.123
  3335:   493501.723   493501.920   493501.901   493501.093   493801.902
  3340:   495301.910   495303.614   498053.624   498054.714   498556.124
  3345:   498591.124   498648.124   498681.124   498712.124   498747.124
  3350:   498784.124   498818.124   498851.124   498885.124   498919.124
  3355:   498952.124   498982.124   499017.124   499046.124   499081.124
  3360:   499109.124   499146.124   499180.124   499215.124   499249.124
  3365:   499290.124   499435.124   499469.124   499497.124   499591.124
  3370:   499627.124   499807.124   499840.124   499879.124   499910.124
  3375:   499942.124   499955.124   500010.124   500052.124   500085.124
  3380:   500146.124   500176.124   500210.124   500240.124   500275.124
  3385:   500316.124   500342.124   500377.124   500448.124   500483.124
  3390:   500548.124   500573.124   500610.124   500650.124   500743.124
  3395:   500772.124   500803.124   500830.724   500830.920   500830.901
  3400:   500830.094   501130.902   502630.910   502632.615   506482.625
  3405:   506483.715   507085.125   508054.125   508090.125   508120.125
  3410:   508157.125   508222.125   508253.125   508289.125   508432.125
  3415:   508473.125   508518.125   508589.125   508623.125   508650.125
  3420:   508688.125   508762.125   508801.125   508913.125   508943.125
  3425:   508973.125   509014.125   509038.125   509071.125   509112.125
  3430:   509139.125   509220.125   509252.125   509294.125   509325.125
  3435:   509338.125   509368.125   509395.125   509434.125   509466.125
  3440:   509493.125   509526.125   509717.125   509747.125   509790.125
  3445:   509820.125   509856.125   509883.125   509917.125   509966.125
  3450:   510128.125   510161.125   510220.125   510303.125   510332.125
  3455:   510366.725   510366.920   510366.901   510366.095   510666.902
  3460:   512166.910   512168.613   514118.623   514119.813   514876.133
  3465:   514910.133   514946.133   514977.133   515191.133   515255.133
  3470:   515282.133   515314.133   515344.133   515377.133   515405.133
  3475:   515438.133   515510.133   515542.133   515576.133   515604.133
  3480:   515664.133   515700.133   515717.133   515749.133   515777.133
  3485:   515812.133   515882.133   516060.133   516090.133   516110.133
  3490:   516142.133   516175.133   516209.133   516240.133   516267.133
  3495:   516301.133   516330.133   516371.133   516408.133   516475.133
  3500:   516514.133   516548.133   516624.133   516634.133   516663.133
  3505:   516740.133   516815.133   516901.133   516930.133   516964.133
  3510:   516991.133   517024.133   517038.133   517070.133   517099.133
  3515:   517125.133   517158.133   517193.133   517226.133   517255.133
  3520:   517292.133   517328.133   517356.133   517391.133   517422.133
  3525:   517459.133   517493.133   517594.133   517624.133   517660.133
  3530:   517694.133   517733.133   517766.133   517804.133   517856.133
  3535:   517893.133   518019.823   518019.920   518032.411   519519.910
  3540:   519521.614   522271.624   522272.814   522870.134   522903.134
  3545:   522934.134   523166.134   523198.134   523228.134   523264.134
  3550:   523291.134   523323.134   523347.134   523382.134   523411.134
  3555:   523445.134   523476.134   523563.134   523598.134   523639.134
  3560:   523826.134   523853.134   524193.134   524224.134   524256.134
  3565:   524282.134   524320.134   524527.134   524556.134   524588.134
  3570:   524605.134   524642.134   524666.134   524746.134   524775.134
  3575:   524809.134   524834.134   524865.134   524893.134   524930.134
  3580:   524991.134   525038.134   525071.134   525100.134   525139.134
  3585:   525211.134   525255.134   525283.134   525405.134   525437.134
  3590:   525562.134   525592.134   525622.134   525649.134   525724.134
  3595:   525755.134   525908.134   525941.134   526045.134   526216.134
  3600:   526247.134   526275.134   526309.134   526776.134   527289.134
  3605:   527328.134   527394.134   527423.134   527772.824   527772.920
  3610:   527782.411   529272.910   529274.614   532024.624   532025.714
  3615:   533032.124   533261.124   533297.124   533336.124   534377.124
  3620:   534412.124   534449.124   534482.124   534519.124   534549.124
  3625:   534585.124   534620.124   534656.124   534684.124   534719.124
  3630:   534754.124   534790.724   534790.920   534790.901   534790.094
  3635:   535090.902   536590.910   536592.612   537992.622   537993.712
  3640:   538241.122   538469.122   538508.122   538547.122   538580.122
  3645:   538613.122   538643.122   538680.122   538720.122   538757.122
  3650:   538796.122   538837.122   538875.122   538911.122   538949.122
  3655:   538979.122   539016.122   539044.122   539081.122   539114.122
  3660:   539153.122   539184.122   539228.122   539266.122   539300.122
  3665:   539340.122   539368.122   539409.722   539409.920   539409.901
  3670:   539409.092   539709.902   541209.910   541211.611   542211.621
  3675:   542212.811   542400.131   542443.131   542482.131   542519.131
  3680:   542561.131   542600.131   542632.131   542669.131   542707.131
  3685:   542739.131   542776.131   542807.131   542846.131   542884.131
  3690:   542916.131   542955.131   542985.131   543022.131   543073.131
  3695:   543104.131   543146.131   543180.131   543215.131   543262.131
  3700:   543290.131   543329.131   543356.131   543400.131   543435.131
  3705:   543473.131   543502.131   543542.131   543592.131   543625.131
  3710:   543664.131   543695.131   543734.131   543780.131   543822.131
  3715:   543854.131   543955.131   543990.131   544030.131   544061.131
  3720:   544103.131   544152.131   544195.131   544212.821   544212.920
  3725:   545712.910   545714.613   547664.623   547665.813   548075.133
  3730:   548115.133   548154.133   548296.133   548334.133   548364.133
  3735:   548403.133   548440.133   548511.133   548552.133   548592.133
  3740:   548630.133   548670.133   548709.133   548740.133   548781.133
  3745:   548808.133   548845.133   548893.133   548935.133   548972.133
  3750:   549010.133   549042.133   549083.133   549122.133   549156.133
  3755:   549202.133   549253.133   549292.133   549327.133   549370.133
  3760:   549410.133   549448.133   549480.133   549520.133   549557.133
  3765:   549596.133   549638.133   549666.133   549683.133   549765.133
  3770:   549824.133   549862.133   549892.133   549927.133   549958.133
  3775:   549996.133   550026.133   550064.133   550126.133   550279.133
  3780:   550309.133   550354.133   550388.133   550497.133   550528.133
  3785:   550563.133   550594.133   550630.133   550666.133   550695.133
  3790:   550736.133   550824.133   550929.133   551144.133   551180.133
  3795:   551208.133   551245.133   551274.133   551311.133   551345.133
  3800:   551501.133   551535.133   551565.823   551565.920   553065.910
  3805:   553067.615   556917.625   556918.715   557474.125   557509.125
  3810:   557544.125   557953.125   557986.125   558324.125   558355.125
  3815:   558703.125   558745.125   558781.125   559208.125   559250.125
  3820:   559287.125   559579.125   559617.125   560105.125   560143.125
  3825:   560177.125   560523.125   560562.125   561137.725   561137.920
  3830:   561137.901   561137.095   561437.902   562937.910   562939.615
  3835:   566789.625   566790.715   567121.125   567405.125   567443.125
  3840:   567475.125   567688.125   567724.125   567760.125   567790.125
  3845:   567826.125   567855.125   567898.125   568079.125   568115.125
  3850:   568382.125   568613.125   568647.125   568686.125   568976.125
  3855:   569007.125   569042.125   569074.125   569104.125   569138.125
  3860:   569172.125   569211.125   569443.125   569478.125   569507.125
  3865:   570171.125   570206.125   570243.125   570286.125   570801.725
  3870:   570801.920   570801.901   570801.095   571101.902   572601.910
  3875:   572603.612   574003.622   574004.712   574139.122   574173.122
  3880:   574217.122   574258.122   574324.122   574362.122   574396.122
  3885:   574433.122   574464.122   574498.122   574528.122   574562.122
  3890:   574626.122   574655.122   574695.122   574728.122   574759.122
  3895:   574789.122   574851.122   574891.122   574922.122   574953.122
  3900:   574985.122   575014.122   575050.122   575076.122   575109.122
  3905:   575136.122   575171.122   575201.122   575266.122   575303.122
  3910:   575331.122   575370.122   575398.122   575433.722   575433.920
  3915:   575433.901   575433.092   575733.902   577233.910   577235.612
  3920:   578635.622   578636.712   578972.122   579247.122   579280.122
  3925:   579317.122   579344.122   579381.122   579413.122   579444.122
  3930:   579474.122   579506.122   579534.122   579592.122   579623.122
  3935:   579659.122   579697.122   579730.122   579765.122   579804.122
  3940:   579839.122   579874.122   580003.122   580037.722   580037.920
  3945:   580037.901   580037.092   580337.902   581837.910   581839.613
  3950:   583789.623   583790.713   584264.123   584296.123   584325.123
  3955:   584358.123   584407.123   584475.123   584510.123   584544.123
  3960:   584576.123   584610.123   584641.123   584674.123   584701.123
  3965:   584732.123   584762.123   584796.123   584822.123   584858.123
  3970:   584887.123   584924.123   584958.123   584993.123   585028.123
  3975:   585059.123   585103.123   585136.123   585166.123   585203.123
  3980:   585270.123   585304.123   585339.123   585364.123   585401.123
  3985:   585438.123   585466.123   585575.123   585609.123   585639.123
  3990:   585676.123   585701.123   585735.123   585765.723   585765.920
  3995:   585765.901   585765.093   586065.902   587565.910   587567.611
  4000:   588567.621   588568.711   588872.121   588907.121   588935.121
  4005:   588973.121   589006.121   589044.121   589073.121   589107.121
  4010:   589143.121   589178.121   589208.121   589240.121   589270.121
  4015:   589304.121   589337.121   589366.121   589427.121   589461.121
  4020:   589488.121   589522.121   589549.121   589588.721   589588.920
  4025:   589588.901   589588.091   589888.902   591388.910   591390.611
  4030:   592390.621   592391.711   592638.121   592676.121   592745.121
  4035:   592781.121   592854.121   592885.121   592919.121   592946.121
  4040:   592981.121   593007.121   593082.121   593119.121   593154.121
  4045:   593189.121   593277.121   593315.121   593358.121   593395.721
  4050:   593395.920   593395.901   593395.091   593695.902   595195.910
  4055:   595197.612   596597.622   596598.712   597019.122   597057.122
  4060:   597218.122   597253.122   597284.122   597317.122   597482.122
  4065:   597528.122   597768.122   597799.122   597831.122   597857.122
  4070:   597888.122   597917.122   597948.122   597975.122   598009.722
  4075:   598009.920   598009.901   598009.092   598309.902   599809.910
  4080:   599811.611   600811.621   600812.711   601180.121   601215.121
  4085:   601249.121   601290.121   601362.121   601398.121   601439.121
  4090:   601472.121   601506.121   601540.121   601569.121   601603.121
  4095:   601634.121   601668.121   601701.121   601741.121   601771.121
  4100:   601805.121   601851.721   601851.920   601851.901   601851.091
  4105:   602151.902   603651.910   603653.615   607503.625   607504.715
  4110:   607895.125   607932.125   608172.125   608210.125   608353.125
  4115:   608386.125   608420.125   608456.125   608492.125   608527.125
  4120:   608562.125   608599.125   608632.125   608662.125   608697.125
  4125:   608724.125   608757.125   608787.125   608824.125   608852.125
  4130:   608887.125   608913.125   608951.125   608982.125   609018.125
  4135:   609052.125   609101.125   609201.125   609228.125   609263.125
  4140:   609356.125   609393.125   609456.125   609602.125   609636.125
  4145:   609694.125   609730.125   609768.125   609834.125   609964.125
  4150:   609995.125   610021.125   610056.125   610292.125   610322.125
  4155:   610359.125   610613.125   610684.125   610715.125   610749.125
  4160:   610777.125   611150.125   611184.125   611216.125   611231.125
  4165:   611261.125   611305.125   611485.725   611485.920   611485.901
  4170:   611485.095   611785.902   613285.910   613287.611   614287.621
  4175:   614288.811   614756.131   614788.131   614824.131   614862.131
  4180:   614899.131   614928.131   614962.131   615000.131   615036.131
  4185:   615068.131   615102.131   615131.131   615164.131   615192.131
  4190:   615227.131   615255.131   615290.131   615315.131   615351.131
  4195:   615377.131   615414.131   615441.131   615476.131   615501.131
  4200:   615538.131   615561.131   615596.131   615624.131   615689.131
  4205:   615729.131   615765.131   615795.131   615831.131   615860.131
  4210:   615899.131   615936.131   615999.131   616036.131   616076.131
  4215:   616108.131   616137.131   616210.131   616239.131   616275.131
  4220:   616288.821   616288.920   617788.910   617790.613   619740.623
  4225:   619741.813   619999.133   620035.133   620473.133   620506.133
  4230:   620535.133   620574.133   620601.133   620634.133   620695.133
  4235:   620730.133   620884.133   620915.133   620973.133   621001.133
  4240:   621034.133   621065.133   621096.133   621124.133   621157.133
  4245:   621185.133   621249.133   621284.133   621316.133   621342.133
  4250:   621376.133   621407.133   621442.133   621474.133   621510.133
  4255:   621542.133   621580.133   621614.133   621646.133   621679.133
  4260:   621713.133   621836.133   621862.133   621892.133   621920.133
  4265:   621983.133   622017.133   622150.133   622182.133   622214.133
  4270:   622243.133   622275.133   622300.133   622338.133   622437.133
  4275:   622465.133   622741.133   622772.133   622984.133   623016.133
  4280:   623049.133   623080.133   623374.133   623403.133   623641.823
  4285:   623641.920   625141.910   625143.614   627893.624   627894.814
  4290:   628533.134   628607.134   628874.134   629397.134   629553.134
  4295:   629586.134   629619.134   629657.134   629685.134   629718.134
  4300:   629750.134   629784.134   629810.134   629846.134   629875.134
  4305:   629914.134   629953.134   630117.134   630161.134   630193.134
  4310:   630228.134   630259.134   630293.134   630334.134   630590.134
  4315:   630617.134   630647.134   630674.134   630708.134   630735.134
  4320:   630767.134   630872.134   630911.134   630948.134   630975.134
  4325:   631013.134   631611.134   631822.134   631943.134   632353.134
  4330:   632941.134   633394.824   633394.920   634894.910   634896.611
  4335:   635896.621   635897.711   636196.121   636236.121   636348.121
  4340:   636385.121   636413.121   636449.121   636533.121   636833.121
  4345:   636858.121   636890.121   636904.721   636904.920   636904.901
  4350:   636904.091   637204.902   638704.910   638706.614   641456.624
  4355:   641457.714   642543.124   642576.124   642610.124   642641.124
  4360:   642670.124   642706.124   642737.124   642842.124   642874.124
  4365:   642903.124   642938.124   642972.124   643006.124   643035.124
  4370:   643070.124   643096.124   643158.124   643196.124   643230.124
  4375:   643264.124   643297.124   643326.124   643390.124   643427.124
  4380:   643495.124   643520.124   643558.124   643582.124   643619.124
  4385:   643666.124   643697.124   643742.124   643772.124   643804.124
  4390:   643834.124   643881.124   643927.124   644025.124   644061.124
  4395:   644089.124   644124.124   644155.124   644184.124   644226.724
  4400:   644226.920   644226.901   644226.094   644526.902   646026.910
  4405:   646028.613   647978.623   647979.713   648478.123   648557.123
  4410:   648596.123   648625.123   648663.123   648699.123   648727.123
  4415:   648763.123   648792.123   648827.123   648872.123   648902.123
  4420:   648936.123   648973.123   649043.123   649075.123   649111.123
  4425:   649159.123   649195.123   649231.123   649260.123   649294.123
  4430:   649323.123   649357.123   649384.123   649426.123   649463.123
  4435:   649492.123   649531.123   649578.123   649611.123   649645.123
  4440:   649679.123   649707.123   649738.123   649765.123   649797.123
  4445:   649829.123   649865.123   649902.123   649938.723   649938.920
  4450:   649938.901   649938.093   650238.902   651738.910   651740.615
  4455:   655590.625   655591.715   656391.125   656430.125   656836.125
  4460:   656874.125   656906.125   656944.125   656984.125   657230.125
  4465:   657266.125   657295.125   657327.125   657362.125   657400.125
  4470:   657431.125   657469.125   657500.125   657541.125   657571.125
  4475:   657607.125   657641.125   657686.125   657723.125   657763.125
  4480:   657934.125   657967.125   658003.125   658033.125   658068.125
  4485:   658100.125   658136.125   658258.125   658394.125   658425.125
  4490:   658453.125   658486.125   658519.125   658555.125   658589.125
  4495:   658622.125   658909.125   658974.125   659018.125   659593.725
  4500:   659593.920   659593.901   659593.095   659893.902   661393.910
  4505:   661395.612   662795.622   662796.812   663315.132   663715.132
  4510:   663751.132   663785.132   663812.132   663843.132   663877.132
  4515:   663908.132   663934.132   663965.132   663996.132   664027.132
  4520:   664056.132   664092.132   664118.132   664153.132   664177.132
  4525:   664237.132   664276.132   664313.132   664490.132   664531.132
  4530:   664586.132   664621.132   664730.132   664762.132   664797.132
  4535:   664825.132   664860.132   664926.132   664953.132   664988.132
  4540:   665014.132   665054.132   665087.132   665114.132   665183.132
  4545:   665225.132   665252.132   665442.132   665476.132   665501.132
  4550:   665531.132   665562.132   665594.132   665596.822   665596.920
  4555:   665615.411   667096.910   667098.613   669048.623   669049.813
  4560:   669971.133   670033.133   670068.133   670105.133   670175.133
  4565:   670207.133   670242.133   670274.133   670309.133   670341.133
  4570:   670372.133   670406.133   670436.133   670469.133   670497.133
  4575:   670533.133   670560.133   670593.133   670621.133   670657.133
  4580:   670690.133   670720.133   670752.133   670780.133   670814.133
  4585:   670843.133   670871.133   670935.133   670970.133   671034.133
  4590:   671068.133   671096.133   671132.133   671231.133   671270.133
  4595:   671294.133   671343.133   671375.133   671409.133   671438.133
  4600:   671476.133   671510.133   671579.133   671607.133   671855.133
  4605:   671887.133   671911.133   671969.133   671996.133   672123.133
  4610:   672154.133   672284.133   672610.133   672933.133   672949.823
  4615:   672949.920   672949.902   672949.005   672949.006   672949.007
  4620:   672949.020
D:
     0:        0.000        0.000        0.000        0.000        0.000
     5:        0.000        0.000        0.000        0.000        0.000
    10:        0.000        0.000        0.000        0.000        0.000
    15:        0.000        0.000        0.000        0.000        0.000
    20:        0.000        0.000        0.000        0.000        0.000
    25:        0.000        6.000        0.000        0.000        0.000
    30:        0.000        0.000        0.000        0.000        0.000
    35:        0.000
F:
     0:       10.000       14.000       19.500       27.500       38.500
     5:       10.000       14.000       19.500       27.500       38.500
    10:       10.000       14.000       19.500       27.500       38.500
    15:       20.000       28.000       39.000       55.000       77.000
    20:       20.000       28.000       39.000       55.000       77.000
    25:       20.000       28.000       39.000       55.000       77.000
    30:       10.000       14.000       19.500       27.500       38.500
    35:       10.000       14.000       19.500       27.500       38.500
    40:       10.000       14.000       19.500       27.500       38.500
    45:       10.000       14.000       19.500       27.500       38.500
    50:       10.000       14.000       19.500       27.500       38.500
    55:       10.000       14.000       19.500       27.500       38.500
    60:       10.000       14.000       19.500       27.500       38.500
    65:       10.000       14.000       19.500       27.500       38.500
    70:       10.000       14.000       19.500       27.500       38.500
    75:       20.000       28.000       39.000       55.000       77.000
    80:       20.000       28.000       39.000       55.000       77.000
    85:       10.000       14.000       19.500       27.500       38.500
    90:       10.000       14.000       19.500       27.500       38.500
    95:       10.000       14.000       19.500       27.500       38.500
I:
     0:       75.000        0.000        0.000
M:
     0:       15.000       15.000       15.000       15.000       15.000
     5:        5.000        5.000        5.000        5.000        5.000
    10:      100.000
N:
     0:       20.000       20.000       20.000       20.000       20.000
     5:        0.000
Q:
     0:       15.000       15.000       15.000       15.000       15.000
     5:        0.000
V:
     0:        0.000        0.000        0.000        0.000        0.000
     5:      303.000      398.000      606.000      538.000      662.000
    10:      212.000      278.000      345.000      296.000      221.000
    15:        0.000
