File: C:\MED-PC IV\DATA\M_PEAK_CP19P003


Start Date: 11/18/17
End Date: 11/18/17
Subject: P003
Experiment: IF-PICO
Group: 0
Box: 7
Start Time: 10:48:57
End Time: 12:33:43
MSN: Multiple_Peak_CP
B:       0.000
C:       0.000
E:    5066.000
G:      38.500
H:    3850.000
J:       0.000
K:       0.000
L:       0.000
O:       0.000
P:       0.000
R:       0.000
S:       0.000
T:  628680.000
U:       0.000
W:       0.000
X:       0.000
Y:       0.000
Z:       0.000
A:
     0:        0.010      500.910      502.614     3252.624     3253.814
     5:     3315.134     3413.134     3472.134     3502.134     3530.134
    10:     3594.134     3625.134     3657.134     3690.134     3790.134
    15:     3824.134     3858.134     4063.134     4131.134     4164.134
    20:     4233.134     4268.134     4304.134     4374.134     4441.134
    25:     4515.134     4546.134     4584.134     4629.134     4665.134
    30:     4703.134     4738.134     4776.134     4814.134     4848.134
    35:     4915.134     4950.134     4987.134     5025.134     5098.134
    40:     5131.134     5167.134     5237.134     5272.134     5382.134
    45:     5416.134     5453.134     5523.134     5558.134     5591.134
    50:     5631.134     5669.134     5738.134     5808.134     5842.134
    55:     5879.134     5917.134     5992.134     6027.134     6066.134
    60:     6104.134     6140.134     6173.134     6213.134     6256.134
    65:     6292.134     6332.134     6367.134     6412.134     6451.134
    70:     6490.134     6634.134     6708.134     6779.134     6819.134
    75:     6854.134     6959.134     6993.134     7029.134     7064.134
    80:     7142.134     7210.134     7247.134     7282.134     7353.134
    85:     7421.134     7458.134     7493.134     7526.134     7566.134
    90:     7608.134     7643.134     7679.134     7715.134     7747.134
    95:     7787.134     7825.134     7894.134     7940.134     8011.134
   100:     8046.134     8083.134     8147.134     8219.134     8289.134
   105:     8468.134     8501.134     8568.134     8602.134     8644.134
   110:     8711.134     8836.134     8938.134     9011.134     9054.134
   115:     9124.134     9164.134     9274.134     9308.134     9342.134
   120:     9353.824     9353.920    10853.910    10855.611    11855.621
   125:    11856.811    11970.131    12006.131    12044.131    12078.131
   130:    12107.131    12177.131    12210.131    12247.131    12279.131
   135:    12314.131    12349.131    12389.131    12426.131    12456.131
   140:    12487.131    12524.131    12559.131    12594.131    12626.131
   145:    12664.131    12698.131    12735.131    12767.131    12803.131
   150:    12837.131    12872.131    12906.131    12941.131    12976.131
   155:    13012.131    13048.131    13082.131    13119.131    13153.131
   160:    13189.131    13224.131    13260.131    13295.131    13332.131
   165:    13368.131    13406.131    13443.131    13478.131    13515.131
   170:    13549.131    13587.131    13627.131    13664.131    13736.131
   175:    13772.131    13810.131    13851.131    13923.131    13960.131
   180:    13996.131    14035.131    14070.131    14152.131    14187.131
   185:    14228.131    14261.131    14340.131    14377.131    14451.131
   190:    14488.131    14527.131    14562.131    14600.131    14637.131
   195:    14674.131    14711.131    14747.131    14783.131    14822.131
   200:    14862.131    14898.131    14938.131    14972.131    15012.131
   205:    15054.131    15091.131    15130.131    15168.131    15211.131
   210:    15246.131    15288.131    15338.131    15356.821    15356.920
   215:    16856.910    16858.615    20708.625    20709.815    20992.135
   220:    21109.135    21176.135    21209.135    21245.135    21278.135
   225:    21315.135    21351.135    21390.135    21425.135    21459.135
   230:    21497.135    21530.135    21564.135    21596.135    21627.135
   235:    21660.135    21691.135    21724.135    21759.135    21794.135
   240:    21829.135    21863.135    21899.135    21932.135    21968.135
   245:    22002.135    22072.135    22109.135    22148.135    22186.135
   250:    22223.135    22295.135    22330.135    22365.135    22404.135
   255:    22441.135    22476.135    22509.135    22545.135    22582.135
   260:    22622.135    22742.135    22778.135    22812.135    22853.135
   265:    22888.135    22923.135    23017.135    23051.135    23092.135
   270:    23188.135    23221.135    23258.135    23296.135    23333.135
   275:    23368.135    23405.135    23442.135    23478.135    23512.135
   280:    23549.135    23592.135    23627.135    23663.135    23699.135
   285:    23741.135    23782.135    23820.135    23855.135    23895.135
   290:    23935.135    24011.135    24082.135    24118.135    24153.135
   295:    24191.135    24229.135    24265.135    24302.135    24336.135
   300:    24371.135    24466.135    24500.135    24538.135    24575.135
   305:    24625.135    24669.135    24710.135    24745.135    24781.135
   310:    24818.135    24855.135    24892.135    24992.135    25071.135
   315:    25109.135    25183.135    25222.135    25263.135    25300.135
   320:    25334.135    25367.135    25408.135    25552.135    25593.135
   325:    25636.135    25711.135    25748.135    25784.135    25820.135
   330:    25859.135    25902.135    25940.135    25977.135    26015.135
   335:    26097.135    26132.135    26177.135    26218.135    26318.135
   340:    26424.135    26460.135    26533.135    26569.135    26605.135
   345:    26641.135    26720.135    26752.135    26792.135    26835.135
   350:    26869.135    26903.135    27003.135    27039.135    27073.135
   355:    27113.135    27191.135    27224.135    27260.135    27297.135
   360:    27379.135    27420.135    27506.135    27548.135    27617.135
   365:    27652.135    27793.135    27832.135    27870.135    27946.135
   370:    27983.135    28057.135    28100.135    28176.135    28208.135
   375:    28241.135    28276.135    28311.135    28347.135    28380.135
   380:    28419.135    28454.135    28492.135    28536.135    28573.135
   385:    28609.135    28651.135    28709.825    28709.920    30209.910
   390:    30211.615    34061.625    34062.815    34343.135    34389.135
   395:    34431.135    34604.135    34701.135    34741.135    34816.135
   400:    34936.135    34966.135    35006.135    35044.135    35086.135
   405:    35165.135    35200.135    35241.135    35342.135    35378.135
   410:    35482.135    35516.135    35550.135    35589.135    35631.135
   415:    35667.135    35709.135    35752.135    35787.135    35819.135
   420:    35853.135    35900.135    35932.135    35969.135    36046.135
   425:    36078.135    36116.135    36156.135    36189.135    36227.135
   430:    36262.135    36336.135    36370.135    36409.135    36445.135
   435:    36485.135    36524.135    36562.135    36634.135    36708.135
   440:    36740.135    36775.135    36810.135    36851.135    36919.135
   445:    36954.135    36990.135    37027.135    37065.135    37105.135
   450:    37190.135    37224.135    37262.135    37299.135    37336.135
   455:    37373.135    37408.135    37484.135    37523.135    37563.135
   460:    37596.135    37636.135    37676.135    37713.135    37750.135
   465:    37790.135    37826.135    37865.135    37906.135    37947.135
   470:    37985.135    38023.135    38128.135    38165.135    38275.135
   475:    38310.135    38378.135    38415.135    38487.135    38522.135
   480:    38557.135    38596.135    38636.135    38771.135    38844.135
   485:    38884.135    38927.135    39007.135    39045.135    39089.135
   490:    39172.135    39207.135    39245.135    39335.135    39370.135
   495:    39412.135    39518.135    39561.135    39636.135    39672.135
   500:    39710.135    39848.135    39949.135    40052.135    40092.135
   505:    40138.135    40178.135    40216.135    40256.135    40421.135
   510:    40506.135    40738.135    40780.135    40864.135    40908.135
   515:    40955.135    40992.135    41026.135    41144.135    41182.135
   520:    41261.135    41298.135    41345.135    41431.135    41537.135
   525:    41758.135    41798.135    41836.135    41877.135    41916.135
   530:    42023.135    42062.825    42062.920    43562.910    43564.614
   535:    46314.624    46315.714    46705.124    46748.124    46782.124
   540:    46818.124    46858.124    46887.124    46947.124    46981.124
   545:    47013.124    47045.124    47077.124    47107.124    47165.124
   550:    47195.124    47229.124    47264.124    47296.124    47331.124
   555:    47361.124    47395.124    47429.124    47463.124    47499.124
   560:    47534.124    47570.124    47607.124    47643.124    47677.124
   565:    47712.124    47749.124    47784.124    47822.124    47855.124
   570:    47889.124    47926.124    47963.124    48000.124    48038.124
   575:    48075.124    48113.124    48148.124    48186.124    48222.124
   580:    48259.124    48296.124    48334.124    48372.124    48409.124
   585:    48446.124    48516.124    48556.124    48593.124    48628.124
   590:    48662.124    48695.124    48729.124    48765.124    48800.124
   595:    48834.124    48872.124    48907.124    48980.124    49023.124
   600:    49059.124    49096.724    49096.920    49096.901    49096.094
   605:    49396.902    50896.910    50898.615    54748.625    54749.815
   610:    55083.135    55118.135    55156.135    55193.135    55229.135
   615:    55262.135    55295.135    55329.135    55363.135    55397.135
   620:    55430.135    55463.135    55499.135    55532.135    55566.135
   625:    55602.135    55635.135    55673.135    55710.135    55749.135
   630:    55783.135    55822.135    55863.135    55900.135    55936.135
   635:    55974.135    56011.135    56050.135    56086.135    56122.135
   640:    56165.135    56204.135    56240.135    56279.135    56328.135
   645:    56368.135    56407.135    56446.135    56486.135    56525.135
   650:    56564.135    56601.135    56641.135    56684.135    56723.135
   655:    56766.135    56808.135    56850.135    56889.135    56928.135
   660:    56967.135    57010.135    57051.135    57088.135    57129.135
   665:    57167.135    57207.135    57247.135    57290.135    57333.135
   670:    57376.135    57418.135    57455.135    57510.135    57555.135
   675:    57600.135    57642.135    57686.135    57726.135    57766.135
   680:    57803.135    57847.135    57889.135    57931.135    57975.135
   685:    58026.135    58077.135    58122.135    58166.135    58207.135
   690:    58246.135    58288.135    58333.135    58379.135    58421.135
   695:    58464.135    58504.135    58544.135    58584.135    58630.135
   700:    58670.135    58711.135    58751.135    58788.135    58833.135
   705:    58872.135    58926.135    58974.135    59012.135    59051.135
   710:    59088.135    59127.135    59176.135    59228.135    59334.135
   715:    59377.135    59415.135    59456.135    59503.135    59551.135
   720:    59597.135    59682.135    59725.135    59767.135    59896.135
   725:    59937.135    59977.135    60016.135    60136.135    60176.135
   730:    60216.135    60259.135    60359.135    60400.135    60436.135
   735:    60477.135    60515.135    60557.135    60596.135    60633.135
   740:    60832.135    60877.135    60986.135    61032.135    61235.135
   745:    61288.135    61484.135    61529.135    61574.135    61718.135
   750:    61769.135    61880.135    62035.135    62245.135    62324.135
   755:    62749.825    62749.920    64249.910    64251.611    65251.621
   760:    65252.711    65461.121    65533.121    65567.121    65602.121
   765:    65632.121    65665.121    65696.121    65726.121    65759.121
   770:    65798.121    65831.121    65866.121    65899.121    65933.121
   775:    65968.121    66004.121    66041.121    66076.121    66112.121
   780:    66151.121    66187.121    66227.121    66266.721    66266.920
   785:    66266.901    66266.091    66566.902    68066.910    68068.612
   790:    69468.622    69469.712    69709.122    69781.122    69817.122
   795:    69851.122    69886.122    69916.122    69952.122    69983.122
   800:    70018.122    70052.122    70086.122    70119.122    70154.122
   805:    70189.122    70226.122    70263.122    70298.122    70337.122
   810:    70374.122    70412.122    70448.122    70486.122    70524.122
   815:    70563.122    70601.122    70640.122    70678.122    70718.122
   820:    70754.122    70792.122    70834.122    70873.722    70873.920
   825:    70873.901    70873.092    71173.902    72673.910    72675.612
   830:    74075.622    74076.712    74310.122    74350.122    74386.122
   835:    74422.122    74455.122    74486.122    74521.122    74557.122
   840:    74592.122    74628.122    74666.122    74706.122    74742.122
   845:    74782.122    74821.122    74859.122    74898.122    74938.122
   850:    74977.122    75015.122    75053.122    75097.122    75137.122
   855:    75176.122    75215.122    75253.122    75296.122    75338.122
   860:    75382.122    75424.122    75468.122    75511.722    75511.920
   865:    75511.901    75511.092    75811.902    77311.910    77313.613
   870:    79263.623    79264.713    79516.123    79557.123    79591.123
   875:    79623.123    79653.123    79692.123    79729.123    79768.123
   880:    79804.123    79840.123    79877.123    79914.123    79952.123
   885:    79987.123    80025.123    80063.123    80093.123    80131.123
   890:    80169.123    80206.123    80245.123    80284.123    80326.123
   895:    80365.123    80407.123    80449.123    80488.123    80529.123
   900:    80569.123    80610.123    80651.123    80696.123    80740.123
   905:    80784.123    80824.123    80867.123    80908.123    80950.123
   910:    80990.123    81036.123    81078.123    81119.123    81159.123
   915:    81201.123    81243.723    81243.920    81243.901    81243.093
   920:    81543.902    83043.910    83045.611    84045.621    84046.711
   925:    84295.121    84330.121    84362.121    84394.121    84433.121
   930:    84471.121    84511.121    84549.121    84589.121    84624.121
   935:    84659.121    84694.121    84730.121    84767.121    84804.121
   940:    84841.121    84877.121    84919.121    84954.121    84993.121
   945:    85033.121    85070.721    85070.920    85070.901    85070.091
   950:    85370.902    86870.910    86872.613    88822.623    88823.713
   955:    89128.123    89176.123    89227.123    89265.123    89301.123
   960:    89345.123    89387.123    89429.123    89477.123    89521.123
   965:    89564.123    89601.123    89642.123    89681.123    89724.123
   970:    89767.123    89818.123    89853.123    89894.123    89935.123
   975:    89973.123    90018.123    90060.123    90102.123    90141.123
   980:    90181.123    90223.123    90264.123    90301.123    90341.123
   985:    90381.123    90421.123    90461.123    90501.123    90541.123
   990:    90586.123    90628.123    90673.123    90714.123    90756.123
   995:    90802.723    90802.920    90802.901    90802.093    91102.902
  1000:    92602.910    92604.613    94554.623    94555.713    94879.123
  1005:    94920.123    95018.123    95051.123    95091.123    95132.123
  1010:    95171.123    95214.123    95255.123    95299.123    95341.123
  1015:    95379.123    95416.123    95457.123    95497.123    95534.123
  1020:    95576.123    95616.123    95655.123    95693.123    95732.123
  1025:    95772.123    95815.123    95857.123    95898.123    95938.123
  1030:    95953.123    95995.123    96035.123    96075.123    96116.123
  1035:    96157.123    96200.123    96240.123    96285.123    96327.123
  1040:    96371.123    96413.123    96456.123    96501.123    96547.723
  1045:    96547.920    96547.901    96547.093    96847.902    98347.910
  1050:    98349.613   100299.623   100300.713   100535.123   100572.123
  1055:   100609.123   100644.123   100712.123   100742.123   100785.123
  1060:   100820.123   100853.123   100885.123   100918.123   100950.123
  1065:   100983.123   101016.123   101049.123   101082.123   101115.123
  1070:   101151.123   101186.123   101220.123   101255.123   101288.123
  1075:   101325.123   101398.123   101436.123   101472.123   101509.123
  1080:   101579.123   101619.123   101656.123   101693.123   101731.123
  1085:   101770.123   101811.123   101849.123   101888.123   101928.123
  1090:   101965.123   102042.123   102079.123   102123.123   102165.123
  1095:   102203.123   102244.123   102282.723   102282.920   102282.901
  1100:   102282.093   102582.902   104082.910   104084.612   105484.622
  1105:   105485.712   105843.122   105914.122   105944.122   105979.122
  1110:   106016.122   106044.122   106081.122   106112.122   106146.122
  1115:   106247.122   106283.122   106319.122   106352.122   106386.122
  1120:   106422.122   106458.122   106494.122   106530.122   106567.122
  1125:   106603.122   106640.122   106677.122   106714.122   106754.122
  1130:   106794.122   106810.122   106848.122   106883.122   106922.722
  1135:   106922.920   106922.901   106922.092   107222.902   108722.910
  1140:   108724.615   112574.625   112575.715   112909.125   112946.125
  1145:   113041.125   113074.125   113312.125   113346.125   113385.125
  1150:   113423.125   113463.125   113504.125   113545.125   113577.125
  1155:   113662.125   113694.125   113733.125   113772.125   113811.125
  1160:   113851.125   113889.125   113926.125   114000.125   114034.125
  1165:   114073.125   114108.125   114146.125   114179.125   114215.125
  1170:   114253.125   114294.125   114372.125   114408.125   114450.125
  1175:   114487.125   114524.125   114564.125   114647.125   114688.125
  1180:   114732.125   114774.125   114815.125   114859.125   114946.125
  1185:   114982.125   115065.125   115107.125   115149.125   115187.125
  1190:   115230.125   115273.125   115315.125   115356.125   115407.125
  1195:   115448.125   115489.125   115530.125   115571.125   115617.125
  1200:   115658.125   115696.125   115741.125   115783.125   115870.125
  1205:   115908.125   115953.125   115992.125   116033.125   116118.125
  1210:   116158.125   116199.125   116238.125   116282.125   116324.125
  1215:   116362.125   116401.125   116444.725   116444.920   116444.901
  1220:   116444.095   116744.902   118244.910   118246.613   120196.623
  1225:   120197.713   120485.123   120626.123   120669.123   120703.123
  1230:   120740.123   120774.123   120810.123   120873.123   120909.123
  1235:   120941.123   120976.123   121011.123   121108.123   121146.123
  1240:   121182.123   121216.123   121250.123   121285.123   121321.123
  1245:   121392.123   121404.123   121444.123   121482.123   121521.123
  1250:   121562.123   121598.123   121637.123   121681.123   121722.123
  1255:   121761.123   121796.123   121830.123   121864.123   121905.123
  1260:   121951.123   121988.123   122024.123   122062.123   122101.123
  1265:   122182.723   122182.920   122182.901   122182.093   122482.902
  1270:   123982.910   123984.612   125384.622   125385.712   125791.122
  1275:   125823.122   125861.122   125899.122   125927.122   125961.122
  1280:   125996.122   126031.122   126064.122   126098.122   126132.122
  1285:   126166.122   126200.122   126236.122   126272.122   126308.122
  1290:   126345.122   126357.122   126399.122   126434.122   126471.122
  1295:   126506.122   126550.122   126589.122   126628.122   126664.122
  1300:   126704.122   126742.122   126779.122   126819.722   126819.920
  1305:   126819.901   126819.092   127119.902   128619.910   128621.615
  1310:   132471.625   132472.715   133098.125   133131.125   133329.125
  1315:   133370.125   133405.125   133445.125   133483.125   133523.125
  1320:   133561.125   133598.125   133637.125   133744.125   133782.125
  1325:   133818.125   133854.125   133887.125   133987.125   134021.125
  1330:   134057.125   134093.125   134166.125   134202.125   134239.125
  1335:   134277.125   134314.125   134363.125   134402.125   134439.125
  1340:   134480.125   134516.125   134554.125   134594.125   134634.125
  1345:   134671.125   134708.125   134746.125   134784.125   134820.125
  1350:   134858.125   134898.125   134935.125   134973.125   135013.125
  1355:   135088.125   135123.125   135205.125   135242.125   135282.125
  1360:   135321.125   135402.125   135441.125   135477.125   135555.125
  1365:   135599.125   135639.125   135680.125   135760.125   135801.125
  1370:   135853.125   135894.125   135935.125   135975.125   136060.125
  1375:   136103.125   136145.125   136180.125   136222.125   136274.125
  1380:   136316.125   136353.725   136353.920   136353.901   136353.095
  1385:   136653.902   138153.910   138155.615   142005.625   142006.715
  1390:   143002.125   143187.125   143278.125   143314.125   143335.125
  1395:   143368.125   143403.125   143440.125   143479.125   143522.125
  1400:   143561.125   143597.125   143644.125   143686.125   143724.125
  1405:   143760.125   143799.125   143834.125   143870.125   143901.125
  1410:   143938.125   143972.125   144011.125   144047.125   144086.125
  1415:   144158.125   144194.125   144234.125   144272.125   144308.125
  1420:   144350.125   144358.125   144434.125   144468.125   144507.125
  1425:   144546.125   144586.125   144625.125   144662.125   144700.125
  1430:   144715.125   144752.125   144790.125   144830.125   144869.125
  1435:   144907.125   144947.125   144988.125   145030.125   145071.125
  1440:   145114.125   145153.125   145194.125   145237.125   145281.125
  1445:   145325.125   145365.125   145403.125   145442.125   145482.125
  1450:   145522.125   145572.125   145649.125   145693.125   145733.125
  1455:   145778.125   145861.725   145861.920   145861.901   145861.095
  1460:   146161.902   147661.910   147663.615   151513.625   151514.715
  1465:   152903.125   152986.125   153134.125   153247.125   153413.125
  1470:   153451.125   153523.125   153637.125   153722.125   153762.125
  1475:   153800.125   153839.125   153870.125   153908.125   153951.125
  1480:   153993.125   154034.125   154076.125   154119.125   154152.125
  1485:   154193.125   154234.125   154275.125   154313.125   154351.125
  1490:   154389.125   154425.125   154459.125   154499.125   154537.125
  1495:   154573.125   154611.125   154651.125   154686.125   154723.125
  1500:   154765.125   154778.125   154818.125   154854.125   154891.125
  1505:   154928.125   155013.125   155054.125   155097.125   155135.125
  1510:   155173.125   155217.125   155259.125   155302.125   155340.125
  1515:   155380.725   155380.920   155380.901   155380.095   155680.902
  1520:   157180.910   157182.611   158182.621   158183.711   158454.121
  1525:   158499.121   158534.121   158565.121   158595.121   158624.121
  1530:   158653.121   158712.121   158744.121   158777.121   158842.121
  1535:   158874.121   158906.121   158940.121   158975.121   159008.121
  1540:   159040.121   159075.121   159109.121   159142.121   159177.121
  1545:   159210.721   159210.920   159210.901   159210.091   159510.902
  1550:   161010.910   161012.611   162012.621   162013.711   162220.121
  1555:   162262.121   162360.121   162401.121   162515.121   162547.121
  1560:   162576.121   162592.121   162624.121   162657.121   162689.121
  1565:   162725.121   162758.121   162790.121   162822.121   162854.121
  1570:   162888.121   162927.121   162965.121   163000.121   163033.721
  1575:   163033.920   163033.901   163033.091   163333.902   164833.910
  1580:   164835.611   165835.621   165836.711   166213.121   166247.121
  1585:   166279.121   166312.121   166343.121   166376.121   166407.121
  1590:   166442.121   166471.121   166507.121   166540.121   166575.121
  1595:   166609.121   166642.121   166675.121   166713.121   166745.121
  1600:   166782.121   166817.121   166853.721   166853.920   166853.901
  1605:   166853.091   167153.902   168653.910   168655.611   169655.621
  1610:   169656.711   169804.121   169841.121   169877.121   169910.121
  1615:   169939.121   169970.121   170003.121   170033.121   170062.121
  1620:   170092.121   170125.121   170156.121   170188.121   170222.121
  1625:   170256.121   170291.121   170326.121   170396.121   170430.121
  1630:   170465.121   170501.121   170535.121   170571.121   170606.121
  1635:   170642.121   170681.721   170681.920   170681.901   170681.091
  1640:   170981.902   172481.910   172483.612   173883.622   173884.712
  1645:   174116.122   174237.122   174275.122   174304.122   174342.122
  1650:   174373.122   174404.122   174435.122   174465.122   174497.122
  1655:   174560.122   174594.122   174630.122   174662.122   174697.122
  1660:   174733.122   174768.122   174837.122   174905.122   174946.122
  1665:   174983.122   175019.122   175126.122   175163.122   175199.122
  1670:   175236.122   175271.122   175309.722   175309.920   175309.901
  1675:   175309.092   175609.902   177109.910   177111.613   179061.623
  1680:   179062.713   179303.123   179402.123   179432.123   179467.123
  1685:   179507.123   179541.123   179555.123   179590.123   179621.123
  1690:   179656.123   179684.123   179724.123   179756.123   179790.123
  1695:   179824.123   179862.123   179897.123   179931.123   179966.123
  1700:   180001.123   180040.123   180077.123   180155.123   180194.123
  1705:   180232.123   180270.123   180308.123   180384.123   180424.123
  1710:   180464.123   180503.123   180541.123   180583.123   180623.123
  1715:   180662.123   180702.123   180744.123   180780.123   180818.123
  1720:   180857.123   180895.123   180934.123   180979.123   181017.723
  1725:   181017.920   181017.901   181017.093   181317.902   182817.910
  1730:   182819.613   184769.623   184770.713   184944.123   184979.123
  1735:   185114.123   185149.123   185181.123   185219.123   185259.123
  1740:   185299.123   185361.123   185392.123   185468.123   185505.123
  1745:   185538.123   185575.123   185612.123   185646.123   185680.123
  1750:   185718.123   185760.123   185795.123   185836.123   185872.123
  1755:   185910.123   185948.123   185991.123   186028.123   186064.123
  1760:   186099.123   186136.123   186178.123   186214.123   186251.123
  1765:   186290.123   186327.123   186362.123   186396.123   186432.123
  1770:   186467.123   186502.123   186537.123   186613.123   186657.123
  1775:   186694.123   186732.723   186732.920   186732.901   186732.093
  1780:   187032.902   188532.910   188534.613   190484.623   190485.713
  1785:   190872.123   190943.123   190975.123   191005.123   191035.123
  1790:   191062.123   191095.123   191157.123   191190.123   191221.123
  1795:   191253.123   191285.123   191318.123   191351.123   191383.123
  1800:   191417.123   191450.123   191486.123   191519.123   191554.123
  1805:   191588.123   191623.123   191658.123   191695.123   191731.123
  1810:   191769.123   191802.123   191877.123   191921.123   191961.123
  1815:   191999.123   192037.123   192074.123   192113.123   192151.123
  1820:   192189.123   192271.123   192311.123   192350.123   192393.123
  1825:   192439.723   192439.920   192439.901   192439.093   192739.902
  1830:   194239.910   194241.613   196191.623   196192.713   196494.123
  1835:   196527.123   196558.123   196594.123   196628.123   196661.123
  1840:   196698.123   196730.123   196764.123   196800.123   196833.123
  1845:   196872.123   196909.123   196943.123   196979.123   197014.123
  1850:   197054.123   197094.123   197133.123   197173.123   197212.123
  1855:   197254.123   197293.123   197336.123   197378.123   197421.123
  1860:   197462.123   197503.123   197546.123   197585.123   197627.123
  1865:   197677.123   197718.123   197760.123   197805.123   197846.123
  1870:   197888.123   197931.123   197979.123   198023.123   198071.123
  1875:   198113.123   198157.723   198157.920   198157.901   198157.093
  1880:   198457.902   199957.910   199959.614   202709.624   202710.714
  1885:   203218.124   203258.124   203298.124   203344.124   203383.124
  1890:   203433.124   203470.124   203509.124   203556.124   203596.124
  1895:   203640.124   203676.124   203724.124   203759.124   203804.124
  1900:   203845.124   203888.124   203932.124   203973.124   204012.124
  1905:   204053.124   204094.124   204133.124   204177.124   204217.124
  1910:   204258.124   204296.124   204340.124   204384.124   204425.124
  1915:   204470.124   204515.124   204558.124   204606.124   204647.124
  1920:   204690.124   204733.124   204774.124   204817.124   204857.124
  1925:   204898.124   204942.124   204984.124   205026.124   205070.124
  1930:   205114.124   205158.124   205202.124   205253.124   205297.124
  1935:   205345.124   205391.124   205431.124   205479.724   205479.920
  1940:   205479.901   205479.094   205779.902   207279.910   207281.611
  1945:   208281.621   208282.711   208600.121   208640.121   208671.121
  1950:   208704.121   208735.121   208769.121   208802.121   208841.121
  1955:   208878.121   208910.121   208941.121   208975.121   209010.121
  1960:   209046.121   209080.121   209158.121   209201.121   209241.121
  1965:   209283.721   209283.920   209283.901   209283.091   209583.902
  1970:   211083.910   211085.614   213835.624   213836.714   214006.124
  1975:   214041.124   214081.124   214331.124   214488.124   214521.124
  1980:   214558.124   214595.124   214636.124   214716.124   214750.124
  1985:   214902.124   214939.124   214977.124   215014.124   215057.124
  1990:   215088.124   215122.124   215159.124   215196.124   215234.124
  1995:   215274.124   215313.124   215350.124   215387.124   215464.124
  2000:   215507.124   215541.124   215578.124   215621.124   215659.124
  2005:   215741.124   215778.124   215816.124   215853.124   215893.124
  2010:   215931.124   215966.124   216007.124   216044.124   216084.124
  2015:   216124.124   216166.124   216248.124   216290.124   216332.124
  2020:   216371.124   216410.124   216451.124   216491.124   216534.124
  2025:   216608.724   216608.920   216608.901   216608.094   216908.902
  2030:   218408.910   218410.614   221160.624   221161.714   221311.124
  2035:   221408.124   221454.124   221792.124   221964.124   222049.124
  2040:   222166.124   222206.124   222235.124   222269.124   222306.124
  2045:   222347.124   222389.124   222428.124   222468.124   222512.124
  2050:   222550.124   222588.124   222630.124   222660.124   222694.124
  2055:   222753.124   222792.124   222830.124   222869.124   222903.124
  2060:   222942.124   223022.124   223060.124   223137.124   223177.124
  2065:   223218.124   223295.124   223329.124   223371.124   223410.124
  2070:   223449.124   223525.124   223563.124   223603.124   223641.124
  2075:   223680.124   223721.124   223777.124   223817.124   223854.124
  2080:   223893.124   223933.724   223933.920   223933.901   223933.094
  2085:   224233.902   225733.910   225735.614   228485.624   228486.714
  2090:   229014.124   229056.124   229087.124   229123.124   229160.124
  2095:   229238.124   229269.124   229343.124   229381.124   229429.124
  2100:   229507.124   229543.124   229588.124   229629.124   229706.124
  2105:   229745.124   229778.124   229819.124   229857.124   229894.124
  2110:   229932.124   229972.124   230010.124   230051.124   230092.124
  2115:   230129.124   230167.124   230206.124   230243.124   230316.124
  2120:   230357.124   230437.124   230476.124   230516.124   230557.124
  2125:   230596.124   230634.124   230674.124   230715.124   230757.124
  2130:   230793.124   230869.124   230912.124   230990.124   231077.124
  2135:   231120.124   231161.124   231207.124   231252.724   231252.920
  2140:   231252.901   231252.094   231552.902   233052.910   233054.611
  2145:   234054.621   234055.711   234397.121   234434.121   234472.121
  2150:   234504.121   234542.121   234584.121   234615.121   234644.121
  2155:   234676.121   234777.121   234813.121   234845.121   234877.121
  2160:   234911.121   234951.121   234983.121   235020.121   235056.721
  2165:   235056.920   235056.901   235056.091   235356.902   236856.910
  2170:   236858.612   238258.622   238259.712   238634.122   238671.122
  2175:   238712.122   238847.122   238879.122   238908.122   238938.122
  2180:   238967.122   239001.122   239034.122   239074.122   239103.122
  2185:   239141.122   239175.122   239212.122   239245.122   239283.122
  2190:   239318.122   239359.122   239396.122   239433.122   239472.122
  2195:   239513.122   239553.122   239588.122   239628.122   239666.722
  2200:   239666.920   239666.901   239666.092   239966.902   241466.910
  2205:   241468.611   242468.621   242469.711   242717.121   242759.121
  2210:   242944.121   242974.121   243005.121   243035.121   243064.121
  2215:   243126.121   243158.121   243221.121   243253.121   243285.121
  2220:   243320.121   243354.121   243391.121   243424.121   243462.121
  2225:   243495.721   243495.920   243495.901   243495.091   243795.902
  2230:   245295.910   245297.611   246297.621   246298.711   246617.121
  2235:   246705.121   246735.121   246768.121   246795.121   246828.121
  2240:   246859.121   246889.121   246922.121   246956.121   246988.121
  2245:   247022.121   247054.121   247091.121   247125.121   247162.121
  2250:   247198.121   247232.121   247269.121   247305.721   247305.920
  2255:   247305.901   247305.091   247605.902   249105.910   249107.612
  2260:   250507.622   250508.712   250971.122   251011.122   251055.122
  2265:   251086.122   251116.122   251145.122   251177.122   251204.122
  2270:   251265.122   251295.122   251361.122   251394.122   251427.122
  2275:   251460.122   251495.122   251529.122   251569.122   251611.122
  2280:   251647.122   251684.122   251721.122   251760.122   251796.122
  2285:   251836.122   251870.122   251909.722   251909.920   251909.901
  2290:   251909.092   252209.902   253709.910   253711.613   255661.623
  2295:   255662.713   255820.123   255937.123   255970.123   256002.123
  2300:   256041.123   256071.123   256141.123   256213.123   256246.123
  2305:   256280.123   256318.123   256356.123   256392.123   256433.123
  2310:   256467.123   256507.123   256625.123   256666.123   256702.123
  2315:   256743.123   256784.123   256820.123   256897.123   256982.123
  2320:   257026.123   257065.123   257102.123   257181.123   257216.123
  2325:   257258.123   257295.123   257371.123   257408.123   257450.123
  2330:   257490.123   257532.123   257574.123   257613.723   257613.920
  2335:   257613.901   257613.093   257913.902   259413.910   259415.614
  2340:   262165.624   262166.714   262860.124   262904.124   263158.124
  2345:   263236.124   263271.124   263478.124   263518.124   263556.124
  2350:   263629.124   263711.124   263744.124   263781.124   263826.124
  2355:   263870.124   263910.124   263950.124   263987.124   264059.124
  2360:   264096.124   264128.124   264166.124   264213.124   264254.124
  2365:   264290.124   264327.124   264365.124   264441.124   264481.124
  2370:   264523.124   264565.124   264605.124   264684.124   264723.124
  2375:   264762.124   264800.124   264841.124   264885.124   264925.724
  2380:   264925.920   264925.901   264925.094   265225.902   266725.910
  2385:   266727.611   267727.621   267728.711   268134.121   268204.121
  2390:   268233.121   268266.121   268304.121   268336.121   268368.121
  2395:   268403.121   268436.121   268471.121   268507.121   268540.121
  2400:   268574.121   268606.121   268642.121   268679.121   268715.121
  2405:   268751.721   268751.920   268751.901   268751.091   269051.902
  2410:   270551.910   270553.611   271553.621   271554.711   271867.121
  2415:   271904.121   271936.121   271964.121   271991.121   272025.121
  2420:   272055.121   272085.121   272116.121   272145.121   272175.121
  2425:   272210.121   272242.121   272276.121   272310.121   272345.121
  2430:   272379.121   272411.121   272445.121   272477.121   272512.121
  2435:   272548.121   272587.721   272587.920   272587.901   272587.091
  2440:   272887.902   274387.910   274389.614   277139.624   277140.714
  2445:   277453.124   277489.124   277567.124   277607.124   277650.124
  2450:   277714.124   277750.124   277785.124   277814.124   277846.124
  2455:   277880.124   277915.124   277954.124   277992.124   278028.124
  2460:   278061.124   278098.124   278130.124   278169.124   278202.124
  2465:   278236.124   278269.124   278305.124   278337.124   278373.124
  2470:   278407.124   278443.124   278480.124   278517.124   278551.124
  2475:   278628.124   278666.124   278742.124   278780.124   278820.124
  2480:   278860.124   278872.124   278947.124   278985.124   279026.124
  2485:   279066.124   279105.124   279144.124   279185.124   279225.124
  2490:   279265.124   279303.124   279344.124   279384.124   279425.124
  2495:   279503.124   279545.124   279585.124   279626.124   279668.124
  2500:   279708.124   279747.124   279788.124   279871.124   279910.724
  2505:   279910.920   279910.901   279910.094   280210.902   281710.910
  2510:   281712.611   282712.621   282713.711   283088.121   283119.121
  2515:   283152.121   283183.121   283211.121   283246.121   283276.121
  2520:   283307.121   283339.121   283370.121   283408.121   283440.121
  2525:   283474.121   283506.121   283540.121   283609.121   283643.121
  2530:   283681.121   283717.721   283717.920   283717.901   283717.091
  2535:   284017.902   285517.910   285519.614   288269.624   288270.714
  2540:   288452.124   288629.124   288660.124   288739.124   288772.124
  2545:   288809.124   288843.124   288889.124   288921.124   288956.124
  2550:   288991.124   289031.124   289071.124   289110.124   289177.124
  2555:   289213.124   289249.124   289288.124   289329.124   289361.124
  2560:   289395.124   289432.124   289468.124   289506.124   289579.124
  2565:   289616.124   289648.124   289686.124   289724.124   289764.124
  2570:   289801.124   289836.124   289878.124   289913.124   289949.124
  2575:   289991.124   290031.124   290067.124   290148.124   290192.124
  2580:   290231.124   290268.124   290305.124   290342.124   290381.124
  2585:   290421.124   290460.124   290497.124   290539.124   290582.124
  2590:   290620.124   290663.124   290699.124   290738.124   290779.124
  2595:   290814.124   290851.124   290886.124   290926.124   290963.124
  2600:   290997.124   291040.724   291040.920   291040.901   291040.094
  2605:   291340.902   292840.910   292842.614   295592.624   295593.714
  2610:   296657.124   296787.124   296997.124   297027.124   297063.124
  2615:   297098.124   297136.124   297173.124   297244.124   297314.124
  2620:   297350.124   297390.124   297427.124   297465.124   297508.124
  2625:   297545.124   297578.124   297660.124   297696.124   297738.124
  2630:   297776.124   297812.124   297851.124   297887.124   297924.124
  2635:   297968.124   298003.124   298041.124   298081.124   298120.124
  2640:   298161.124   298238.124   298275.124   298316.124   298398.724
  2645:   298398.920   298398.901   298398.094   298698.902   300198.910
  2650:   300200.614   302950.624   302951.714   303246.124   304172.124
  2655:   304270.124   304415.124   304454.124   304495.124   304637.124
  2660:   304646.124   304687.124   304791.124   304831.124   304920.124
  2665:   304958.124   304983.124   305014.124   305088.124   305124.124
  2670:   305168.124   305205.124   305271.124   305307.124   305348.124
  2675:   305380.124   305418.124   305454.124   305490.124   305528.124
  2680:   305564.124   305599.124   305636.124   305672.124   305714.724
  2685:   305714.920   305714.901   305714.094   306014.902   307514.910
  2690:   307516.615   311366.625   311367.715   311971.125   312079.125
  2695:   312122.125   312151.125   312230.125   312262.125   312297.125
  2700:   312366.125   312400.125   312434.125   312471.125   312510.125
  2705:   312554.125   312584.125   312622.125   312662.125   312702.125
  2710:   312735.125   312773.125   312811.125   312845.125   312881.125
  2715:   312921.125   312958.125   312992.125   313026.125   313060.125
  2720:   313172.125   313206.125   313246.125   313288.125   313331.125
  2725:   313371.125   313412.125   313455.125   313498.125   313590.125
  2730:   313632.125   313670.125   313713.125   313754.125   313791.125
  2735:   313830.125   313867.125   313909.125   313952.125   313998.125
  2740:   314037.125   314078.125   314121.125   314159.125   314206.125
  2745:   314244.125   314280.125   314315.125   314351.125   314387.125
  2750:   314422.125   314530.125   314568.125   314604.125   314641.125
  2755:   314677.125   314718.125   314762.125   314802.125   314839.125
  2760:   314880.125   314921.125   314960.125   315044.125   315080.125
  2765:   315119.125   315161.125   315201.125   315239.725   315239.920
  2770:   315239.901   315239.095   315539.902   317039.910   317041.611
  2775:   318041.621   318042.811   318313.131   318354.131   318388.131
  2780:   318420.131   318454.131   318485.131   318520.131   318552.131
  2785:   318587.131   318626.131   318659.131   318695.131   318732.131
  2790:   318776.131   318815.131   318856.131   318893.131   318941.131
  2795:   318980.131   319017.131   319059.131   319099.131   319141.131
  2800:   319178.131   319218.131   319262.131   319304.131   319349.131
  2805:   319392.131   319433.131   319473.131   319519.131   319565.131
  2810:   319611.131   319653.131   319698.131   319742.131   319788.131
  2815:   319833.131   319879.131   319921.131   319968.131   320013.131
  2820:   320060.131   320103.131   320150.131   320197.131   320249.131
  2825:   320296.131   320337.131   320391.131   320431.131   320477.131
  2830:   320518.131   320555.131   320596.131   320642.131   320684.131
  2835:   320728.131   320770.131   320811.131   320851.131   320893.131
  2840:   320937.131   320978.131   321015.131   321061.131   321105.131
  2845:   321143.131   321183.131   321227.131   321268.131   321314.131
  2850:   321359.131   321402.131   321542.821   321542.920   321552.411
  2855:   323042.910   323044.611   324044.621   324045.711   324316.121
  2860:   324352.121   324386.121   324421.121   324450.121   324489.121
  2865:   324520.121   324556.121   324588.121   324626.121   324660.121
  2870:   324695.121   324732.121   324770.121   324809.121   324845.121
  2875:   324883.121   324923.121   324965.121   325003.121   325041.121
  2880:   325082.721   325082.920   325082.901   325082.091   325382.902
  2885:   326882.910   326884.611   327884.621   327885.711   328660.121
  2890:   328698.121   328740.121   328873.121   328911.721   328911.920
  2895:   328911.901   328911.091   329211.902   330711.910   330713.615
  2900:   334563.625   334564.715   335537.125   335586.125   335804.125
  2905:   335854.125   335893.125   335929.125   335972.125   336015.125
  2910:   336058.125   336103.125   336136.125   336171.125   336210.125
  2915:   336252.125   336293.125   336339.125   336376.125   336414.125
  2920:   336458.125   336506.125   336548.125   336591.125   336628.125
  2925:   336674.125   336713.125   336756.125   336799.125   336844.125
  2930:   336889.125   336935.125   336978.125   337022.125   337066.125
  2935:   337106.125   337150.125   337198.125   337242.125   337282.125
  2940:   337323.125   337366.125   337408.125   337451.125   337496.125
  2945:   337544.125   337587.125   337635.125   337684.125   337724.125
  2950:   337767.125   337812.125   337858.125   337903.125   337946.125
  2955:   337995.125   338038.125   338078.125   338118.125   338154.125
  2960:   338195.125   338236.125   338282.125   338320.125   338358.125
  2965:   338396.125   338434.725   338434.920   338434.901   338434.095
  2970:   338734.902   340234.910   340236.611   341236.621   341237.811
  2975:   341527.131   341568.131   341601.131   341633.131   341662.131
  2980:   341694.131   341725.131   341755.131   341790.131   341825.131
  2985:   341859.131   341891.131   341925.131   341962.131   341998.131
  2990:   342036.131   342075.131   342114.131   342151.131   342187.131
  2995:   342223.131   342261.131   342303.131   342346.131   342385.131
  3000:   342423.131   342462.131   342505.131   342545.131   342589.131
  3005:   342630.131   342670.131   342711.131   342754.131   342796.131
  3010:   342839.131   342880.131   342923.131   342965.131   343011.131
  3015:   343064.131   343103.131   343149.131   343159.131   343205.131
  3020:   343245.131   343297.131   343417.131   343564.131   343694.131
  3025:   344737.821   344737.920   346237.910   346239.612   347639.622
  3030:   347640.712   348656.122   348707.122   348745.122   348779.122
  3035:   348813.122   348849.122   348881.122   348915.122   348947.122
  3040:   348989.122   349021.122   349056.722   349056.920   349056.901
  3045:   349056.092   349356.902   350856.910   350858.612   352258.622
  3050:   352259.812   352569.132   352701.132   352734.132   352768.132
  3055:   352802.132   352832.132   352869.132   352901.132   352934.132
  3060:   352968.132   353003.132   353040.132   353073.132   353112.132
  3065:   353149.132   353188.132   353224.132   353259.132   353295.132
  3070:   353333.132   353378.132   353417.132   353457.132   353493.132
  3075:   353531.132   353572.132   353613.132   353655.132   353696.132
  3080:   353737.132   353781.132   353822.132   353862.132   353905.132
  3085:   353945.132   353985.132   354030.132   354072.132   354115.132
  3090:   354153.132   354191.132   354232.132   354273.132   354317.132
  3095:   354362.132   354403.132   354441.132   354485.132   354527.132
  3100:   354541.132   354585.132   354624.132   354665.132   354701.132
  3105:   354746.132   354787.132   354830.132   354873.132   354885.132
  3110:   354962.132   355005.132   355047.132   355087.132   355127.132
  3115:   355166.132   355205.132   355248.132   355296.132   355342.132
  3120:   355389.132   355427.132   355467.132   355512.132   355555.132
  3125:   355601.132   355683.132   355725.132   355765.132   355803.132
  3130:   355846.132   355897.132   355940.132   355984.132   356064.132
  3135:   356105.132   356188.132   356259.822   356259.920   356270.411
  3140:   357759.910   357761.612   359161.622   359162.812   359571.132
  3145:   359612.132   359643.132   359679.132   359715.132   359750.132
  3150:   359786.132   359819.132   359860.132   359897.132   359933.132
  3155:   359970.132   360008.132   360050.132   360088.132   360129.132
  3160:   360167.132   360205.132   360248.132   360287.132   360328.132
  3165:   360367.132   360407.132   360452.132   360493.132   360532.132
  3170:   360571.132   360610.132   360646.132   360694.132   360731.132
  3175:   360773.132   360785.132   360829.132   360873.132   361010.132
  3180:   361053.132   361202.132   361211.132   361262.132   361370.132
  3185:   361514.132   362277.132   362684.132   362757.132   363081.132
  3190:   363162.822   363162.920   364662.910   364664.611   365664.621
  3195:   365665.711   366530.121   366725.721   366725.920   366725.901
  3200:   366725.091   367025.902   368525.910   368527.612   369927.622
  3205:   369928.712   370439.122   370482.122   370518.122   370549.122
  3210:   370588.122   370622.122   370665.122   370700.122   370734.122
  3215:   370764.122   370803.122   370839.122   370871.122   370905.122
  3220:   370944.122   370981.122   371021.122   371056.122   371090.122
  3225:   371130.122   371167.122   371203.122   371241.122   371280.122
  3230:   371288.122   371329.722   371329.920   371329.901   371329.092
  3235:   371629.902   373129.910   373131.612   374531.622   374532.712
  3240:   374882.122   374916.122   374951.122   374993.122   375025.122
  3245:   375060.122   375091.122   375122.122   375157.122   375192.122
  3250:   375227.122   375261.122   375299.122   375333.122   375371.122
  3255:   375406.122   375443.122   375481.122   375519.122   375557.122
  3260:   375594.122   375630.122   375668.122   375705.122   375746.122
  3265:   375785.122   375823.122   375865.122   375908.122   375947.722
  3270:   375947.920   375947.901   375947.092   376247.902   377747.910
  3275:   377749.611   378749.621   378750.811   378940.131   378983.131
  3280:   379024.131   379096.131   379134.131   379165.131   379195.131
  3285:   379230.131   379265.131   379303.131   379339.131   379374.131
  3290:   379422.131   379458.131   379493.131   379528.131   379565.131
  3295:   379601.131   379639.131   379681.131   379720.131   379758.131
  3300:   379805.131   379844.131   379883.131   379921.131   379960.131
  3305:   380003.131   380044.131   380082.131   380123.131   380167.131
  3310:   380207.131   380252.131   380295.131   380336.131   380376.131
  3315:   380418.131   380457.131   380500.131   380541.131   380583.131
  3320:   380625.131   380663.131   380708.131   380751.131   380789.131
  3325:   380829.131   380867.131   380911.131   380951.131   380991.131
  3330:   381035.131   381074.131   381114.131   381207.131   381334.131
  3335:   381382.131   381450.131   382250.821   382250.920   383750.910
  3340:   383752.611   384752.621   384753.711   385161.121   385201.121
  3345:   385244.121   385277.121   385311.121   385347.121   385379.121
  3350:   385406.121   385444.121   385478.121   385514.121   385547.121
  3355:   385589.121   385624.121   385661.121   385698.121   385733.121
  3360:   385768.721   385768.920   385768.901   385768.091   386068.902
  3365:   387568.910   387570.611   388570.621   388571.711   388945.121
  3370:   389035.121   389068.121   389099.121   389128.121   389159.121
  3375:   389195.121   389227.121   389262.121   389298.121   389337.121
  3380:   389370.121   389403.121   389438.121   389473.121   389509.121
  3385:   389547.121   389584.721   389584.920   389584.901   389584.091
  3390:   389884.902   391384.910   391386.613   393336.623   393337.713
  3395:   393613.123   393651.123   393956.123   394006.123   394044.123
  3400:   394083.123   394130.123   394181.123   394248.123   394292.123
  3405:   394324.123   394363.123   394401.123   394442.123   394485.123
  3410:   394519.123   394557.123   394596.123   394636.123   394673.123
  3415:   394714.123   394752.123   394791.123   394831.123   394868.123
  3420:   394908.123   394944.123   394989.123   395029.123   395067.123
  3425:   395108.123   395154.123   395195.123   395238.123   395278.123
  3430:   395316.723   395316.920   395316.901   395316.093   395616.902
  3435:   397116.910   397118.612   398518.622   398519.712   398878.122
  3440:   398961.122   398999.122   399033.122   399074.122   399109.122
  3445:   399143.122   399178.122   399215.122   399250.122   399281.122
  3450:   399318.122   399353.122   399386.122   399422.122   399456.122
  3455:   399493.122   399531.122   399569.122   399606.122   399641.122
  3460:   399678.122   399717.122   399754.122   399793.122   399832.122
  3465:   399874.122   399913.122   399955.722   399955.920   399955.901
  3470:   399955.092   400255.902   401755.910   401757.611   402757.621
  3475:   402758.711   403149.121   403194.121   403228.121   403260.121
  3480:   403297.121   403328.121   403364.121   403397.121   403432.121
  3485:   403469.121   403504.121   403540.121   403577.121   403611.121
  3490:   403647.121   403681.121   403725.121   403762.721   403762.920
  3495:   403762.901   403762.091   404062.902   405562.910   405564.611
  3500:   406564.621   406565.811   406983.131   407025.131   407057.131
  3505:   407098.131   407128.131   407159.131   407189.131   407220.131
  3510:   407256.131   407295.131   407329.131   407362.131   407397.131
  3515:   407432.131   407468.131   407513.131   407550.131   407605.131
  3520:   407640.131   407680.131   407720.131   407758.131   407797.131
  3525:   407834.131   407870.131   407909.131   407952.131   407994.131
  3530:   408032.131   408073.131   408114.131   408160.131   408204.131
  3535:   408245.131   408282.131   408326.131   408366.131   408409.131
  3540:   408449.131   408489.131   408531.131   408572.131   408608.131
  3545:   408649.131   408692.131   408740.131   408793.131   408831.131
  3550:   408870.131   408982.131   409583.131   409663.131   410065.821
  3555:   410065.920   411565.910   411567.612   412967.622   412968.812
  3560:   413383.132   413604.132   413637.132   413677.132   413715.132
  3565:   413752.132   413789.132   413826.132   413859.132   413897.132
  3570:   413939.132   413980.132   414020.132   414057.132   414098.132
  3575:   414137.132   414173.132   414209.132   414245.132   414282.132
  3580:   414318.132   414357.132   414393.132   414431.132   414472.132
  3585:   414514.132   414554.132   414593.132   414632.132   414671.132
  3590:   414713.132   414750.132   414804.132   414849.132   414980.132
  3595:   415256.132   415806.132   416172.132   416684.132   416968.822
  3600:   416968.920   418468.910   418470.612   419870.622   419871.812
  3605:   420643.132   420758.132   420801.132   420875.132   420904.132
  3610:   420934.132   420962.132   420991.132   421025.132   421057.132
  3615:   421087.132   421117.132   421150.132   421182.132   421238.132
  3620:   421270.132   421301.132   421364.132   421403.132   421437.132
  3625:   421505.132   421537.132   421570.132   421680.132   421716.132
  3630:   421768.132   421799.132   421835.132   421878.132   421939.132
  3635:   421994.132   422101.132   422142.132   422299.132   422351.132
  3640:   422468.132   422611.132   422653.132   422739.132   422784.132
  3645:   422885.132   422929.132   423060.132   423097.132   423172.132
  3650:   423285.132   423447.132   423565.132   423759.132   423765.132
  3655:   423802.132   423871.822   423871.920   425371.910   425373.613
  3660:   427323.623   427324.813   427739.133   427781.133   427823.133
  3665:   427963.133   428001.133   428030.133   428199.133   428228.133
  3670:   428261.133   428294.133   428352.133   428398.133   428438.133
  3675:   428478.133   428511.133   428547.133   428582.133   428749.133
  3680:   428891.133   428960.133   428998.133   429034.133   429079.133
  3685:   429122.133   429156.133   429189.133   429224.133   429258.133
  3690:   429296.133   429332.133   429372.133   429407.133   429445.133
  3695:   429486.133   429529.133   429629.133   429705.133   429749.133
  3700:   429802.133   429884.133   429926.133   429970.133   430061.133
  3705:   430144.133   430231.133   430384.133   430534.133   430574.133
  3710:   430763.133   430797.133   430839.133   431021.133   431174.133
  3715:   431213.133   431947.133   431985.133   432124.823   432124.920
  3720:   433624.910   433626.613   435576.623   435577.813   435819.133
  3725:   436103.133   436273.133   436463.133   436695.133   436816.133
  3730:   436826.133   436951.133   436958.133   437090.133   437184.133
  3735:   437398.133   437484.133   437574.133   437741.133   437961.133
  3740:   438153.133   438493.133   438649.133   439073.133   439112.133
  3745:   439151.133   439196.133   439514.133   439554.133   439636.133
  3750:   439781.133   440058.133   440236.133   440377.823   440377.920
  3755:   440381.411   441877.910   441879.613   443829.623   443830.813
  3760:   444146.133   444289.133   444604.133   444806.133   444871.133
  3765:   444939.133   444947.133   444988.133   445130.133   445167.133
  3770:   445222.133   445266.133   445382.133   445564.133   445644.133
  3775:   445720.133   445923.133   446020.133   446101.133   446204.133
  3780:   446250.133   446350.133   446392.133   446428.133   446462.133
  3785:   446500.133   446555.133   446596.133   446647.133   446686.133
  3790:   446730.133   446780.133   446831.133   446878.133   447008.133
  3795:   447052.133   447149.133   447201.133   447244.133   447490.133
  3800:   447639.133   447927.133   448053.133   448158.133   448316.133
  3805:   448453.133   448630.823   448630.920   450130.910   450132.612
  3810:   451532.622   451533.812   451945.132   451982.132   452069.132
  3815:   452150.132   452226.132   452270.132   452299.132   452332.132
  3820:   452364.132   452397.132   452426.132   452456.132   452493.132
  3825:   452524.132   452590.132   452624.132   452658.132   452695.132
  3830:   452730.132   452765.132   452802.132   452838.132   452873.132
  3835:   452909.132   453156.132   453167.132   453209.132   453342.132
  3840:   453386.132   453483.132   453706.132   453824.132   453939.132
  3845:   454061.132   454180.132   454294.132   454750.132   454757.132
  3850:   454794.132   454946.132   455035.132   455071.132   455110.132
  3855:   455212.132   455533.822   455533.920   457033.910   457035.615
  3860:   460885.625   460886.715   461168.125   461482.125   461757.125
  3865:   462151.125   462194.125   462407.125   462650.125   462655.125
  3870:   462803.125   463296.125   463428.125   463500.125   463565.125
  3875:   463742.125   464233.125   464240.125   464633.125   464639.125
  3880:   464681.125   464848.725   464848.920   464848.901   464848.095
  3885:   465148.902   466648.910   466650.612   468050.622   468051.812
  3890:   468273.132   468389.132   468430.132   468472.132   468556.132
  3895:   468587.132   468619.132   468650.132   468682.132   468711.132
  3900:   468747.132   468811.132   468843.132   468873.132   468902.132
  3905:   468936.132   468969.132   469001.132   469037.132   469073.132
  3910:   469103.132   469135.132   469202.132   469234.132   469265.132
  3915:   469299.132   469334.132   469374.132   469407.132   469445.132
  3920:   469478.132   469513.132   469549.132   469586.132   469625.132
  3925:   469660.132   469702.132   469741.132   469779.132   469815.132
  3930:   469859.132   469896.132   469966.132   470004.132   470037.132
  3935:   470070.132   470106.132   470142.132   470177.132   470215.132
  3940:   470251.132   470287.132   470321.132   470366.132   470402.132
  3945:   470439.132   470481.132   470523.132   470562.132   470598.132
  3950:   470639.132   470676.132   470751.132   470787.132   470826.132
  3955:   470869.132   470910.132   470951.132   471004.132   471043.132
  3960:   471119.132   471158.132   471196.132   471237.132   471273.132
  3965:   471310.132   471394.132   471431.132   471513.132   471563.132
  3970:   471652.132   471697.132   471737.132   471774.132   471815.132
  3975:   471861.132   471901.132   471935.132   471970.132   472012.132
  3980:   472047.132   472051.822   472051.920   473551.910   473553.613
  3985:   475503.623   475504.813   476145.133   476233.133   476472.133
  3990:   476693.133   476745.133   476959.133   477214.133   477223.133
  3995:   477262.133   477505.133   477511.133   477557.133   477624.133
  4000:   477757.133   477950.133   477957.133   478011.133   478060.133
  4005:   478156.133   478163.133   478300.133   478605.133   478648.133
  4010:   478850.133   478974.133   479335.133   479341.133   479473.133
  4015:   479721.133   479728.133   479996.133   480062.133   480304.823
  4020:   480304.920   480311.411   481804.910   481806.614   484556.624
  4025:   484557.814   484820.134   484991.134   484998.134   485147.134
  4030:   485326.134   485376.134   485642.134   485686.134   485772.134
  4035:   485878.134   485931.134   486057.134   486163.134   486213.134
  4040:   486363.134   486451.134   486654.134   486698.134   486742.134
  4045:   486791.134   486839.134   486941.134   486993.134   487103.134
  4050:   487148.134   487193.134   487235.134   487281.134   487328.134
  4055:   487376.134   487482.134   487567.134   487650.134   487697.134
  4060:   487744.134   487784.134   487831.134   487937.134   488166.134
  4065:   488202.134   488315.134   488357.134   488465.134   488595.134
  4070:   488633.134   488716.134   488824.134   488949.134   489121.134
  4075:   489211.134   489253.134   489349.134   489909.134   489944.134
  4080:   489983.134   490158.134   490575.134   490613.134   490657.824
  4085:   490657.920   492157.910   492159.612   493559.622   493560.712
  4090:   493884.122   494046.122   494094.122   494187.122   494221.122
  4095:   494255.122   494290.122   494322.122   494354.122   494385.122
  4100:   494415.122   494451.122   494485.122   494519.122   494554.122
  4105:   494588.122   494627.122   494666.122   494704.122   494739.122
  4110:   494778.122   494817.122   494857.122   494896.122   494933.122
  4115:   494975.722   494975.920   494975.901   494975.092   495275.902
  4120:   496775.910   496777.614   499527.624   499528.814   500182.134
  4125:   500421.134   500465.134   500509.134   500558.134   500608.134
  4130:   500649.134   500748.134   500793.134   500869.134   500901.134
  4135:   500941.134   500984.134   501017.134   501056.134   501088.134
  4140:   501125.134   501167.134   501207.134   501243.134   501277.134
  4145:   501313.134   501352.134   501366.134   501408.134   501442.134
  4150:   501479.134   501514.134   501553.134   501593.134   501630.134
  4155:   501669.134   501712.134   501754.134   501795.134   501839.134
  4160:   501881.134   501917.134   501955.134   502000.134   502040.134
  4165:   502079.134   502117.134   502155.134   502193.134   502236.134
  4170:   502275.134   502325.134   502367.134   502481.134   502523.134
  4175:   502562.134   502652.134   502686.134   502724.134   502762.134
  4180:   502798.134   502836.134   502870.134   502910.134   502973.134
  4185:   503014.134   503052.134   503130.134   503172.134   503248.134
  4190:   503288.134   503324.134   503362.134   503401.134   503473.134
  4195:   503514.134   503591.134   503625.134   503662.134   503704.134
  4200:   503740.134   503779.134   503816.134   503857.134   503896.134
  4205:   503935.134   503976.134   504016.134   504061.134   504114.134
  4210:   504153.134   504193.134   504235.134   504272.134   504307.134
  4215:   504343.134   504377.134   504417.134   504490.134   504525.134
  4220:   504566.134   504718.134   504762.134   504886.134   505006.134
  4225:   505234.134   505542.134   505581.134   505628.824   505628.920
  4230:   507128.910   507130.613   509080.623   509081.713   510260.123
  4235:   510298.123   510339.123   510539.123   510570.123   510600.123
  4240:   510626.123   510660.123   510696.123   510733.123   510766.123
  4245:   510796.123   510869.123   510904.123   510942.123   510977.123
  4250:   511047.723   511047.920   511047.901   511047.093   511347.902
  4255:   512847.910   512849.614   515599.624   515600.814   515854.134
  4260:   515958.134   516054.134   516086.134   516257.134   516302.134
  4265:   516335.134   516378.134   516410.134   516447.134   516488.134
  4270:   516523.134   516558.134   516594.134   516628.134   516660.134
  4275:   516697.134   516736.134   516777.134   516846.134   516880.134
  4280:   516913.134   516952.134   516985.134   517020.134   517098.134
  4285:   517133.134   517169.134   517208.134   517248.134   517288.134
  4290:   517326.134   517361.134   517394.134   517430.134   517497.134
  4295:   517533.134   517569.134   517603.134   517637.134   517671.134
  4300:   517709.134   517744.134   517780.134   517811.134   517847.134
  4305:   517881.134   517914.134   517949.134   517984.134   518019.134
  4310:   518053.134   518089.134   518122.134   518159.134   518196.134
  4315:   518230.134   518269.134   518343.134   518378.134   518415.134
  4320:   518488.134   518528.134   518561.134   518596.134   518634.134
  4325:   518675.134   518715.134   518754.134   518793.134   518833.134
  4330:   518876.134   518910.134   519010.134   519042.134   519077.134
  4335:   519154.134   519191.134   519234.134   519269.134   519305.134
  4340:   519348.134   519392.134   519431.134   519514.134   519554.134
  4345:   519595.134   519635.134   519732.134   519842.134   520073.134
  4350:   520237.134   520569.134   520698.134   521026.134   521305.134
  4355:   521486.134   521700.824   521700.920   521703.411   523200.910
  4360:   523202.612   524602.622   524603.712   524938.122   525102.122
  4365:   525142.122   525172.122   525203.122   525229.122   525262.122
  4370:   525292.122   525320.122   525352.122   525387.122   525421.122
  4375:   525454.122   525486.122   525518.122   525553.122   525585.122
  4380:   525618.122   525651.122   525684.122   525721.122   525757.122
  4385:   525791.122   525828.122   525862.122   525898.122   525931.122
  4390:   525971.122   526011.722   526011.920   526011.901   526011.092
  4395:   526311.902   527811.910   527813.611   528813.621   528814.711
  4400:   529038.121   529250.121   529282.121   529343.121   529374.121
  4405:   529407.121   529442.121   529475.121   529508.121   529542.121
  4410:   529575.121   529608.121   529640.121   529677.121   529708.121
  4415:   529745.121   529780.121   529849.721   529849.920   529849.901
  4420:   529849.091   530149.902   531649.910   531651.612   533051.622
  4425:   533052.712   533477.122   533510.122   533544.122   533605.122
  4430:   533634.122   533692.122   533722.122   533754.122   533786.122
  4435:   533819.122   533851.122   533884.122   533916.122   533950.122
  4440:   533983.122   534017.122   534051.122   534086.122   534165.122
  4445:   534236.122   534270.122   534306.122   534345.122   534382.122
  4450:   534420.122   534458.722   534458.920   534458.901   534458.092
  4455:   534758.902   536258.910   536260.613   538210.623   538211.713
  4460:   538409.123   538517.123   538558.123   538598.123   538630.123
  4465:   538670.123   538708.123   538735.123   538767.123   538836.123
  4470:   538864.123   538899.123   538933.123   538971.123   539008.123
  4475:   539042.123   539078.123   539109.123   539146.123   539177.123
  4480:   539212.123   539245.123   539278.123   539311.123   539348.123
  4485:   539384.123   539418.123   539453.123   539528.123   539567.123
  4490:   539604.123   539638.123   539673.123   539708.123   539745.123
  4495:   539783.123   539818.123   539854.123   539893.123   539932.123
  4500:   539970.123   540009.123   540045.123   540081.123   540124.123
  4505:   540202.723   540202.920   540202.901   540202.093   540502.902
  4510:   542002.910   542004.611   543004.621   543005.811   543172.131
  4515:   543250.131   543286.131   543317.131   543346.131   543377.131
  4520:   543406.131   543472.131   543505.131   543539.131   543570.131
  4525:   543601.131   543634.131   543665.131   543697.131   543730.131
  4530:   543769.131   543802.131   543809.131   543842.131   543874.131
  4535:   543905.131   543937.131   543968.131   544004.131   544035.131
  4540:   544071.131   544105.131   544144.131   544178.131   544219.131
  4545:   544253.131   544293.131   544327.131   544362.131   544398.131
  4550:   544433.131   544505.131   544544.131   544579.131   544618.131
  4555:   544759.131   544805.131   544842.131   544877.131   544917.131
  4560:   544959.131   544997.131   545041.131   545163.131   545209.131
  4565:   545334.131   545469.131   545476.131   545615.131   545751.131
  4570:   545760.131   546017.131   546244.131   546410.131   546505.821
  4575:   546505.920   548005.910   548007.614   550757.624   550758.714
  4580:   552009.124   552103.124   552114.124   552335.124   552425.124
  4585:   552432.124   552592.124   552635.124   553060.124   553094.124
  4590:   553205.124   553395.124   553427.124   553461.124   553496.124
  4595:   553529.724   553529.920   553529.901   553529.094   553829.902
  4600:   555329.910   555331.615   559181.625   559182.715   560289.125
  4605:   560514.125   560644.125   561680.125   561723.125   562488.125
  4610:   562494.125   562692.125   562742.125   562844.125   562890.125
  4615:   563107.725   563107.920   563107.901   563107.095   563407.902
  4620:   564907.910   564909.612   566309.622   566310.712   566769.122
  4625:   566831.122   567005.122   567039.122   567067.122   567124.122
  4630:   567154.122   567187.122   567219.122   567256.122   567292.122
  4635:   567326.122   567433.122   567464.122   567504.122   567544.122
  4640:   567585.122   567629.122   567675.122   567714.722   567714.920
  4645:   567714.901   567714.092   568014.902   569514.910   569516.613
  4650:   571466.623   571467.813   572334.133   572511.133   572546.133
  4655:   572593.133   572699.133   572737.133   572804.133   572837.133
  4660:   572866.133   572898.133   572960.133   572989.133   573056.133
  4665:   573091.133   573126.133   573164.133   573197.133   573264.133
  4670:   573298.133   573340.133   573372.133   573409.133   573441.133
  4675:   573516.133   573553.133   573589.133   573621.133   573655.133
  4680:   573723.133   573761.133   573799.133   573830.133   573865.133
  4685:   573900.133   573981.133   574202.133   574256.133   574302.133
  4690:   574379.133   574423.133   574533.133   574577.133   574666.133
  4695:   574765.133   574810.133   574902.133   575021.133   575070.133
  4700:   575239.133   575389.133   575428.133   575548.133   575639.133
  4705:   575717.133   575816.133   575936.133   575971.133   576034.133
  4710:   576267.823   576267.920   577767.910   577769.612   579169.622
  4715:   579170.712   579862.122   579909.122   580033.122   580071.122
  4720:   580120.122   580256.122   580373.122   580445.122   580485.122
  4725:   580519.122   580550.122   580751.722   580751.920   580751.901
  4730:   580751.092   581051.902   582551.910   582553.612   583953.622
  4735:   583954.712   584101.122   584151.122   584228.122   584317.122
  4740:   584350.122   584395.122   584430.122   584459.122   584488.122
  4745:   584519.122   584586.122   584614.122   584646.122   584679.122
  4750:   584709.122   584745.122   584815.122   584846.122   584876.122
  4755:   584909.122   584940.122   584974.122   585012.122   585050.122
  4760:   585087.122   585120.122   585154.122   585226.122   585263.122
  4765:   585298.122   585332.122   585365.722   585365.920   585365.901
  4770:   585365.092   585665.902   587165.910   587167.611   588167.621
  4775:   588168.811   588485.131   588521.131   588559.131   588598.131
  4780:   588632.131   588664.131   588695.131   588722.131   588756.131
  4785:   588822.131   588855.131   588892.131   588956.131   588994.131
  4790:   589028.131   589060.131   589094.131   589127.131   589163.131
  4795:   589199.131   589235.131   589303.131   589339.131   589375.131
  4800:   589410.131   589447.131   589482.131   589521.131   589554.131
  4805:   589586.131   589619.131   589714.131   589749.131   589783.131
  4810:   589818.131   589855.131   589890.131   589987.131   590170.131
  4815:   590352.131   590444.131   590600.131   590645.131   590749.131
  4820:   590843.131   590957.131   590999.131   591099.131   591262.131
  4825:   591340.131   591430.131   591544.131   591668.821   591668.920
  4830:   591682.411   593168.910   593170.612   594570.622   594571.712
  4835:   595072.122   595165.122   595297.122   595418.122   595450.122
  4840:   595482.122   595512.122   595549.122   595578.122   595610.122
  4845:   595640.122   595702.122   595731.122   595762.122   595796.122
  4850:   595828.122   595862.122   595897.122   595925.122   595959.122
  4855:   595990.722   595990.920   595990.901   595990.092   596290.902
  4860:   597790.910   597792.611   598792.621   598793.711   599078.121
  4865:   599110.121   599157.121   599236.121   599276.121   599303.121
  4870:   599330.121   599364.121   599392.121   599418.121   599456.121
  4875:   599490.121   599520.121   599551.121   599580.121   599610.121
  4880:   599642.121   599671.121   599706.121   599739.121   599771.121
  4885:   599804.721   599804.920   599804.901   599804.091   600104.902
  4890:   601604.910   601606.613   603556.623   603557.713   604073.123
  4895:   604189.123   604444.123   604572.123   604709.123   604784.123
  4900:   604831.123   604871.123   604957.123   604991.123   605418.123
  4905:   605564.723   605564.920   605564.901   605564.093   605864.902
  4910:   607364.910   607366.614   610116.624   610117.714   610337.124
  4915:   611194.124   611486.124   611539.124   611586.124   611619.124
  4920:   611693.124   611731.124   611770.124   611808.124   611836.124
  4925:   611866.124   611929.124   611959.124   612022.124   612057.124
  4930:   612092.124   612126.124   612158.124   612188.124   612254.124
  4935:   612288.124   612324.124   612356.124   612388.124   612423.124
  4940:   612452.124   612521.124   612554.124   612587.124   612625.124
  4945:   612667.124   612703.124   612738.124   612775.124   612809.124
  4950:   612849.124   612932.724   612932.920   612932.901   612932.094
  4955:   613232.902   614732.910   614734.613   616684.623   616685.713
  4960:   616898.123   616904.123   617005.123   617253.123   617405.123
  4965:   617768.123   617801.123   618098.123   618142.123   618185.123
  4970:   618222.123   618261.123   618300.123   618377.123   618422.123
  4975:   618459.123   618496.123   618524.123   618557.123   618590.123
  4980:   618623.123   618651.723   618651.920   618651.901   618651.093
  4985:   618951.902   620451.910   620453.615   624303.625   624304.715
  4990:   624848.125   625020.125   625136.125   625182.125   625254.125
  4995:   625544.125   625593.125   625636.125   625714.125   625761.125
  5000:   625800.125   625875.125   625909.125   625940.125   625975.125
  5005:   626012.125   626046.125   626083.125   626118.125   626148.125
  5010:   626185.125   626223.125   626254.125   626288.125   626324.125
  5015:   626356.125   626389.125   626422.125   626454.125   626488.125
  5020:   626598.125   626630.125   626665.125   626699.125   626733.125
  5025:   626766.125   626798.125   626831.125   626898.125   626933.125
  5030:   626968.125   627003.125   627032.125   627070.125   627099.125
  5035:   627134.125   627170.125   627206.125   627245.125   627284.125
  5040:   627362.125   627400.125   627479.125   627512.125   627554.125
  5045:   627594.125   627662.125   627699.125   627736.125   627781.125
  5050:   627818.125   627857.125   627955.125   628002.125   628055.125
  5055:   628142.125   628380.725   628380.920   628380.901   628380.095
  5060:   628680.902   628680.902   628680.005   628680.006   628680.007
  5065:   628680.020       
D:
     0:        0.000        0.000        0.000        0.000        0.000
     5:        0.000        0.000        0.000        0.000        0.000
    10:        0.000        0.000        0.000        0.000        0.000
    15:        0.000        0.000        0.000        0.000        0.000
    20:        0.000        0.000        0.000        0.000        0.000
    25:        0.000        6.000        0.000        0.000        0.000
    30:        0.000        0.000        0.000        0.000        0.000
    35:        0.000
F:
     0:       10.000       10.000       10.000       10.000       10.000
     5:       10.000       10.000       10.000       10.000       10.000
    10:       10.000       10.000       10.000       10.000       10.000
    15:       10.000       10.000       10.000       10.000       10.000
    20:       10.000       14.000       14.000       14.000       14.000
    25:       14.000       14.000       14.000       14.000       14.000
    30:       14.000       14.000       14.000       14.000       14.000
    35:       14.000       14.000       14.000       14.000       19.500
    40:       19.500       19.500       19.500       19.500       19.500
    45:       19.500       19.500       19.500       19.500       19.500
    50:       19.500       19.500       19.500       19.500       27.500
    55:       27.500       27.500       27.500       27.500       27.500
    60:       27.500       27.500       27.500       27.500       27.500
    65:       27.500       38.500       38.500       38.500       38.500
    70:       38.500       38.500       38.500       38.500       38.500
    75:       20.000       20.000       20.000       20.000       20.000
    80:       20.000       20.000       28.000       28.000       28.000
    85:       28.000       28.000       28.000       39.000       39.000
    90:       39.000       39.000       39.000       55.000       55.000
    95:       55.000       55.000       77.000       77.000       77.000
I:
     0:       75.000        0.000        0.000
M:
     0:       21.000       18.000       15.000       12.000        9.000
     5:        7.000        6.000        5.000        4.000        3.000
    10:      100.000
N:
     0:       28.000       24.000       20.000       16.000       12.000
     5:        0.000
Q:
     0:       21.000       18.000       15.000       12.000        9.000
     5:        0.000
V:
     0:        0.000        0.000        0.000        0.000        0.000
     5:      392.000      467.000      555.000      549.000      503.000
    10:      435.000      357.000      221.000      374.000      451.000
    15:        0.000
