File: C:\MED-PC IV\DATA\M_PEAK_CP17P875


Start Date: 11/16/17
End Date: 11/16/17
Subject: P875
Experiment: IF-PICO
Group: 0
Box: 8
Start Time: 10:48:12
End Time: 12:33:10
MSN: Multiple_Peak_CP
B:       0.000
C:       0.000
E:    6109.000
G:      27.500
H:    2750.000
J:       0.000
K:       0.000
L:       0.000
O:       0.000
P:       0.000
R:       0.000
S:       0.000
T:  629801.000
U:       0.000
W:       0.000
X:       0.000
Y:       0.000
Z:       0.000
A:
     0:        0.010      500.910      502.613     2452.623     2453.713
     5:     2938.123     2978.123     3059.123     3092.123     3129.123
    10:     3160.123     3191.123     3242.123     3285.123     3323.123
    15:     3389.123     3425.123     3458.123     3495.123     3559.123
    20:     3588.123     3650.123     3678.123     3703.123     3734.123
    25:     3760.123     3790.123     3817.123     3851.123     3880.123
    30:     3909.123     3936.123     3965.123     3991.123     4022.123
    35:     4047.123     4079.123     4105.123     4137.123     4163.123
    40:     4194.123     4221.123     4254.123     4282.123     4311.123
    45:     4337.123     4369.123     4394.123     4426.723     4426.920
    50:     4426.901     4426.093     4726.902     6226.910     6228.612
    55:     7628.622     7629.812     7992.132     8132.132     8167.132
    60:     8200.132     8228.132     8261.132     8321.132     8346.132
    65:     8373.132     8403.132     8434.132     8468.132     8529.132
    70:     8565.132     8590.132     8620.132     8685.132     8724.132
    75:     8752.132     8780.132     8805.132     8837.132     8863.132
    80:     8895.132     8921.132     8952.132     8978.132     9009.132
    85:     9039.132     9068.132     9093.132     9124.132     9151.132
    90:     9183.132     9211.132     9238.132     9270.132     9298.132
    95:     9328.132     9354.132     9385.132     9442.132     9473.132
   100:     9502.132     9532.132     9557.132     9589.132     9618.132
   105:     9648.132     9674.132     9706.132     9734.132     9763.132
   110:     9793.132     9827.132     9845.132     9875.132     9904.132
   115:     9936.132     9966.132     9996.132    10028.132    10056.132
   120:    10087.132    10118.132    10149.132    10178.132    10207.132
   125:    10242.132    10266.132    10301.132    10329.132    10359.132
   130:    10388.132    10421.132    10448.132    10480.132    10509.132
   135:    10542.132    10574.132    10608.132    10634.132    10667.132
   140:    10696.132    10727.132    10759.132    10790.132    10818.132
   145:    10845.132    10876.132    10909.132    10942.132    10976.132
   150:    11008.132    11041.132    11069.132    11104.132    11136.132
   155:    11169.132    11204.132    11232.132    11265.132    11297.132
   160:    11358.132    11386.132    11419.132    11452.132    11486.132
   165:    11517.132    11553.132    11589.132    11629.822    11629.920
   170:    11632.411    13129.910    13131.613    15081.623    15082.713
   175:    15863.123    15891.123    15919.123    15948.123    16144.123
   180:    16177.123    16375.123    16402.123    16464.123    16585.123
   185:    16742.123    16795.123    16822.123    16846.123    16877.123
   190:    16903.123    16933.123    16959.123    16992.123    17033.723
   195:    17033.920    17033.901    17033.093    17333.902    18833.910
   200:    18835.614    21585.624    21586.814    22214.134    22248.134
   205:    22281.134    22311.134    22340.134    22369.134    22400.134
   210:    22432.134    22465.134    22502.134    22544.134    22575.134
   215:    22756.134    22791.134    22856.134    22883.134    22912.134
   220:    22940.134    22969.134    22998.134    23031.134    23062.134
   225:    23095.134    23126.134    23195.134    23230.134    23271.134
   230:    23301.134    23334.134    23370.134    23409.134    23440.134
   235:    23474.134    23501.134    23532.134    23559.134    23589.134
   240:    23617.134    23649.134    23676.134    23707.134    23742.134
   245:    23767.134    23799.134    23859.134    23886.134    23917.134
   250:    23946.134    23977.134    24007.134    24039.134    24100.134
   255:    24125.134    24156.134    24190.134    24219.134    24280.134
   260:    24312.134    24340.134    24374.134    24401.134    24465.134
   265:    24498.134    24526.134    24558.134    24586.134    24648.134
   270:    24681.134    24710.134    24741.134    24801.134    24832.134
   275:    24865.134    24894.134    24926.134    24985.134    25018.134
   280:    25046.134    25079.134    25106.134    25137.134    25166.134
   285:    25198.134    25230.134    25265.134    25300.134    25331.134
   290:    25366.134    25392.134    25425.134    25458.134    25523.134
   295:    25557.134    25590.134    25620.134    25659.134    25695.134
   300:    25745.134    25778.134    25806.134    25847.134    25900.134
   305:    25935.134    26036.134    26065.134    26098.134    26127.134
   310:    26170.134    26214.134    26242.134    26283.134    26314.134
   315:    26365.134    26395.134    26427.134    26450.134    26483.134
   320:    26496.134    26554.134    26586.134    26618.134    26665.134
   325:    26695.134    26791.134    26829.134    26862.134    26897.134
   330:    27039.134    27072.134    27631.134    27664.134    27675.134
   335:    27686.824    27686.920    29186.910    29188.615    30622.115
   340:    30650.115    33038.625    33039.815    33713.135    33755.135
   345:    33937.135    34039.135    34068.135    34199.135    34225.135
   350:    34253.135    34279.135    34309.135    34342.135    34369.135
   355:    34398.135    34436.135    34468.135    34505.135    34540.135
   360:    34564.135    34593.135    34619.135    34675.135    34704.135
   365:    34732.135    34759.135    34788.135    34820.135    34852.135
   370:    34880.135    34910.135    34940.135    34969.135    34997.135
   375:    35028.135    35056.135    35088.135    35123.135    35150.135
   380:    35180.135    35208.135    35240.135    35297.135    35327.135
   385:    35385.135    35418.135    35448.135    35478.135    35510.135
   390:    35542.135    35567.135    35601.135    35628.135    35658.135
   395:    35688.135    35722.135    35752.135    35780.135    35814.135
   400:    35846.135    35876.135    35909.135    35936.135    35968.135
   405:    35996.135    36030.135    36062.135    36093.135    36121.135
   410:    36156.135    36186.135    36219.135    36252.135    36286.135
   415:    36314.135    36347.135    36371.135    36407.135    36437.135
   420:    36470.135    36500.135    36569.135    36602.135    36631.135
   425:    36667.135    36698.135    36733.135    36788.135    36822.135
   430:    36846.135    36877.135    36909.135    36946.135    36973.135
   435:    37007.135    37048.135    37119.135    37156.135    37272.135
   440:    37300.135    37325.135    37356.135    37447.135    37481.135
   445:    37507.135    37606.135    37641.135    38500.135    38586.135
   450:    38621.135    38649.135    38686.135    38717.135    38749.135
   455:    38779.135    38835.135    38868.135    38896.135    38926.135
   460:    38955.135    38993.135    39024.135    39057.135    39087.135
   465:    39118.135    39153.135    39179.135    39211.135    39244.135
   470:    39824.135    39855.135    39874.135    39905.135    39913.135
   475:    39943.135    39970.135    39993.135    40015.135    40048.135
   480:    40074.135    40108.135    40142.135    40172.135    40204.135
   485:    40230.135    40261.135    40289.135    40326.135    40350.135
   490:    40380.135    40410.135    40441.135    40470.135    40502.135
   495:    40533.135    40560.135    40592.135    40624.135    40653.135
   500:    40682.135    40714.135    40744.135    40777.135    40807.135
   505:    40838.135    40867.135    40901.135    40933.135    40961.135
   510:    40992.135    41023.135    41039.825    41039.920    42539.910
   515:    42541.615    46391.625    46392.815    46512.135    46579.135
   520:    46617.135    46650.135    46720.135    47179.135    47210.135
   525:    47245.135    47277.135    47312.135    47348.135    47378.135
   530:    47411.135    47474.135    47503.135    47566.135    47598.135
   535:    47630.135    47664.135    47695.135    47727.135    47757.135
   540:    47786.135    47819.135    47847.135    47878.135    47906.135
   545:    47938.135    47969.135    48001.135    48031.135    48062.135
   550:    48093.135    48122.135    48152.135    48186.135    48217.135
   555:    48249.135    48282.135    48311.135    48342.135    48373.135
   560:    48404.135    48434.135    48464.135    48494.135    48522.135
   565:    48552.135    48581.135    48614.135    48644.135    48674.135
   570:    48705.135    48733.135    48766.135    48794.135    48826.135
   575:    48888.135    48920.135    48978.135    49009.135    49039.135
   580:    49069.135    49102.135    49132.135    49164.135    49193.135
   585:    49226.135    49257.135    49287.135    49317.135    49350.135
   590:    49377.135    49409.135    49439.135    49500.135    49526.135
   595:    49557.135    49590.135    49620.135    49653.135    49685.135
   600:    49716.135    49776.135    49811.135    49840.135    49872.135
   605:    49902.135    49935.135    49962.135    49995.135    50024.135
   610:    50057.135    50086.135    50118.135    50215.135    50249.135
   615:    50292.135    50328.135    50358.135    50401.135    50431.135
   620:    50475.135    50505.135    50518.135    50530.135    50560.135
   625:    50587.135    50621.135    50651.135    50685.135    50720.135
   630:    50757.135    50881.135    50920.135    50946.135    50982.135
   635:    51032.135    51074.135    51858.135    51898.135    51932.135
   640:    52051.135    52183.135    52220.135    52357.135    52485.135
   645:    52546.135    52575.135    53054.135    53064.135    53095.135
   650:    53153.135    53216.135    53249.135    53279.135    53309.135
   655:    53341.135    53375.135    53405.135    53437.135    53500.135
   660:    53534.135    53562.135    53594.135    53626.135    53656.135
   665:    53691.135    53755.135    53784.135    53815.135    53851.135
   670:    53883.135    53913.135    53945.135    53980.135    54013.135
   675:    54045.135    54075.135    54105.135    54133.135    54167.135
   680:    54195.135    54262.135    54294.135    54360.135    54392.825
   685:    54392.920    54393.411    55892.910    55894.612    57294.622
   690:    57295.712    57598.122    57634.122    57674.122    57709.122
   695:    57742.122    57775.122    57808.122    57841.122    57875.122
   700:    57905.122    57937.122    57966.122    57998.122    58030.122
   705:    58065.122    58098.122    58128.122    58161.122    58195.122
   710:    58230.122    58261.122    58294.122    58327.122    58361.122
   715:    58394.122    58428.122    58461.122    58494.122    58528.122
   720:    58558.122    58593.122    58624.122    58657.122    58692.122
   725:    58728.722    58728.920    58728.901    58728.092    59028.902
   730:    60528.910    60530.614    63280.624    63281.714    64044.124
   735:    64092.124    64162.124    64370.124    64634.124    64669.124
   740:    64704.124    64737.124    64769.124    64796.124    64828.124
   745:    64858.124    64919.124    64948.124    64983.124    65162.124
   750:    65205.124    65250.124    65279.124    65313.124    65344.124
   755:    65371.124    65400.124    65430.124    65494.124    65524.124
   760:    65584.124    65614.124    65649.124    65678.124    65712.124
   765:    65744.124    65775.124    65808.124    65839.124    65874.124
   770:    65905.124    65936.124    65967.124    65999.124    66028.124
   775:    66061.724    66061.920    66061.901    66061.094    66361.902
   780:    67861.910    67863.611    68863.621    68864.711    69490.121
   785:    69527.121    69558.121    69593.121    69618.121    69648.121
   790:    69674.121    69704.121    69734.121    69762.121    69789.121
   795:    69819.121    69848.121    69876.721    69876.920    69876.901
   800:    69876.091    70176.902    71676.910    71678.611    72678.621
   805:    72679.711    73130.121    73236.121    73262.121    73291.121
   810:    73318.121    73375.121    73406.121    73433.121    73465.121
   815:    73496.121    73527.121    73555.121    73586.121    73618.121
   820:    73652.121    73691.721    73691.920    73691.901    73691.091
   825:    73991.902    75491.910    75493.611    76493.621    76494.711
   830:    76726.121    76756.121    76786.121    76818.121    76846.121
   835:    76879.121    76911.121    76945.121    76971.121    77005.121
   840:    77032.121    77065.121    77092.121    77123.121    77151.121
   845:    77185.121    77216.121    77247.121    77312.121    77343.121
   850:    77373.121    77408.121    77470.121    77500.721    77500.920
   855:    77500.901    77500.091    77800.902    79300.910    79302.613
   860:    81252.623    81253.713    81553.123    81586.123    81615.123
   865:    81643.123    81674.123    81703.123    81732.123    81764.123
   870:    81821.123    81851.123    81881.123    81910.123    81940.123
   875:    81969.123    82031.123    82063.123    82094.123    82126.123
   880:    82157.123    82187.123    82219.123    82252.123    82284.123
   885:    82315.123    82347.123    82380.123    82408.123    82441.123
   890:    82469.123    82502.123    82533.123    82565.123    82628.123
   895:    82658.123    82689.123    82718.123    82752.123    82780.123
   900:    82814.123    82846.123    82879.123    82909.123    82941.123
   905:    82971.123    83004.123    83033.123    83069.123    83100.123
   910:    83132.123    83163.123    83194.123    83229.723    83229.920
   915:    83229.901    83229.093    83529.902    85029.910    85031.615
   920:    88881.625    88882.715    89343.125    89402.125    89462.125
   925:    89520.125    89716.125    89743.125    89771.125    89802.125
   930:    89830.125    89861.125    89891.125    89923.125    89958.125
   935:    90017.125    90046.125    90106.125    90133.125    90162.125
   940:    90190.125    90221.125    90251.125    90281.125    90308.125
   945:    90341.125    90375.125    90411.125    90439.125    90470.125
   950:    90499.125    90531.125    90561.125    90591.125    90622.125
   955:    90653.125    90681.125    90712.125    90740.125    90772.125
   960:    90804.125    90832.125    90863.125    90892.125    90925.125
   965:    90952.125    90985.125    91017.125    91080.125    91110.125
   970:    91139.125    91172.125    91202.125    91233.125    91297.125
   975:    91326.125    91356.125    91386.125    91417.125    91445.125
   980:    91479.125    91510.125    91541.125    91606.125    91638.125
   985:    91667.125    91702.125    91733.125    91797.125    91830.125
   990:    91860.125    91894.125    91928.125    91959.125    91992.125
   995:    92023.125    92057.125    92091.125    92122.125    92155.125
  1000:    92185.125    92218.125    92248.125    92281.125    92309.125
  1005:    92345.125    92380.125    92443.125    92476.125    92506.125
  1010:    92540.125    92578.125    92632.125    92662.125    92704.125
  1015:    92753.725    92753.920    92753.901    92753.095    93053.902
  1020:    94553.910    94555.611    95555.621    95556.711    95779.121
  1025:    95809.121    95840.121    95869.121    95900.121    95931.121
  1030:    95963.121    95993.121    96021.121    96052.121    96082.121
  1035:    96115.121    96147.121    96213.121    96243.121    96275.121
  1040:    96306.121    96339.121    96373.121    96401.121    96460.121
  1045:    96491.121    96519.121    96581.721    96581.920    96581.901
  1050:    96581.091    96881.902    98381.910    98383.614   101133.624
  1055:   101134.814   101980.134   102015.134   102050.134   102076.134
  1060:   102107.134   102139.134   102210.134   102280.134   102349.134
  1065:   102412.134   102441.134   102468.134   102494.134   102521.134
  1070:   102555.134   102581.134   102610.134   102638.134   102668.134
  1075:   102697.134   102728.134   102759.134   102791.134   102822.134
  1080:   102851.134   102887.134   102945.134   102975.134   103034.134
  1085:   103069.134   103098.134   103128.134   103160.134   103188.134
  1090:   103221.134   103254.134   103283.134   103316.134   103344.134
  1095:   103378.134   103406.134   103468.134   103503.134   103564.134
  1100:   103593.134   103625.134   103659.134   103688.134   103720.134
  1105:   103750.134   103784.134   103814.134   103846.134   103877.134
  1110:   103908.134   103973.134   104007.134   104070.134   104100.134
  1115:   104133.134   104168.134   104231.134   104261.134   104293.134
  1120:   104324.134   104358.134   104387.134   104422.134   104451.134
  1125:   104486.134   104516.134   104551.134   104581.134   104615.134
  1130:   104650.134   104719.134   104749.134   104783.134   104812.134
  1135:   104845.134   104880.134   104942.134   104972.134   105007.134
  1140:   105040.134   105073.134   105111.134   105151.134   105208.134
  1145:   105241.134   105267.134   105298.134   105326.134   105360.134
  1150:   105391.134   105434.134   105494.134   105539.134   106500.134
  1155:   106572.134   106924.134   106961.134   107136.134   107234.824
  1160:   107234.920   108734.910   108736.615   112586.625   112587.715
  1165:   113279.125   113816.125   113856.125   114086.125   114120.125
  1170:   114150.125   114178.125   114207.125   114236.125   114281.125
  1175:   114311.125   114339.125   114460.125   114488.125   114511.125
  1180:   114541.125   114571.125   114604.125   114634.125   114693.125
  1185:   114727.125   114756.125   114786.125   114816.125   114846.125
  1190:   114874.125   114904.125   114932.125   114964.125   114994.125
  1195:   115022.125   115055.125   115083.125   115114.125   115149.125
  1200:   115180.125   115214.125   115246.125   115278.125   115307.125
  1205:   115338.125   115367.125   115398.125   115429.125   115460.125
  1210:   115490.125   115522.125   115553.125   115584.125   115616.125
  1215:   115649.125   115680.125   115715.125   115745.125   115778.125
  1220:   115840.125   115871.125   115902.125   115934.125   115966.125
  1225:   115999.125   116028.125   116092.125   116125.125   116158.125
  1230:   116187.125   116250.125   116282.125   116316.125   116345.125
  1235:   116378.125   116407.125   116439.725   116439.920   116439.901
  1240:   116439.095   116739.902   118239.910   118241.612   119641.622
  1245:   119642.712   119857.122   119889.122   119925.122   119958.122
  1250:   119990.122   120023.122   120059.122   120087.122   120122.122
  1255:   120152.122   120189.122   120227.122   120257.122   120293.122
  1260:   120326.122   120361.122   120393.122   120428.122   120464.122
  1265:   120496.122   120532.122   120564.122   120599.122   120631.122
  1270:   120665.122   120697.122   120731.122   120762.122   120798.122
  1275:   120832.122   120866.122   120900.122   120937.122   120972.122
  1280:   121010.122   121044.722   121044.920   121044.901   121044.092
  1285:   121344.902   122844.910   122846.611   123846.621   123847.711
  1290:   124101.121   124132.121   124165.121   124199.121   124232.121
  1295:   124265.121   124299.121   124335.121   124370.121   124405.121
  1300:   124442.121   124518.121   124550.121   124587.121   124621.121
  1305:   124657.121   124687.121   124724.121   124755.121   124790.121
  1310:   124822.121   124859.721   124859.920   124859.901   124859.091
  1315:   125159.902   126659.910   126661.613   128611.623   128612.713
  1320:   128769.123   128841.123   128873.123   128910.123   128978.123
  1325:   129011.123   129042.123   129073.123   129105.123   129138.123
  1330:   129171.123   129207.123   129237.123   129268.123   129302.123
  1335:   129333.123   129367.123   129403.123   129438.123   129473.123
  1340:   129507.123   129541.123   129574.123   129607.123   129642.123
  1345:   129675.123   129709.123   129741.123   129775.123   129808.123
  1350:   129843.123   129877.123   129912.123   129943.123   129978.123
  1355:   130013.123   130045.123   130081.123   130112.123   130149.123
  1360:   130180.123   130218.123   130252.123   130289.123   130321.123
  1365:   130357.123   130389.123   130426.123   130456.123   130496.123
  1370:   130526.123   130592.723   130592.920   130592.901   130592.093
  1375:   130892.902   132392.910   132394.611   133394.621   133395.711
  1380:   133599.121   133636.121   133667.121   133703.121   133734.121
  1385:   133766.121   133801.121   133833.121   133867.121   133898.121
  1390:   133931.121   133965.121   134001.121   134039.121   134070.121
  1395:   134103.121   134139.121   134179.121   134210.121   134246.121
  1400:   134278.121   134313.121   134347.121   134380.121   134417.721
  1405:   134417.920   134417.901   134417.091   134717.902   136217.910
  1410:   136219.612   137619.622   137620.712   137783.122   137820.122
  1415:   137893.122   137923.122   137961.122   138003.122   138045.122
  1420:   138087.122   138125.122   138168.122   138206.122   138230.122
  1425:   138264.122   138293.122   138327.122   138362.122   138397.122
  1430:   138428.122   138461.122   138492.122   138525.122   138554.122
  1435:   138592.122   138627.122   138661.122   138697.122   138734.122
  1440:   138773.122   138803.122   138838.122   138876.122   138917.122
  1445:   138955.122   138992.122   139028.722   139028.920   139028.901
  1450:   139028.092   139328.902   140828.910   140830.613   142780.623
  1455:   142781.813   143031.133   143147.133   143292.133   143322.133
  1460:   143350.133   143382.133   143413.133   143447.133   143482.133
  1465:   143516.133   143549.133   143581.133   143614.133   143651.133
  1470:   143696.133   143727.133   143763.133   143799.133   143827.133
  1475:   143859.133   143892.133   143925.133   143959.133   143994.133
  1480:   144027.133   144059.133   144093.133   144126.133   144161.133
  1485:   144195.133   144229.133   144265.133   144300.133   144337.133
  1490:   144372.133   144406.133   144441.133   144476.133   144510.133
  1495:   144547.133   144580.133   144616.133   144648.133   144684.133
  1500:   144716.133   144751.133   144783.133   144819.133   144850.133
  1505:   144887.133   144917.133   144954.133   144986.133   145022.133
  1510:   145053.133   145089.133   145126.133   145163.133   145193.133
  1515:   145230.133   145259.133   145294.133   145327.133   145363.133
  1520:   145397.133   145428.133   145464.133   145500.133   145537.133
  1525:   145571.133   145610.133   145641.133   145678.133   145707.133
  1530:   145746.133   145778.133   145815.133   145847.133   145884.133
  1535:   145916.133   145955.133   145989.133   146026.133   146065.133
  1540:   146104.133   146138.133   146176.133   146215.133   146249.133
  1545:   146336.133   146371.133   146401.133   146438.133   146470.133
  1550:   146508.133   146541.133   146583.133   146668.133   146723.133
  1555:   146764.133   147581.823   147581.920   149081.910   149083.615
  1560:   152933.625   152934.715   154055.125   154084.125   154117.125
  1565:   154150.125   154182.125   154212.125   154248.125   154283.125
  1570:   154317.125   154352.125   154378.125   154410.125   154445.125
  1575:   154477.125   154508.125   154541.125   154573.125   154610.125
  1580:   154647.125   154687.125   154718.125   154755.125   154792.125
  1585:   154821.125   154853.125   154883.125   154916.125   154945.125
  1590:   154979.125   155013.125   155048.125   155082.125   155115.125
  1595:   155149.125   155181.125   155217.125   155250.125   155281.125
  1600:   155317.125   155349.125   155384.125   155416.125   155451.125
  1605:   155487.125   155518.125   155553.125   155587.125   155623.125
  1610:   155656.125   155691.125   155727.125   155761.125   155798.125
  1615:   155830.125   155866.125   155899.125   155935.125   155966.125
  1620:   156004.125   156037.125   156075.125   156109.125   156149.125
  1625:   156186.125   156226.125   156263.125   156296.125   156332.125
  1630:   156371.125   156404.125   156443.125   156487.125   156525.125
  1635:   156540.125   156569.125   156606.125   156636.125   156673.125
  1640:   156704.125   156738.125   156774.125   156865.725   156865.920
  1645:   156865.901   156865.095   157165.902   158665.910   158667.611
  1650:   159667.621   159668.811   159977.131   160014.131   160048.131
  1655:   160084.131   160115.131   160149.131   160179.131   160213.131
  1660:   160244.131   160276.131   160308.131   160341.131   160373.131
  1665:   160407.131   160439.131   160473.131   160506.131   160540.131
  1670:   160570.131   160605.131   160638.131   160675.131   160707.131
  1675:   160742.131   160777.131   160812.131   160845.131   160883.131
  1680:   160917.131   160951.131   160984.131   161022.131   161054.131
  1685:   161091.131   161123.131   161160.131   161192.131   161229.131
  1690:   161261.131   161299.131   161332.131   161369.131   161406.131
  1695:   161445.131   161482.131   161518.131   161550.131   161585.131
  1700:   161618.131   161656.131   161685.131   161723.131   161761.131
  1705:   161799.131   161840.131   161876.131   161906.131   161945.131
  1710:   161977.131   162016.131   162052.131   162100.131   162144.131
  1715:   162277.131   162322.131   162355.131   162390.131   162418.131
  1720:   162458.131   162560.131   162570.131   162605.131   163168.821
  1725:   163168.920   164668.910   164670.614   167420.624   167421.814
  1730:   168589.134   168629.134   168674.134   168754.134   168796.134
  1735:   168831.134   168864.134   168902.134   168935.134   168970.134
  1740:   169001.134   169038.134   169079.134   169111.134   169148.134
  1745:   169180.134   169214.134   169247.134   169283.134   169318.134
  1750:   169349.134   169386.134   169416.134   169453.134   169485.134
  1755:   169521.134   169553.134   169590.134   169624.134   169663.134
  1760:   169700.134   169736.134   169769.134   169806.134   169838.134
  1765:   169875.134   169907.134   169944.134   169975.134   170012.134
  1770:   170046.134   170085.134   170129.134   170162.134   170205.134
  1775:   170238.134   170275.134   170308.134   170345.134   170380.134
  1780:   170469.134   170502.134   170517.134   170547.134   170575.134
  1785:   170607.134   170640.134   170673.134   170708.134   170742.134
  1790:   170778.134   170815.134   170852.134   170889.134   170929.134
  1795:   171068.134   171113.134   171145.134   171179.134   171213.134
  1800:   171399.134   171446.134   171485.134   171579.134   171625.134
  1805:   171667.134   171765.134   171807.134   171953.134   171962.134
  1810:   171995.134   172090.134   172231.134   172275.134   172313.134
  1815:   172431.134   172471.134   172699.134   172748.134   172784.134
  1820:   172946.134   172985.134   173073.134   173107.134   173148.134
  1825:   173174.134   173209.134   173241.134   173277.134   173317.134
  1830:   173358.134   173397.134   173438.134   173474.134   173516.134
  1835:   173521.824   173521.920   175021.910   175023.615   178873.625
  1840:   178874.815   178965.135   179744.135   179778.135   179817.135
  1845:   180240.135   180271.135   180634.135   180670.135   180708.135
  1850:   180746.135   180783.135   180815.135   180923.135   180957.135
  1855:   180986.135   181018.135   181050.135   181083.135   181112.135
  1860:   181143.135   181175.135   181207.135   181239.135   181270.135
  1865:   181304.135   181335.135   181369.135   181400.135   181433.135
  1870:   181473.135   181506.135   181542.135   181570.135   181605.135
  1875:   181642.135   181678.135   181707.135   181741.135   181773.135
  1880:   181808.135   181839.135   181872.135   181902.135   181937.135
  1885:   181970.135   182005.135   182036.135   182070.135   182105.135
  1890:   182141.135   182173.135   182209.135   182241.135   182279.135
  1895:   182310.135   182343.135   182376.135   182409.135   182450.135
  1900:   182492.135   182533.135   182566.135   182604.135   182636.135
  1905:   182671.135   182701.135   182739.135   182772.135   182809.135
  1910:   182843.135   182882.135   182919.135   182951.135   182988.135
  1915:   183020.135   183057.135   183090.135   183129.135   183165.135
  1920:   183204.135   183238.135   183277.135   183312.135   183351.135
  1925:   183385.135   183416.135   183452.135   183488.135   183528.135
  1930:   183563.135   183601.135   183633.135   183666.135   183700.135
  1935:   183733.135   183765.135   183800.135   183831.135   183868.135
  1940:   183906.135   183942.135   183975.135   184012.135   184047.135
  1945:   184084.135   184114.135   184152.135   184191.135   184268.135
  1950:   184312.135   184347.135   184392.135   184517.135   184548.135
  1955:   184574.135   184611.135   184636.135   184680.135   184871.135
  1960:   184914.135   185140.135   185172.135   185187.135   185222.135
  1965:   185300.135   186874.825   186874.920   188374.910   188376.611
  1970:   189376.621   189377.711   190261.121   190300.121   190334.121
  1975:   190373.121   190458.721   190458.920   190458.901   190458.091
  1980:   190758.902   192258.910   192260.612   193660.622   193661.712
  1985:   194132.122   194167.122   194196.122   194232.122   194267.122
  1990:   194305.122   194344.122   194379.122   194415.122   194451.122
  1995:   194491.122   194529.122   194560.122   194595.122   194630.122
  2000:   194665.122   194703.122   194741.122   194785.122   194820.122
  2005:   194850.122   194886.122   194917.122   194952.122   194989.122
  2010:   195025.122   195058.122   195095.722   195095.920   195095.901
  2015:   195095.092   195395.902   196895.910   196897.612   198297.622
  2020:   198298.712   198456.122   198493.122   198641.122   198670.122
  2025:   198704.122   198738.122   198770.122   198803.122   198840.122
  2030:   198871.122   198906.122   198937.122   198968.122   199002.122
  2035:   199035.122   199068.122   199103.122   199141.122   199175.122
  2040:   199208.122   199240.122   199277.122   199308.122   199344.122
  2045:   199378.122   199415.122   199447.122   199481.122   199515.122
  2050:   199552.122   199587.122   199623.122   199660.122   199697.122
  2055:   199729.722   199729.920   199729.901   199729.092   200029.902
  2060:   201529.910   201531.613   203481.623   203482.713   204127.123
  2065:   204158.123   204193.123   204229.123   204268.123   204305.123
  2070:   204339.123   204369.123   204412.123   204446.123   204472.123
  2075:   204498.123   204533.123   204570.123   204602.123   204634.123
  2080:   204670.123   204704.123   204740.123   204775.123   204811.123
  2085:   204842.123   204877.123   204909.123   204943.123   204976.123
  2090:   205010.123   205043.123   205081.123   205113.123   205148.123
  2095:   205181.123   205216.123   205252.123   205286.123   205317.123
  2100:   205355.123   205384.123   205419.123   205450.723   205450.920
  2105:   205450.901   205450.093   205750.902   207250.910   207252.611
  2110:   208252.621   208253.711   208429.121   208460.121   208495.121
  2115:   208533.121   208569.121   208602.121   208637.121   208670.121
  2120:   208705.121   208738.121   208771.121   208805.121   208836.121
  2125:   208869.121   208903.121   208937.121   208969.121   209007.121
  2130:   209038.121   209074.121   209109.121   209142.121   209178.121
  2135:   209210.121   209245.121   209278.721   209278.920   209278.901
  2140:   209278.091   209578.902   211078.910   211080.611   212080.621
  2145:   212081.711   212230.121   212314.121   212355.121   212396.121
  2150:   212436.121   212471.121   212502.121   212536.121   212564.121
  2155:   212596.121   212626.121   212661.121   212693.121   212727.121
  2160:   212763.121   212794.121   212833.121   212866.121   212894.121
  2165:   212927.121   212957.121   212993.121   213028.121   213059.121
  2170:   213096.721   213096.920   213096.901   213096.091   213396.902
  2175:   214896.910   214898.611   215898.621   215899.711   216106.121
  2180:   216143.121   216177.121   216215.121   216251.121   216280.121
  2185:   216313.121   216345.121   216378.121   216413.121   216444.121
  2190:   216476.121   216516.121   216546.121   216580.121   216614.121
  2195:   216648.121   216681.121   216714.121   216749.121   216791.121
  2200:   216822.121   216857.121   216893.121   216925.721   216925.920
  2205:   216925.901   216925.091   217225.902   218725.910   218727.613
  2210:   220677.623   220678.713   221058.123   221214.123   221332.123
  2215:   221368.123   221402.123   221432.123   221464.123   221493.123
  2220:   221523.123   221552.123   221586.123   221620.123   221653.123
  2225:   221690.123   221724.123   221757.123   221790.123   221823.123
  2230:   221857.123   221893.123   221922.123   221957.123   221990.123
  2235:   222030.123   222059.123   222092.123   222123.123   222158.123
  2240:   222192.123   222225.123   222260.123   222293.123   222329.123
  2245:   222367.123   222401.123   222433.123   222467.123   222503.123
  2250:   222540.123   222575.123   222610.123   222644.723   222644.920
  2255:   222644.901   222644.093   222944.902   224444.910   224446.615
  2260:   228296.625   228297.715   230060.125   230375.125   230421.125
  2265:   230456.125   230682.125   230757.125   230782.125   230814.125
  2270:   230856.125   230908.125   230946.125   231122.125   231437.125
  2275:   231477.125   231511.125   231540.125   231574.125   231610.125
  2280:   231649.125   231684.125   231714.125   231745.125   231775.125
  2285:   231807.125   231838.125   231871.125   231901.125   231933.125
  2290:   231964.125   231998.125   232030.125   232068.125   232107.125
  2295:   232140.125   232173.725   232173.920   232173.901   232173.095
  2300:   232473.902   233973.910   233975.613   235925.623   235926.713
  2305:   236278.123   236313.123   236375.123   236414.123   236570.123
  2310:   236602.123   236635.123   236675.123   236708.123   236732.123
  2315:   236767.123   236797.123   236830.123   236870.123   236898.123
  2320:   236931.123   236965.123   237001.123   237032.123   237064.123
  2325:   237097.123   237129.123   237158.123   237191.123   237224.123
  2330:   237259.123   237288.123   237322.123   237350.123   237379.123
  2335:   237410.123   237442.123   237475.123   237508.123   237543.123
  2340:   237575.123   237610.123   237640.123   237673.123   237701.123
  2345:   237737.123   237769.123   237803.123   237838.123   237908.723
  2350:   237908.920   237908.901   237908.093   238208.902   239708.910
  2355:   239710.613   241660.623   241661.713   241886.123   241913.123
  2360:   242114.123   242142.123   242172.123   242206.123   242233.123
  2365:   242264.123   242300.123   242328.123   242360.123   242392.123
  2370:   242419.123   242450.123   242479.123   242510.123   242542.123
  2375:   242572.123   242603.123   242631.123   242661.123   242697.123
  2380:   242729.123   242762.123   242790.123   242825.123   242853.123
  2385:   242886.123   242919.123   242980.123   243011.123   243042.123
  2390:   243072.123   243106.123   243134.123   243170.123   243198.123
  2395:   243231.123   243264.123   243295.123   243328.123   243359.123
  2400:   243392.123   243422.123   243456.123   243487.123   243552.123
  2405:   243587.123   243615.723   243615.920   243615.901   243615.093
  2410:   243915.902   245415.910   245417.611   246417.621   246418.711
  2415:   246742.121   246776.121   246805.121   246837.121   246866.121
  2420:   246892.121   246924.121   246956.121   247020.121   247050.121
  2425:   247116.121   247152.121   247181.121   247215.121   247245.121
  2430:   247279.121   247309.121   247343.121   247373.121   247434.721
  2435:   247434.920   247434.901   247434.091   247734.902   249234.910
  2440:   249236.611   250236.621   250237.711   250471.121   250504.121
  2445:   250539.121   250570.121   250605.121   250638.121   250671.121
  2450:   250705.121   250740.121   250774.121   250806.121   250839.121
  2455:   250872.121   250903.121   250936.121   250965.121   250998.121
  2460:   251092.121   251125.121   251154.121   251186.121   251216.121
  2465:   251249.721   251249.920   251249.901   251249.091   251549.902
  2470:   253049.910   253051.611   254051.621   254052.711   254222.121
  2475:   254249.121   254280.121   254316.121   254354.121   254391.121
  2480:   254425.121   254456.121   254488.121   254524.121   254549.121
  2485:   254581.121   254609.121   254640.121   254671.121   254701.121
  2490:   254791.121   254851.121   254882.121   254918.121   254948.121
  2495:   254981.121   255011.121   255044.121   255074.721   255074.920
  2500:   255074.901   255074.091   255374.902   256874.910   256876.614
  2505:   259626.624   259627.714   260021.124   260115.124   260177.124
  2510:   260211.124   260354.124   260384.124   260413.124   260443.124
  2515:   260477.124   260516.124   260556.124   260588.124   260622.124
  2520:   260651.124   260674.124   260704.124   260730.124   260762.124
  2525:   260788.124   260818.124   260847.124   260878.124   260905.124
  2530:   260934.124   260969.124   260995.124   261026.124   261063.124
  2535:   261089.124   261122.124   261149.124   261207.124   261239.124
  2540:   261268.124   261302.124   261332.124   261364.124   261394.124
  2545:   261431.124   261459.124   261494.124   261560.124   261589.124
  2550:   261624.124   261655.124   261691.124   261722.124   261754.124
  2555:   261782.124   261815.124   261845.124   261878.124   261908.124
  2560:   261941.124   261969.124   262005.124   262037.124   262070.124
  2565:   262100.124   262137.124   262201.124   262231.124   262265.124
  2570:   262298.124   262332.124   262362.124   262395.724   262395.920
  2575:   262395.901   262395.094   262695.902   264195.910   264197.614
  2580:   266947.624   266948.714   268160.124   269042.124   269068.124
  2585:   269101.124   269190.124   269548.124   269581.124   269614.124
  2590:   269655.124   269724.724   269724.920   269724.901   269724.094
  2595:   270024.902   271524.910   271526.611   272526.621   272527.811
  2600:   272713.131   272747.131   272779.131   272812.131   272841.131
  2605:   272873.131   272905.131   272937.131   272968.131   273000.131
  2610:   273033.131   273066.131   273096.131   273129.131   273163.131
  2615:   273225.131   273255.131   273288.131   273318.131   273351.131
  2620:   273383.131   273417.131   273447.131   273510.131   273543.131
  2625:   273575.131   273606.131   273637.131   273671.131   273702.131
  2630:   273735.131   273766.131   273829.131   273863.131   273896.131
  2635:   273930.131   273961.131   273996.131   274025.131   274059.131
  2640:   274091.131   274123.131   274155.131   274189.131   274224.131
  2645:   274256.131   274289.131   274321.131   274360.131   274397.131
  2650:   274432.131   274466.131   274494.131   274529.131   274561.131
  2655:   274588.131   274624.131   274655.131   274689.131   274720.131
  2660:   274756.131   274791.131   274939.131   274971.131   275005.131
  2665:   275033.131   275066.131   275096.131   275121.131   275153.131
  2670:   275182.131   275256.131   275291.131   275312.131   275352.131
  2675:   275388.131   275668.131   275677.131   275709.131   275777.131
  2680:   275817.131   275861.131   275903.131   275939.131   275973.131
  2685:   276011.131   276027.821   276027.920   277527.910   277529.611
  2690:   278529.621   278530.811   278664.131   278807.131   278836.131
  2695:   278867.131   278898.131   278931.131   278961.131   278991.131
  2700:   279047.131   279108.131   279138.131   279170.131   279202.131
  2705:   279234.131   279264.131   279302.131   279329.131   279363.131
  2710:   279392.131   279424.131   279454.131   279487.131   279551.131
  2715:   279583.131   279616.131   279647.131   279682.131   279712.131
  2720:   279779.131   279813.131   279842.131   279878.131   279912.131
  2725:   279945.131   280041.131   280074.131   280106.131   280140.131
  2730:   280170.131   280206.131   280235.131   280271.131   280302.131
  2735:   280338.131   280369.131   280399.131   280445.131   280471.131
  2740:   280536.131   280570.131   280599.131   280675.131   280717.131
  2745:   280749.131   280836.131   280887.131   280994.131   281076.131
  2750:   281106.131   281147.131   281244.131   281254.131   281288.131
  2755:   281319.131   281776.131   281807.131   281840.131   281875.131
  2760:   281911.131   281948.131   281981.131   282030.821   282030.920
  2765:   283530.910   283532.611   284532.621   284533.811   284740.131
  2770:   284800.131   284830.131   284857.131   284889.131   284917.131
  2775:   284947.131   284977.131   285007.131   285036.131   285096.131
  2780:   285125.131   285154.131   285216.131   285248.131   285276.131
  2785:   285337.131   285368.131   285400.131   285433.131   285463.131
  2790:   285496.131   285526.131   285558.131   285590.131   285623.131
  2795:   285658.131   285689.131   285723.131   285788.131   285822.131
  2800:   285852.131   285883.131   285916.131   285952.131   285985.131
  2805:   286018.131   286054.131   286089.131   286120.131   286155.131
  2810:   286192.131   286231.131   286374.131   286417.131   286453.131
  2815:   286499.131   286529.131   286561.131   286590.131   286627.131
  2820:   286695.131   286739.131   286783.131   287461.131   287497.131
  2825:   287530.131   287564.131   287630.131   287658.131   287721.131
  2830:   287755.131   287784.131   287817.131   287847.131   287876.131
  2835:   287907.131   287937.131   287969.131   288002.131   288033.821
  2840:   288033.920   289533.910   289535.611   290535.621   290536.711
  2845:   290845.121   290908.121   290933.121   290970.121   291004.121
  2850:   291040.121   291070.121   291122.121   291154.121   291185.121
  2855:   291216.121   291250.121   291308.121   291336.121   291404.121
  2860:   291433.121   291468.121   291496.121   291530.121   291557.721
  2865:   291557.920   291557.901   291557.091   291857.902   293357.910
  2870:   293359.612   294759.622   294760.812   294928.132   294965.132
  2875:   294996.132   295033.132   295065.132   295101.132   295140.132
  2880:   295183.132   295223.132   295265.132   295294.132   295329.132
  2885:   295367.132   295404.132   295434.132   295471.132   295500.132
  2890:   295538.132   295568.132   295606.132   295641.132   295669.132
  2895:   295703.132   295735.132   295773.132   295804.132   295840.132
  2900:   295874.132   295908.132   295942.132   295976.132   296012.132
  2905:   296044.132   296081.132   296113.132   296150.132   296182.132
  2910:   296217.132   296252.132   296287.132   296319.132   296353.132
  2915:   296388.132   296423.132   296455.132   296490.132   296526.132
  2920:   296563.132   296594.132   296632.132   296668.132   296704.132
  2925:   296740.132   296774.132   296809.132   296842.132   296879.132
  2930:   296914.132   296958.132   297002.132   297101.132   297135.132
  2935:   297150.132   297182.132   297215.132   297251.132   297282.132
  2940:   297321.132   297358.132   298106.132   298144.132   298186.132
  2945:   298218.132   298254.132   298292.132   298333.132   298370.132
  2950:   298403.132   298439.132   298469.132   298503.132   298537.132
  2955:   298570.132   298604.132   298638.132   298674.132   298707.132
  2960:   298744.132   298760.822   298760.920   300260.910   300262.611
  2965:   301262.621   301263.711   301444.121   301486.121   301522.121
  2970:   301563.121   301631.121   301665.121   301694.121   301725.121
  2975:   301760.121   301794.121   301828.121   301858.121   301893.121
  2980:   301928.121   301964.121   302001.121   302039.121   302069.121
  2985:   302105.121   302135.121   302170.121   302206.121   302238.121
  2990:   302276.721   302276.920   302276.901   302276.091   302576.902
  2995:   304076.910   304078.612   305478.622   305479.712   305655.122
  3000:   305693.122   305759.122   305796.122   305828.122   305862.122
  3005:   305891.122   305927.122   305962.122   305994.122   306029.122
  3010:   306058.122   306096.122   306123.122   306152.122   306186.122
  3015:   306222.122   306251.122   306288.122   306325.122   306360.122
  3020:   306397.122   306426.122   306466.122   306496.122   306532.122
  3025:   306563.122   306600.122   306631.122   306665.122   306699.122
  3030:   306733.122   306765.122   306800.122   306832.122   306867.122
  3035:   306900.722   306900.920   306900.901   306900.092   307200.902
  3040:   308700.910   308702.613   310652.623   310653.713   310809.123
  3045:   310848.123   310961.123   311073.123   311105.123   311140.123
  3050:   311179.123   311215.123   311254.123   311290.123   311322.123
  3055:   311355.123   311383.123   311420.123   311450.123   311485.123
  3060:   311520.123   311556.123   311588.123   311624.123   311654.123
  3065:   311691.123   311729.123   311765.123   311798.123   311832.123
  3070:   311867.123   311899.123   311935.123   311967.123   312001.123
  3075:   312035.123   312069.123   312102.123   312138.123   312170.123
  3080:   312203.123   312235.123   312276.123   312307.123   312342.123
  3085:   312373.123   312412.123   312446.123   312484.123   312519.123
  3090:   312554.123   312587.123   312625.723   312625.920   312625.901
  3095:   312625.093   312925.902   314425.910   314427.611   315427.621
  3100:   315428.711   315694.121   315726.121   315764.121   315804.121
  3105:   315839.121   315874.121   315908.121   315943.121   315982.121
  3110:   316018.121   316054.121   316084.121   316119.121   316158.121
  3115:   316189.121   316223.121   316255.121   316290.121   316320.121
  3120:   316356.121   316389.121   316426.121   316459.721   316459.920
  3125:   316459.901   316459.091   316759.902   318259.910   318261.613
  3130:   320211.623   320212.713   320423.123   320473.123   320511.123
  3135:   320550.123   320587.123   320629.123   320668.123   320708.123
  3140:   320744.123   320781.123   320814.123   320850.123   320883.123
  3145:   320915.123   320947.123   320980.123   321012.123   321043.123
  3150:   321076.123   321110.123   321143.123   321177.123   321211.123
  3155:   321245.123   321279.123   321310.123   321345.123   321377.123
  3160:   321412.123   321445.123   321480.123   321513.123   321547.123
  3165:   321580.123   321616.123   321647.123   321684.123   321717.123
  3170:   321752.123   321785.123   321820.123   321853.123   321886.123
  3175:   321919.123   321956.123   321988.123   322022.123   322056.123
  3180:   322093.123   322123.123   322163.723   322163.920   322163.901
  3185:   322163.093   322463.902   323963.910   323965.611   324965.621
  3190:   324966.711   325111.121   325152.121   325185.121   325224.121
  3195:   325259.121   325295.121   325331.121   325369.121   325406.121
  3200:   325441.121   325476.121   325504.121   325538.121   325578.121
  3205:   325607.121   325645.121   325679.121   325717.121   325752.121
  3210:   325790.121   325821.121   325860.121   325893.121   325932.121
  3215:   326089.721   326089.920   326089.901   326089.091   326389.902
  3220:   327889.910   327891.612   329291.622   329292.812   329441.132
  3225:   329519.132   329593.132   329623.132   329662.132   329699.132
  3230:   329784.132   329817.132   329853.132   329887.132   329926.132
  3235:   329960.132   329990.132   330019.132   330052.132   330081.132
  3240:   330116.132   330152.132   330187.132   330225.132   330262.132
  3245:   330293.132   330329.132   330361.132   330396.132   330427.132
  3250:   330468.132   330499.132   330536.132   330566.132   330605.132
  3255:   330634.132   330670.132   330701.132   330737.132   330767.132
  3260:   330804.132   330837.132   330875.132   330906.132   330943.132
  3265:   330973.132   331008.132   331041.132   331077.132   331108.132
  3270:   331145.132   331177.132   331213.132   331244.132   331283.132
  3275:   331314.132   331351.132   331384.132   331423.132   331446.132
  3280:   331485.132   331520.132   331555.132   331591.132   331626.132
  3285:   331657.132   331692.132   331729.132   331761.132   331799.132
  3290:   331830.132   331869.132   331906.132   331944.132   331973.132
  3295:   332007.132   332038.132   332076.132   332106.132   332148.132
  3300:   332186.132   332240.132   332274.132   332314.132   332417.132
  3305:   332461.132   332488.132   333292.822   333292.920   334792.910
  3310:   334794.611   335794.621   335795.711   335973.121   336012.121
  3315:   336048.121   336084.121   336116.121   336149.121   336181.121
  3320:   336219.121   336255.121   336294.121   336327.121   336361.121
  3325:   336396.121   336423.121   336458.121   336491.121   336527.121
  3330:   336559.121   336594.121   336626.121   336663.121   336696.121
  3335:   336733.121   336768.121   336804.721   336804.920   336804.901
  3340:   336804.091   337104.902   338604.910   338606.614   341356.624
  3345:   341357.714   341545.124   341662.124   341700.124   341784.124
  3350:   341828.124   341937.124   341970.124   342003.124   342040.124
  3355:   342077.124   342115.124   342154.124   342194.124   342222.124
  3360:   342257.124   342294.124   342324.124   342360.124   342390.124
  3365:   342427.124   342459.124   342492.124   342524.124   342560.124
  3370:   342593.124   342624.124   342661.124   342693.124   342727.124
  3375:   342758.124   342792.124   342826.124   342861.124   342892.124
  3380:   342927.124   342959.124   342997.124   343029.124   343065.124
  3385:   343097.124   343133.124   343165.124   343202.124   343235.124
  3390:   343271.124   343302.124   343343.124   343378.124   343417.124
  3395:   343453.124   343489.124   343523.124   343559.124   343590.124
  3400:   343626.124   343660.124   343697.124   343731.124   343785.124
  3405:   343820.124   343863.124   343899.124   343942.124   343979.124
  3410:   344026.124   344061.124   344101.124   344141.724   344141.920
  3415:   344141.901   344141.094   344441.902   345941.910   345943.614
  3420:   348693.624   348694.714   348935.124   348976.124   349061.124
  3425:   349100.124   349139.124   349178.124   349218.124   349260.124
  3430:   349295.124   349331.124   349373.124   349407.124   349442.124
  3435:   349473.124   349509.124   349545.124   349579.124   349612.124
  3440:   349648.124   349684.124   349719.124   349755.124   349788.124
  3445:   349822.124   349857.124   349891.124   349926.124   349959.124
  3450:   349997.124   350030.124   350068.124   350100.124   350140.124
  3455:   350171.124   350206.124   350240.124   350276.124   350310.124
  3460:   350346.124   350379.124   350414.124   350449.124   350483.124
  3465:   350519.124   350555.124   350590.124   350624.124   350660.124
  3470:   350693.124   350731.124   350762.124   350798.124   350833.124
  3475:   350872.124   350905.124   350943.124   350982.124   351013.124
  3480:   351049.124   351085.124   351123.124   351153.124   351190.124
  3485:   351224.124   351259.124   351304.124   351340.124   351371.124
  3490:   351408.124   351437.124   351478.724   351478.920   351478.901
  3495:   351478.094   351778.902   353278.910   353280.614   356030.624
  3500:   356031.714   356213.124   356435.124   356665.124   356697.124
  3505:   356728.124   356756.124   356787.124   356872.124   356903.124
  3510:   356928.124   356958.124   356991.124   357023.124   357055.124
  3515:   357085.124   357113.124   357143.124   357177.124   357207.124
  3520:   357239.124   357270.124   357305.124   357340.124   357377.124
  3525:   357415.124   357446.124   357479.124   357512.124   357542.124
  3530:   357576.124   357607.124   357641.124   357674.124   357707.124
  3535:   357741.124   357774.124   357810.124   357842.124   357877.124
  3540:   357907.124   357943.124   357972.124   358020.124   358058.124
  3545:   358089.124   358122.124   358151.124   358187.124   358221.124
  3550:   358258.124   358290.124   358327.124   358362.124   358397.124
  3555:   358427.124   358464.124   358498.124   358533.124   358565.124
  3560:   358601.124   358632.124   358669.124   358703.124   358742.124
  3565:   358777.124   358813.724   358813.920   358813.901   358813.094
  3570:   359113.902   360613.910   360615.612   362015.622   362016.712
  3575:   362161.122   362193.122   362231.122   362399.122   362433.122
  3580:   362480.122   362603.122   362634.122   362670.122   362703.122
  3585:   362741.122   362775.122   362814.122   362848.122   362884.122
  3590:   362913.122   362947.122   362977.122   363012.122   363047.122
  3595:   363080.122   363107.122   363148.122   363178.122   363214.122
  3600:   363246.122   363276.122   363312.122   363347.122   363377.122
  3605:   363412.122   363443.722   363443.920   363443.901   363443.092
  3610:   363743.902   365243.910   365245.612   366645.622   366646.712
  3615:   367355.122   367371.122   367403.122   367433.122   367467.122
  3620:   367506.122   367543.122   367582.122   367610.122   367650.122
  3625:   367678.122   367712.122   367742.122   367774.122   367807.122
  3630:   367841.122   367878.122   367910.122   367946.122   367975.122
  3635:   368011.122   368042.122   368076.722   368076.920   368076.901
  3640:   368076.092   368376.902   369876.910   369878.612   371278.622
  3645:   371279.712   371519.122   371562.122   371729.122   371760.122
  3650:   371880.122   371920.122   371961.122   371997.122   372030.122
  3655:   372060.122   372090.122   372126.122   372158.122   372192.122
  3660:   372228.122   372264.122   372297.122   372334.122   372376.122
  3665:   372401.122   372437.122   372464.122   372493.122   372534.122
  3670:   372565.122   372598.122   372631.122   372664.122   372701.722
  3675:   372701.920   372701.901   372701.092   373001.902   374501.910
  3680:   374503.612   375903.622   375904.712   376207.122   376240.122
  3685:   376276.122   376314.122   376357.122   376390.122   376465.122
  3690:   376506.122   376545.122   376573.122   376613.122   376643.122
  3695:   376679.122   376715.122   376746.122   376778.122   376812.122
  3700:   376846.122   376880.122   376914.122   376945.122   376984.122
  3705:   377015.122   377047.122   377080.122   377115.122   377147.122
  3710:   377182.122   377214.122   377249.122   377282.122   377319.722
  3715:   377319.920   377319.901   377319.092   377619.902   379119.910
  3720:   379121.613   381071.623   381072.713   381365.123   381533.123
  3725:   381567.123   381594.123   381637.123   382099.123   382141.123
  3730:   382177.123   382213.123   382249.123   382375.123   382413.123
  3735:   382450.123   382482.123   382519.123   382552.123   382584.123
  3740:   382619.123   382659.123   382701.123   382921.123   382962.123
  3745:   382997.123   383032.723   383032.920   383032.901   383032.093
  3750:   383332.902   384832.910   384834.612   386234.622   386235.712
  3755:   386622.122   386829.122   386867.122   386977.122   386995.122
  3760:   387032.122   387066.122   387102.122   387138.122   387176.122
  3765:   387208.122   387237.122   387270.122   387302.122   387335.122
  3770:   387369.122   387401.122   387435.122   387469.122   387498.122
  3775:   387534.122   387568.122   387602.122   387636.722   387636.920
  3780:   387636.901   387636.092   387936.902   389436.910   389438.614
  3785:   392188.624   392189.714   392464.124   392748.124   392786.124
  3790:   392816.124   392853.124   392889.124   393010.124   393125.124
  3795:   393256.124   393281.124   393316.124   393351.124   393380.124
  3800:   393414.124   393443.124   393477.124   393511.124   393545.124
  3805:   393578.124   393617.124   393650.124   393684.124   393720.124
  3810:   393755.124   393788.124   393823.124   393854.124   393889.124
  3815:   393919.124   393955.124   393987.124   394025.124   394057.124
  3820:   394093.124   394125.124   394161.124   394195.124   394231.124
  3825:   394264.124   394300.124   394334.124   394370.124   394403.124
  3830:   394441.124   394475.124   394514.124   394548.124   394584.124
  3835:   394637.124   394674.124   394711.124   394747.124   394782.124
  3840:   394817.124   394851.124   394886.124   394921.124   394955.724
  3845:   394955.920   394955.901   394955.094   395255.902   396755.910
  3850:   396757.615   400607.625   400608.715   401292.125   401939.125
  3855:   401976.125   402013.125   402047.125   402126.125   402163.125
  3860:   402194.125   402254.125   402281.125   402358.125   402412.125
  3865:   402448.125   402476.125   402506.125   402535.125   402567.125
  3870:   402595.125   402631.125   402659.125   402691.125   402718.125
  3875:   402750.125   402781.125   402814.125   402845.125   402875.125
  3880:   402909.125   402942.125   402974.125   403005.125   403037.125
  3885:   403070.125   403101.125   403134.125   403195.125   403225.125
  3890:   403258.125   403290.125   403322.125   403352.125   403385.125
  3895:   403417.125   403449.125   403480.125   403544.125   403575.125
  3900:   403605.125   403642.125   403677.125   403710.125   403744.125
  3905:   403777.125   403810.125   403839.125   403871.125   403937.125
  3910:   403970.125   403999.125   404027.125   404057.125   404087.125
  3915:   404121.125   404152.125   404184.125   404217.125   404245.125
  3920:   404278.125   404328.125   404360.125   404425.125   404455.125
  3925:   404487.725   404487.920   404487.901   404487.095   404787.902
  3930:   406287.910   406289.611   407289.621   407290.811   407500.131
  3935:   407535.131   407575.131   407610.131   407685.131   407760.131
  3940:   407788.131   407815.131   407846.131   407870.131   407900.131
  3945:   407932.131   407961.131   407993.131   408026.131   408052.131
  3950:   408083.131   408144.131   408177.131   408206.131   408241.131
  3955:   408268.131   408331.131   408364.131   408426.131   408454.131
  3960:   408485.131   408516.131   408550.131   408579.131   408612.131
  3965:   408643.131   408677.131   408708.131   408745.131   408775.131
  3970:   408839.131   408873.131   408905.131   408937.131   408970.131
  3975:   409036.131   409067.131   409099.131   409133.131   409164.131
  3980:   409203.131   409236.131   409270.131   409299.131   409334.131
  3985:   409362.131   409397.131   409428.131   409461.131   409493.131
  3990:   409530.131   409561.131   409596.131   409639.131   409669.131
  3995:   409737.131   409772.131   409802.131   409844.131   409879.131
  4000:   409916.131   409947.131   409986.131   410025.131   410057.131
  4005:   410165.131   410197.131   410229.131   410263.131   410297.131
  4010:   410381.131   410413.131   410444.131   410475.131   410513.131
  4015:   410550.131   410587.131   410616.131   410650.131   410683.131
  4020:   410719.131   410747.131   410780.131   410790.821   410790.920
  4025:   412290.910   412292.611   413292.621   413293.711   413438.121
  4030:   413476.121   413545.121   413578.121   413615.121   413646.121
  4035:   413680.121   413713.121   413771.121   413803.121   413828.121
  4040:   413858.121   413923.121   413954.121   413987.121   414014.121
  4045:   414048.121   414076.121   414109.121   414137.121   414171.121
  4050:   414199.121   414232.121   414262.121   414294.721   414294.920
  4055:   414294.901   414294.091   414594.902   416094.910   416096.614
  4060:   418846.624   418847.714   419376.124   419410.124   419445.124
  4065:   419514.124   419544.124   419672.124   419828.124   419879.124
  4070:   419908.124   419944.124   419968.124   420000.124   420025.124
  4075:   420057.124   420094.124   420124.124   420157.124   420224.124
  4080:   420284.124   420317.124   420378.124   420411.124   420470.124
  4085:   420503.124   420562.124   420592.124   420654.124   420686.124
  4090:   420715.124   420747.124   420776.124   420807.124   420840.124
  4095:   420872.124   420901.124   420934.124   420965.124   420996.124
  4100:   421030.124   421060.124   421092.124   421124.124   421156.124
  4105:   421192.124   421220.124   421254.124   421270.124   421305.124
  4110:   421368.124   421401.124   421428.124   421461.124   421492.124
  4115:   421523.124   421553.124   421587.124   421613.724   421613.920
  4120:   421613.901   421613.094   421913.902   423413.910   423415.614
  4125:   426165.624   426166.714   426462.124   426491.124   426521.124
  4130:   426556.124   426586.124   426615.124   426647.124   426745.124
  4135:   426781.124   426882.124   426908.124   426937.124   426963.124
  4140:   427022.124   427050.124   427081.124   427105.124   427135.124
  4145:   427163.124   427193.124   427222.124   427255.124   427291.124
  4150:   427317.124   427348.124   427380.124   427405.124   427438.124
  4155:   427465.124   427496.124   427525.124   427555.124   427587.124
  4160:   427620.124   427649.124   427677.124   427710.124   427740.124
  4165:   427772.124   427802.124   427833.124   427864.124   427896.124
  4170:   427919.124   427953.124   427984.124   428017.124   428045.124
  4175:   428077.124   428111.124   428140.124   428203.124   428236.124
  4180:   428256.124   428290.124   428318.124   428349.124   428383.124
  4185:   428411.124   428445.124   428508.124   428536.124   428569.124
  4190:   428598.124   428633.124   428665.124   428700.124   428727.124
  4195:   428787.124   428821.124   428850.124   428882.124   428909.124
  4200:   428942.724   428942.920   428942.901   428942.094   429242.902
  4205:   430742.910   430744.613   432694.623   432695.713   433441.123
  4210:   433472.123   433502.123   433539.123   433637.123   433665.123
  4215:   433694.123   433726.123   433897.123   433927.123   434058.123
  4220:   434113.123   434139.123   434165.123   434200.123   434226.123
  4225:   434258.123   434297.123   434324.123   434371.123   434402.123
  4230:   434429.123   434459.123   434487.123   434519.123   434550.123
  4235:   434609.123   434642.123   434672.723   434672.920   434672.901
  4240:   434672.093   434972.902   436472.910   436474.611   437474.621
  4245:   437475.811   437789.131   437818.131   437873.131   437904.131
  4250:   437975.131   438008.131   438041.131   438066.131   438096.131
  4255:   438130.131   438160.131   438191.131   438216.131   438243.131
  4260:   438271.131   438303.131   438331.131   438361.131   438392.131
  4265:   438421.131   438453.131   438483.131   438512.131   438545.131
  4270:   438572.131   438606.131   438698.131   438728.131   438762.131
  4275:   438796.131   438831.131   438859.131   438891.131   438920.131
  4280:   438954.131   438984.131   439018.131   439048.131   439084.131
  4285:   439110.131   439175.131   439208.131   439237.131   439270.131
  4290:   439298.131   439332.131   439365.131   439399.131   439430.131
  4295:   439462.131   439491.131   439555.131   439588.131   439616.131
  4300:   439651.131   439742.131   439770.131   439799.131   439830.131
  4305:   439858.131   439891.131   439919.131   439998.131   440108.131
  4310:   440133.131   440165.131   440192.131   440224.131   440310.131
  4315:   440319.131   440349.131   440373.131   440405.131   440435.131
  4320:   440474.131   440537.131   440565.131   440605.131   440641.131
  4325:   440774.131   440808.131   440975.821   440975.920   442475.910
  4330:   442477.612   443877.622   443878.712   444074.122   444109.122
  4335:   444319.122   444392.122   444464.122   444500.122   444540.122
  4340:   444563.122   444595.122   444654.122   444680.122   444711.122
  4345:   444768.122   444796.122   444826.122   444855.122   444888.122
  4350:   444954.122   444985.122   445043.122   445077.122   445104.122
  4355:   445135.122   445227.122   445259.122   445287.722   445287.920
  4360:   445287.901   445287.092   445587.902   447087.910   447089.614
  4365:   449839.624   449840.714   450672.124   451027.124   451060.124
  4370:   451096.124   451195.124   451267.124   451419.124   451453.124
  4375:   451488.124   451519.124   451552.124   451587.124   451617.124
  4380:   451653.124   451686.124   451722.124   451757.124   451790.124
  4385:   451826.124   451902.124   451936.124   451972.124   452005.124
  4390:   452036.124   452067.124   452099.124   452132.124   452150.124
  4395:   452179.124   452209.124   452239.124   452273.124   452309.124
  4400:   452346.124   452382.124   452416.124   452454.124   452488.124
  4405:   452521.124   452553.124   452586.124   452620.724   452620.920
  4410:   452620.901   452620.094   452920.902   454420.910   454422.615
  4415:   458272.625   458273.715   458696.125   459672.125   459843.125
  4420:   459880.125   459915.125   459954.125   459988.125   460073.125
  4425:   460105.125   460142.125   460174.125   460210.125   460275.125
  4430:   460316.125   460395.125   460425.125   460454.125   460487.125
  4435:   460511.125   460544.125   460578.125   460615.125   460664.125
  4440:   460699.125   460726.125   460758.125   460788.125   460820.125
  4445:   460852.125   460886.125   460916.125   460948.125   460988.125
  4450:   461020.125   461051.125   461082.125   461113.125   461147.125
  4455:   461181.125   461216.125   461251.125   461283.125   461318.125
  4460:   461352.125   461386.125   461421.125   461456.125   461490.125
  4465:   461523.125   461556.125   461587.125   461621.125   461655.125
  4470:   461690.125   461721.125   461756.125   461788.125   461825.125
  4475:   461858.125   461895.125   461926.125   461963.125   461993.125
  4480:   462030.125   462062.125   462098.125   462131.725   462131.920
  4485:   462131.901   462131.095   462431.902   463931.910   463933.611
  4490:   464933.621   464934.711   465101.121   465139.121   465168.121
  4495:   465204.121   465240.121   465279.121   465315.121   465349.121
  4500:   465382.121   465416.121   465448.121   465480.121   465516.121
  4505:   465556.121   465592.121   465627.121   465658.121   465690.121
  4510:   465724.121   465752.121   465786.121   465817.121   465853.121
  4515:   465882.121   465917.121   465949.721   465949.920   465949.901
  4520:   465949.091   466249.902   467749.910   467751.611   468751.621
  4525:   468752.811   468893.131   468930.131   468965.131   468999.131
  4530:   469033.131   469067.131   469100.131   469133.131   469165.131
  4535:   469200.131   469235.131   469272.131   469302.131   469339.131
  4540:   469372.131   469409.131   469452.131   469486.131   469521.131
  4545:   469551.131   469589.131   469621.131   469656.131   469689.131
  4550:   469725.131   469757.131   469794.131   469825.131   469862.131
  4555:   469895.131   469930.131   469963.131   469999.131   470032.131
  4560:   470067.131   470100.131   470135.131   470167.131   470202.131
  4565:   470236.131   470274.131   470311.131   470348.131   470385.131
  4570:   470419.131   470459.131   470497.131   470536.131   470570.131
  4575:   470608.131   470642.131   470679.131   470713.131   470751.131
  4580:   470784.131   470822.131   470859.131   470896.131   470931.131
  4585:   470968.131   470995.131   471029.131   471063.131   471102.131
  4590:   471135.131   471181.131   471262.131   471309.131   471419.131
  4595:   471428.131   471461.131   471491.131   471527.131   471563.131
  4600:   471606.131   471643.131   472034.131   472066.131   472099.131
  4605:   472140.131   472175.131   472212.131   472252.821   472252.920
  4610:   472254.411   473752.910   473754.612   475154.622   475155.812
  4615:   475715.132   475754.132   475792.132   475832.132   475866.132
  4620:   475906.132   475941.132   475977.132   476008.132   476044.132
  4625:   476076.132   476112.132   476144.132   476181.132   476216.132
  4630:   476254.132   476289.132   476324.132   476359.132   476395.132
  4635:   476428.132   476465.132   476496.132   476531.132   476565.132
  4640:   476601.132   476631.132   476668.132   476701.132   476738.132
  4645:   476791.132   476827.132   476858.132   476894.132   476927.132
  4650:   476965.132   476994.132   477029.132   477064.132   477103.132
  4655:   477139.132   477169.132   477205.132   477235.132   477269.132
  4660:   477299.132   477335.132   477371.132   477411.132   477476.132
  4665:   477522.132   477667.132   477676.132   477712.132   477745.132
  4670:   477779.132   477811.132   477860.132   477896.132   477938.132
  4675:   478065.132   478210.132   478241.132   478350.132   478395.132
  4680:   478560.132   479155.822   479155.920   480655.910   480657.612
  4685:   482057.622   482058.812   482822.132   482871.132   482905.132
  4690:   482942.132   482987.132   483024.132   483063.132   483101.132
  4695:   483129.132   483166.132   483202.132   483235.132   483274.132
  4700:   483308.132   483339.132   483375.132   483407.132   483439.132
  4705:   483472.132   483509.132   483540.132   483579.132   483614.132
  4710:   483644.132   483678.132   483709.132   483748.132   483779.132
  4715:   483817.132   483848.132   483892.132   483958.132   484039.132
  4720:   484085.132   484143.132   484201.132   484300.132   484332.132
  4725:   484362.132   484418.132   484454.132   484491.132   484584.132
  4730:   484629.132   484699.132   484806.132   484816.132   484851.132
  4735:   484883.132   484910.132   485036.132   485150.132   485185.132
  4740:   485328.132   486058.822   486058.920   487558.910   487560.615
  4745:   491410.625   491411.715   495527.725   495527.920   495527.901
  4750:   495527.095   495827.902   497327.910   497329.612   498729.622
  4755:   498730.712   499004.122   499047.122   499163.122   499206.122
  4760:   499324.122   499348.122   499384.122   499426.122   499463.122
  4765:   499500.122   499537.122   499566.122   499604.122   499635.122
  4770:   499670.122   499710.122   499741.122   499777.122   499814.122
  4775:   499844.122   499876.122   499905.122   499938.122   499970.122
  4780:   500005.122   500036.122   500070.122   500101.122   500138.722
  4785:   500138.920   500138.901   500138.092   500438.902   501938.910
  4790:   501940.615   505790.625   505791.715   506032.125   506180.125
  4795:   506222.125   506339.125   506370.125   506406.125   506447.125
  4800:   506488.125   506528.125   506560.125   506597.125   506633.125
  4805:   506662.125   506798.125   506828.125   506858.125   506894.125
  4810:   506924.125   506960.125   506989.125   507026.125   507055.125
  4815:   507091.125   507119.125   507158.125   507188.125   507225.125
  4820:   507258.125   507292.125   507323.125   507360.125   507384.125
  4825:   507423.125   507455.125   507490.125   507525.125   507557.125
  4830:   507595.125   507626.125   507665.125   507696.125   507733.125
  4835:   507763.125   507796.125   507829.125   507867.125   507900.125
  4840:   507935.125   507951.125   507987.125   508018.125   508052.125
  4845:   508084.125   508119.125   508150.125   508186.125   508217.125
  4850:   508255.125   508286.125   508323.125   508354.125   508392.125
  4855:   508424.125   508463.125   508495.125   508532.125   508561.125
  4860:   508599.125   508634.125   508675.125   508710.125   508752.125
  4865:   508798.125   508833.125   508865.125   508906.125   508941.125
  4870:   509054.125   509066.125   509105.125   509142.125   509175.125
  4875:   509211.125   509246.125   509289.125   510971.725   510971.920
  4880:   510971.901   510971.095   511271.902   512771.910   512773.614
  4885:   515523.624   515524.714   515889.124   516182.124   516223.124
  4890:   516327.124   516359.124   516394.124   516431.124   516552.124
  4895:   516587.124   516691.124   516716.124   516745.124   516779.124
  4900:   516858.124   516936.124   516968.124   516996.124   517027.124
  4905:   517062.124   517094.124   517127.124   517168.124   517247.124
  4910:   517283.124   517313.124   517344.124   517380.124   517413.124
  4915:   517449.124   517486.124   517518.124   517552.124   517586.124
  4920:   517623.124   517659.124   517692.124   517726.124   517761.124
  4925:   517793.124   517828.124   517859.124   517895.124   517931.124
  4930:   517964.124   518002.124   518035.124   518070.124   518101.124
  4935:   518136.124   518165.124   518202.124   518239.124   518273.124
  4940:   518312.724   518312.920   518312.901   518312.094   518612.902
  4945:   520112.910   520114.613   522064.623   522065.813   522385.133
  4950:   522418.133   522567.133   522600.133   522721.133   522761.133
  4955:   522798.133   522836.133   522870.133   522902.133   522933.133
  4960:   522959.133   522993.133   523023.133   523057.133   523088.133
  4965:   523122.133   523154.133   523187.133   523217.133   523252.133
  4970:   523283.133   523319.133   523351.133   523388.133   523419.133
  4975:   523456.133   523487.133   523522.133   523550.133   523588.133
  4980:   523621.133   523657.133   523690.133   523726.133   523759.133
  4985:   523794.133   523826.133   523860.133   523896.133   523932.133
  4990:   523962.133   523998.133   524029.133   524065.133   524100.133
  4995:   524137.133   524168.133   524205.133   524236.133   524272.133
  5000:   524306.133   524344.133   524375.133   524414.133   524454.133
  5005:   524495.133   524531.133   524567.133   524605.133   524638.133
  5010:   524677.133   524709.133   524745.133   524785.133   524821.133
  5015:   524849.133   524886.133   524919.133   524954.133   524987.133
  5020:   525021.133   525057.133   525086.133   525121.133   525149.133
  5025:   525183.133   525213.133   525248.133   525277.133   525311.133
  5030:   525341.133   525376.133   525408.133   525446.133   525476.133
  5035:   525513.133   525549.133   525583.133   525614.133   525651.133
  5040:   525680.133   525716.133   525745.133   525779.133   525812.133
  5045:   525847.133   525879.133   525917.133   525950.133   525989.133
  5050:   526021.133   526056.133   526087.133   526126.133   526156.133
  5055:   526193.133   526226.133   526261.133   526294.133   526328.133
  5060:   526364.133   526398.133   526434.133   526467.133   526502.133
  5065:   526535.133   526571.133   526610.133   526647.133   526684.133
  5070:   526719.133   526755.133   526804.133   526857.133   526865.823
  5075:   526865.920   528365.910   528367.613   530317.623   530318.813
  5080:   530679.133   530980.133   531022.133   531052.133   531246.133
  5085:   531278.133   531310.133   531341.133   531376.133   531401.133
  5090:   531430.133   531459.133   531489.133   531518.133   531554.133
  5095:   531588.133   531614.133   531645.133   531672.133   531703.133
  5100:   531731.133   531764.133   531795.133   531853.133   531881.133
  5105:   531910.133   531967.133   531997.133   532059.133   532089.133
  5110:   532121.133   532148.133   532180.133   532211.133   532242.133
  5115:   532274.133   532307.133   532370.133   532435.133   532461.133
  5120:   532492.133   532523.133   532553.133   532609.133   532642.133
  5125:   532670.133   532701.133   532729.133   532762.133   532822.133
  5130:   532850.133   532882.133   532910.133   532940.133   532972.133
  5135:   533002.133   533033.133   533065.133   533093.133   533127.133
  5140:   533156.133   533189.133   533220.133   533251.133   533283.133
  5145:   533315.133   533378.133   533409.133   533438.133   533470.133
  5150:   533497.133   533529.133   533588.133   533620.133   533652.133
  5155:   533686.133   533716.133   533745.133   533776.133   533806.133
  5160:   533837.133   533871.133   533901.133   533932.133   533961.133
  5165:   533996.133   534028.133   534060.133   534098.133   534132.133
  5170:   534167.133   534207.133   534239.133   534270.133   534304.133
  5175:   534336.133   534369.133   534404.133   534431.133   534464.133
  5180:   534493.133   534527.133   534561.133   534640.133   534672.133
  5185:   534719.133   534748.133   534779.133   534845.133   534875.133
  5190:   534940.133   534979.133   535081.133   535109.133   535118.823
  5195:   535118.920   536618.910   536620.613   538570.623   538571.813
  5200:   538703.133   538769.133   538799.133   538833.133   538869.133
  5205:   538905.133   538940.133   538971.133   539004.133   539039.133
  5210:   539065.133   539096.133   539125.133   539156.133   539186.133
  5215:   539216.133   539249.133   539280.133   539313.133   539347.133
  5220:   539377.133   539441.133   539474.133   539507.133   539539.133
  5225:   539575.133   539609.133   539640.133   539673.133   539711.133
  5230:   539742.133   539779.133   539810.133   539847.133   539917.133
  5235:   539986.133   540012.133   540048.133   540114.133   540146.133
  5240:   540289.133   540323.133   540352.133   540385.133   540425.133
  5245:   540461.133   540533.133   540605.133   540634.133   540703.133
  5250:   540806.133   540852.133   540882.133   541013.133   541054.133
  5255:   541571.133   541598.133   541750.133   541804.133   541840.133
  5260:   541878.133   541908.133   541941.133   542055.133   542087.133
  5265:   542310.133   542318.133   542354.133   542610.133   542925.133
  5270:   543371.823   543371.920   544871.910   544873.612   546273.622
  5275:   546274.712   546367.122   546404.122   546441.122   546481.122
  5280:   546565.122   546597.122   546672.122   546707.122   546739.122
  5285:   546774.122   546811.122   546892.122   546925.122   546956.122
  5290:   546984.122   547018.122   547081.122   547114.122   547145.122
  5295:   547180.122   547208.122   547239.122   547271.122   547302.122
  5300:   547332.122   547364.122   547394.122   547459.122   547492.122
  5305:   547529.122   547561.122   547595.122   547628.122   547661.122
  5310:   547688.722   547688.920   547688.901   547688.092   547988.902
  5315:   549488.910   549490.611   550490.621   550491.711   550702.121
  5320:   550770.121   550803.121   550835.121   550865.121   550927.121
  5325:   550959.121   550988.121   551017.121   551053.121   551084.121
  5330:   551120.121   551178.121   551208.121   551272.121   551306.121
  5335:   551333.121   551367.121   551394.121   551425.121   551455.121
  5340:   551488.121   551517.721   551517.920   551517.901   551517.091
  5345:   551817.902   553317.910   553319.612   554719.622   554720.712
  5350:   554937.122   555009.122   555081.122   555217.122   555283.122
  5355:   555319.122   555353.122   555384.122   555416.122   555443.122
  5360:   555474.122   555501.122   555564.122   555592.122   555658.122
  5365:   555687.122   555718.122   555746.122   555776.122   555812.122
  5370:   555873.122   555900.122   555934.122   555964.122   555998.122
  5375:   556027.122   556058.122   556086.122   556117.122   556146.722
  5380:   556146.920   556146.901   556146.092   556446.902   557946.910
  5385:   557948.612   559348.622   559349.712   559689.122   559715.122
  5390:   559746.122   559770.122   559805.122   559838.122   559869.122
  5395:   559900.122   559930.122   559960.122   559990.122   560019.122
  5400:   560048.122   560081.122   560114.122   560146.122   560177.122
  5405:   560208.122   560239.122   560271.122   560302.122   560329.122
  5410:   560362.122   560390.122   560422.122   560453.122   560482.122
  5415:   560513.122   560545.122   560573.122   560607.122   560637.122
  5420:   560670.122   560699.122   560732.122   560762.722   560762.920
  5425:   560762.901   560762.092   561062.902   562562.910   562564.613
  5430:   564514.623   564515.713   564730.123   564829.123   564859.123
  5435:   564890.123   565010.123   565039.123   565177.123   565204.123
  5440:   565240.123   565345.123   565374.123   565412.123   565550.123
  5445:   565578.123   565607.123   565631.123   565659.123   565717.123
  5450:   565745.123   565804.123   565832.123   565867.123   565896.123
  5455:   565923.123   565951.123   565981.123   566012.123   566042.123
  5460:   566075.123   566107.123   566165.123   566197.123   566229.123
  5465:   566290.123   566319.123   566350.123   566379.123   566410.123
  5470:   566441.123   566473.723   566473.920   566473.901   566473.093
  5475:   566773.902   568273.910   568275.612   569675.622   569676.712
  5480:   569953.122   570217.122   570245.122   570274.122   570305.122
  5485:   570335.122   570365.122   570395.122   570427.122   570456.122
  5490:   570487.122   570579.122   570610.122   570640.122   570666.122
  5495:   570696.122   570724.122   570755.122   570783.122   570816.122
  5500:   570845.122   570877.122   570907.122   570935.122   570965.122
  5505:   570998.122   571026.122   571058.122   571089.722   571089.920
  5510:   571089.901   571089.092   571389.902   572889.910   572891.613
  5515:   574841.623   574842.713   576002.123   576069.123   576104.123
  5520:   576143.123   576217.123   576251.123   576288.123   576498.123
  5525:   576528.123   576556.123   576585.123   576611.123   576639.123
  5530:   576668.123   576698.123   576732.123   576762.123   576821.723
  5535:   576821.920   576821.901   576821.093   577121.902   578621.910
  5540:   578623.615   582473.625   582474.715   583509.125   583538.125
  5545:   583569.125   583679.125   583720.125   584035.125   584187.125
  5550:   584215.125   584246.125   584277.125   584310.125   584337.125
  5555:   584372.125   584402.125   584433.125   584464.125   584494.125
  5560:   584529.125   584565.125   584596.125   584632.125   584669.125
  5565:   584702.125   584741.125   584776.125   584805.125   584840.125
  5570:   584876.125   584908.125   584942.125   584974.125   585010.125
  5575:   585046.125   585081.125   585114.125   585149.125   585181.125
  5580:   585215.125   585246.125   585278.125   585308.125   585340.125
  5585:   585379.125   585414.125   585447.125   585481.125   585515.125
  5590:   585550.125   585581.125   585613.125   585648.125   585683.125
  5595:   585715.125   585749.125   585783.125   585818.125   585853.125
  5600:   585886.125   585920.125   585953.125   585988.125   586027.125
  5605:   586063.125   586097.125   586132.125   586168.125   586201.125
  5610:   586236.125   586269.125   586304.125   586340.725   586340.920
  5615:   586340.901   586340.095   586640.902   588140.910   588142.612
  5620:   589542.622   589543.812   589819.132   589859.132   589901.132
  5625:   589939.132   589978.132   590005.132   590036.132   590068.132
  5630:   590098.132   590130.132   590165.132   590198.132   590234.132
  5635:   590268.132   590300.132   590330.132   590363.132   590392.132
  5640:   590427.132   590460.132   590495.132   590527.132   590561.132
  5645:   590594.132   590626.132   590660.132   590694.132   590728.132
  5650:   590762.132   590795.132   590830.132   590862.132   590897.132
  5655:   590928.132   590963.132   590994.132   591029.132   591062.132
  5660:   591096.132   591130.132   591164.132   591198.132   591233.132
  5665:   591269.132   591303.132   591338.132   591374.132   591410.132
  5670:   591447.132   591486.132   591518.132   591554.132   591588.132
  5675:   591623.132   591658.132   591693.132   591728.132   591762.132
  5680:   591798.132   591834.132   591871.132   591907.132   591943.132
  5685:   591981.132   591997.132   592034.132   592069.132   592098.132
  5690:   592134.132   592168.132   592200.132   592234.132   592269.132
  5695:   592302.132   592336.132   592374.132   592408.132   592442.132
  5700:   592479.132   592513.132   592547.132   592583.132   592616.132
  5705:   592650.132   592667.132   592701.132   592733.132   592770.132
  5710:   592803.132   592840.132   592878.132   592915.132   592955.132
  5715:   592996.132   593043.132   593080.132   593116.132   593154.132
  5720:   593195.132   593292.132   593306.132   593342.132   593375.132
  5725:   593406.132   593440.132   593471.132   593508.132   593543.822
  5730:   593543.920   593561.411   595043.910   595045.612   596445.622
  5735:   596446.712   596635.122   596674.122   596750.122   596795.122
  5740:   596965.122   596992.122   597026.122   597101.122   597137.122
  5745:   597175.122   597209.122   597243.122   597270.122   597303.122
  5750:   597332.122   597359.122   597384.122   597417.122   597454.122
  5755:   597484.122   597518.122   597547.122   597582.122   597619.122
  5760:   597653.122   597686.122   597717.122   597752.122   597783.122
  5765:   597818.122   597849.722   597849.920   597849.901   597849.092
  5770:   598149.902   599649.910   599651.613   601601.623   601602.813
  5775:   602022.133   602056.133   602092.133   602160.133   602296.133
  5780:   602320.133   602392.133   602420.133   602650.133   602680.133
  5785:   602706.133   602733.133   602763.133   602789.133   602818.133
  5790:   602845.133   602874.133   602902.133   602935.133   602965.133
  5795:   602993.133   603020.133   603055.133   603082.133   603111.133
  5800:   603140.133   603173.133   603205.133   603241.133   603270.133
  5805:   603300.133   603335.133   603362.133   603393.133   603424.133
  5810:   603455.133   603486.133   603518.133   603547.133   603582.133
  5815:   603611.133   603643.133   603675.133   603706.133   603736.133
  5820:   603769.133   603796.133   603829.133   603860.133   603892.133
  5825:   603925.133   603958.133   603987.133   604021.133   604048.133
  5830:   604083.133   604148.133   604183.133   604211.133   604244.133
  5835:   604272.133   604302.133   604330.133   604365.133   604396.133
  5840:   604430.133   604460.133   604498.133   604530.133   604564.133
  5845:   604626.133   604659.133   604691.133   604724.133   604756.133
  5850:   604790.133   604820.133   604852.133   604884.133   604950.133
  5855:   604985.133   605019.133   605051.133   605083.133   605115.133
  5860:   605179.133   605213.133   605241.133   605276.133   605307.133
  5865:   605341.133   605404.133   605438.133   605468.133   605502.133
  5870:   605535.133   605563.133   605598.133   605637.133   605714.133
  5875:   605749.133   605848.133   605905.133   605936.133   606053.133
  5880:   606085.133   606117.133   606157.133   606402.823   606402.920
  5885:   607902.910   607904.614   610654.624   610655.814   611297.134
  5890:   611711.134   611747.134   611812.134   611848.134   611886.134
  5895:   611916.134   611951.134   611983.134   612015.134   612049.134
  5900:   612081.134   612112.134   612138.134   612173.134   612204.134
  5905:   612233.134   612265.134   612297.134   612331.134   612399.134
  5910:   612433.134   612465.134   612499.134   612538.134   612572.134
  5915:   612599.134   612632.134   612661.134   612694.134   612727.134
  5920:   612759.134   612793.134   612826.134   612861.134   612892.134
  5925:   612920.134   612952.134   613018.134   613089.134   613122.134
  5930:   613150.134   613185.134   613215.134   613251.134   613315.134
  5935:   613345.134   613376.134   613413.134   613448.134   613512.134
  5940:   613560.134   613589.134   613622.134   613688.134   613726.134
  5945:   613756.134   613792.134   613831.134   613863.134   613887.134
  5950:   613919.134   614021.134   614046.134   614142.134   614176.134
  5955:   614216.134   614289.134   614373.134   614407.134   614440.134
  5960:   614517.134   614596.134   614673.134   614717.134   614793.134
  5965:   614870.134   615055.134   615619.134   615676.134   615690.134
  5970:   615816.134   615846.134   615880.134   616017.134   616081.134
  5975:   616179.134   616209.134   616444.134   616564.134   616755.824
  5980:   616755.920   618255.910   618257.613   620207.623   620208.713
  5985:   620679.123   620798.123   620878.123   620917.123   620945.123
  5990:   620982.123   621025.123   621064.123   621142.123   621176.123
  5995:   621212.123   621245.123   621276.123   621309.123   621340.123
  6000:   621374.123   621409.123   621436.123   621468.123   621495.123
  6005:   621525.123   621554.123   621590.123   621619.123   621650.123
  6010:   621681.123   621713.123   621745.123   621778.123   621810.123
  6015:   621838.123   621870.123   621902.123   621934.123   621965.123
  6020:   621997.123   622062.123   622090.123   622122.123   622155.123
  6025:   622191.723   622191.920   622191.901   622191.093   622491.902
  6030:   623991.910   623993.614   626743.624   626744.714   626912.124
  6035:   627128.124   627167.124   627269.124   627306.124   627339.124
  6040:   627376.124   627439.124   627475.124   627503.124   627533.124
  6045:   627561.124   627591.124   627624.124   627654.124   627679.124
  6050:   627739.124   627768.124   627827.124   627856.124   627884.124
  6055:   627914.124   627943.124   627974.124   628004.124   628032.124
  6060:   628125.124   628153.124   628213.124   628243.124   628273.124
  6065:   628304.124   628336.124   628369.124   628403.124   628432.124
  6070:   628466.124   628499.124   628534.124   628594.124   628624.124
  6075:   628657.124   628690.124   628723.124   628758.124   628787.124
  6080:   628822.124   628850.124   628885.124   628917.124   628952.124
  6085:   628986.124   629020.124   629056.124   629133.124   629164.124
  6090:   629197.124   629227.124   629262.124   629295.124   629324.124
  6095:   629355.124   629389.124   629434.124   629471.124   629501.724
  6100:   629501.920   629501.901   629501.094   629801.902   629801.902
  6105:   629801.005   629801.006   629801.007   629801.020        
D:
     0:        0.000        0.000        0.000        0.000        0.000
     5:        0.000        0.000        0.000        0.000        0.000
    10:        0.000        0.000        0.000        0.000        0.000
    15:        0.000        0.000        0.000        0.000        0.000
    20:        0.000        0.000        0.000        0.000        0.000
    25:        0.000        4.000        0.000        0.000        0.000
    30:        0.000        0.000        0.000        0.000        0.000
    35:        0.000
F:
     0:       10.000       10.000       10.000       10.000       10.000
     5:       10.000       10.000       10.000       10.000       10.000
    10:       10.000       10.000       10.000       10.000       10.000
    15:       10.000       10.000       10.000       10.000       10.000
    20:       10.000       14.000       14.000       14.000       14.000
    25:       14.000       14.000       14.000       14.000       14.000
    30:       14.000       14.000       14.000       14.000       14.000
    35:       14.000       14.000       14.000       14.000       19.500
    40:       19.500       19.500       19.500       19.500       19.500
    45:       19.500       19.500       19.500       19.500       19.500
    50:       19.500       19.500       19.500       19.500       27.500
    55:       27.500       27.500       27.500       27.500       27.500
    60:       27.500       27.500       27.500       27.500       27.500
    65:       27.500       38.500       38.500       38.500       38.500
    70:       38.500       38.500       38.500       38.500       38.500
    75:       20.000       20.000       20.000       20.000       20.000
    80:       20.000       20.000       28.000       28.000       28.000
    85:       28.000       28.000       28.000       39.000       39.000
    90:       39.000       39.000       39.000       55.000       55.000
    95:       55.000       55.000       77.000       77.000       77.000
I:
     0:       75.000        0.000        0.000
M:
     0:       21.000       18.000       15.000       12.000        9.000
     5:        7.000        6.000        5.000        4.000        3.000
    10:      100.000
N:
     0:       28.000       24.000       20.000       16.000       12.000
     5:        0.000
Q:
     0:       21.000       18.000       15.000       12.000        9.000
     5:        0.000
V:
     0:        0.000        0.000        0.000        0.000        2.000
     5:      465.000      562.000      596.000      675.000      582.000
    10:      551.000      509.000      517.000      430.000      460.000
    15:        0.000
