File: C:\MED-PC IV\DATA\M_PEAK_CP14P105


Start Date: 11/15/17
End Date: 11/15/17
Subject: P105
Experiment: IF-PICO
Group: 0
Box: 6
Start Time:  9:50:41
End Time: 11:50:26
MSN: Multiple_Peak_CP
B:       0.000
C:       0.000
E:    2636.000
G:      10.000
H:    1000.000
J:       0.000
K:       0.000
L:       0.000
O:       0.000
P:       0.000
R:       0.000
S:       0.000
T:  718481.000
U:       0.000
W:       0.000
X:       0.000
Y:       0.000
Z:       0.000
A:
     0:        0.010      500.910      502.612     1902.622     1903.812
     5:     5903.822     5903.920     7403.910     7405.614    10155.624
    10:    10156.814    16256.824    16256.920    17756.910    17758.615
    15:    21608.625    21609.715   106992.725   106992.920   106992.901
    20:   106992.095   107292.902   108792.910   108794.612   110194.622
    25:   110195.712   110539.122   110595.122   110650.122   110704.122
    30:   110834.122   110880.122   110935.122   110997.122   111062.122
    35:   111205.122   111357.122   111437.122   111613.722   111613.920
    40:   111613.901   111613.092   111913.902   113413.910   113415.613
    45:   115365.623   115366.713   115587.123   115629.123   115662.123
    50:   115700.123   115741.123   115807.123   115846.123   115887.123
    55:   115942.123   116067.123   116082.123   116186.123   116199.123
    60:   116312.123   116326.123   116460.123   116754.123   116823.123
    65:   116898.123   117111.123   117167.123   117611.723   117611.920
    70:   117611.901   117611.093   117911.902   119411.910   119413.615
    75:   123263.625   123264.815   123490.135   123569.135   123646.135
    80:   123775.135   123827.135   124060.135   124118.135   124180.135
    85:   124244.135   124328.135   124399.135   124502.135   124744.135
    90:   124760.135   124829.135   124917.135   124973.135   125030.135
    95:   125513.135   125618.135   125792.135   125800.135   125927.135
   100:   125955.135   126059.135   126071.135   126413.135   126425.135
   105:   126506.135   126599.135   126661.135   126978.135   127165.135
   110:   127211.135   127222.135   127293.135   127555.135   127616.135
   115:   127668.135   127976.135   128141.135   128409.135   128713.135
   120:   128911.135   128971.135   129321.135   129337.135   129786.135
   125:   129875.135   129887.135   129963.135   130078.135   131024.135
   130:   131067.135   131125.135   131255.135   131264.825   131264.920
   135:   132764.910   132766.613   134716.623   134717.713   134857.123
   140:   134902.123   134944.123   134989.123   135123.123   135247.123
   145:   135343.123   135436.123   135496.123   135600.123   135710.123
   150:   135720.123   135774.123   135880.123   135914.123   136024.123
   155:   136128.123   136205.123   136278.123   136344.123   136360.123
   160:   136560.123   136626.123   136757.723   136757.920   136757.901
   165:   136757.093   137057.902   138557.910   138559.615   142409.625
   170:   142410.815   142910.135   142951.135   143091.135   143733.135
   175:   143771.135   143789.135   143830.135   143917.135   143932.135
   180:   144016.135   144171.135   144229.135   144293.135   144343.135
   185:   144472.135   144623.135   144676.135   144688.135   144790.135
   190:   144803.135   145103.135   145288.135   145346.135   145395.135
   195:   145459.135   145514.135   145794.135   145811.135   145935.135
   200:   146006.135   146419.135   146515.135   146529.135   146651.135
   205:   146766.135   146839.135   146939.135   146952.135   146967.135
   210:   147077.135   147132.135   147150.135   147183.135   147199.135
   215:   147384.135   147502.135   147516.135   147581.135   147594.135
   220:   147986.135   148040.135   148103.135   148372.135   149555.135
   225:   149598.135   149649.135   149767.135   149842.135   149902.135
   230:   150021.135   150158.135   150286.135   150410.825   150410.920
   235:   151910.910   151912.612   153312.622   153313.712   154948.722
   240:   154948.920   154948.901   154948.092   155248.902   156748.910
   245:   156750.611   157750.621   157751.711   157908.121   157948.121
   250:   157991.121   158039.121   158099.121   158155.121   158250.121
   255:   158383.121   158440.121   158500.121   158558.121   158615.121
   260:   158685.121   158746.121   158811.721   158811.920   158811.901
   265:   158811.091   159111.902   160611.910   160613.611   161613.621
   270:   161614.711   161795.121   161835.121   161876.121   161922.121
   275:   161995.121   162117.121   162205.121   162291.121   162392.121
   280:   162449.121   162515.121   162577.121   162671.721   162671.920
   285:   162671.901   162671.091   162971.902   164471.910   164473.611
   290:   165473.621   165474.711   165616.121   165656.121   165703.121
   295:   165790.121   165914.121   165966.121   166133.121   166192.121
   300:   166253.121   166304.121   166433.121   166511.721   166511.920
   305:   166511.901   166511.091   166811.902   168311.910   168313.612
   310:   169713.622   169714.712   169802.122   169921.122   170002.122
   315:   170131.122   170218.122   170321.122   170380.122   170441.122
   320:   170556.122   170686.122   170753.122   170766.122   170959.122
   325:   171061.122   171080.122   171231.722   171231.920   171231.901
   330:   171231.092   171531.902   173031.910   173033.611   174033.621
   335:   174034.711   174224.121   174305.121   174426.121   174454.121
   340:   174719.121   174818.121   174915.121   174976.121   174986.121
   345:   175044.721   175044.920   175044.901   175044.091   175344.902
   350:   176844.910   176846.615   180696.625   180697.715   180859.125
   355:   180912.125   180965.125   181009.125   181243.125   181374.125
   360:   181475.125   181534.125   181772.125   181819.125   181941.125
   365:   182102.125   182331.125   182389.125   182630.125   182709.125
   370:   182722.125   182788.125   182872.125   183112.125   183162.125
   375:   183210.125   183337.125   183391.125   183448.125   183578.125
   380:   183976.125   183993.125   184112.125   184342.125   184358.125
   385:   184373.125   184389.125   184499.125   184511.125   184526.125
   390:   184608.725   184608.920   184608.901   184608.095   184908.902
   395:   186408.910   186410.612   187810.622   187811.712   187971.122
   400:   188010.122   188123.122   188215.122   188307.122   188602.122
   405:   188648.122   188736.122   188803.122   188911.122   188928.122
   410:   189039.122   189145.122   189163.122   189264.722   189264.920
   415:   189264.901   189264.092   189564.902   191064.910   191066.614
   420:   193816.624   193817.714   194044.124   194608.124   195068.124
   425:   195167.124   195239.124   195367.124   195421.124   195540.124
   430:   195590.124   195631.124   195683.124   196194.124   196249.124
   435:   196356.124   196364.124   196421.124   196733.724   196733.920
   440:   196733.901   196733.094   197033.902   198533.910   198535.612
   445:   199935.622   199936.812   200092.132   200135.132   200221.132
   450:   200307.132   200394.132   200537.132   200740.132   200796.132
   455:   200845.132   200941.132   201073.132   201091.132   201198.132
   460:   201286.132   201373.132   201490.132   201589.132   201607.132
   465:   201743.132   201771.132   201828.132   201967.132   202090.132
   470:   202219.132   202319.132   202374.132   202389.132   202639.132
   475:   202653.132   202758.132   202817.132   202909.132   203276.132
   480:   203333.132   203349.132   203391.132   203407.132   203658.132
   485:   203706.132   203779.132   203936.822   203936.920   205436.910
   490:   205438.612   206838.622   206839.812   207182.132   207224.132
   495:   207263.132   207304.132   207360.132   207412.132   207545.132
   500:   207559.132   207598.132   207686.132   207805.132   207866.132
   505:   207954.132   207969.132   208061.132   208331.132   208407.132
   510:   208421.132   208579.132   208649.132   208849.132   208894.132
   515:   208908.132   208923.132   208935.132   209017.132   209030.132
   520:   209144.132   209156.132   209230.132   209244.132   209261.132
   525:   209275.132   209349.132   209484.132   209901.132   210839.822
   530:   210839.920   212339.910   212341.615   216191.625   216192.715
   535:   216690.125   216732.125   216777.125   216854.125   216909.125
   540:   216971.125   217084.125   217199.125   217731.125   217817.125
   545:   218206.125   218352.125   218754.125   218765.125   218842.125
   550:   219286.125   219298.125   219402.125   219414.125   219702.125
   555:   219748.125   219801.125   220119.725   220119.920   220119.901
   560:   220119.095   220419.902   221919.910   221921.611   222921.621
   565:   222922.811   223249.131   223289.131   223329.131   223368.131
   570:   223407.131   223448.131   223490.131   223542.131   223555.131
   575:   223600.131   223612.131   223744.131   223776.131   223847.131
   580:   223966.131   224064.131   224079.131   224227.131   224244.131
   585:   224500.131   224515.131   224639.131   224792.131   224801.131
   590:   224842.131   225012.131   225098.131   225113.131   225194.131
   595:   225484.131   225499.131   225588.131   226046.131   226303.131
   600:   226422.821   226422.920   227922.910   227924.611   228924.621
   605:   228925.711   229047.121   229087.121   229133.121   229185.121
   610:   229235.121   229299.121   229395.121   229475.121   229562.121
   615:   229704.121   229836.121   230311.721   230311.920   230311.901
   620:   230311.091   230611.902   232111.910   232113.611   233113.621
   625:   233114.711   233278.121   233323.121   233374.121   233509.121
   630:   233763.121   233818.121   233870.121   233951.121   234049.121
   635:   234125.721   234125.920   234125.901   234125.091   234425.902
   640:   235925.910   235927.611   236927.621   236928.711   237065.121
   645:   237203.121   237250.121   237415.121   237503.121   237643.121
   650:   237738.121   237797.121   237853.121   237915.121   237990.721
   655:   237990.920   237990.901   237990.091   238290.902   239790.910
   660:   239792.612   241192.622   241193.712   241383.122   241423.122
   665:   241470.122   241672.122   241885.122   241937.122   242019.122
   670:   242117.122   242384.122   242399.122   242614.722   242614.920
   675:   242614.901   242614.092   242914.902   244414.910   244416.612
   680:   245816.622   245817.712   245991.122   246032.122   246202.122
   685:   246249.122   246336.122   246539.122   246859.122   246913.122
   690:   247138.122   247205.122   247289.722   247289.920   247289.901
   695:   247289.092   247589.902   249089.910   249091.612   250491.622
   700:   250492.712   252634.722   252634.920   252634.901   252634.092
   705:   252934.902   254434.910   254436.612   255836.622   255837.712
   710:   256169.122   256304.122   256684.122   256699.122   256738.122
   715:   256791.122   257124.122   257166.122   257444.722   257444.920
   720:   257444.901   257444.092   257744.902   259244.910   259246.614
   725:   261996.624   261997.714   262578.124   262618.124   263337.124
   730:   263382.124   263426.124   263507.124   263523.124   263565.124
   735:   263614.124   263665.124   263719.124   263819.124   263879.124
   740:   264165.124   264220.124   264232.124   264334.124   264661.124
   745:   264672.124   264731.124   264758.724   264758.920   264758.901
   750:   264758.094   265058.902   266558.910   266560.615   270410.625
   755:   270411.715   270847.125   270889.125   271375.125   271466.125
   760:   271526.125   271926.125   271939.125   272367.125   272380.125
   765:   272431.125   272460.125   272760.125   272774.125   272788.125
   770:   272838.125   272850.125   272892.125   273183.125   273297.125
   775:   273312.125   273376.125   273389.125   273619.125   273682.125
   780:   274004.125   274018.125   274032.125   274100.125   274112.125
   785:   274232.125   274612.725   274612.920   274612.901   274612.095
   790:   274912.902   276412.910   276414.613   278364.623   278365.713
   795:   278465.123   278505.123   279002.123   279579.123   279619.123
   800:   279655.123   279700.123   279781.123   280132.123   280318.723
   805:   280318.920   280318.901   280318.093   280618.902   282118.910
   810:   282120.615   285970.625   285971.715   286348.125   286417.125
   815:   286431.125   286899.125   286940.125   286955.125   287041.125
   820:   287180.125   287461.125   287508.125   287520.125   287594.125
   825:   288097.125   288468.125   288478.125   288760.125   289130.125
   830:   289182.125   289399.125   289416.125   289602.125   289681.125
   835:   289697.125   290014.725   290014.920   290014.901   290014.095
   840:   290314.902   291814.910   291816.611   292816.621   292817.811
   845:   293363.131   293406.131   293444.131   293491.131   293553.131
   850:   293634.131   293731.131   293770.131   293814.131   293907.131
   855:   293965.131   293976.131   294459.131   294755.131   294909.131
   860:   295030.131   295249.131   295453.131   295536.131   296103.131
   865:   296184.131   296198.131   296215.131   296317.821   296317.920
   870:   297817.910   297819.613   299769.623   299770.813   299901.133
   875:   299945.133   300210.133   300609.133   300659.133   300717.133
   880:   300789.133   300840.133   301319.133   301453.133   301614.133
   885:   301702.133   301713.133   301847.133   301861.133   301916.133
   890:   301929.133   301945.133   301958.133   301977.133   302067.133
   895:   302080.133   302592.133   302650.133   302694.133   303875.133
   900:   303916.133   304066.133   304078.133   304322.133   304367.133
   905:   304464.133   304516.133   304570.823   304570.920   306070.910
   910:   306072.614   308822.624   308823.814   309016.134   309067.134
   915:   309346.134   309439.134   309571.134   309585.134   309670.134
   920:   309959.134   310010.134   310026.134   310069.134   310084.134
   925:   310134.134   310855.134   310934.134   310998.134   311351.134
   930:   311361.134   311436.134   311478.134   311490.134   311909.134
   935:   312073.134   312482.134   312539.134   312587.134   312655.134
   940:   312664.134   312774.134   312869.134   312883.134   313012.134
   945:   313123.134   313356.134   313644.134   313825.134   314923.824
   950:   314923.920   316423.910   316425.611   317425.621   317426.811
   955:   319436.131   319480.131   319581.131   319636.131   319694.131
   960:   319840.131   319934.131   319987.131   320116.131   320165.131
   965:   320302.131   320462.131   320609.131   320623.131   320695.131
   970:   320782.131   320926.821   320926.920   322426.910   322428.612
   975:   323828.622   323829.712   326598.722   326598.920   326598.901
   980:   326598.092   326898.902   328398.910   328400.611   329400.621
   985:   329401.711   329809.121   329861.121   329898.121   329938.121
   990:   329988.121   330049.121   330111.121   330356.121   330427.721
   995:   330427.920   330427.901   330427.091   330727.902   332227.910
  1000:   332229.612   333629.622   333630.712   333771.122   333815.122
  1005:   333852.122   333891.122   333991.122   334040.122   334089.122
  1010:   334198.122   334250.122   334295.122   334351.122   334441.122
  1015:   334614.122   334744.122   334800.122   334863.122   334981.122
  1020:   335051.722   335051.920   335051.901   335051.092   335351.902
  1025:   336851.910   336853.611   337853.621   337854.711   337949.121
  1030:   337994.121   338118.121   338496.121   338563.121   338667.121
  1035:   339064.721   339064.920   339064.901   339064.091   339364.902
  1040:   340864.910   340866.611   341866.621   341867.711   342016.121
  1045:   342062.121   342192.121   342394.121   342442.121   342553.121
  1050:   342615.121   342671.121   342743.121   342799.121   342864.121
  1055:   342978.721   342978.920   342978.901   342978.091   343278.902
  1060:   344778.910   344780.611   345780.621   345781.711   345966.121
  1065:   346015.121   346138.121   346349.121   346446.121   346571.121
  1070:   346631.121   346646.121   346732.121   346747.121   346812.721
  1075:   346812.920   346812.901   346812.091   347112.902   348612.910
  1080:   348614.612   350014.622   350015.712   350199.122   350234.122
  1085:   350273.122   350318.122   350440.122   350632.122   350685.122
  1090:   350781.122   350876.122   351096.122   351367.122   351413.122
  1095:   351701.722   351701.920   351701.901   351701.092   352001.902
  1100:   353501.910   353503.611   354503.621   354504.711   354596.121
  1105:   354640.121   354729.121   354820.121   355020.121   355058.121
  1110:   355096.121   355465.121   355540.721   355540.920   355540.901
  1115:   355540.091   355840.902   357340.910   357342.612   358742.622
  1120:   358743.712   358844.122   358893.122   358972.122   359079.122
  1125:   359275.122   359403.122   359482.122   359636.122   359687.122
  1130:   359754.122   359905.122   359979.122   360195.722   360195.920
  1135:   360195.901   360195.092   360495.902   361995.910   361997.611
  1140:   362997.621   362998.711   363086.121   363177.121   363496.121
  1145:   363599.121   363659.121   364087.721   364087.920   364087.901
  1150:   364087.091   364387.902   365887.910   365889.612   367289.622
  1155:   367290.712   367477.122   367520.122   367566.122   367733.122
  1160:   367868.122   368082.122   368209.122   368299.122   368400.122
  1165:   368487.122   369216.722   369216.920   369216.901   369216.092
  1170:   369516.902   371016.910   371018.611   372018.621   372019.711
  1175:   372261.121   372307.121   372623.121   372688.121   372764.121
  1180:   372879.121   372948.121   372954.121   373198.721   373198.920
  1185:   373198.901   373198.091   373498.902   374998.910   375000.612
  1190:   376400.622   376401.712   376555.122   376607.122   376773.122
  1195:   377010.122   377048.122   377091.122   377134.122   377418.122
  1200:   377552.122   377862.722   377862.920   377862.901   377862.092
  1205:   378162.902   379662.910   379664.613   381614.623   381615.713
  1210:   381779.123   381925.123   382146.123   382522.123   382663.123
  1215:   382947.123   383062.123   383236.123   383343.123   383613.723
  1220:   383613.920   383613.901   383613.093   383913.902   385413.910
  1225:   385415.613   387365.623   387366.713   387709.123   387755.123
  1230:   387902.123   387986.123   388084.123   388379.123   388863.123
  1235:   389392.723   389392.920   389392.901   389392.093   389692.902
  1240:   391192.910   391194.613   393144.623   393145.713   393240.123
  1245:   393330.123   393566.123   393611.123   394511.123   394566.123
  1250:   395093.123   395149.723   395149.920   395149.901   395149.093
  1255:   395449.902   396949.910   396951.611   397951.621   397952.711
  1260:   398104.121   398154.121   398289.121   398554.121   398571.121
  1265:   398613.121   398672.121   398938.121   398990.721   398990.920
  1270:   398990.901   398990.091   399290.902   400790.910   400792.612
  1275:   402192.622   402193.712   402362.122   402454.122   402768.122
  1280:   402813.122   402847.122   402897.122   403195.122   403209.122
  1285:   403297.122   403685.722   403685.920   403685.901   403685.092
  1290:   403985.902   405485.910   405487.614   408237.624   408238.714
  1295:   409119.124   409441.124   409647.124   409659.124   409905.124
  1300:   409959.124   410134.124   410178.124   410227.124   410235.124
  1305:   410287.124   410327.124   410376.124   410491.124   410723.124
  1310:   410736.124   410867.124   410875.124   411219.724   411219.920
  1315:   411219.901   411219.094   411519.902   413019.910   413021.614
  1320:   415771.624   415772.714   416358.124   416394.124   416450.124
  1325:   416625.124   416874.124   416984.124   417427.124   417468.124
  1330:   417512.124   417662.124   417960.124   418091.124   418143.124
  1335:   418541.724   418541.920   418541.901   418541.094   418841.902
  1340:   420341.910   420343.614   423093.624   423094.714   423409.124
  1345:   423450.124   423636.124   423714.124   423817.124   424015.124
  1350:   424095.124   424151.124   424219.124   424519.124   424530.124
  1355:   424579.124   424927.124   424940.124   424990.124   425274.124
  1360:   425401.124   425654.124   425946.724   425946.920   425946.901
  1365:   425946.094   426246.902   427746.910   427748.615   431598.625
  1370:   431599.715   431691.125   431742.125   431797.125   431885.125
  1375:   431928.125   431979.125   432139.125   432185.125   432255.125
  1380:   432371.125   432495.125   432502.125   432552.125   432564.125
  1385:   432770.125   432783.125   433013.125   433076.125   433129.125
  1390:   433962.125   433975.125   433989.125   434065.125   434487.125
  1395:   434594.125   434693.125   434801.125   434911.125   435340.125
  1400:   435352.125   435468.725   435468.920   435468.901   435468.095
  1405:   435768.902   437268.910   437270.615   441120.625   441121.715
  1410:   441437.125   441517.125   441559.125   441611.125   441716.125
  1415:   441872.125   441912.125   442075.125   442126.125   442544.125
  1420:   442598.125   442925.125   443013.125   443644.125   443694.125
  1425:   444043.125   444058.125   444153.125   444499.125   444556.125
  1430:   444575.125   444929.125   445190.725   445190.920   445190.901
  1435:   445190.095   445490.902   446990.910   446992.615   450842.625
  1440:   450843.715   450942.125   451433.125   451957.125   452076.125
  1445:   452174.125   452213.125   452576.125   452958.125   453224.125
  1450:   453519.125   453787.125   453800.125   453915.125   454445.125
  1455:   454484.125   454552.125   454563.125   454718.725   454718.920
  1460:   454718.901   454718.095   455018.902   456518.910   456520.611
  1465:   457520.621   457521.811   457642.131   457683.131   457814.131
  1470:   458010.131   458111.131   458256.131   458348.131   458415.131
  1475:   458514.131   458679.131   458813.131   458827.131   458927.131
  1480:   459053.131   459164.131   459176.131   459199.131   459215.131
  1485:   459340.131   459471.131   459485.131   459497.131   459606.131
  1490:   461021.821   461021.920   462521.910   462523.613   464473.623
  1495:   464474.713   464815.123   464899.123   464947.123   464993.123
  1500:   465031.123   465142.123   465210.123   465302.123   465567.123
  1505:   465585.123   465983.123   466041.123   466056.123   466168.123
  1510:   466486.723   466486.920   466486.901   466486.093   466786.902
  1515:   468286.910   468288.612   469688.622   469689.812   470491.132
  1520:   470535.132   470676.132   470906.132   471077.132   471341.132
  1525:   471426.132   471441.132   471554.132   471861.132   471960.132
  1530:   471972.132   472018.132   472304.132   472317.132   472361.132
  1535:   472768.132   472819.132   472902.132   473270.132   473284.132
  1540:   473335.132   473346.132   473359.132   473689.822   473689.920
  1545:   475189.910   475191.613   477141.623   477142.813   477442.133
  1550:   477491.133   477692.133   477736.133   477841.133   477892.133
  1555:   478009.133   478062.133   478302.133   478315.133   478363.133
  1560:   478646.133   478705.133   478771.133   478865.133   479248.133
  1565:   479375.133   479394.133   479467.133   479538.133   480114.133
  1570:   480130.133   480142.133   480170.133   480262.133   480575.133
  1575:   480590.133   480833.133   481875.133   481919.133   481942.823
  1580:   481942.920   481966.411   483442.910   483444.613   485394.623
  1585:   485395.813   485583.133   485622.133   485666.133   485717.133
  1590:   485875.133   485916.133   486107.133   486300.133   486311.133
  1595:   486363.133   487089.133   487102.133   487187.133   487191.133
  1600:   487241.133   487255.133   487606.133   487654.133   487720.133
  1605:   487832.133   488049.133   488117.133   488449.133   488564.133
  1610:   488655.133   490050.133   490094.133   490138.133   490193.133
  1615:   490195.823   490195.920   491695.910   491697.611   492697.621
  1620:   492698.711   493034.121   493179.121   493193.121   493363.121
  1625:   493417.121   493627.121   493884.721   493884.920   493884.901
  1630:   493884.091   494184.902   495684.910   495686.611   496686.621
  1635:   496687.711   496810.121   496851.121   496903.121   496952.121
  1640:   496999.121   497048.121   497203.121   497386.121   497498.121
  1645:   497552.121   497663.121   497737.721   497737.920   497737.901
  1650:   497737.091   498037.902   499537.910   499539.613   501489.623
  1655:   501490.713   501719.123   501767.123   501846.123   501919.123
  1660:   502118.123   502162.123   502240.123   502593.123   502606.123
  1665:   503029.123   503216.123   503323.123   503625.723   503625.920
  1670:   503625.901   503625.093   503925.902   505425.910   505427.614
  1675:   508177.624   508178.714   508868.124   508914.124   508952.124
  1680:   508999.124   509291.124   509326.124   509376.124   509868.124
  1685:   509880.124   509930.124   510370.124   510383.124   510480.124
  1690:   510575.124   510930.724   510930.920   510930.901   510930.094
  1695:   511230.902   512730.910   512732.612   514132.622   514133.812
  1700:   514285.132   514478.132   514552.132   514921.132   515125.132
  1705:   515222.132   515306.132   515427.132   515534.132   515698.132
  1710:   515895.132   515977.132   516081.132   516208.132   516314.132
  1715:   516421.132   516509.132   516521.132   516750.132   517383.132
  1720:   517401.132   517477.132   517810.132   517936.132   518133.822
  1725:   518133.920   519633.910   519635.615   523485.625   523486.815
  1730:   523737.135   524217.135   524486.135   524531.135   524773.135
  1735:   524827.135   525074.135   525149.135   525213.135   525483.135
  1740:   525496.135   525653.135   525816.135   525830.135   525879.135
  1745:   526099.135   526117.135   526334.135   526563.135   526691.135
  1750:   526703.135   526794.135   527061.135   527076.135   527129.135
  1755:   527143.135   527172.135   527188.135   527272.135   527558.135
  1760:   527608.135   527624.135   527707.135   527723.135   528023.135
  1765:   528036.135   528136.135   528153.135   528390.135   528405.135
  1770:   528508.135   528710.135   529797.135   529841.135   529905.135
  1775:   529972.135   530446.135   530499.135   530577.135   530627.135
  1780:   530775.135   530923.135   530982.135   531071.135   531460.135
  1785:   531486.825   531486.920   532986.910   532988.613   534938.623
  1790:   534939.713   535542.123   535624.123   535884.123   535922.123
  1795:   536194.123   536208.123   536243.123   536316.123   536524.123
  1800:   536627.123   536744.123   536845.123   537009.723   537009.920
  1805:   537009.901   537009.093   537309.902   538809.910   538811.614
  1810:   541561.624   541562.814   541935.134   541984.134   542067.134
  1815:   542178.134   542292.134   542674.134   542940.134   542988.134
  1820:   543045.134   543154.134   543290.134   543454.134   543751.134
  1825:   543908.134   544364.134   544545.134   544558.134   544632.134
  1830:   544915.134   544929.134   545028.134   545323.134   545335.134
  1835:   545351.134   545391.134   545500.134   545514.134   545877.134
  1840:   545892.134   546068.134   546121.134   546133.134   546276.134
  1845:   547288.134   547349.134   547405.134   547464.134   547517.134
  1850:   547605.134   547662.824   547662.920   547668.411   547683.411
  1855:   549162.910   549164.611   550164.621   550165.711   550248.121
  1860:   550291.121   550384.121   550527.121   550571.121   550646.121
  1865:   550788.121   550847.121   551124.121   551582.721   551582.920
  1870:   551582.901   551582.091   551882.902   553382.910   553384.613
  1875:   555334.623   555335.713   555542.123   555680.123   555905.123
  1880:   556143.123   556334.123   556628.123   556965.123   557079.123
  1885:   557219.123   557235.123   557286.723   557286.920   557286.901
  1890:   557286.093   557586.902   559086.910   559088.611   560088.621
  1895:   560089.711   560262.121   560348.121   560386.121   560612.121
  1900:   560766.121   560823.121   560881.121   560940.121   561006.121
  1905:   561132.721   561132.920   561132.901   561132.091   561432.902
  1910:   562932.910   562934.614   565684.624   565685.714   566349.124
  1915:   566425.124   566500.124   566537.124   566611.124   566770.124
  1920:   566802.124   566891.124   566982.124   567109.124   567302.124
  1925:   567383.124   567424.124   567552.124   567619.124   567845.124
  1930:   567861.124   567934.124   568139.124   568233.124   568246.124
  1935:   568335.124   568384.124   568752.724   568752.920   568752.901
  1940:   568752.094   569052.902   570552.910   570554.614   573304.624
  1945:   573305.714   573526.124   573569.124   573656.124   573697.124
  1950:   573764.124   573915.124   573948.124   574423.124   574457.124
  1955:   574512.124   574852.124   574863.124   574897.124   574978.124
  1960:   575237.124   575315.124   575404.124   575685.124   575699.124
  1965:   575799.124   575957.124   576180.724   576180.920   576180.901
  1970:   576180.094   576480.902   577980.910   577982.614   580732.624
  1975:   580733.714   581410.124   581449.124   581489.124   581530.124
  1980:   581657.124   581811.124   581889.124   582116.124   582157.124
  1985:   582195.124   582306.124   582595.124   582632.124   582672.124
  1990:   582687.124   582721.124   582772.124   583178.124   583217.124
  1995:   583271.124   583413.124   583695.724   583695.920   583695.901
  2000:   583695.094   583995.902   585495.910   585497.611   586497.621
  2005:   586498.811   586592.131   586640.131   586684.131   586906.131
  2010:   586943.131   586989.131   587043.131   587305.131   587371.131
  2015:   587447.131   587506.131   587648.131   587696.131   587872.131
  2020:   588020.131   588126.131   588141.131   588202.131   588271.131
  2025:   588531.131   588546.131   588612.131   588817.131   588833.131
  2030:   588895.131   588909.131   588925.131   589219.131   589271.131
  2035:   589285.131   589343.131   589982.131   589998.821   589998.920
  2040:   590029.411   591498.910   591500.613   593450.623   593451.713
  2045:   593704.123   593824.123   593865.123   594112.123   594125.123
  2050:   594170.123   594311.123   594324.123   594363.123   594763.123
  2055:   594812.123   594850.123   594943.123   595273.123   595284.123
  2060:   595341.123   595618.723   595618.920   595618.901   595618.093
  2065:   595918.902   597418.910   597420.613   599370.623   599371.813
  2070:   599527.133   599644.133   599693.133   599961.133   600010.133
  2075:   600445.133   600481.133   600524.133   600564.133   600609.133
  2080:   600657.133   600747.133   600762.133   600795.133   600941.133
  2085:   601170.133   601184.133   601279.133   601287.133   601409.133
  2090:   601873.133   601889.133   601908.133   602166.133   602404.133
  2095:   602524.133   602914.133   602954.133   603080.133   603237.133
  2100:   603340.133   603669.133   603729.133   603833.133   603884.133
  2105:   603996.133   604171.823   604171.920   605671.910   605673.613
  2110:   607623.623   607624.713   607839.123   608150.123   608266.123
  2115:   608589.123   608601.123   608911.123   608925.123   608935.123
  2120:   609255.123   609267.123   609349.123   609355.123   609612.723
  2125:   609612.920   609612.901   609612.093   609912.902   611412.910
  2130:   611414.613   613364.623   613365.813   613564.133   613635.133
  2135:   614110.133   614212.133   614225.133   614301.133   614585.133
  2140:   614599.133   614870.133   615147.133   615161.133   615303.133
  2145:   615310.133   615540.133   615597.133   615643.133   615654.133
  2150:   615792.133   615807.133   615826.133   615920.133   616182.133
  2155:   616433.133   616661.133   616704.133   616719.133   616796.133
  2160:   617308.133   617355.133   617442.133   617457.133   617494.133
  2165:   618165.823   618165.920   619665.910   619667.614   622417.624
  2170:   622418.714   622607.124   622662.124   622711.124   623421.124
  2175:   623712.124   623761.124   623947.124   624237.124   624348.124
  2180:   624668.124   624767.124   625106.124   625120.124   625259.724
  2185:   625259.920   625259.901   625259.094   625559.902   627059.910
  2190:   627061.612   628461.622   628462.712   628786.122   628828.122
  2195:   628872.122   628909.122   628953.122   628992.122   629030.122
  2200:   629073.122   629132.122   629217.122   629273.122   629377.122
  2205:   629446.122   629481.122   629641.122   629656.122   629732.122
  2210:   629747.122   629869.722   629869.920   629869.901   629869.092
  2215:   630169.902   631669.910   631671.613   633621.623   633622.713
  2220:   633813.123   633921.123   634091.123   634214.123   634254.123
  2225:   634396.123   634483.123   634601.123   634702.123   634886.123
  2230:   634941.123   635152.123   635165.123   635179.123   635319.123
  2235:   635579.723   635579.920   635579.901   635579.093   635879.902
  2240:   637379.910   637381.614   640131.624   640132.714   640534.124
  2245:   640575.124   640932.124   640970.124   641013.124   641166.124
  2250:   641182.124   641445.124   641458.124   641505.124   641750.124
  2255:   641859.124   641911.124   642006.124   642195.124   642388.124
  2260:   642404.124   642506.124   642889.724   642889.920   642889.901
  2265:   642889.094   643189.902   644689.910   644691.614   647441.624
  2270:   647442.714   647644.124   647693.124   648390.124   648451.124
  2275:   648701.124   648757.124   648801.124   649103.124   649158.124
  2280:   649336.124   649386.124   649403.124   649658.124   649733.124
  2285:   649812.124   649826.124   649926.124   649980.124   649988.124
  2290:   650445.724   650445.920   650445.901   650445.094   650745.902
  2295:   652245.910   652247.612   653647.622   653648.712   653843.122
  2300:   653912.122   654143.122   654187.122   654265.122   654424.122
  2305:   654672.122   655214.722   655214.920   655214.901   655214.092
  2310:   655514.902   657014.910   657016.611   658016.621   658017.711
  2315:   658170.121   658223.121   658265.121   658541.121   658689.121
  2320:   658767.121   658782.121   658893.121   658909.121   659049.721
  2325:   659049.920   659049.901   659049.091   659349.902   660849.910
  2330:   660851.613   662801.623   662802.713   663008.123   663145.123
  2335:   663254.123   663299.123   663442.123   663634.123   663761.123
  2340:   663847.123   664039.123   664092.123   664171.123   664315.123
  2345:   664407.123   664427.123   664533.123   664692.123   664798.723
  2350:   664798.920   664798.901   664798.093   665098.902   666598.910
  2355:   666600.615   670450.625   670451.715   671042.125   671119.125
  2360:   671165.125   671206.125   671325.125   671363.125   671460.125
  2365:   671675.125   671755.125   671878.125   671892.125   672169.125
  2370:   672183.125   672426.125   672433.125   672767.125   672951.125
  2375:   673111.125   673213.125   673487.125   673501.125   673563.125
  2380:   673682.125   673701.125   673764.125   673779.125   673848.125
  2385:   673909.125   674063.125   674433.725   674433.920   674433.901
  2390:   674433.095   674733.902   676233.910   676235.613   678185.623
  2395:   678186.713   678327.123   678374.123   678419.123   678562.123
  2400:   678658.123   678699.123   678746.123   678984.123   679098.123
  2405:   679166.123   679311.123   679365.123   679424.123   679496.123
  2410:   679984.123   680099.123   680208.723   680208.920   680208.901
  2415:   680208.093   680508.902   682008.910   682010.611   683010.621
  2420:   683011.811   683151.131   683198.131   683242.131   683322.131
  2425:   683520.131   683617.131   683686.131   683753.131   683829.131
  2430:   683948.131   684017.131   684071.131   684140.131   684357.131
  2435:   684433.131   684445.131   684520.131   684582.131   684596.131
  2440:   684655.131   684670.131   684683.131   684692.131   684707.131
  2445:   684861.131   684874.131   684904.131   684973.131   685045.131
  2450:   685158.131   685170.131   685265.131   686263.131   686303.131
  2455:   686346.131   686426.131   686439.131   686480.131   686495.131
  2460:   686511.821   686511.920   686528.411   686553.411   688011.910
  2465:   688013.612   689413.622   689414.712   689630.122   689678.122
  2470:   689763.122   689922.122   690262.122   690274.122   690444.122
  2475:   690718.122   690803.122   691094.722   691094.920   691094.901
  2480:   691094.092   691394.902   692894.910   692896.611   693896.621
  2485:   693897.811   693982.131   694025.131   694074.131   694187.131
  2490:   694379.131   694430.131   694494.131   694547.131   694603.131
  2495:   694656.131   694838.131   694951.131   695042.131   695135.131
  2500:   695147.131   695237.131   695304.131   695320.131   695398.131
  2505:   695416.131   695570.131   695583.131   695775.131   695796.131
  2510:   695865.131   696780.131   696822.131   696907.131   696955.131
  2515:   697099.131   697113.131   697149.131   697191.131   697242.131
  2520:   697293.131   697339.131   697397.821   697397.920   697401.411
  2525:   698897.910   698899.612   700299.622   700300.812   700521.132
  2530:   700564.132   700607.132   700682.132   700728.132   700812.132
  2535:   700905.132   700958.132   701022.132   701264.132   701362.132
  2540:   701414.132   701475.132   701529.132   701545.132   701701.132
  2545:   701770.132   701843.132   701862.132   701956.132   702022.132
  2550:   702039.132   702128.132   702195.132   702254.132   702471.132
  2555:   703413.132   704101.132   704115.132   704154.132   704207.132
  2560:   704296.132   704300.822   704300.920   704336.411   705800.910
  2565:   705802.614   708552.624   708553.814   709041.134   709082.134
  2570:   709460.134   709740.134   710054.134   710094.134   710155.134
  2575:   710198.134   710352.134   710364.134   710405.134   710435.134
  2580:   710554.134   710627.134   710639.134   710796.134   710881.134
  2585:   710894.134   710957.134   710971.134   711194.134   711205.134
  2590:   711325.134   711868.134   711904.134   711942.134   712307.134
  2595:   712362.134   712412.134   712460.134   712557.134   712916.134
  2600:   712926.134   712961.134   713009.134   713052.134   713104.134
  2605:   713228.134   713351.134   713453.134   713548.134   713560.134
  2610:   713596.134   713607.134   714653.824   714653.920   716153.910
  2615:   716155.611   717155.621   717156.711   717480.121   717518.121
  2620:   717625.121   717790.121   717803.121   717820.121   717910.121
  2625:   718098.121   718181.721   718181.920   718181.901   718181.091
  2630:   718481.902   718481.902   718481.005   718481.006   718481.007
  2635:   718481.020        
D:
     0:        0.000        0.000        0.000        0.000        0.000
     5:        0.000        0.000        0.000        0.000        0.000
    10:        0.000        0.000        0.000        0.000        0.000
    15:        0.000        0.000        0.000        0.000        0.000
    20:        0.000        0.000        0.000        0.000        0.000
    25:        0.000        8.000        0.000        0.000        0.000
    30:        0.000        0.000        0.000        0.000        0.000
    35:        0.000
F:
     0:       10.000       10.000       10.000       10.000       10.000
     5:       10.000       10.000       10.000       10.000       10.000
    10:       10.000       10.000       10.000       10.000       10.000
    15:       10.000       10.000       10.000       10.000       10.000
    20:       10.000       14.000       14.000       14.000       14.000
    25:       14.000       14.000       14.000       14.000       14.000
    30:       14.000       14.000       14.000       14.000       14.000
    35:       14.000       14.000       14.000       14.000       19.500
    40:       19.500       19.500       19.500       19.500       19.500
    45:       19.500       19.500       19.500       19.500       19.500
    50:       19.500       19.500       19.500       19.500       27.500
    55:       27.500       27.500       27.500       27.500       27.500
    60:       27.500       27.500       27.500       27.500       27.500
    65:       27.500       38.500       38.500       38.500       38.500
    70:       38.500       38.500       38.500       38.500       38.500
    75:       20.000       20.000       20.000       20.000       20.000
    80:       20.000       20.000       28.000       28.000       28.000
    85:       28.000       28.000       28.000       39.000       39.000
    90:       39.000       39.000       39.000       55.000       55.000
    95:       55.000       55.000       77.000       77.000       77.000
I:
     0:       75.000        0.000        0.000
M:
     0:       21.000       18.000       15.000       12.000        9.000
     5:        7.000        6.000        5.000        4.000        3.000
    10:      100.000
N:
     0:       28.000       24.000       20.000       16.000       12.000
     5:        0.000
Q:
     0:       21.000       18.000       15.000       12.000        9.000
     5:        0.000
V:
     0:        0.000        0.000        0.000        0.000        0.000
     5:      213.000      190.000      214.000      226.000      218.000
    10:      203.000      156.000      160.000      119.000      173.000
    15:        0.000
