File: C:\MED-PC IV\DATA\M_PEAK_CP20P003


Start Date: 11/19/17
End Date: 11/19/17
Subject: P003
Experiment: IF-PICO
Group: 0
Box: 7
Start Time:  9:59:36
End Time: 11:44:35
MSN: Multiple_Peak_CP
B:       0.000
C:       0.000
E:    4991.000
G:      10.000
H:    1000.000
J:       0.000
K:       0.000
L:       0.000
O:       0.000
P:       0.000
R:       0.000
S:       0.000
T:  629835.000
U:       0.000
W:       0.000
X:       0.000
Y:       0.000
Z:       0.000
A:
     0:        0.010      500.910      502.612      710.112      748.112
     5:      781.112      819.112     1020.112     1902.622     1903.712
    10:     1960.122     2047.122     2081.122     2114.122     2147.122
    15:     2178.122     2208.122     2244.122     2314.122     2346.122
    20:     2381.122     2411.122     2442.122     2477.122     2509.122
    25:     2543.122     2578.122     2614.122     2647.122     2684.122
    30:     2718.122     2755.122     2793.122     2830.122     2866.122
    35:     2899.122     2937.122     2972.122     3043.122     3080.122
    40:     3122.122     3159.122     3197.122     3310.722     3310.920
    45:     3310.901     3310.092     3610.902     5110.910     5112.612
    50:     6512.622     6513.712     6573.122     6607.122     6672.122
    55:     6702.122     6764.122     6794.122     6855.122     6889.122
    60:     6920.122     6960.122     6991.122     7030.122     7062.122
    65:     7097.122     7130.122     7167.122     7205.122     7278.122
    70:     7317.122     7351.122     7386.122     7423.122     7458.122
    75:     7493.122     7531.122     7569.122     7607.122     7641.122
    80:     7713.122     7748.122     7785.122     7821.122     7859.122
    85:     7894.122     7968.722     7968.920     7968.901     7968.092
    90:     8268.902     9768.910     9770.612    11170.622    11171.712
    95:    11306.122    11351.122    11391.122    11424.122    11452.122
   100:    11485.122    11515.122    11543.122    11570.122    11598.122
   105:    11633.122    11663.122    11696.122    11727.122    11758.122
   110:    11789.122    11821.122    11852.122    11883.122    11914.122
   115:    11946.122    11981.122    12019.122    12056.122    12091.122
   120:    12128.122    12167.122    12205.122    12243.122    12281.122
   125:    12315.122    12351.122    12388.122    12431.122    12466.122
   130:    12503.122    12537.122    12574.722    12574.920    12574.901
   135:    12574.092    12874.902    14374.910    14376.613    16326.623
   140:    16327.713    16423.123    16460.123    16502.123    16543.123
   145:    16575.123    16603.123    16632.123    16662.123    16695.123
   150:    16723.123    16756.123    16786.123    16819.123    16848.123
   155:    16881.123    16912.123    16984.123    17012.123    17042.123
   160:    17074.123    17109.123    17116.123    17150.123    17182.123
   165:    17213.123    17245.123    17278.123    17312.123    17346.123
   170:    17380.123    17415.123    17448.123    17483.123    17518.123
   175:    17553.123    17586.123    17623.123    17659.123    17691.123
   180:    17726.123    17762.123    17799.123    17835.123    17872.123
   185:    17907.123    17943.123    17978.123    18012.123    18050.123
   190:    18087.123    18123.123    18158.123    18191.123    18230.123
   195:    18266.123    18304.723    18304.920    18304.901    18304.093
   200:    18604.902    20104.910    20106.613    22056.623    22057.713
   205:    22255.123    22376.123    22405.123    22444.123    22514.123
   210:    22546.123    22573.123    22604.123    22641.123    22678.123
   215:    22754.123    22795.123    22831.123    22862.123    22896.123
   220:    22932.123    22968.123    23037.123    23072.123    23105.123
   225:    23171.123    23204.123    23240.123    23272.123    23307.123
   230:    23339.123    23373.123    23410.123    23448.123    23481.123
   235:    23514.123    23552.123    23621.123    23667.123    23702.123
   240:    23737.123    23813.123    23848.123    23882.123    23889.123
   245:    23966.123    24001.123    24036.723    24036.920    24036.901
   250:    24036.093    24336.902    25836.910    25838.612    27238.622
   255:    27239.712    27353.122    27423.122    27490.122    27526.122
   260:    27557.122    27595.122    27637.122    27668.122    27729.122
   265:    27766.122    27795.122    27832.122    27894.122    27926.122
   270:    27934.122    27975.122    28009.122    28042.122    28072.122
   275:    28110.122    28142.122    28177.122    28210.122    28245.122
   280:    28278.122    28316.122    28348.122    28384.122    28417.122
   285:    28455.122    28491.122    28564.122    28602.122    28642.722
   290:    28642.920    28642.901    28642.092    28942.902    30442.910
   295:    30444.612    31844.622    31845.712    31931.122    31974.122
   300:    32035.122    32151.122    32220.122    32264.122    32298.122
   305:    32325.122    32363.122    32422.122    32499.122    32535.122
   310:    32569.122    32603.122    32636.122    32672.122    32705.122
   315:    32739.122    32775.122    32810.122    32823.122    32864.122
   320:    32933.122    32947.122    32983.122    33017.122    33053.122
   325:    33089.122    33163.122    33198.122    33240.122    33274.722
   330:    33274.920    33274.901    33274.092    33574.902    35074.910
   335:    35076.613    37026.623    37027.713    37140.123    37392.123
   340:    37458.123    37557.123    37596.123    37632.123    37668.123
   345:    37704.123    37740.123    37776.123    37817.123    37858.123
   350:    37931.123    37968.123    38005.123    38041.123    38076.123
   355:    38114.123    38147.123    38186.123    38220.123    38255.123
   360:    38291.123    38327.123    38363.123    38404.123    38440.123
   365:    38474.123    38508.123    38540.123    38575.123    38612.123
   370:    38685.123    38720.123    38755.123    38793.123    38834.123
   375:    38869.123    38906.123    38944.123    38982.723    38982.920
   380:    38982.901    38982.093    39282.902    40782.910    40784.613
   385:    42734.623    42735.713    42946.123    42988.123    43100.123
   390:    43235.123    43269.123    43303.123    43335.123    43367.123
   395:    43396.123    43462.123    43493.123    43522.123    43554.123
   400:    43590.123    43621.123    43716.123    43748.123    43781.123
   405:    43813.123    43847.123    43880.123    43913.123    43946.123
   410:    43980.123    44047.123    44083.123    44116.123    44154.123
   415:    44189.123    44228.123    44267.123    44302.123    44338.123
   420:    44370.123    44445.123    44483.123    44522.123    44598.123
   425:    44638.123    44677.123    44712.723    44712.920    44712.901
   430:    44712.093    45012.902    46512.910    46514.613    48464.623
   435:    48465.713    48893.123    48932.123    48968.123    49004.123
   440:    49038.123    49069.123    49102.123    49130.123    49166.123
   445:    49229.123    49261.123    49293.123    49330.123    49364.123
   450:    49397.123    49431.123    49466.123    49501.123    49538.123
   455:    49572.123    49605.123    49638.123    49711.123    49783.123
   460:    49829.123    49865.123    49902.123    49936.123    49972.123
   465:    50009.123    50049.123    50089.123    50124.123    50159.123
   470:    50195.123    50231.123    50270.123    50307.123    50346.123
   475:    50428.723    50428.920    50428.901    50428.093    50728.902
   480:    52228.910    52230.611    53230.621    53231.711    53718.121
   485:    53749.121    53781.121    53812.121    53842.121    53873.121
   490:    53906.121    53941.121    53973.121    54039.121    54074.121
   495:    54107.121    54141.121    54174.121    54206.121    54240.721
   500:    54240.920    54240.901    54240.091    54540.902    56040.910
   505:    56042.613    57992.623    57993.713    58277.123    58316.123
   510:    58357.123    58398.123    58435.123    58464.123    58499.123
   515:    58534.123    58564.123    58596.123    58628.123    58660.123
   520:    58695.123    58728.123    58760.123    58794.123    58831.123
   525:    58869.123    58906.123    58944.123    58981.123    59016.123
   530:    59053.123    59090.123    59126.123    59165.123    59203.123
   535:    59241.123    59281.123    59320.123    59359.123    59398.123
   540:    59437.123    59476.123    59513.123    59552.123    59593.123
   545:    59634.123    59676.123    59718.123    59761.123    59813.123
   550:    59853.123    59889.123    59927.123    59974.723    59974.920
   555:    59974.901    59974.093    60274.902    61774.910    61776.611
   560:    62776.621    62777.711    63068.121    63117.121    63149.121
   565:    63180.121    63216.121    63248.121    63285.121    63317.121
   570:    63353.121    63388.121    63423.121    63459.121    63497.121
   575:    63533.121    63571.121    63607.121    63643.121    63680.121
   580:    63719.121    63755.121    63794.721    63794.920    63794.901
   585:    63794.091    64094.902    65594.910    65596.612    66996.622
   590:    66997.712    67281.122    67316.122    67356.122    67387.122
   595:    67422.122    67453.122    67487.122    67520.122    67553.122
   600:    67587.122    67619.122    67653.122    67686.122    67722.122
   605:    67764.122    67801.122    67838.122    67873.122    67910.122
   610:    67950.122    67988.122    68027.122    68064.122    68105.122
   615:    68146.122    68187.122    68226.122    68263.122    68299.122
   620:    68335.122    68376.122    68417.722    68417.920    68417.901
   625:    68417.092    68717.902    70217.910    70219.612    71619.622
   630:    71620.712    72001.122    72038.122    72067.122    72102.122
   635:    72136.122    72171.122    72203.122    72238.122    72271.122
   640:    72306.122    72342.122    72378.122    72414.122    72451.122
   645:    72486.122    72522.122    72561.122    72596.122    72633.122
   650:    72670.122    72707.122    72744.122    72783.122    72820.122
   655:    72860.122    72900.122    72940.122    72981.122    73019.122
   660:    73057.722    73057.920    73057.901    73057.092    73357.902
   665:    74857.910    74859.614    77609.624    77610.714    77871.124
   670:    77979.124    78010.124    78050.124    78090.124    78130.124
   675:    78167.124    78210.124    78251.124    78288.124    78328.124
   680:    78373.124    78406.124    78442.124    78477.124    78518.124
   685:    78560.124    78599.124    78637.124    78672.124    78712.124
   690:    78751.124    78793.124    78832.124    78870.124    78908.124
   695:    78949.124    78989.124    79027.124    79064.124    79103.124
   700:    79144.124    79184.124    79221.124    79260.124    79300.124
   705:    79344.124    79385.124    79428.124    79470.124    79511.124
   710:    79553.124    79595.124    79636.124    79678.124    79722.124
   715:    79766.124    79807.124    79851.124    79893.124    79937.124
   720:    79979.124    80021.124    80066.124    80111.124    80152.124
   725:    80190.124    80229.124    80268.124    80303.124    80340.124
   730:    80375.724    80375.920    80375.901    80375.094    80675.902
   735:    82175.910    82177.614    84927.624    84928.714    85391.124
   740:    85433.124    85469.124    85507.124    85545.124    85579.124
   745:    85616.124    85649.124    85689.124    85724.124    85757.124
   750:    85794.124    85832.124    85869.124    85906.124    85948.124
   755:    85986.124    86028.124    86068.124    86109.124    86148.124
   760:    86188.124    86228.124    86272.124    86310.124    86347.124
   765:    86387.124    86428.124    86468.124    86512.124    86550.124
   770:    86589.124    86630.124    86670.124    86712.124    86752.124
   775:    86795.124    86837.124    86876.124    86920.124    86961.124
   780:    86999.124    87041.124    87083.124    87126.124    87167.124
   785:    87208.124    87249.124    87292.124    87335.124    87378.124
   790:    87427.124    87467.124    87517.124    87560.124    87602.124
   795:    87642.124    87684.724    87684.920    87684.901    87684.094
   800:    87984.902    89484.910    89486.614    92236.624    92237.714
   805:    92598.124    92633.124    92666.124    92707.124    92738.124
   810:    92767.124    92797.124    92834.124    92868.124    92904.124
   815:    92942.124    93013.124    93052.124    93090.124    93127.124
   820:    93163.124    93203.124    93283.124    93318.124    93353.124
   825:    93387.124    93431.124    93468.124    93510.124    93551.124
   830:    93588.124    93630.124    93703.124    93738.124    93779.124
   835:    93812.124    93849.124    93890.124    93929.124    93963.124
   840:    93997.124    94031.124    94065.124    94101.124    94140.124
   845:    94180.124    94216.124    94252.124    94321.124    94363.124
   850:    94407.124    94445.124    94483.124    94523.124    94560.124
   855:    94597.124    94635.124    94718.124    94758.124    94795.124
   860:    94829.124    94868.124    94904.124    94941.124    95031.724
   865:    95031.920    95031.901    95031.094    95331.902    96831.910
   870:    96833.614    99583.624    99584.714   100445.124   100599.124
   875:   100634.124   100669.124   100706.124   100746.124   100784.124
   880:   100822.124   100851.124   100886.124   100923.124   100998.124
   885:   101061.124   101100.124   101140.124   101180.124   101219.124
   890:   101256.124   101345.124   101388.124   101429.124   101464.124
   895:   101500.124   101536.124   101571.124   101611.124   101650.124
   900:   101685.124   101726.124   101764.124   101799.124   101833.124
   905:   101877.124   101917.124   101951.124   101991.124   102027.124
   910:   102064.124   102099.124   102132.124   102169.124   102214.124
   915:   102255.124   102294.124   102329.124   102366.724   102366.920
   920:   102366.901   102366.094   102666.902   104166.910   104168.615
   925:   108018.625   108019.715   109632.125   109770.125   109807.125
   930:   109966.125   110009.125   110085.125   110121.125   110161.125
   935:   110236.125   110284.125   110326.125   110461.125   110503.125
   940:   110549.125   110580.125   110663.125   110708.125   110744.125
   945:   110788.125   110833.125   110869.125   110913.125   110949.125
   950:   110986.125   111021.125   111059.125   111093.125   111131.125
   955:   111168.125   111202.125   111239.125   111274.125   111307.125
   960:   111389.125   111424.125   111459.125   111496.125   111531.125
   965:   111568.125   111650.125   111721.125   111758.125   111795.125
   970:   111831.125   111867.125   111904.725   111904.920   111904.901
   975:   111904.095   112204.902   113704.910   113706.614   116456.624
   980:   116457.714   116834.124   116875.124   116912.124   116927.124
   985:   116962.124   116997.124   117036.124   117104.124   117142.124
   990:   117192.124   117224.124   117262.124   117304.124   117349.124
   995:   117379.124   117414.124   117461.124   117517.124   117537.124
  1000:   117575.124   117608.124   117652.124   117698.124   117769.124
  1005:   117812.124   117851.124   117933.124   117974.124   118014.124
  1010:   118052.124   118085.124   118168.124   118204.124   118246.124
  1015:   118284.124   118321.124   118364.124   118402.124   118442.124
  1020:   118519.124   118559.124   118595.124   118629.124   118668.124
  1025:   118704.124   118737.124   118777.124   118818.124   118859.124
  1030:   118902.124   118937.124   118977.124   119013.124   119051.124
  1035:   119091.124   119135.124   119177.124   119216.724   119216.920
  1040:   119216.901   119216.094   119516.902   121016.910   121018.611
  1045:   122018.621   122019.711   122266.121   122382.121   122465.121
  1050:   122565.121   122681.121   122714.121   122746.121   122777.121
  1055:   122812.121   122845.121   122880.121   122918.121   122950.121
  1060:   122981.121   123052.721   123052.920   123052.901   123052.091
  1065:   123352.902   124852.910   124854.615   128704.625   128705.715
  1070:   129725.125   129754.125   129796.125   129879.125   129919.125
  1075:   129991.125   130120.125   130153.125   130193.125   130247.125
  1080:   130281.125   130321.125   130355.125   130396.125   130471.125
  1085:   130511.125   130594.125   130626.125   130673.125   130707.125
  1090:   130742.125   130818.125   130854.125   130896.125   130938.125
  1095:   130975.125   131016.125   131055.125   131091.125   131137.125
  1100:   131173.125   131210.125   131248.125   131286.125   131326.125
  1105:   131369.125   131407.125   131449.125   131486.125   131522.125
  1110:   131563.125   131599.125   131672.125   131707.125   131745.125
  1115:   131782.125   131820.125   131855.125   131888.125   131925.125
  1120:   131958.125   131999.125   132037.125   132076.125   132115.125
  1125:   132154.125   132193.125   132271.125   132312.125   132354.125
  1130:   132436.125   132472.125   132509.125   132545.125   132580.725
  1135:   132580.920   132580.901   132580.095   132880.902   134380.910
  1140:   134382.615   138232.625   138233.715   138400.125   138924.125
  1145:   139234.125   139279.125   139312.125   139390.125   139506.125
  1150:   139545.125   139672.125   139711.125   139753.125   139794.125
  1155:   139839.125   139870.125   139910.125   139951.125   139995.125
  1160:   140028.125   140067.125   140111.125   140185.125   140232.125
  1165:   140264.125   140298.125   140381.125   140421.125   140461.125
  1170:   140502.125   140538.125   140576.125   140614.125   140691.125
  1175:   140727.125   140766.125   140811.125   140848.125   140888.125
  1180:   140930.125   140974.125   141015.125   141052.125   141093.125
  1185:   141138.125   141175.125   141211.125   141249.125   141285.125
  1190:   141320.125   141361.125   141402.125   141437.125   141474.125
  1195:   141517.125   141556.125   141594.125   141635.125   141672.125
  1200:   141718.125   141757.125   141796.125   141835.125   141882.125
  1205:   141924.125   141962.125   142001.125   142038.125   142076.125
  1210:   142125.725   142125.920   142125.901   142125.095   142425.902
  1215:   143925.910   143927.615   147777.625   147778.715   148108.125
  1220:   148151.125   148199.125   148240.125   148280.125   148319.125
  1225:   148353.125   148383.125   148417.125   148450.125   148488.125
  1230:   148525.125   148561.125   148598.125   148634.125   148670.125
  1235:   148710.125   148754.125   148794.125   148832.125   148872.125
  1240:   148912.125   148952.125   148992.125   149032.125   149073.125
  1245:   149117.125   149160.125   149200.125   149244.125   149284.125
  1250:   149329.125   149370.125   149413.125   149461.125   149504.125
  1255:   149547.125   149589.125   149632.125   149678.125   149721.125
  1260:   149763.125   149806.125   149849.125   149893.125   149935.125
  1265:   149976.125   150019.125   150079.125   150127.125   150168.125
  1270:   150208.125   150251.125   150294.125   150340.125   150384.125
  1275:   150425.125   150470.125   150518.125   150561.125   150604.125
  1280:   150650.125   150700.125   150740.125   150780.125   150826.125
  1285:   150868.125   150920.125   150967.125   151013.125   151058.125
  1290:   151103.125   151146.125   151193.125   151237.125   151279.125
  1295:   151323.125   151369.125   151416.125   151555.125   151597.125
  1300:   151636.725   151636.920   151636.901   151636.095   151936.902
  1305:   153436.910   153438.611   154438.621   154439.811   154759.131
  1310:   154805.131   154845.131   154879.131   154913.131   154944.131
  1315:   154976.131   155017.131   155051.131   155085.131   155119.131
  1320:   155157.131   155199.131   155238.131   155276.131   155316.131
  1325:   155354.131   155394.131   155433.131   155472.131   155514.131
  1330:   155554.131   155595.131   155635.131   155675.131   155725.131
  1335:   155767.131   155822.131   155862.131   155902.131   155940.131
  1340:   155981.131   156026.131   156077.131   156115.131   156158.131
  1345:   156198.131   156241.131   156285.131   156326.131   156370.131
  1350:   156407.131   156451.131   156494.131   156536.131   156576.131
  1355:   156623.131   156664.131   156708.131   156751.131   156795.131
  1360:   156838.131   156881.131   156926.131   156967.131   157023.131
  1365:   157070.131   157114.131   157155.131   157197.131   157238.131
  1370:   157281.131   157324.131   157370.131   157416.131   157460.131
  1375:   157508.131   157551.131   157591.131   157629.131   157671.131
  1380:   157717.131   157759.131   157804.131   157846.131   157888.131
  1385:   157927.131   157939.821   157939.920   159439.910   159441.615
  1390:   163291.625   163292.715   164914.125   164989.125   165027.125
  1395:   165069.125   165110.125   165218.125   165259.125   165378.125
  1400:   165416.125   165455.125   165493.125   165527.125   165574.125
  1405:   165736.125   165744.125   165785.125   165827.125   165874.125
  1410:   165916.125   165956.125   165991.125   166037.125   166083.125
  1415:   166123.125   166167.125   166217.125   166254.125   166295.125
  1420:   166347.125   166392.125   166432.125   166475.125   166522.125
  1425:   166564.125   166601.125   166653.125   166701.125   166738.125
  1430:   166782.125   166828.125   166873.125   166913.125   166958.125
  1435:   167000.125   167046.125   167086.125   167126.125   167171.725
  1440:   167171.920   167171.901   167171.095   167471.902   168971.910
  1445:   168973.611   169973.621   169974.711   170252.121   170319.121
  1450:   170356.121   170390.121   170424.121   170455.121   170488.121
  1455:   170520.121   170556.121   170589.121   170620.121   170654.121
  1460:   170689.121   170723.121   170760.121   170796.121   170836.121
  1465:   170873.121   170912.121   170949.121   170985.721   170985.920
  1470:   170985.901   170985.091   171285.902   172785.910   172787.611
  1475:   173787.621   173788.811   174452.131   174496.131   174536.131
  1480:   174570.131   174602.131   174634.131   174666.131   174697.131
  1485:   174730.131   174762.131   174797.131   174834.131   174871.131
  1490:   174906.131   174941.131   174976.131   175017.131   175054.131
  1495:   175092.131   175129.131   175173.131   175210.131   175247.131
  1500:   175286.131   175325.131   175364.131   175402.131   175444.131
  1505:   175484.131   175524.131   175564.131   175606.131   175647.131
  1510:   175685.131   175724.131   175765.131   175804.131   175848.131
  1515:   175888.131   175930.131   175971.131   176011.131   176052.131
  1520:   176090.131   176128.131   176167.131   176203.131   176243.131
  1525:   176285.131   176321.131   176360.131   176398.131   176437.131
  1530:   176478.131   176528.131   176568.131   176610.131   176648.131
  1535:   176708.131   176755.131   176798.131   176845.131   176883.131
  1540:   176927.131   176967.131   177008.131   177053.131   177098.131
  1545:   177140.131   177189.131   177229.131   177274.131   177288.821
  1550:   177288.920   178788.910   178790.611   179790.621   179791.811
  1555:   180022.131   180063.131   180098.131   180130.131   180162.131
  1560:   180194.131   180228.131   180262.131   180302.131   180340.131
  1565:   180374.131   180413.131   180448.131   180486.131   180523.131
  1570:   180561.131   180598.131   180635.131   180672.131   180712.131
  1575:   180749.131   180786.131   180827.131   180865.131   180904.131
  1580:   180943.131   180984.131   181023.131   181065.131   181105.131
  1585:   181144.131   181181.131   181228.131   181271.131   181314.131
  1590:   181356.131   181395.131   181438.131   181481.131   181530.131
  1595:   181569.131   181609.131   181652.131   181699.131   181742.131
  1600:   181786.131   181828.131   181868.131   181911.131   181956.131
  1605:   181997.131   182037.131   182150.131   182194.131   182309.131
  1610:   182420.131   182428.131   182482.131   182630.131   182675.131
  1615:   182760.131   182804.131   182842.131   182919.131   182955.131
  1620:   182994.131   183114.131   183159.131   183207.131   183291.821
  1625:   183291.920   184791.910   184793.611   185793.621   185794.811
  1630:   186504.131   186541.131   186574.131   186605.131   186636.131
  1635:   186673.131   186708.131   186742.131   186774.131   186814.131
  1640:   186847.131   186882.131   186917.131   186952.131   186986.131
  1645:   187023.131   187061.131   187096.131   187134.131   187171.131
  1650:   187214.131   187255.131   187293.131   187333.131   187373.131
  1655:   187412.131   187454.131   187495.131   187538.131   187580.131
  1660:   187622.131   187666.131   187712.131   187755.131   187798.131
  1665:   187841.131   187879.131   187921.131   187963.131   188006.131
  1670:   188050.131   188110.131   188153.131   188194.131   188241.131
  1675:   188343.131   188390.131   188431.131   188469.131   188509.131
  1680:   188551.131   188648.131   188689.131   188730.131   188766.131
  1685:   188840.131   188888.131   188920.131   188956.131   188989.131
  1690:   189028.131   189069.131   189108.131   189218.131   189258.131
  1695:   189294.821   189294.920   189296.411   190794.910   190796.615
  1700:   194646.625   194647.715   195032.125   195069.125   195112.125
  1705:   196081.125   196373.125   197544.125   197597.125   197678.125
  1710:   197787.125   197825.125   197992.125   198027.125   198065.125
  1715:   198206.125   198238.125   198278.125   198367.125   198413.125
  1720:   198448.125   198479.125   198509.725   198509.920   198509.901
  1725:   198509.095   198809.902   200309.910   200311.611   201311.621
  1730:   201312.711   201549.121   201588.121   201623.121   201659.121
  1735:   201688.121   201717.121   201744.121   201777.121   201809.121
  1740:   201843.121   201876.121   201907.121   201943.121   201977.121
  1745:   202050.121   202084.121   202118.121   202154.121   202189.121
  1750:   202224.121   202258.121   202293.121   202331.721   202331.920
  1755:   202331.901   202331.091   202631.902   204131.910   204133.611
  1760:   205133.621   205134.811   205545.131   205581.131   205610.131
  1765:   205638.131   205669.131   205699.131   205729.131   205757.131
  1770:   205788.131   205817.131   205849.131   205911.131   205942.131
  1775:   205975.131   206008.131   206076.131   206108.131   206143.131
  1780:   206178.131   206213.131   206250.131   206285.131   206324.131
  1785:   206363.131   206399.131   206440.131   206474.131   206509.131
  1790:   206542.131   206580.131   206620.131   206658.131   206699.131
  1795:   206741.131   206773.131   206843.131   206877.131   206960.131
  1800:   206998.131   207029.131   207062.131   207098.131   207137.131
  1805:   207175.131   207215.131   207249.131   207286.131   207321.131
  1810:   207358.131   207394.131   207428.131   207463.131   207499.131
  1815:   207536.131   207572.131   207613.131   207653.131   207693.131
  1820:   207739.131   207777.131   207851.131   207890.131   207928.131
  1825:   207966.131   208008.131   208090.131   208132.131   208168.131
  1830:   208205.131   208242.131   208284.131   208328.131   208365.131
  1835:   208402.131   208439.131   208486.131   208600.131   208634.821
  1840:   208634.920   208638.411   210134.910   210136.613   212086.623
  1845:   212087.713   212416.123   212460.123   212496.123   212525.123
  1850:   212585.123   212615.123   212647.123   212677.123   212739.123
  1855:   212770.123   212802.123   212833.123   212864.123   212895.123
  1860:   212928.123   212963.123   212995.123   213029.123   213062.123
  1865:   213098.123   213135.123   213171.123   213205.123   213242.123
  1870:   213276.123   213314.123   213356.123   213389.123   213423.123
  1875:   213460.123   213535.123   213571.123   213608.123   213646.123
  1880:   213717.123   213755.123   213796.123   213839.123   213883.123
  1885:   213920.123   213931.123   214029.123   214071.723   214071.920
  1890:   214071.901   214071.093   214371.902   215871.910   215873.612
  1895:   217273.622   217274.712   217575.122   217611.122   217646.122
  1900:   217677.122   217705.122   217738.122   217773.122   217804.122
  1905:   217843.122   217952.122   217985.122   218014.122   218049.122
  1910:   218082.122   218116.122   218154.122   218192.122   218227.122
  1915:   218260.122   218334.122   218370.122   218405.122   218443.122
  1920:   218479.122   218551.122   218588.122   218625.122   218661.122
  1925:   218735.722   218735.920   218735.901   218735.092   219035.902
  1930:   220535.910   220537.614   223287.624   223288.714   224469.124
  1935:   224513.124   224545.124   224609.124   224706.124   224738.124
  1940:   224768.124   224799.124   224829.124   224861.124   224896.124
  1945:   224927.124   224959.124   224991.124   225025.124   225057.124
  1950:   225089.124   225123.124   225158.124   225193.124   225226.124
  1955:   225264.124   225309.124   225344.124   225377.124   225413.124
  1960:   225485.124   225521.124   225559.124   225594.124   225628.124
  1965:   225670.124   225717.124   225750.124   225785.124   225826.124
  1970:   225862.124   225900.124   225935.124   225970.124   226007.124
  1975:   226045.724   226045.920   226045.901   226045.094   226345.902
  1980:   227845.910   227847.611   228847.621   228848.711   229147.121
  1985:   229275.121   229306.121   229340.121   229369.121   229433.121
  1990:   229465.121   229495.121   229525.121   229558.121   229590.121
  1995:   229620.121   229652.121   229717.121   229786.121   229820.121
  2000:   229852.721   229852.920   229852.901   229852.091   230152.902
  2005:   231652.910   231654.611   232654.621   232655.811   232888.131
  2010:   232924.131   232956.131   232983.131   233014.131   233048.131
  2015:   233077.131   233107.131   233138.131   233168.131   233201.131
  2020:   233267.131   233311.131   233346.131   233377.131   233412.131
  2025:   233446.131   233521.131   233556.131   233592.131   233627.131
  2030:   233663.131   233699.131   233736.131   233806.131   233841.131
  2035:   233875.131   233911.131   233946.131   233980.131   234015.131
  2040:   234052.131   234090.131   234124.131   234162.131   234232.131
  2045:   234274.131   234347.131   234385.131   234425.131   234462.131
  2050:   234507.131   234559.131   234636.131   234675.131   234746.131
  2055:   234784.131   234822.131   234861.131   234897.131   234935.131
  2060:   234975.131   235014.131   235047.131   235081.131   235117.131
  2065:   235158.131   235194.131   235232.131   235267.131   235345.131
  2070:   235384.131   235423.131   235460.131   235528.131   235568.131
  2075:   235607.131   235646.131   235683.131   235819.131   235862.131
  2080:   235897.131   236046.131   236055.131   236101.131   236155.821
  2085:   236155.920   237655.910   237657.612   239057.622   239058.812
  2090:   239432.132   239472.132   239507.132   239536.132   239597.132
  2095:   239638.132   239672.132   239702.132   239735.132   239805.132
  2100:   239837.132   239869.132   239899.132   239932.132   239966.132
  2105:   240000.132   240032.132   240067.132   240100.132   240134.132
  2110:   240167.132   240201.132   240236.132   240274.132   240310.132
  2115:   240348.132   240383.132   240419.132   240458.132   240496.132
  2120:   240530.132   240566.132   240600.132   240634.132   240673.132
  2125:   240712.132   240748.132   240786.132   240826.132   240861.132
  2130:   240901.132   240938.132   240974.132   241008.132   241162.132
  2135:   241204.132   241269.132   241310.132   241347.132   241455.132
  2140:   241491.132   241525.132   241700.132   241743.132   241826.132
  2145:   241943.132   241987.132   242101.132   242108.132   242339.132
  2150:   242390.132   242433.132   242469.132   242592.132   242667.132
  2155:   243058.822   243058.920   244558.910   244560.612   245960.622
  2160:   245961.812   246310.132   246359.132   246392.132   246429.132
  2165:   246459.132   246492.132   246523.132   246554.132   246590.132
  2170:   246628.132   246661.132   246693.132   246729.132   246765.132
  2175:   246802.132   246839.132   246875.132   246912.132   246951.132
  2180:   246988.132   247027.132   247065.132   247101.132   247138.132
  2185:   247174.132   247213.132   247250.132   247289.132   247330.132
  2190:   247368.132   247406.132   247445.132   247484.132   247526.132
  2195:   247566.132   247607.132   247646.132   247686.132   247723.132
  2200:   247761.132   247802.132   247841.132   247880.132   247917.132
  2205:   247957.132   247996.132   248034.132   248073.132   248207.132
  2210:   248259.132   249446.132   249454.132   249611.132   249751.132
  2215:   249794.132   249830.132   249861.132   249891.132   249922.132
  2220:   249954.132   249961.822   249961.920   251461.910   251463.612
  2225:   252863.622   252864.712   255907.722   255907.920   255907.901
  2230:   255907.092   256207.902   257707.910   257709.614   260459.624
  2235:   260460.714   260854.124   260890.124   260926.124   261089.124
  2240:   261124.124   261162.124   261209.124   261255.124   261289.124
  2245:   261323.124   261353.124   261391.124   261435.124   261468.124
  2250:   261504.124   261538.124   261572.124   261608.124   261646.124
  2255:   261682.124   261719.124   261756.124   261792.124   261830.124
  2260:   261868.124   261906.124   261947.124   261988.124   262026.124
  2265:   262062.124   262099.124   262144.124   262187.124   262231.124
  2270:   262273.124   262316.124   262355.124   262396.124   262435.124
  2275:   262486.124   262534.124   262574.124   262623.124   262665.124
  2280:   262713.124   262753.124   262791.124   262831.124   262873.124
  2285:   262913.124   262956.124   262993.124   263030.124   263071.124
  2290:   263107.124   263145.124   263182.124   263223.724   263223.920
  2295:   263223.901   263223.094   263523.902   265023.910   265025.613
  2300:   266975.623   266976.813   268113.133   268154.133   268192.133
  2305:   268227.133   268401.133   268435.133   268468.133   268501.133
  2310:   268535.133   268569.133   268603.133   268639.133   268674.133
  2315:   268709.133   268744.133   268778.133   268813.133   268849.133
  2320:   268887.133   268929.133   268962.133   268998.133   269032.133
  2325:   269069.133   269106.133   269176.133   269245.133   269317.133
  2330:   269358.133   269441.133   269481.133   269521.133   269626.133
  2335:   269639.133   269674.133   269709.133   269741.133   269774.133
  2340:   269840.133   269898.133   269932.133   269965.133   270001.133
  2345:   270034.133   270069.133   270142.133   270319.133   270356.133
  2350:   270391.133   270426.133   270491.133   270535.133   270572.133
  2355:   270614.133   270653.133   270728.133   270815.133   270863.133
  2360:   270905.133   270945.133   270979.133   271020.133   271058.133
  2365:   271097.133   271223.133   271292.133   271341.133   271387.133
  2370:   271427.133   271502.133   271613.133   271776.823   271776.920
  2375:   273276.910   273278.611   274278.621   274279.711   275212.121
  2380:   275256.121   275293.721   275293.920   275293.901   275293.091
  2385:   275593.902   277093.910   277095.611   278095.621   278096.711
  2390:   278404.121   278444.121   278453.121   278487.121   278558.121
  2395:   278598.121   278631.121   278659.121   278689.121   278730.121
  2400:   278758.121   278788.121   278819.121   278881.121   278912.121
  2405:   278942.121   278973.121   279041.121   279076.121   279107.721
  2410:   279107.920   279107.901   279107.091   279407.902   280907.910
  2415:   280909.612   282309.622   282310.712   282648.122   282693.122
  2420:   282773.122   282808.122   282837.122   282864.122   282902.122
  2425:   282934.122   282966.122   282996.122   283027.122   283062.122
  2430:   283095.122   283130.122   283162.122   283232.122   283264.122
  2435:   283296.122   283328.122   283362.122   283395.122   283429.122
  2440:   283463.122   283499.122   283536.122   283571.122   283606.122
  2445:   283643.122   283679.122   283747.722   283747.920   283747.901
  2450:   283747.092   284047.902   285547.910   285549.612   286949.622
  2455:   286950.712   287301.122   287338.122   287365.122   287394.122
  2460:   287424.122   287454.122   287485.122   287515.122   287544.122
  2465:   287574.122   287606.122   287638.122   287670.122   287701.122
  2470:   287734.122   287766.122   287864.122   287897.122   287931.122
  2475:   287964.122   287998.122   288031.122   288068.122   288105.122
  2480:   288141.122   288212.122   288248.122   288282.122   288319.122
  2485:   288356.722   288356.920   288356.901   288356.092   288656.902
  2490:   290156.910   290158.613   292108.623   292109.813   292442.133
  2495:   292578.133   292678.133   292742.133   292771.133   292804.133
  2500:   292842.133   292872.133   292926.133   292957.133   292987.133
  2505:   293055.133   293097.133   293130.133   293164.133   293196.133
  2510:   293229.133   293263.133   293298.133   293330.133   293400.133
  2515:   293434.133   293504.133   293551.133   293589.133   293624.133
  2520:   293661.133   293696.133   293772.133   293814.133   293852.133
  2525:   293910.133   293947.133   293960.133   293995.133   294029.133
  2530:   294065.133   294101.133   294115.133   294190.133   294261.133
  2535:   294305.133   294342.133   294380.133   294414.133   294450.133
  2540:   294491.133   294527.133   294560.133   294594.133   294631.133
  2545:   294673.133   294709.133   294750.133   294785.133   294820.133
  2550:   294857.133   294896.133   294929.133   294965.133   295000.133
  2555:   295036.133   295107.133   295154.133   295199.133   295235.133
  2560:   295318.133   295356.133   295394.133   295435.133   295477.133
  2565:   295516.133   295559.133   295597.133   295638.133   295722.133
  2570:   295764.133   295806.133   295898.133   295933.133   295973.133
  2575:   296068.133   296124.133   296168.133   296245.133   296289.133
  2580:   296417.133   296595.133   296639.133   296679.133   296805.133
  2585:   296811.133   296909.823   296909.920   298409.910   298411.611
  2590:   299411.621   299412.711   299831.121   299938.121   300002.121
  2595:   300034.121   300064.121   300095.121   300123.121   300157.121
  2600:   300192.121   300262.121   300293.121   300326.121   300358.121
  2605:   300388.121   300422.721   300422.920   300422.901   300422.091
  2610:   300722.902   302222.910   302224.614   304974.624   304975.714
  2615:   305715.124   305754.124   306006.124   306050.124   306081.124
  2620:   306119.124   306157.124   306199.124   306238.124   306276.124
  2625:   306315.124   306354.124   306397.124   306431.124   306470.124
  2630:   306513.124   306549.124   306593.124   306624.124   306660.124
  2635:   306697.124   306736.124   306777.124   306813.124   306846.124
  2640:   306883.124   306919.124   306959.124   306993.124   307031.124
  2645:   307068.124   307106.124   307143.124   307175.124   307211.124
  2650:   307251.124   307292.124   307328.124   307371.124   307406.124
  2655:   307447.124   307528.124   307562.124   307601.124   307645.124
  2660:   307680.124   307716.124   307761.724   307761.920   307761.901
  2665:   307761.094   308061.902   309561.910   309563.614   312313.624
  2670:   312314.714   312808.124   312957.124   312988.124   313030.124
  2675:   313182.124   313220.124   313266.124   313302.124   313344.124
  2680:   313374.124   313407.124   313444.124   313483.124   313520.124
  2685:   313558.124   313600.124   313633.124   313666.124   313743.124
  2690:   313784.124   313849.124   313883.124   313920.124   313955.124
  2695:   313999.124   314034.124   314071.124   314109.124   314148.124
  2700:   314220.124   314258.124   314297.124   314374.124   314448.124
  2705:   314490.124   314526.124   314565.124   314603.124   314644.124
  2710:   314680.124   314722.124   314760.124   314800.124   314870.124
  2715:   314912.124   314946.124   314981.124   315020.124   315056.124
  2720:   315094.724   315094.920   315094.901   315094.094   315394.902
  2725:   316894.910   316896.611   317896.621   317897.711   318480.121
  2730:   318515.121   318546.121   318585.121   318621.121   318653.121
  2735:   318683.121   318713.121   318744.121   318777.121   318809.121
  2740:   318840.121   318871.121   318902.721   318902.920   318902.901
  2745:   318902.091   319202.902   320702.910   320704.615   324554.625
  2750:   324555.715   325045.125   325281.125   325404.125   325483.125
  2755:   325527.125   325576.125   325611.125   325645.125   325694.125
  2760:   325734.125   325773.125   325814.125   325855.125   325898.125
  2765:   325946.125   325995.125   326032.125   326070.125   326118.125
  2770:   326153.125   326188.125   326226.125   326276.125   326313.125
  2775:   326349.125   326392.125   326436.125   326482.125   326524.125
  2780:   326560.125   326608.125   326657.125   326695.125   326738.125
  2785:   326780.125   326820.125   326857.125   326902.125   326941.125
  2790:   326981.125   327017.125   327055.125   327097.125   327135.125
  2795:   327174.125   327213.125   327250.125   327288.125   327331.125
  2800:   327375.125   327414.125   327451.125   327491.125   327534.125
  2805:   327575.125   327620.125   327657.125   327697.125   327745.125
  2810:   327788.125   327827.125   327868.125   327913.125   327954.125
  2815:   327994.125   328034.125   328074.125   328114.125   328152.125
  2820:   328197.125   328241.125   328283.125   328326.125   328365.125
  2825:   328445.725   328445.920   328445.901   328445.095   328745.902
  2830:   330245.910   330247.613   332197.623   332198.813   332879.133
  2835:   332921.133   332929.133   332970.133   333086.133   333118.133
  2840:   333151.133   333184.133   333215.133   333247.133   333280.133
  2845:   333342.133   333371.133   333404.133   333470.133   333504.133
  2850:   333537.133   333570.133   333603.133   333637.133   333677.133
  2855:   333718.133   333754.133   333792.133   333842.133   333880.133
  2860:   333921.133   333957.133   333993.133   334031.133   334071.133
  2865:   334107.133   334147.133   334252.133   334287.133   334428.133
  2870:   334467.133   334513.133   334554.133   334592.133   334712.133
  2875:   334754.133   334790.133   334829.133   334936.133   334974.133
  2880:   335012.133   335050.133   335147.133   335214.133   335250.133
  2885:   335296.133   335338.133   335377.133   335438.133   335535.133
  2890:   335576.133   335620.133   335725.133   335872.133   335922.133
  2895:   336076.133   336122.133   336985.133   336998.823   336998.920
  2900:   338498.910   338500.612   339900.622   339901.812   340253.132
  2905:   340297.132   340339.132   340402.132   340432.132   340494.132
  2910:   340527.132   340556.132   340589.132   340621.132   340654.132
  2915:   340688.132   340718.132   340752.132   340787.132   340823.132
  2920:   340862.132   340893.132   340929.132   340963.132   341001.132
  2925:   341036.132   341074.132   341116.132   341163.132   341201.132
  2930:   341242.132   341279.132   341323.132   341364.132   341473.132
  2935:   341581.132   341670.132   341818.132   341857.132   341998.132
  2940:   342037.132   342211.132   342244.132   342281.132   342320.132
  2945:   342413.132   342537.132   342588.132   342680.132   342785.132
  2950:   342884.132   343032.132   343071.132   343222.132   343901.822
  2955:   343901.920   345401.910   345403.612   346803.622   346804.712
  2960:   347315.122   347356.122   347392.122   347427.122   347466.122
  2965:   347502.122   347665.122   347702.122   347732.122   347765.122
  2970:   347795.122   347823.122   347854.122   347886.122   347916.122
  2975:   347950.122   347986.122   348018.122   348052.122   348084.122
  2980:   348153.122   348193.122   348234.722   348234.920   348234.901
  2985:   348234.092   348534.902   350034.910   350036.613   351986.623
  2990:   351987.713   352353.123   352402.123   352443.123   352481.123
  2995:   352625.123   352660.123   352790.123   352826.123   352859.123
  3000:   352889.123   352918.123   352953.123   352985.123   353018.123
  3005:   353052.123   353089.123   353124.123   353161.123   353194.123
  3010:   353233.123   353266.123   353301.123   353335.123   353417.123
  3015:   353456.123   353490.123   353529.123   353562.123   353601.123
  3020:   353637.123   353677.123   353713.123   353750.123   353787.123
  3025:   353823.123   353857.123   353897.123   353970.723   353970.920
  3030:   353970.901   353970.093   354270.902   355770.910   355772.611
  3035:   356772.621   356773.711   357472.121   357506.121   357563.121
  3040:   357592.121   357621.121   357651.121   357684.121   357717.121
  3045:   357746.121   357779.721   357779.920   357779.901   357779.091
  3050:   358079.902   359579.910   359581.613   361531.623   361532.713
  3055:   362172.123   362279.123   362313.123   362369.123   362402.123
  3060:   362435.123   362466.123   362496.123   362527.123   362560.123
  3065:   362592.123   362625.123   362659.123   362692.123   362728.123
  3070:   362761.123   362795.123   362831.123   362864.123   362897.123
  3075:   362933.123   362966.123   363000.123   363049.123   363086.123
  3080:   363124.123   363160.123   363195.123   363270.123   363305.123
  3085:   363340.123   363374.123   363411.123   363449.123   363485.723
  3090:   363485.920   363485.901   363485.093   363785.902   365285.910
  3095:   365287.614   368037.624   368038.714   368496.124   368632.124
  3100:   368691.124   368728.124   368818.124   368960.124   368996.124
  3105:   369027.124   369063.124   369104.124   369143.124   369180.124
  3110:   369213.124   369245.124   369277.124   369314.124   369353.124
  3115:   369392.124   369428.124   369463.124   369498.124   369535.124
  3120:   369571.124   369609.124   369720.124   369754.124   369790.124
  3125:   369826.124   369861.124   369894.124   369971.124   370007.124
  3130:   370054.124   370092.124   370127.124   370176.124   370214.124
  3135:   370251.124   370289.124   370323.124   370357.124   370396.124
  3140:   370439.124   370479.124   370518.124   370552.124   370666.124
  3145:   370701.124   370779.124   370821.724   370821.920   370821.901
  3150:   370821.094   371121.902   372621.910   372623.613   374573.623
  3155:   374574.813   375475.133   375508.133   375619.133   375647.133
  3160:   375704.133   375758.133   375787.133   375817.133   375846.133
  3165:   375877.133   375937.133   375969.133   376001.133   376033.133
  3170:   376065.133   376098.133   376133.133   376168.133   376201.133
  3175:   376237.133   376304.133   376383.133   376425.133   376463.133
  3180:   376503.133   376538.133   376572.133   376612.133   376652.133
  3185:   376686.133   376726.133   376761.133   376799.133   376844.133
  3190:   376883.133   376916.133   376952.133   376989.133   377030.133
  3195:   377118.133   377153.133   377186.133   377223.133   377264.133
  3200:   377300.133   377338.133   377377.133   377416.133   377452.133
  3205:   377492.133   377528.133   377563.133   377684.133   377758.133
  3210:   377789.133   377829.133   377862.133   377903.133   377941.133
  3215:   377981.133   378018.133   378061.133   378145.133   378190.133
  3220:   378228.133   378274.133   378354.133   378390.133   378534.133
  3225:   378570.133   378643.133   378718.133   378763.133   378800.133
  3230:   378843.133   378935.133   378968.133   379002.133   379039.133
  3235:   379083.133   379190.133   379224.133   379363.133   379371.133
  3240:   379374.823   379374.920   380874.910   380876.612   382276.622
  3245:   382277.712   382632.122   382679.122   382720.122   382784.122
  3250:   382813.122   382844.122   382871.122   382903.122   382934.122
  3255:   382964.122   382996.122   383031.122   383066.122   383098.122
  3260:   383127.122   383160.122   383224.122   383259.122   383293.122
  3265:   383367.122   383402.122   383438.122   383475.122   383513.122
  3270:   383557.122   383594.122   383629.122   383664.122   383707.722
  3275:   383707.920   383707.901   383707.092   384007.902   385507.910
  3280:   385509.613   387459.623   387460.713   388060.123   388092.123
  3285:   388122.123   388153.123   388184.123   388217.123   388248.123
  3290:   388281.123   388319.123   388355.123   388386.123   388419.123
  3295:   388455.123   388491.123   388527.123   388564.123   388601.123
  3300:   388670.123   388706.123   388745.123   388780.123   388815.123
  3305:   388849.123   388938.123   389031.123   389062.123   389095.123
  3310:   389134.123   389226.123   389269.123   389305.123   389343.123
  3315:   389387.123   389490.723   389490.920   389490.901   389490.093
  3320:   389790.902   391290.910   391292.614   394042.624   394043.814
  3325:   394622.134   394828.134   394868.134   394907.134   394968.134
  3330:   395003.134   395040.134   395073.134   395109.134   395139.134
  3335:   395170.134   395201.134   395230.134   395262.134   395295.134
  3340:   395330.134   395363.134   395397.134   395433.134   395466.134
  3345:   395498.134   395538.134   395574.134   395617.134   395660.134
  3350:   395700.134   395737.134   395773.134   395811.134   395850.134
  3355:   395890.134   395928.134   395969.134   396006.134   396042.134
  3360:   396078.134   396115.134   396153.134   396185.134   396217.134
  3365:   396250.134   396284.134   396321.134   396359.134   396392.134
  3370:   396425.134   396457.134   396534.134   396567.134   396604.134
  3375:   396639.134   396675.134   396708.134   396789.134   396830.134
  3380:   396866.134   396905.134   397013.134   397129.134   397259.134
  3385:   397270.134   397368.134   397409.134   397451.134   397491.134
  3390:   397601.134   397753.134   397995.134   399587.134   399631.134
  3395:   399675.134   399711.134   399742.134   399780.134   399889.134
  3400:   399928.134   400143.824   400143.920   401643.910   401645.614
  3405:   404395.624   404396.814   404896.134   405045.134   405081.134
  3410:   405231.134   405267.134   405305.134   405415.134   405451.134
  3415:   405491.134   405585.134   405592.134   405628.134   405670.134
  3420:   405765.134   405802.134   405841.134   405914.134   405951.134
  3425:   405982.134   406021.134   406128.134   406168.134   406206.134
  3430:   406342.134   406350.134   406392.134   406492.134   406620.134
  3435:   406659.134   406696.134   406736.134   406836.134   406872.134
  3440:   407017.134   407130.134   407183.134   407225.134   407267.134
  3445:   407350.134   407392.134   407544.134   407699.134   407710.134
  3450:   407917.134   408090.134   410230.134   410274.134   410306.134
  3455:   410334.134   410362.134   410396.134   410424.134   410453.134
  3460:   410481.134   410496.824   410496.920   410513.411   411996.910
  3465:   411998.614   414748.624   414749.814   414929.134   415211.134
  3470:   415404.134   415440.134   415591.134   415638.134   415672.134
  3475:   415704.134   415736.134   415766.134   415801.134   415835.134
  3480:   415869.134   415903.134   415945.134   415981.134   416053.134
  3485:   416087.134   416118.134   416153.134   416185.134   416223.134
  3490:   416264.134   416305.134   416338.134   416371.134   416407.134
  3495:   416442.134   416484.134   416522.134   416559.134   416596.134
  3500:   416633.134   416669.134   416702.134   416740.134   416781.134
  3505:   416819.134   416854.134   416888.134   416929.134   416967.134
  3510:   417009.134   417046.134   417084.134   417119.134   417159.134
  3515:   417195.134   417236.134   417274.134   417313.134   417350.134
  3520:   417386.134   417423.134   417459.134   417504.134   417548.134
  3525:   417594.134   417637.134   417673.134   417758.134   418178.134
  3530:   418269.134   418280.134   418323.134   418417.134   418490.134
  3535:   418685.134   418897.134   418904.134   418957.134   419725.134
  3540:   419942.134   420081.134   420418.134   420486.134   420836.134
  3545:   420849.824   420849.920   422349.910   422351.615   426201.625
  3550:   426202.715   427524.125   427559.125   427600.125   427637.125
  3555:   428126.125   428135.125   428174.125   428204.125   428233.125
  3560:   428266.125   428300.125   428329.125   428358.125   428396.125
  3565:   428644.125   428692.125   428800.125   428832.125   428876.125
  3570:   428982.125   429056.125   429134.125   429171.125   429215.125
  3575:   429312.125   429453.125   429461.125   429501.125   429541.125
  3580:   429576.125   429613.125   429709.125   429794.125   429826.125
  3585:   429860.125   429894.125   429926.125   429960.125   430000.125
  3590:   430037.125   430074.725   430074.920   430074.901   430074.095
  3595:   430374.902   431874.910   431876.614   434626.624   434627.814
  3600:   435405.134   435442.134   435652.134   435660.134   435702.134
  3605:   435742.134   436007.134   436048.134   436122.134   436262.134
  3610:   436301.134   436335.134   436368.134   436403.134   436439.134
  3615:   436476.134   436540.134   436576.134   436608.134   436645.134
  3620:   436680.134   436716.134   436749.134   436782.134   436816.134
  3625:   436849.134   436882.134   436922.134   436956.134   436991.134
  3630:   437029.134   437063.134   437100.134   437134.134   437168.134
  3635:   437203.134   437245.134   437278.134   437312.134   437348.134
  3640:   437384.134   437456.134   437492.134   437571.134   437607.134
  3645:   437641.134   437681.134   437753.134   437795.134   437831.134
  3650:   437868.134   437910.134   437945.134   437980.134   438020.134
  3655:   438055.134   438089.134   438252.134   438260.134   438295.134
  3660:   438502.134   438550.134   438765.134   438818.134   438957.134
  3665:   439122.134   439279.134   439327.134   439573.134   439617.134
  3670:   439796.134   439842.134   439878.134   439917.134   440064.134
  3675:   440157.134   440290.134   440483.134   440727.824   440727.920
  3680:   442227.910   442229.612   443629.622   443630.712   444139.122
  3685:   444191.122   444311.122   444342.122   444372.122   444431.122
  3690:   444460.122   444497.122   444527.122   444595.122   444627.122
  3695:   444662.122   444729.122   444766.122   444800.122   444936.122
  3700:   444971.122   445007.122   445042.722   445042.920   445042.901
  3705:   445042.092   445342.902   446842.910   446844.611   447844.621
  3710:   447845.711   448130.121   448165.121   448195.121   448224.121
  3715:   448251.121   448315.121   448346.121   448376.121   448406.121
  3720:   448437.121   448468.121   448500.121   448535.121   448563.121
  3725:   448595.121   448628.121   448662.121   448697.121   448730.121
  3730:   448764.121   448798.121   448834.121   448868.721   448868.920
  3735:   448868.901   448868.091   449168.902   450668.910   450670.611
  3740:   451670.621   451671.811   451958.131   452056.131   452086.131
  3745:   452120.131   452147.131   452180.131   452215.131   452245.131
  3750:   452278.131   452312.131   452344.131   452375.131   452406.131
  3755:   452437.131   452471.131   452504.131   452537.131   452570.131
  3760:   452606.131   452641.131   452675.131   452710.131   452744.131
  3765:   452779.131   452813.131   452848.131   452884.131   452918.131
  3770:   452992.131   453028.131   453065.131   453099.131   453135.131
  3775:   453170.131   453214.131   453250.131   453288.131   453407.131
  3780:   453447.131   453483.131   453560.131   453600.131   453637.131
  3785:   453717.131   453884.131   453891.131   454018.131   454117.131
  3790:   454124.131   454741.131   455171.821   455171.920   456671.910
  3795:   456673.611   457673.621   457674.711   458022.121   458058.121
  3800:   458090.121   458118.121   458149.121   458175.121   458208.121
  3805:   458236.121   458267.121   458309.121   458342.121   458370.121
  3810:   458401.121   458436.121   458468.121   458501.121   458536.121
  3815:   458570.121   458602.121   458636.121   458669.121   458704.721
  3820:   458704.920   458704.901   458704.091   459004.902   460504.910
  3825:   460506.614   463256.624   463257.714   463890.124   463948.124
  3830:   464175.124   464299.124   464336.124   464367.124   464402.124
  3835:   464438.124   464471.124   464507.124   464538.124   464581.124
  3840:   464621.124   464654.124   464697.124   464730.124   464770.124
  3845:   464811.124   464850.124   464882.124   464920.124   464959.124
  3850:   464995.124   465036.124   465079.124   465113.124   465150.124
  3855:   465182.124   465221.124   465258.124   465296.124   465335.124
  3860:   465374.124   465411.124   465449.124   465487.124   465565.124
  3865:   465599.124   465638.124   465680.124   465715.124   465752.124
  3870:   465786.124   465827.124   465864.124   465899.124   465935.124
  3875:   465971.124   466010.724   466010.920   466010.901   466010.094
  3880:   466310.902   467810.910   467812.612   469212.622   469213.812
  3885:   469509.132   469648.132   469687.132   469716.132   469747.132
  3890:   469776.132   469808.132   469840.132   469870.132   469902.132
  3895:   469932.132   469963.132   469995.132   470027.132   470060.132
  3900:   470092.132   470126.132   470158.132   470193.132   470226.132
  3905:   470260.132   470298.132   470335.132   470373.132   470444.132
  3910:   470481.132   470560.132   470599.132   470638.132   470673.132
  3915:   470708.132   470744.132   470779.132   470816.132   470852.132
  3920:   470888.132   470933.132   470979.132   471286.132   471501.132
  3925:   472726.132   472831.132   473017.132   473099.132   473213.822
  3930:   473213.920   474713.910   474715.612   476115.622   476116.812
  3935:   476630.132   476669.132   476769.132   476870.132   476900.132
  3940:   476931.132   476961.132   476990.132   477054.132   477085.132
  3945:   477115.132   477179.132   477210.132   477243.132   477275.132
  3950:   477341.132   477375.132   477409.132   477441.132   477476.132
  3955:   477511.132   477545.132   477580.132   477615.132   477649.132
  3960:   477689.132   477724.132   477758.132   477795.132   477830.132
  3965:   477866.132   477901.132   477937.132   477973.132   478011.132
  3970:   478048.132   478202.132   478254.132   480116.822   480116.920
  3975:   481616.910   481618.613   483568.623   483569.713   484756.123
  3980:   484765.123   484836.123   484881.123   484910.123   484939.123
  3985:   484972.123   485006.123   485042.123   485078.123   485168.123
  3990:   485205.123   485240.123   485275.123   485405.123   485414.123
  3995:   485546.723   485546.920   485546.901   485546.093   485846.902
  4000:   487346.910   487348.611   488348.621   488349.711   488882.121
  4005:   488913.121   488944.121   488976.121   489007.121   489037.121
  4010:   489096.121   489131.121   489160.121   489195.121   489227.121
  4015:   489259.121   489292.121   489325.121   489361.721   489361.920
  4020:   489361.901   489361.091   489661.902   491161.910   491163.615
  4025:   495013.625   495014.815   495447.135   495483.135   495568.135
  4030:   495608.135   495701.135   495736.135   495774.135   495804.135
  4035:   495839.135   495872.135   495907.135   495945.135   495982.135
  4040:   496020.135   496060.135   496095.135   496135.135   496172.135
  4045:   496211.135   496253.135   496293.135   496336.135   496374.135
  4050:   496415.135   496455.135   496493.135   496531.135   496570.135
  4055:   496606.135   496649.135   496724.135   496766.135   496805.135
  4060:   496842.135   496879.135   496917.135   496955.135   496991.135
  4065:   497027.135   497061.135   497095.135   497131.135   497171.135
  4070:   497209.135   497248.135   497323.135   497402.135   497437.135
  4075:   497472.135   497507.135   497547.135   497592.135   497631.135
  4080:   497667.135   497704.135   497741.135   497780.135   497818.135
  4085:   497863.135   497902.135   497939.135   497976.135   498013.135
  4090:   498059.135   498139.135   498219.135   498254.135   498291.135
  4095:   498327.135   498363.135   498397.135   498432.135   498519.135
  4100:   498554.135   498594.135   498635.135   498715.135   498758.135
  4105:   498799.135   498841.135   498882.135   498933.135   498993.135
  4110:   499053.135   499101.135   500886.135   502653.135   502695.135
  4115:   502701.135   502949.135   503014.825   503014.920   504514.910
  4120:   504516.613   506466.623   506467.813   506897.133   506928.133
  4125:   506962.133   507000.133   507090.133   507097.133   507137.133
  4130:   507172.133   507200.133   507232.133   507293.133   507327.133
  4135:   507356.133   507388.133   507419.133   507451.133   507483.133
  4140:   507518.133   507648.133   507714.133   507748.133   507785.133
  4145:   507819.133   507856.133   507887.133   507958.133   507989.133
  4150:   508023.133   508058.133   508093.133   508129.133   508170.133
  4155:   508241.133   508354.133   508619.133   508626.133   508696.133
  4160:   508738.133   508821.133   508932.133   510686.133   510692.133
  4165:   510904.133   511019.133   511109.133   511142.133   511173.133
  4170:   511267.823   511267.920   511271.411   512767.910   512769.611
  4175:   513769.621   513770.711   514133.121   514161.121   514191.121
  4180:   514221.121   514250.121   514277.121   514309.121   514339.121
  4185:   514399.121   514430.121   514460.121   514492.121   514524.121
  4190:   514554.121   514587.121   514654.121   514723.121   514757.121
  4195:   514789.721   514789.920   514789.901   514789.091   515089.902
  4200:   516589.910   516591.613   518541.623   518542.713   518900.123
  4205:   519378.123   519389.123   519426.123   519572.123   519619.123
  4210:   519718.123   519724.123   519897.123   519941.123   520077.123
  4215:   520113.123   520151.123   520183.123   520215.123   520245.123
  4220:   520310.123   520344.123   520376.123   520412.123   520443.123
  4225:   520479.123   520510.723   520510.920   520510.901   520510.093
  4230:   520810.902   522310.910   522312.612   523712.622   523713.812
  4235:   524170.132   524299.132   524327.132   524359.132   524388.132
  4240:   524419.132   524480.132   524510.132   524541.132   524571.132
  4245:   524602.132   524633.132   524665.132   524697.132   524729.132
  4250:   524762.132   524795.132   524831.132   524864.132   524898.132
  4255:   524932.132   524966.132   525000.132   525036.132   525070.132
  4260:   525107.132   525143.132   525178.132   525211.132   525248.132
  4265:   525283.132   525316.132   525349.132   525382.132   525414.132
  4270:   525448.132   525481.132   525512.132   525545.132   525576.132
  4275:   525611.132   525645.132   525682.132   525720.132   525755.132
  4280:   525877.132   526018.132   527713.822   527713.920   529213.910
  4285:   529215.615   533065.625   533066.815   534324.135   534365.135
  4290:   534513.135   534617.135   534666.135   534711.135   534795.135
  4295:   534828.135   534862.135   534894.135   534927.135   534996.135
  4300:   535034.135   535068.135   535098.135   535132.135   535169.135
  4305:   535203.135   535234.135   535301.135   535331.135   535369.135
  4310:   535406.135   535441.135   535481.135   535518.135   535555.135
  4315:   535588.135   535629.135   535660.135   535699.135   535732.135
  4320:   535774.135   536009.135   536042.135   536072.135   536103.135
  4325:   536136.135   536174.135   536210.135   536241.135   536281.135
  4330:   536389.135   536425.135   536459.135   536491.135   536557.135
  4335:   536824.135   536876.135   536957.135   537005.135   537053.135
  4340:   537186.135   537196.135   537248.135   537288.135   537327.135
  4345:   537366.135   537401.135   537444.135   537485.135   537521.135
  4350:   537715.135   538051.135   538128.135   538276.135   538394.135
  4355:   538452.135   538605.135   538688.135   539846.135   540568.135
  4360:   540772.135   540778.135   540893.135   540940.135   541040.135
  4365:   541066.825   541066.920   542566.910   542568.615   546418.625
  4370:   546419.815   547182.135   547486.135   547576.135   547783.135
  4375:   547968.135   548021.135   548063.135   548104.135   548137.135
  4380:   548174.135   548211.135   548248.135   548284.135   548326.135
  4385:   548367.135   548404.135   548446.135   548482.135   548520.135
  4390:   548555.135   548598.135   548638.135   548679.135   548719.135
  4395:   548754.135   548795.135   548841.135   548875.135   548915.135
  4400:   548957.135   548994.135   549039.135   549091.135   549134.135
  4405:   549172.135   549217.135   549254.135   549299.135   549346.135
  4410:   549421.135   549459.135   549502.135   549542.135   549588.135
  4415:   549628.135   549666.135   549705.135   549750.135   549809.135
  4420:   549850.135   549892.135   549931.135   549978.135   550019.135
  4425:   550058.135   550099.135   550144.135   550182.135   550226.135
  4430:   550274.135   550435.135   550447.135   550500.135   550545.135
  4435:   550840.135   550847.135   550888.135   551016.135   551118.135
  4440:   551246.135   552774.135   553635.135   553912.135   553952.135
  4445:   554038.135   554080.135   554130.135   554166.135   554206.135
  4450:   554254.135   554358.135   554419.825   554419.920   555919.910
  4455:   555921.612   557321.622   557322.712   557747.122   557777.122
  4460:   557810.122   557845.122   557875.122   557908.122   557941.122
  4465:   557973.122   558006.122   558040.122   558074.122   558108.122
  4470:   558143.122   558178.122   558214.122   558249.122   558284.122
  4475:   558321.122   558362.122   558395.122   558431.122   558468.122
  4480:   558505.122   558544.122   558585.122   558624.122   558661.122
  4485:   558701.122   558746.722   558746.920   558746.901   558746.092
  4490:   559046.902   560546.910   560548.612   561948.622   561949.712
  4495:   562286.122   562493.122   562586.122   562631.122   562665.122
  4500:   562699.122   562734.122   562761.122   562795.122   562826.122
  4505:   562856.122   562889.122   562951.122   562984.122   563014.122
  4510:   563050.122   563083.122   563115.122   563184.122   563217.122
  4515:   563249.122   563284.122   563317.122   563354.722   563354.920
  4520:   563354.901   563354.092   563654.902   565154.910   565156.611
  4525:   566156.621   566157.711   566554.121   566583.121   566614.121
  4530:   566645.121   566677.121   566708.121   566737.121   566767.121
  4535:   566829.121   566860.121   566894.121   566927.121   566960.121
  4540:   567026.121   567060.121   567094.121   567127.121   567162.721
  4545:   567162.920   567162.901   567162.091   567462.902   568962.910
  4550:   568964.612   570364.622   570365.712   570717.122   570754.122
  4555:   570791.122   570905.122   570939.122   570968.122   570999.122
  4560:   571029.122   571060.122   571090.122   571121.122   571151.122
  4565:   571183.122   571214.122   571246.122   571276.122   571309.122
  4570:   571343.122   571378.122   571414.122   571450.122   571486.122
  4575:   571520.122   571555.122   571588.122   571624.122   571698.122
  4580:   571734.122   571772.722   571772.920   571772.901   571772.092
  4585:   572072.902   573572.910   573574.613   575524.623   575525.713
  4590:   575896.123   575933.123   575976.123   576014.123   576054.123
  4595:   576120.123   576158.123   576195.123   576234.123   576265.123
  4600:   576293.123   576329.123   576361.123   576397.123   576430.123
  4605:   576467.123   576531.123   576564.123   576597.123   576632.123
  4610:   576665.123   576700.123   576737.123   576774.123   576807.123
  4615:   576845.123   576883.123   576916.123   576953.123   576989.123
  4620:   577026.123   577058.123   577136.123   577173.123   577212.123
  4625:   577248.123   577281.123   577318.123   577353.123   577389.123
  4630:   577427.123   577500.723   577500.920   577500.901   577500.093
  4635:   577800.902   579300.910   579302.613   581252.623   581253.713
  4640:   581626.123   581668.123   581872.123   581913.123   582035.123
  4645:   582181.123   582215.123   582254.123   582296.123   582349.123
  4650:   582395.123   582432.123   582467.123   582504.123   582542.123
  4655:   582581.123   582620.123   582655.123   582695.123   582732.123
  4660:   582772.123   582806.123   582840.123   582876.123   582914.123
  4665:   582945.123   582983.123   583018.123   583052.123   583084.123
  4670:   583120.123   583157.123   583198.123   583239.723   583239.920
  4675:   583239.901   583239.093   583539.902   585039.910   585041.611
  4680:   586041.621   586042.711   586373.121   586409.121   586489.121
  4685:   586593.121   586625.121   586654.121   586713.121   586742.121
  4690:   586774.121   586804.121   586838.121   586868.121   586901.121
  4695:   586934.121   586965.121   586997.121   587029.121   587063.721
  4700:   587063.920   587063.901   587063.091   587363.902   588863.910
  4705:   588865.615   592715.625   592716.715   593829.125   593899.125
  4710:   593942.125   593981.125   594063.125   594100.125   594168.125
  4715:   594205.125   594240.125   594277.125   594318.125   594358.125
  4720:   594393.125   594430.125   594472.125   594511.125   594585.125
  4725:   594622.125   594663.125   594697.125   594767.125   594835.125
  4730:   594866.125   594902.125   594943.125   594985.125   595027.125
  4735:   595059.125   595097.125   595141.125   595176.125   595217.125
  4740:   595259.125   595292.125   595329.125   595363.125   595405.125
  4745:   595447.125   595521.125   595558.125   595599.125   595633.125
  4750:   595669.125   595708.125   595746.125   595782.125   595821.125
  4755:   595858.125   595900.125   595937.125   595973.125   596010.125
  4760:   596051.125   596089.125   596128.125   596211.125   596247.125
  4765:   596286.125   596322.125   596358.125   596395.125   596430.125
  4770:   596466.125   596502.125   596538.125   596577.725   596577.920
  4775:   596577.901   596577.095   596877.902   598377.910   598379.613
  4780:   600329.623   600330.713   600896.123   601286.123   601327.123
  4785:   601467.123   601614.123   601652.123   601703.123   601743.123
  4790:   601781.123   601828.123   601860.123   601893.123   601928.123
  4795:   601965.123   602004.123   602042.123   602088.123   602119.123
  4800:   602155.123   602225.123   602302.723   602302.920   602302.901
  4805:   602302.093   602602.902   604102.910   604104.612   605504.622
  4810:   605505.712   605961.122   606054.122   606086.122   606118.122
  4815:   606184.122   606245.122   606277.122   606309.122   606338.122
  4820:   606367.122   606400.122   606431.122   606463.122   606495.122
  4825:   606528.122   606596.122   606629.122   606661.122   606695.122
  4830:   606728.122   606764.122   606796.122   606832.122   606865.122
  4835:   606902.122   606935.722   606935.920   606935.901   606935.092
  4840:   607235.902   608735.910   608737.614   611487.624   611488.714
  4845:   612766.124   612809.124   612968.124   613002.124   613039.124
  4850:   613080.124   613114.124   613149.124   613185.124   613229.124
  4855:   613268.124   613309.124   613339.124   613375.124   613414.124
  4860:   613451.124   613487.124   613519.124   613549.124   613586.124
  4865:   613627.124   613666.124   613698.124   613732.124   613768.124
  4870:   613802.124   613836.124   613874.124   613908.124   613946.124
  4875:   613988.124   614027.124   614066.124   614104.124   614140.124
  4880:   614176.124   614252.724   614252.920   614252.901   614252.094
  4885:   614552.902   616052.910   616054.611   617054.621   617055.711
  4890:   617447.121   617475.121   617506.121   617536.121   617570.121
  4895:   617602.121   617636.121   617668.121   617701.121   617733.121
  4900:   617768.121   617801.121   617833.121   617868.121   617902.121
  4905:   617938.121   617976.121   618012.121   618047.121   618085.721
  4910:   618085.920   618085.901   618085.091   618385.902   619885.910
  4915:   619887.611   620887.621   620888.711   621396.121   621431.121
  4920:   621467.121   621504.121   621537.121   621566.121   621603.121
  4925:   621636.121   621671.121   621705.121   621739.121   621772.121
  4930:   621807.121   621841.121   621875.121   621911.721   621911.920
  4935:   621911.901   621911.091   622211.902   623711.910   623713.611
  4940:   624713.621   624714.711   625047.121   625169.121   625205.121
  4945:   625241.121   625279.121   625312.121   625345.121   625376.121
  4950:   625409.121   625447.121   625481.121   625514.121   625548.121
  4955:   625582.121   625617.121   625654.121   625689.121   625724.721
  4960:   625724.920   625724.901   625724.091   626024.902   627524.910
  4965:   627526.611   628526.621   628527.711   629074.121   629120.121
  4970:   629160.121   629196.121   629230.121   629261.121   629296.121
  4975:   629327.121   629360.121   629395.121   629428.121   629465.121
  4980:   629500.121   629535.721   629535.920   629535.901   629535.091
  4985:   629835.902   629835.902   629835.005   629835.006   629835.007
  4990:   629835.020      
D:
     0:        0.000        0.000        0.000        0.000        0.000
     5:        0.000        0.000        0.000        0.000        0.000
    10:        0.000        0.000        0.000        0.000        0.000
    15:        0.000        0.000        0.000        0.000        0.000
    20:        0.000        0.000        0.000        0.000        0.000
    25:        0.000        4.000        0.000        0.000        0.000
    30:        0.000        0.000        0.000        0.000        0.000
    35:        0.000
F:
     0:       10.000       10.000       10.000       10.000       10.000
     5:       10.000       10.000       10.000       10.000       10.000
    10:       10.000       10.000       10.000       10.000       10.000
    15:       10.000       10.000       10.000       10.000       10.000
    20:       10.000       14.000       14.000       14.000       14.000
    25:       14.000       14.000       14.000       14.000       14.000
    30:       14.000       14.000       14.000       14.000       14.000
    35:       14.000       14.000       14.000       14.000       19.500
    40:       19.500       19.500       19.500       19.500       19.500
    45:       19.500       19.500       19.500       19.500       19.500
    50:       19.500       19.500       19.500       19.500       27.500
    55:       27.500       27.500       27.500       27.500       27.500
    60:       27.500       27.500       27.500       27.500       27.500
    65:       27.500       38.500       38.500       38.500       38.500
    70:       38.500       38.500       38.500       38.500       38.500
    75:       20.000       20.000       20.000       20.000       20.000
    80:       20.000       20.000       28.000       28.000       28.000
    85:       28.000       28.000       28.000       39.000       39.000
    90:       39.000       39.000       39.000       55.000       55.000
    95:       55.000       55.000       77.000       77.000       77.000
I:
     0:       75.000        0.000        0.000
M:
     0:       21.000       18.000       15.000       12.000        9.000
     5:        7.000        6.000        5.000        4.000        3.000
    10:      100.000
N:
     0:       28.000       24.000       20.000       16.000       12.000
     5:        0.000
Q:
     0:       21.000       18.000       15.000       12.000        9.000
     5:        0.000
V:
     0:        0.000        5.000        0.000        0.000        0.000
     5:      358.000      504.000      554.000      618.000      512.000
    10:      485.000      304.000      358.000      285.000      248.000
    15:        0.000
