File: C:\MED-PC IV\DATA\M_PEAK_CP13P002


Start Date: 11/14/17
End Date: 11/14/17
Subject: P002
Experiment: IF-PICO
Group: 0
Box: 5
Start Time:  9:39:11
End Time: 11:26:10
MSN: Multiple_Peak_CP
B:       0.000
C:       0.000
E:    1927.000
G:      19.500
H:    1950.000
J:       0.000
K:       0.000
L:       0.000
O:       0.000
P:       0.000
R:       0.000
S:       0.000
T:  641903.000
U:       0.000
W:       0.000
X:       0.000
Y:       0.000
Z:       0.000
A:
     0:        0.010      500.910      502.613     2452.623     2453.713
     5:     2843.123     2905.123     2979.123     3187.123     3233.123
    10:     3275.123     3476.123     3509.123     3551.123     3632.123
    15:     3678.123     3790.123     4062.123     4292.123     4366.123
    20:     4676.723     4676.920     4676.901     4676.093     4976.902
    25:     6476.910     6478.614     9228.624     9229.714    10130.124
    30:    10271.124    10380.124    10524.124    10627.124    10771.124
    35:    10846.124    10884.124    11040.124    11077.124    11181.124
    40:    11424.124    11454.124    11497.124    11571.124    11637.124
    45:    11804.124    11880.124    12035.724    12035.920    12035.901
    50:    12035.094    12335.902    13835.910    13837.613    15787.623
    55:    15788.713    16285.123    16454.123    16555.123    16775.123
    60:    16916.123    17178.123    17214.123    17398.123    17467.123
    65:    17524.123    17594.123    17666.123    17742.723    17742.920
    70:    17742.901    17742.093    18042.902    19542.910    19544.613
    75:    21494.623    21495.713    21553.123    22399.123    22433.123
    80:    22557.123    22633.123    22768.123    22802.123    22844.123
    85:    22901.123    23007.123    23142.123    23255.123    23295.123
    90:    23400.123    23516.723    23516.920    23516.901    23516.093
    95:    23816.902    25316.910    25318.611    26318.621    26319.811
   100:    26716.131    26927.131    26998.131    27066.131    27141.131
   105:    27275.131    27354.131    27532.131    27607.131    28107.131
   110:    28255.131    28319.131    28405.131    28474.131    28545.131
   115:    28695.131    28731.131    29049.131    29182.131    29306.131
   120:    29336.131    29489.131    29575.131    29616.131    29684.131
   125:    29731.131    29819.821    29819.920    29823.411    31319.910
   130:    31321.611    32321.621    32322.711    32738.121    32951.121
   135:    33131.121    33219.121    33291.121    33651.721    33651.920
   140:    33651.901    33651.091    33951.902    35451.910    35453.612
   145:    36853.622    36854.812    37278.132    37340.132    37432.132
   150:    37610.132    37942.132    38037.132    38102.132    38266.132
   155:    38304.132    38392.132    38643.132    38730.132    38821.132
   160:    39460.132    39722.132    39797.132    39866.132    40126.132
   165:    40165.132    40854.822    40854.920    42354.910    42356.612
   170:    43756.622    43757.812    44438.132    44784.132    44854.132
   175:    44992.132    45091.132    45228.132    45319.132    45391.132
   180:    46033.132    46568.132    46927.132    47095.132    47450.132
   185:    47637.132    47757.822    47757.920    49257.910    49259.611
   190:    50259.621    50260.711    50329.121    50368.121    50638.121
   195:    50821.121    50893.121    51345.721    51345.920    51345.901
   200:    51345.091    51645.902    53145.910    53147.613    55097.623
   205:    55098.813    58265.133    58564.133    58742.133    58783.133
   210:    58902.133    58997.133    59121.133    59196.133    59436.133
   215:    59474.133    59763.133    59898.823    59898.920    61398.910
   220:    61400.613    63350.623    63351.813    64754.133    64910.133
   225:    65030.133    65162.133    65266.133    65379.133    65460.133
   230:    65539.133    65617.133    65681.133    65732.133    65778.133
   235:    65898.133    66013.133    66082.133    66259.133    66515.133
   240:    66550.133    66711.133    66742.133    66780.133    66861.133
   245:    66936.133    66972.133    67041.133    67081.133    67120.133
   250:    67272.133    67325.133    67655.133    68151.823    68151.920
   255:    69651.910    69653.611    70653.621    70654.711    71176.121
   260:    71374.121    71459.121    71634.121    71840.721    71840.920
   265:    71840.901    71840.091    72140.902    73640.910    73642.614
   270:    76392.624    76393.814    77359.134    77530.134    77647.134
   275:    77752.134    77871.134    78011.134    78218.134    78364.134
   280:    79519.134    80536.134    80642.134    80726.134    80877.134
   285:    80991.134    82493.824    82493.920    83993.910    83995.611
   290:    84995.621    84996.811    85287.131    85495.131    85626.131
   295:    85737.131    85903.131    86015.131    86310.131    86433.131
   300:    86805.131    87163.131    87361.131    87439.131    87738.131
   305:    87844.131    87918.131    88159.131    88496.821    88496.920
   310:    89996.910    89998.612    91398.622    91399.712    91523.122
   315:    91561.122    91871.122    91974.122    92081.122    92204.122
   320:    92359.122    92465.122    92668.122    92754.122    93244.722
   325:    93244.920    93244.901    93244.092    93544.902    95044.910
   330:    95046.612    96446.622    96447.712    96551.122    96883.122
   335:    96963.122    97005.122    97155.122    97244.122    97313.122
   340:    97518.122    97566.122    97753.122    97829.122    98236.722
   345:    98236.920    98236.901    98236.092    98536.902   100036.910
   350:   100038.614   102788.624   102789.814   104595.134   104718.134
   355:   104824.134   104936.134   105093.134   105169.134   105238.134
   360:   105312.134   105484.134   105627.134   105670.134   105741.134
   365:   105783.134   105990.134   106029.134   106178.134   106261.134
   370:   106385.134   106519.134   106560.134   106813.134   106857.134
   375:   106996.134   107145.134   107184.134   107237.134   107418.134
   380:   107461.134   107680.134   108889.824   108889.920   110389.910
   385:   110391.611   111391.621   111392.711   111907.121   111994.121
   390:   112112.121   112218.121   112475.721   112475.920   112475.901
   395:   112475.091   112775.902   114275.910   114277.613   116227.623
   400:   116228.713   117040.123   117106.123   117210.123   117371.123
   405:   117542.123   117777.123   118020.123   118140.123   118266.723
   410:   118266.920   118266.901   118266.093   118566.902   120066.910
   415:   120068.613   122018.623   122019.713   122879.123   123034.123
   420:   123208.123   123290.123   123491.123   123574.123   123795.123
   425:   123840.123   123992.723   123992.920   123992.901   123992.093
   430:   124292.902   125792.910   125794.614   128544.624   128545.714
   435:   130407.124   130744.124   130899.124   131237.124   131638.724
   440:   131638.920   131638.901   131638.094   131938.902   133438.910
   445:   133440.611   134440.621   134441.711   134557.121   134979.121
   450:   135064.121   135199.121   135315.121   135422.121   135544.721
   455:   135544.920   135544.901   135544.091   135844.902   137344.910
   460:   137346.611   138346.621   138347.711   138793.121   139023.121
   465:   139273.121   139592.721   139592.920   139592.901   139592.091
   470:   139892.902   141392.910   141394.614   144144.624   144145.714
   475:   145322.124   145417.124   145558.124   145696.124   145778.124
   480:   146008.124   146094.124   146179.124   146343.124   146396.124
   485:   146503.124   146570.124   146755.124   146830.124   146926.724
   490:   146926.920   146926.901   146926.094   147226.902   148726.910
   495:   148728.614   151478.624   151479.714   152194.124   152230.124
   500:   152269.124   152452.124   152536.124   152733.124   152784.124
   505:   152890.124   153068.124   153187.124   153899.124   154286.724
   510:   154286.920   154286.901   154286.094   154586.902   156086.910
   515:   156088.615   159938.625   159939.715   161369.125   161475.125
   520:   161640.125   161754.125   161840.125   162056.125   162136.125
   525:   162220.125   162293.125   162332.125   162404.125   162446.125
   530:   162524.125   162733.125   162781.125   163355.125   163417.125
   535:   163523.125   163630.125   163852.725   163852.920   163852.901
   540:   163852.095   164152.902   165652.910   165654.614   168404.624
   545:   168405.714   169497.124   169648.124   169748.124   169859.124
   550:   170033.124   170118.124   170206.124   170291.124   170359.124
   555:   170573.124   170827.124   170910.124   170955.124   170996.124
   560:   171442.724   171442.920   171442.901   171442.094   171742.902
   565:   173242.910   173244.611   174244.621   174245.711   174653.121
   570:   174969.121   175056.121   175111.121   175324.721   175324.920
   575:   175324.901   175324.091   175624.902   177124.910   177126.615
   580:   180976.625   180977.715   182924.125   183056.125   183162.125
   585:   183236.125   183361.125   183487.125   183558.125   183714.125
   590:   183778.125   183817.125   183924.125   184101.125   184148.125
   595:   184190.125   184270.125   184345.125   184476.125   184734.125
   600:   184821.125   185148.725   185148.920   185148.901   185148.095
   605:   185448.902   186948.910   186950.613   188900.623   188901.813
   610:   188992.133   189887.133   189991.133   190120.133   190313.133
   615:   190394.133   190440.133   190484.133   191046.133   191784.133
   620:   191977.133   192354.133   192475.133   192810.133   192936.133
   625:   193052.133   193149.133   193701.823   193701.920   195201.910
   630:   195203.612   196603.622   196604.712   196928.122   197238.122
   635:   197346.122   197429.122   197648.122   197696.122   197773.122
   640:   198152.722   198152.920   198152.901   198152.092   198452.902
   645:   199952.910   199954.611   200954.621   200955.711   201302.121
   650:   201408.121   201682.121   201828.121   202117.721   202117.920
   655:   202117.901   202117.091   202417.902   203917.910   203919.612
   660:   205319.622   205320.812   205802.132   206005.132   206089.132
   665:   206216.132   206257.132   206388.132   206475.132   207835.132
   670:   208082.132   208160.132   208343.132   208447.132   209320.822
   675:   209320.920   210820.910   210822.612   212222.622   212223.812
   680:   212947.132   213035.132   213145.132   213200.132   213257.132
   685:   213341.132   213422.132   213491.132   213674.132   213754.132
   690:   213856.132   213896.132   213966.132   214047.132   214092.132
   695:   215112.132   215513.132   216223.822   216223.920   217723.910
   700:   217725.611   218725.621   218726.711   219440.121   219553.121
   705:   219699.121   219745.721   219745.920   219745.901   219745.091
   710:   220045.902   221545.910   221547.613   223497.623   223498.813
   715:   224760.133   224866.133   224957.133   225029.133   225081.133
   720:   225233.133   225315.133   225384.133   225506.133   225627.133
   725:   225714.133   225757.133   225801.133   225875.133   226047.133
   730:   226152.133   226257.133   226298.133   226496.133   226844.133
   735:   227245.133   227797.133   228298.823   228298.920   229798.910
   740:   229800.614   232550.624   232551.814   234212.134   234373.134
   745:   234497.134   234621.134   234735.134   234881.134   235000.134
   750:   235133.134   235270.134   235528.134   235902.134   236029.134
   755:   236100.134   238651.824   238651.920   240151.910   240153.614
   760:   242903.624   242904.814   244183.134   244306.134   244443.134
   765:   244532.134   244669.134   244754.134   244938.134   245012.134
   770:   245094.134   245174.134   245292.134   245427.134   245769.134
   775:   245906.134   245972.134   246025.134   246068.134   246153.134
   780:   246240.134   246315.134   246398.134   246528.134   249004.824
   785:   249004.920   250504.910   250506.611   251506.621   251507.711
   790:   252016.121   252200.121   252244.121   252359.121   252530.721
   795:   252530.920   252530.901   252530.091   252830.902   254330.910
   800:   254332.615   258182.625   258183.715   258533.125   258734.125
   805:   258913.125   258986.125   259064.125   259167.125   259274.125
   810:   259420.125   259476.125   259656.125   259751.125   259880.125
   815:   260120.125   260168.125   260371.125   260418.125   260584.125
   820:   260624.125   260750.125   260934.125   261157.125   261276.125
   825:   261333.125   261377.125   261421.125   261623.125   261723.125
   830:   261770.125   261902.125   261979.125   262332.725   262332.920
   835:   262332.901   262332.095   262632.902   264132.910   264134.611
   840:   265134.621   265135.711   265434.121   265575.121   265664.121
   845:   265798.121   265959.121   266005.121   266076.121   266114.121
   850:   266499.721   266499.920   266499.901   266499.091   266799.902
   855:   268299.910   268301.611   269301.621   269302.711   269769.121
   860:   269875.121   270015.121   270134.121   270174.121   270240.121
   865:   270481.721   270481.920   270481.901   270481.091   270781.902
   870:   272281.910   272283.611   273283.621   273284.711   273515.121
   875:   273704.121   273932.121   274416.721   274416.920   274416.901
   880:   274416.091   274716.902   276216.910   276218.612   277618.622
   885:   277619.712   277717.122   278162.122   278231.122   278423.122
   890:   278504.122   278764.122   279192.722   279192.920   279192.901
   895:   279192.092   279492.902   280992.910   280994.615   284844.625
   900:   284845.715   286495.125   286575.125   286698.125   286845.125
   905:   286951.125   287022.125   287376.125   287419.125   287470.125
   910:   287591.125   287659.125   287748.125   287816.125   288101.125
   915:   288148.125   288193.125   288235.125   288325.125   289055.725
   920:   289055.920   289055.901   289055.095   289355.902   290855.910
   925:   290857.611   291857.621   291858.711   292000.121   292303.121
   930:   292404.121   292664.121   292987.721   292987.920   292987.901
   935:   292987.091   293287.902   294787.910   294789.613   296739.623
   940:   296740.713   297404.123   297596.123   297775.123   297975.123
   945:   298144.123   298192.123   298242.123   298314.123   298353.123
   950:   298723.723   298723.920   298723.901   298723.093   299023.902
   955:   300523.910   300525.612   301925.622   301926.712   302208.122
   960:   302662.122   302829.122   302941.122   303104.122   303145.122
   965:   303365.722   303365.920   303365.901   303365.092   303665.902
   970:   305165.910   305167.614   307917.624   307918.714   309589.124
   975:   309677.124   309815.124   309871.124   309968.124   310111.124
   980:   310148.124   310187.124   310243.124   310278.124   310324.124
   985:   310359.124   310401.124   310482.124   310715.724   310715.920
   990:   310715.901   310715.094   311015.902   312515.910   312517.612
   995:   313917.622   313918.712   314244.122   314319.122   314382.122
  1000:   314468.122   314650.122   314837.122   315025.122   315065.122
  1005:   315128.122   315209.122   315255.122   315418.722   315418.920
  1010:   315418.901   315418.092   315718.902   317218.910   317220.614
  1015:   319970.624   319971.714   320686.124   321045.124   321361.124
  1020:   321401.124   321537.124   321574.124   321831.124   321919.124
  1025:   322154.124   322264.124   322335.124   322373.124   322445.124
  1030:   322481.124   322593.124   322678.124   322779.724   322779.920
  1035:   322779.901   322779.094   323079.902   324579.910   324581.611
  1040:   325581.621   325582.711   325809.121   325902.121   325984.121
  1045:   326106.121   326251.121   326355.121   326394.121   326464.121
  1050:   326529.121   326594.721   326594.920   326594.901   326594.091
  1055:   326894.902   328394.910   328396.612   329796.622   329797.812
  1060:   329866.132   330143.132   330212.132   330419.132   330536.132
  1065:   330585.132   330692.132   330762.132   330799.132   330836.132
  1070:   330907.132   330945.132   330988.132   331096.132   331321.132
  1075:   331499.132   331659.132   331725.132   331824.132   331893.132
  1080:   332012.132   332123.132   332198.132   332235.132   332426.132
  1085:   333797.822   333797.920   335297.910   335299.613   337249.623
  1090:   337250.713   338121.123   338354.123   338459.123   338632.123
  1095:   338754.123   338858.123   338960.123   339042.123   339133.123
  1100:   339343.723   339343.920   339343.901   339343.093   339643.902
  1105:   341143.910   341145.612   342545.622   342546.712   343258.122
  1110:   343337.122   343669.122   343814.122   343924.122   344504.722
  1115:   344504.920   344504.901   344504.092   344804.902   346304.910
  1120:   346306.614   349056.624   349057.714   350149.124   350558.124
  1125:   350942.124   351016.124   351088.124   351212.124   351404.124
  1130:   351485.124   351560.124   351601.124   351640.124   351680.124
  1135:   351757.124   351963.724   351963.920   351963.901   351963.094
  1140:   352263.902   353763.910   353765.615   357615.625   357616.715
  1145:   360489.125   360627.125   360695.125   360811.125   360957.125
  1150:   360996.125   361177.125   361242.125   361346.125   361467.725
  1155:   361467.920   361467.901   361467.095   361767.902   363267.910
  1160:   363269.612   364669.622   364670.712   365335.122   365493.122
  1165:   365858.122   366053.122   366477.722   366477.920   366477.901
  1170:   366477.092   366777.902   368277.910   368279.612   369679.622
  1175:   369680.812   370126.132   370316.132   370472.132   370600.132
  1180:   370698.132   370746.132   370792.132   370837.132   370898.132
  1185:   370948.132   371050.132   371144.132   371185.132   371436.132
  1190:   372322.132   372431.132   372888.132   372949.132   373059.132
  1195:   373315.132   373680.822   373680.920   375180.910   375182.615
  1200:   379032.625   379033.815   381378.135   381475.135   381551.135
  1205:   381743.135   381833.135   381981.135   382016.135   382065.135
  1210:   382111.135   382209.135   382281.135   382679.135   382717.135
  1215:   383019.135   383067.135   383414.135   384875.135   387033.825
  1220:   387033.920   388533.910   388535.613   390485.623   390486.713
  1225:   391425.123   391512.123   391673.123   392169.123   392290.123
  1230:   392832.723   392832.920   392832.901   392832.093   393132.902
  1235:   394632.910   394634.613   396584.623   396585.713   397444.123
  1240:   397528.123   397668.123   397875.123   397958.123   398049.123
  1245:   398089.123   398134.123   398319.123   398766.723   398766.920
  1250:   398766.901   398766.093   399066.902   400566.910   400568.615
  1255:   404418.625   404419.815   406507.135   406737.135   406843.135
  1260:   406951.135   407056.135   407295.135   407362.135   407496.135
  1265:   407535.135   407582.135   407656.135   407738.135   408040.135
  1270:   408159.135   408256.135   408338.135   408380.135   408505.135
  1275:   408552.135   409067.135   409903.135   410039.135   412419.825
  1280:   412419.920   413919.910   413921.611   414921.621   414922.711
  1285:   415216.121   415344.121   415390.121   415672.121   416557.721
  1290:   416557.920   416557.901   416557.091   416857.902   418357.910
  1295:   418359.613   420309.623   420310.713   420921.123   421032.123
  1300:   421113.123   421278.123   421327.123   421465.123   421726.123
  1305:   422070.123   422207.123   422404.723   422404.920   422404.901
  1310:   422404.093   422704.902   424204.910   424206.611   425206.621
  1315:   425207.711   425548.121   425623.121   425877.121   427263.721
  1320:   427263.920   427263.901   427263.091   427563.902   429063.910
  1325:   429065.611   430065.621   430066.711   430409.121   430588.121
  1330:   430865.121   430910.121   430954.121   431111.721   431111.920
  1335:   431111.901   431111.091   431411.902   432911.910   432913.614
  1340:   435663.624   435664.714   436826.124   436946.124   437041.124
  1345:   437184.124   437293.124   437493.124   437562.124   437613.124
  1350:   437766.124   438041.124   438592.724   438592.920   438592.901
  1355:   438592.094   438892.902   440392.910   440394.614   443144.624
  1360:   443145.714   444280.124   444413.124   444640.124   444787.124
  1365:   444885.124   445001.124   445051.124   445247.124   445344.124
  1370:   445389.124   445442.124   445539.124   445585.124   445655.124
  1375:   445804.124   445924.724   445924.920   445924.901   445924.094
  1380:   446224.902   447724.910   447726.611   448726.621   448727.811
  1385:   449083.131   449185.131   449266.131   449377.131   449562.131
  1390:   449601.131   449734.131   450166.131   450336.131   450551.131
  1395:   450622.131   450908.131   450955.131   451001.131   451107.131
  1400:   451150.131   451273.131   452227.821   452227.920   453727.910
  1405:   453729.613   455679.623   455680.813   456648.133   456722.133
  1410:   456959.133   457148.133   457195.133   457255.133   457307.133
  1415:   457466.133   457579.133   457789.133   458119.133   458241.133
  1420:   459018.133   459556.133   460480.823   460480.920   461980.910
  1425:   461982.615   465832.625   465833.815   467737.135   467914.135
  1430:   468202.135   468304.135   468389.135   468515.135   468571.135
  1435:   468692.135   468804.135   468964.135   469099.135   469188.135
  1440:   469348.135   469440.135   469527.135   469647.135   469716.135
  1445:   469894.135   469959.135   470034.135   470078.135   470197.135
  1450:   470334.135   470571.135   470824.135   470867.135   470967.135
  1455:   471054.135   471135.135   471335.135   471430.135   471534.135
  1460:   473833.825   473833.920   475333.910   475335.611   476335.621
  1465:   476336.711   476686.121   476791.121   476899.121   477006.121
  1470:   477102.121   477188.121   477259.121   478115.721   478115.920
  1475:   478115.901   478115.091   478415.902   479915.910   479917.611
  1480:   480917.621   480918.711   481482.121   481831.121   482000.721
  1485:   482000.920   482000.901   482000.091   482300.902   483800.910
  1490:   483802.612   485202.622   485203.712   485311.122   485624.122
  1495:   485739.122   486309.122   486749.722   486749.920   486749.901
  1500:   486749.092   487049.902   488549.910   488551.612   489951.622
  1505:   489952.712   490276.122   490382.122   490516.122   490876.122
  1510:   490949.122   490988.122   491112.122   491198.122   491450.722
  1515:   491450.920   491450.901   491450.092   491750.902   493250.910
  1520:   493252.612   494652.622   494653.712   495264.122   495370.122
  1525:   495486.122   495597.122   495682.122   495873.122   496014.122
  1530:   496680.722   496680.920   496680.901   496680.092   496980.902
  1535:   498480.910   498482.613   500432.623   500433.713   501876.123
  1540:   501987.123   502045.123   502151.123   502350.123   502584.723
  1545:   502584.920   502584.901   502584.093   502884.902   504384.910
  1550:   504386.614   507136.624   507137.714   508873.124   509018.124
  1555:   509113.124   509413.124   509580.124   509634.124   509699.124
  1560:   509748.124   509796.124   509941.724   509941.920   509941.901
  1565:   509941.094   510241.902   511741.910   511743.615   515593.625
  1570:   515594.715   518266.125   518344.125   518485.125   518628.125
  1575:   518680.125   518800.125   518854.125   518961.125   519076.125
  1580:   519168.125   519251.125   519328.125   519377.125   519422.125
  1585:   519462.725   519462.920   519462.901   519462.095   519762.902
  1590:   521262.910   521264.615   525114.625   525115.715   525929.125
  1595:   527238.125   527347.125   527602.125   527723.125   527815.125
  1600:   527969.125   528021.125   528203.125   528476.125   528631.125
  1605:   528849.125   528920.125   529002.725   529002.920   529002.901
  1610:   529002.095   529302.902   530802.910   530804.612   532204.622
  1615:   532205.712   533013.122   533156.122   533398.122   533552.122
  1620:   533626.722   533626.920   533626.901   533626.092   533926.902
  1625:   535426.910   535428.615   539278.625   539279.715   541619.125
  1630:   541827.125   541911.125   542022.125   542157.125   542305.125
  1635:   542456.125   542498.125   542616.125   542701.125   542869.125
  1640:   543529.725   543529.920   543529.901   543529.095   543829.902
  1645:   545329.910   545331.613   547281.623   547282.713   548527.123
  1650:   548735.123   548787.123   548895.123   549076.123   549368.723
  1655:   549368.920   549368.901   549368.093   549668.902   551168.910
  1660:   551170.611   552170.621   552171.811   552540.131   552647.131
  1665:   552820.131   552890.131   552973.131   553423.131   553654.131
  1670:   555128.131   555195.131   555671.821   555671.920   557171.910
  1675:   557173.611   558173.621   558174.811   558605.131   558736.131
  1680:   558801.131   558852.131   558986.131   560104.131   560785.131
  1685:   560865.131   561375.131   561674.821   561674.920   563174.910
  1690:   563176.611   564176.621   564177.811   564512.131   564586.131
  1695:   564686.131   564767.131   564902.131   565063.131   565217.131
  1700:   565437.131   566937.131   566973.131   567020.131   567617.131
  1705:   567677.821   567677.920   569177.910   569179.612   570579.622
  1710:   570580.712   571330.122   571405.122   571469.122   571571.122
  1715:   571852.122   572288.722   572288.920   572288.901   572288.092
  1720:   572588.902   574088.910   574090.612   575490.622   575491.712
  1725:   575573.122   575958.122   576073.122   576199.122   576304.122
  1730:   576388.122   576468.122   576788.122   576833.122   577321.722
  1735:   577321.920   577321.901   577321.092   577621.902   579121.910
  1740:   579123.612   580523.622   580524.712   580909.122   580982.122
  1745:   581102.122   581212.122   581421.122   581580.122   581812.122
  1750:   581899.122   582191.722   582191.920   582191.901   582191.092
  1755:   582491.902   583991.910   583993.612   585393.622   585394.712
  1760:   585592.122   585713.122   585801.122   585905.122   586349.122
  1765:   586426.122   586676.122   586760.122   586903.722   586903.920
  1770:   586903.901   586903.092   587203.902   588703.910   588705.613
  1775:   590655.623   590656.713   591663.123   591772.123   591836.123
  1780:   591939.123   592302.123   592545.123   592748.723   592748.920
  1785:   592748.901   592748.093   593048.902   594548.910   594550.613
  1790:   596500.623   596501.713   596897.123   597120.123   597306.123
  1795:   597393.123   597481.123   598337.123   598453.723   598453.920
  1800:   598453.901   598453.093   598753.902   600253.910   600255.614
  1805:   603005.624   603006.714   603827.124   604113.124   604221.124
  1810:   604351.124   604491.124   604557.124   604763.124   604810.124
  1815:   604944.124   605187.124   605267.124   605431.124   605691.124
  1820:   605772.724   605772.920   605772.901   605772.094   606072.902
  1825:   607572.910   607574.612   608974.622   608975.712   609387.122
  1830:   609543.122   609737.122   609822.122   609991.122   610361.122
  1835:   610825.722   610825.920   610825.901   610825.092   611125.902
  1840:   612625.910   612627.615   616477.625   616478.715   619711.125
  1845:   619988.125   620076.125   620125.125   620175.125   620419.725
  1850:   620419.920   620419.901   620419.095   620719.902   622219.910
  1855:   622221.611   623221.621   623222.811   623532.131   623600.131
  1860:   623753.131   623806.131   623856.131   624192.131   624235.131
  1865:   624320.131   624547.131   625300.131   625474.131   626066.131
  1870:   626286.131   626722.821   626722.920   628222.910   628224.612
  1875:   629624.622   629625.712   630534.122   630576.122   630710.122
  1880:   630914.122   630960.122   631028.722   631028.920   631028.901
  1885:   631028.092   631328.902   632828.910   632830.611   633830.621
  1890:   633831.711   634001.121   634097.121   634232.121   634350.121
  1895:   634587.121   634797.121   635360.721   635360.920   635360.901
  1900:   635360.091   635660.902   637160.910   637162.613   639112.623
  1905:   639113.713   639302.123   639677.123   639835.123   639902.123
  1910:   640125.123   640194.123   640338.123   640513.123   640561.123
  1915:   640606.123   640730.123   641603.723   641603.920   641603.901
  1920:   641603.093   641903.902   641903.902   641903.005   641903.006
  1925:   641903.007   641903.020        
D:
     0:        0.000        0.000        0.000        0.000        0.000
     5:        0.000        0.000        0.000        0.000        0.000
    10:        0.000        0.000        0.000        0.000        0.000
    15:        0.000        0.000        0.000        0.000        0.000
    20:        0.000        0.000        0.000        0.000        0.000
    25:        0.000        1.000        0.000        0.000        0.000
    30:        0.000        0.000        0.000        0.000        0.000
    35:        0.000
F:
     0:       10.000       10.000       10.000       10.000       10.000
     5:       10.000       10.000       10.000       10.000       10.000
    10:       10.000       10.000       10.000       10.000       10.000
    15:       10.000       10.000       10.000       10.000       10.000
    20:       10.000       14.000       14.000       14.000       14.000
    25:       14.000       14.000       14.000       14.000       14.000
    30:       14.000       14.000       14.000       14.000       14.000
    35:       14.000       14.000       14.000       14.000       19.500
    40:       19.500       19.500       19.500       19.500       19.500
    45:       19.500       19.500       19.500       19.500       19.500
    50:       19.500       19.500       19.500       19.500       27.500
    55:       27.500       27.500       27.500       27.500       27.500
    60:       27.500       27.500       27.500       27.500       27.500
    65:       27.500       38.500       38.500       38.500       38.500
    70:       38.500       38.500       38.500       38.500       38.500
    75:       20.000       20.000       20.000       20.000       20.000
    80:       20.000       20.000       28.000       28.000       28.000
    85:       28.000       28.000       28.000       39.000       39.000
    90:       39.000       39.000       39.000       55.000       55.000
    95:       55.000       55.000       77.000       77.000       77.000
I:
     0:       75.000        0.000        0.000
M:
     0:       21.000       18.000       15.000       12.000        9.000
     5:        7.000        6.000        5.000        4.000        3.000
    10:      100.000
N:
     0:       28.000       24.000       20.000       16.000       12.000
     5:        0.000
Q:
     0:       21.000       18.000       15.000       12.000        9.000
     5:        0.000
V:
     0:        0.000        0.000        0.000        0.000        0.000
     5:      120.000      142.000      146.000      163.000      147.000
    10:      102.000      107.000       94.000       78.000       71.000
    15:        0.000
