File: C:\MED-PC IV\DATA\M_PEAK_CP7P002


Start Date: 11/08/17
End Date: 11/08/17
Subject: P002
Experiment: IF-PICO
Group: 0
Box: 5
Start Time:  9:42:32
End Time: 11:29:32
MSN: Multiple_Peak_CP
B:       0.000
C:       0.000
E:    2015.000
G:      39.000
H:    4800.000
J:       0.000
K:       0.000
L:       0.000
O:       0.000
P:       0.000
R:       0.000
S:       0.000
T:  641962.000
U:       0.000
W:       0.000
X:       0.000
Y:       0.000
Z:       0.000
A:
     0:        0.010      500.910      502.613     2452.623     2453.813
     5:     2616.133     2651.133     2685.133     2721.133     2760.133
    10:     2803.133     2839.133     2880.133     2961.133     2996.133
    15:     3041.133     3128.133     3163.133     3234.133     3314.133
    20:     3349.133     3419.133     3488.133     3523.133     3789.133
    25:     3925.133     4007.133     4041.133     4119.133     4150.133
    30:     4280.133     4359.133     4398.133     4444.133     4524.133
    35:     4630.133     4698.133     4731.133     4818.133     4865.133
    40:     4980.133     5136.133     5248.133     5333.133     5469.133
    45:     5546.133     5619.133     5653.133     5878.133     5979.133
    50:     6015.133     6102.133     6135.133     6223.133     6312.133
    55:     6356.133     6398.133     6434.133     6474.133     6555.133
    60:     6593.133     6698.133     6746.133     6823.133     6872.133
    65:     6956.133     7006.133     7059.133     7097.133     7164.133
    70:     7253.823     7253.920     8753.910     8755.612    10155.622
    75:    10156.712    10284.122    10322.122    10369.122    10583.122
    80:    10730.122    10811.122    11101.122    11143.122    11177.122
    85:    11222.122    11330.122    11372.122    11550.122    11591.722
    90:    11591.920    11591.901    11591.092    11891.902    13391.910
    95:    13393.614    16143.624    16144.814    17193.134    17429.134
   100:    17631.134    17820.134    17925.134    18035.134    18064.134
   105:    18109.134    18199.134    18376.134    18414.134    18478.134
   110:    18672.134    18835.134    19126.134    19193.134    19228.134
   115:    19276.134    19319.134    19416.134    19529.134    19635.134
   120:    19740.134    19854.134    19931.134    19962.134    20003.134
   125:    20160.134    20282.134    20355.134    20394.134    20429.134
   130:    20467.134    20588.134    20623.134    20698.134    20736.134
   135:    20955.134    20999.134    21082.134    21127.134    21254.134
   140:    21337.134    21427.134    21514.134    21590.134    21631.134
   145:    21669.134    21715.134    21793.134    21926.134    22032.134
   150:    22101.134    22180.134    22244.824    22244.920    23744.910
   155:    23746.611    24746.621    24747.711    24886.121    24922.121
   160:    25003.121    25089.121    25242.121    25308.121    25551.121
   165:    25611.121    25682.121    25718.121    25794.721    25794.920
   170:    25794.901    25794.091    26094.902    27594.910    27596.612
   175:    28996.622    28997.712    29304.122    29564.122    29682.122
   180:    29748.122    29948.122    30019.122    30050.122    30090.122
   185:    30163.122    30240.122    30625.722    30625.920    30625.901
   190:    30625.092    30925.902    32425.910    32427.613    34377.623
   195:    34378.713    35237.123    35268.123    35606.123    35674.123
   200:    35809.123    35871.123    36037.123    36109.123    36139.123
   205:    36244.123    36323.123    36480.723    36480.920    36480.901
   210:    36480.093    36780.902    38280.910    38282.613    40232.623
   215:    40233.713    40303.123    40876.123    41058.123    41223.123
   220:    41451.123    41579.123    41708.123    41813.123    42164.123
   225:    42362.723    42362.920    42362.901    42362.093    42662.902
   230:    44162.910    44164.612    45564.622    45565.712    45647.122
   235:    46067.122    46199.122    46481.122    46549.122    46719.122
   240:    46786.122    46817.122    46894.122    46993.722    46993.920
   245:    46993.901    46993.092    47293.902    48793.910    48795.612
   250:    50195.622    50196.712    50285.122    51010.122    51189.122
   255:    51319.122    51352.122    51393.122    51559.122    51700.722
   260:    51700.920    51700.901    51700.092    52000.902    53500.910
   265:    53502.613    55452.623    55453.713    55746.123    55804.123
   270:    56375.123    56481.123    56634.123    56673.123    56796.123
   275:    56892.123    57127.123    57157.123    57194.123    57271.123
   280:    57304.123    57429.723    57429.920    57429.901    57429.093
   285:    57729.902    59229.910    59231.612    60631.622    60632.812
   290:    61624.132    61716.132    61820.132    61971.132    62167.132
   295:    62199.132    62367.132    62444.132    62584.132    63312.132
   300:    63388.132    63455.132    63534.132    63768.132    63847.132
   305:    64004.132    64147.132    64183.132    64265.132    64307.132
   310:    64434.132    64476.132    64548.132    64632.822    64632.920
   315:    66132.910    66134.614    68884.624    68885.814    69099.134
   320:    69130.134    70106.134    70268.134    70477.134    70581.134
   325:    70711.134    70904.134    71000.134    71104.134    71380.134
   330:    71449.134    71524.134    71600.134    71612.134    71679.134
   335:    72174.134    72526.134    72608.134    72652.134    72784.134
   340:    72856.134    72904.134    72985.134    73023.134    73060.134
   345:    73100.134    73137.134    73242.134    73353.134    73625.134
   350:    73685.134    74412.134    74440.134    74473.134    74511.134
   355:    74681.134    74985.824    74985.920    76485.910    76487.614
   360:    79237.624    79238.714    79605.124    79641.124    79802.124
   365:    80133.124    80184.124    80376.124    80569.124    80680.124
   370:    80796.124    81031.124    81113.124    81195.124    81267.124
   375:    81402.124    81443.124    81619.124    81841.124    81962.124
   380:    82026.724    82026.920    82026.901    82026.094    82326.902
   385:    83826.910    83828.614    86578.624    86579.714    86875.124
   390:    88249.124    88362.124    88466.124    88594.124    88694.124
   395:    88852.124    89018.124    89200.124    89267.124    89345.724
   400:    89345.920    89345.901    89345.094    89645.902    91145.910
   405:    91147.612    92547.622    92548.812    92924.132    93603.132
   410:    93637.132    93731.132    93867.132    93966.132    94122.132
   415:    94193.132    94355.132    94494.132    94565.132    94640.132
   420:    94716.132    94796.132    94873.132    94914.132    95048.132
   425:    95161.132    95465.132    95616.132    95658.132    95721.132
   430:    95758.132    95805.132    95990.132    96029.132    96095.132
   435:    96133.132    96216.132    96253.132    96326.132    96459.132
   440:    96548.822    96548.920    98048.910    98050.614   100800.624
   445:   100801.814   100888.134   100950.134   101523.134   101640.134
   450:   101756.134   101800.134   101907.134   102098.134   102199.134
   455:   102320.134   102356.134   102635.134   102753.134   102878.134
   460:   103107.134   103341.134   103490.134   103651.134   103737.134
   465:   103871.134   103980.134   104096.134   104134.134   104353.134
   470:   104438.134   104537.134   104647.134   104731.134   104778.134
   475:   104930.134   105076.134   105206.134   105401.134   105555.134
   480:   105594.134   105760.134   105985.134   106025.134   106760.134
   485:   106901.824   106901.920   108401.910   108403.615   112253.625
   490:   112254.815   112383.135   112756.135   113010.135   113233.135
   495:   113332.135   113631.135   113758.135   114055.135   114162.135
   500:   114438.135   114537.135   114623.135   114755.135   114940.135
   505:   114980.135   115110.135   115156.135   115328.135   115634.135
   510:   115725.135   115813.135   115864.135   115944.135   115984.135
   515:   116061.135   116244.135   116360.135   116462.135   116573.135
   520:   116621.135   116716.135   116764.135   116949.135   117090.135
   525:   117199.135   117262.135   117309.135   117434.135   117542.135
   530:   117852.135   119788.135   119823.135   119856.135   119892.135
   535:   120041.135   120233.135   120254.825   120254.920   121754.910
   540:   121756.612   123156.622   123157.712   123250.122   123284.122
   545:   123405.122   123559.122   123936.122   124060.122   124102.122
   550:   124141.122   124179.122   124367.122   124602.722   124602.920
   555:   124602.901   124602.092   124902.902   126402.910   126404.612
   560:   127804.622   127805.712   127886.122   128239.122   128308.122
   565:   128584.122   128695.122   128972.122   129010.122   129169.122
   570:   129242.722   129242.920   129242.901   129242.092   129542.902
   575:   131042.910   131044.613   132994.623   132995.713   134288.123
   580:   134516.123   134664.123   134780.123   134881.123   134995.723
   585:   134995.920   134995.901   134995.093   135295.902   136795.910
   590:   136797.614   139547.624   139548.714   140776.124   141108.124
   595:   141245.124   141330.124   141437.124   141510.124   141716.124
   600:   141897.124   141932.124   142025.124   142668.724   142668.920
   605:   142668.901   142668.094   142968.902   144468.910   144470.611
   610:   145470.621   145471.711   145868.121   145972.121   146110.121
   615:   146429.121   146509.721   146509.920   146509.901   146509.091
   620:   146809.902   148309.910   148311.613   150261.623   150262.713
   625:   151538.123   151713.123   151832.123   151999.123   152162.123
   630:   152208.123   152325.723   152325.920   152325.901   152325.093
   635:   152625.902   154125.910   154127.612   155527.622   155528.712
   640:   155952.122   156151.122   156242.122   156657.122   156744.122
   645:   156785.122   157611.722   157611.920   157611.901   157611.092
   650:   157911.902   159411.910   159413.615   163263.625   163264.715
   655:   164805.125   165089.125   165231.125   165305.125   165429.125
   660:   165564.125   165740.125   165909.125   165993.125   166202.125
   665:   166462.125   166589.125   166689.125   166740.125   166794.125
   670:   166869.125   166956.125   167082.125   167194.725   167194.920
   675:   167194.901   167194.095   167494.902   168994.910   168996.612
   680:   170396.622   170397.712   171231.122   172275.722   172275.920
   685:   172275.901   172275.092   172575.902   174075.910   174077.615
   690:   177927.625   177928.715   179023.125   179209.125   179421.125
   695:   179604.125   179747.125   179918.125   179949.125   180128.125
   700:   180199.125   180283.125   180375.125   180463.125   180682.125
   705:   180733.125   180824.125   180896.125   181188.125   181236.125
   710:   181309.125   181396.125   181536.125   181608.125   181766.125
   715:   181851.725   181851.920   181851.901   181851.095   182151.902
   720:   183651.910   183653.611   184653.621   184654.711   185059.121
   725:   185131.121   185418.121   185541.121   185646.121   185739.721
   730:   185739.920   185739.901   185739.091   186039.902   187539.910
   735:   187541.611   188541.621   188542.711   189057.121   189236.121
   740:   189483.121   189647.721   189647.920   189647.901   189647.091
   745:   189947.902   191447.910   191449.613   193399.623   193400.713
   750:   194260.123   194334.123   194581.123   194737.123   195034.123
   755:   195248.123   195320.123   195410.723   195410.920   195410.901
   760:   195410.093   195710.902   197210.910   197212.613   199162.623
   765:   199163.713   200252.123   200367.123   200481.123   200603.123
   770:   200763.123   200843.123   200887.123   200967.123   201091.123
   775:   201485.723   201485.920   201485.901   201485.093   201785.902
   780:   203285.910   203287.615   207137.625   207138.715   208082.125
   785:   208272.125   208534.125   208658.125   208824.125   208866.125
   790:   208955.125   208995.125   209147.125   209462.125   209686.125
   795:   209804.125   209883.125   209977.125   210180.125   210305.125
   800:   210485.125   210531.125   210969.125   211048.725   211048.920
   805:   211048.901   211048.095   211348.902   212848.910   212850.612
   810:   214250.622   214251.712   214996.122   215153.122   215299.122
   815:   215812.722   215812.920   215812.901   215812.092   216112.902
   820:   217612.910   217614.611   218614.621   218615.811   219059.131
   825:   219217.131   219360.131   219724.131   219997.131   220080.131
   830:   220441.131   220672.131   220858.131   221109.131   221216.131
   835:   221441.131   221494.131   222115.821   222115.920   223615.910
   840:   223617.612   225017.622   225018.812   225614.132   225744.132
   845:   225926.132   226054.132   226200.132   226232.132   226281.132
   850:   226347.132   226465.132   226557.132   226673.132   226714.132
   855:   226788.132   226835.132   226880.132   226947.132   227167.132
   860:   227271.132   227377.132   227457.132   227541.132   227610.132
   865:   227681.132   227727.132   227811.132   228078.132   228286.132
   870:   229018.822   229018.920   230518.910   230520.611   231520.621
   875:   231521.711   232266.121   232393.121   232609.721   232609.920
   880:   232609.901   232609.091   232909.902   234409.910   234411.611
   885:   235411.621   235412.711   235591.121   235658.121   235811.121
   890:   235916.121   236019.121   236191.121   236418.721   236418.920
   895:   236418.901   236418.091   236718.902   238218.910   238220.611
   900:   239220.621   239221.711   239526.121   239630.121   239685.121
   905:   239823.121   239942.121   239974.121   240059.121   240123.121
   910:   240363.721   240363.920   240363.901   240363.091   240663.902
   915:   242163.910   242165.612   243565.622   243566.712   244496.122
   920:   244583.122   244716.122   244961.122   245022.722   245022.920
   925:   245022.901   245022.092   245322.902   246822.910   246824.612
   930:   248224.622   248225.812   248820.132   248868.132   249383.132
   935:   249556.132   249635.132   249810.132   250139.132   250284.132
   940:   250364.132   250441.132   250592.132   250639.132   250761.132
   945:   250795.132   250938.132   251013.132   251092.132   251172.132
   950:   252225.822   252225.920   253725.910   253727.614   256477.624
   955:   256478.714   257942.124   258219.124   258386.124   258540.124
   960:   258787.124   258943.124   259152.124   259223.124   259336.724
   965:   259336.920   259336.901   259336.094   259636.902   261136.910
   970:   261138.613   263088.623   263089.813   264053.133   264187.133
   975:   264342.133   264545.133   264710.133   264868.133   264949.133
   980:   265153.133   265200.133   265262.133   265487.133   265645.133
   985:   265734.133   265819.133   265865.133   266485.133   266526.133
   990:   266913.133   267081.133   267198.133   267234.133   267284.133
   995:   267357.133   267439.133   267677.133   267889.823   267889.920
  1000:   269389.910   269391.612   270791.622   270792.712   272223.722
  1005:   272223.920   272223.901   272223.092   272523.902   274023.910
  1010:   274025.613   275975.623   275976.713   276965.123   277056.123
  1015:   277192.123   277385.123   277478.123   277541.123   277691.123
  1020:   277858.123   277958.723   277958.920   277958.901   277958.093
  1025:   278258.902   279758.910   279760.613   281710.623   281711.813
  1030:   282445.133   282568.133   282924.133   282973.133   283384.133
  1035:   283469.133   283577.133   283777.133   283852.133   283896.133
  1040:   283935.133   284227.133   284310.133   284712.133   284803.133
  1045:   284882.133   285162.133   286511.823   286511.920   288011.910
  1050:   288013.615   291863.625   291864.815   293552.135   293826.135
  1055:   293983.135   294179.135   294280.135   294705.135   294824.135
  1060:   294902.135   295092.135   295252.135   295412.135   295495.135
  1065:   295588.135   295677.135   295795.135   295883.135   295972.135
  1070:   296286.135   296390.135   296484.135   296523.135   296597.135
  1075:   296673.135   296728.135   296779.135   296826.135   296926.135
  1080:   297078.135   297126.135   297245.135   297324.135   297427.135
  1085:   297514.135   297723.135   297772.135   297899.135   299177.135
  1090:   299777.135   299810.135   299842.135   299864.825   299864.920
  1095:   301364.910   301366.613   303316.623   303317.813   304375.133
  1100:   304679.133   304827.133   304991.133   305222.133   305302.133
  1105:   305391.133   305462.133   305672.133   305922.133   306021.133
  1110:   306087.133   306339.133   306548.133   306665.133   306751.133
  1115:   306961.133   307186.133   307287.133   307382.133   307565.133
  1120:   308117.823   308117.920   309617.910   309619.612   311019.622
  1125:   311020.712   311790.122   311893.122   312077.122   312160.122
  1130:   312207.122   312402.122   312472.722   312472.920   312472.901
  1135:   312472.092   312772.902   314272.910   314274.611   315274.621
  1140:   315275.711   316050.121   317342.721   317342.920   317342.901
  1145:   317342.091   317642.902   319142.910   319144.614   321894.624
  1150:   321895.714   322986.124   323134.124   323311.124   323462.124
  1155:   323728.124   324044.124   324315.124   324690.724   324690.920
  1160:   324690.901   324690.094   324990.902   326490.910   326492.614
  1165:   329242.624   329243.714   330706.124   330872.124   330962.124
  1170:   331112.124   331214.124   331370.124   331494.124   331910.124
  1175:   331992.124   332037.724   332037.920   332037.901   332037.094
  1180:   332337.902   333837.910   333839.611   334839.621   334840.711
  1185:   335093.121   335222.121   335653.121   335702.121   335751.121
  1190:   335851.721   335851.920   335851.901   335851.091   336151.902
  1195:   337651.910   337653.612   339053.622   339054.712   339619.122
  1200:   339729.122   339924.122   339958.122   340010.122   340269.122
  1205:   340316.122   340461.722   340461.920   340461.901   340461.092
  1210:   340761.902   342261.910   342263.611   343263.621   343264.711
  1215:   343765.121   343990.121   344523.721   344523.920   344523.901
  1220:   344523.091   344823.902   346323.910   346325.611   347325.621
  1225:   347326.711   347711.121   347788.121   347918.121   348167.121
  1230:   348604.721   348604.920   348604.901   348604.091   348904.902
  1235:   350404.910   350406.613   352356.623   352357.713   353134.123
  1240:   353619.123   353778.123   353874.123   353962.123   354242.123
  1245:   354286.123   354377.723   354377.920   354377.901   354377.093
  1250:   354677.902   356177.910   356179.613   358129.623   358130.713
  1255:   358816.123   359125.123   359294.123   359456.123   359490.123
  1260:   359588.123   359800.123   360196.723   360196.920   360196.901
  1265:   360196.093   360496.902   361996.910   361998.611   362998.621
  1270:   362999.811   363078.131   363485.131   363627.131   363939.131
  1275:   364378.131   364545.131   364658.131   364773.131   364852.131
  1280:   364893.131   364939.131   365057.131   365167.131   365263.131
  1285:   365390.131   365459.131   366499.821   366499.920   367999.910
  1290:   368001.615   371851.625   371852.715   373950.125   374160.125
  1295:   374254.125   374328.125   374484.125   374620.125   374927.125
  1300:   375238.125   375416.125   375461.125   375705.725   375705.920
  1305:   375705.901   375705.095   376005.902   377505.910   377507.611
  1310:   378507.621   378508.711   379265.121   379635.721   379635.920
  1315:   379635.901   379635.091   379935.902   381435.910   381437.614
  1320:   384187.624   384188.714   385377.124   385730.124   385957.124
  1325:   386128.124   386277.124   386355.124   386395.124   386438.124
  1330:   386486.124   386550.124   386645.124   386762.124   386886.124
  1335:   386962.724   386962.920   386962.901   386962.094   387262.902
  1340:   388762.910   388764.614   391514.624   391515.814   392613.134
  1345:   393633.134   393879.134   393979.134   394221.134   394307.134
  1350:   394341.134   394420.134   394503.134   394580.134   394660.134
  1355:   394691.134   394743.134   394806.134   395017.134   395201.134
  1360:   395308.134   395355.134   395454.134   395526.134   395569.134
  1365:   395652.134   395781.134   395855.134   395933.134   395998.134
  1370:   396067.134   396134.134   396212.134   396484.134   396616.134
  1375:   396774.134   396916.134   396992.134   397071.134   397615.824
  1380:   397615.920   399115.910   399117.615   402967.625   402968.815
  1385:   405370.135   405493.135   405685.135   405853.135   405973.135
  1390:   406101.135   406222.135   406318.135   406488.135   406699.135
  1395:   406874.135   406961.135   407237.135   407354.135   407395.135
  1400:   407549.135   407731.135   408117.135   408191.135   408436.135
  1405:   408512.135   408600.135   408681.135   408773.135   408845.135
  1410:   409044.135   410219.135   410250.135   410285.135   410374.135
  1415:   410632.135   410664.135   410701.135   410964.135   410968.825
  1420:   410968.920   412468.910   412470.612   413870.622   413871.712
  1425:   414734.122   414881.122   415078.122   415306.722   415306.920
  1430:   415306.901   415306.092   415606.902   417106.910   417108.611
  1435:   418108.621   418109.711   418688.121   418786.121   418965.121
  1440:   418998.121   419083.121   419158.721   419158.920   419158.901
  1445:   419158.091   419458.902   420958.910   420960.613   422910.623
  1450:   422911.713   423756.123   423880.123   424070.123   424186.123
  1455:   424338.123   424414.123   425115.723   425115.920   425115.901
  1460:   425115.093   425415.902   426915.910   426917.615   430767.625
  1465:   430768.715   432636.125   432841.125   433215.125   433522.125
  1470:   433592.125   433631.125   434030.125   434091.125   434139.125
  1475:   434242.125   434278.125   434328.125   434406.125   434519.125
  1480:   434598.125   434707.725   434707.920   434707.901   434707.095
  1485:   435007.902   436507.910   436509.611   437509.621   437510.711
  1490:   438031.121   438245.121   438517.721   438517.920   438517.901
  1495:   438517.091   438817.902   440317.910   440319.614   443069.624
  1500:   443070.714   444744.124   445001.124   445161.124   445295.124
  1505:   445452.124   445595.124   445667.124   445813.124   445853.724
  1510:   445853.920   445853.901   445853.094   446153.902   447653.910
  1515:   447655.614   450405.624   450406.714   452637.124   452762.124
  1520:   452929.124   453049.124   453262.724   453262.920   453262.901
  1525:   453262.094   453562.902   455062.910   455064.611   456064.621
  1530:   456065.711   456337.121   456412.121   456541.121   456685.121
  1535:   458199.721   458199.920   458199.901   458199.091   458499.902
  1540:   459999.910   460001.611   461001.621   461002.711   461374.121
  1545:   461568.121   463196.721   463196.920   463196.901   463196.091
  1550:   463496.902   464996.910   464998.612   466398.622   466399.712
  1555:   467088.122   467195.122   467493.122   467575.122   467733.122
  1560:   468544.722   468544.920   468544.901   468544.092   468844.902
  1565:   470344.910   470346.612   471746.622   471747.712   472319.122
  1570:   472565.122   472658.122   472742.122   472956.122   473659.722
  1575:   473659.920   473659.901   473659.092   473959.902   475459.910
  1580:   475461.611   476461.621   476462.711   477139.121   477292.121
  1585:   477460.121   477710.721   477710.920   477710.901   477710.091
  1590:   478010.902   479510.910   479512.613   481462.623   481463.713
  1595:   482512.123   482655.123   482898.123   483007.123   483181.123
  1600:   483255.123   483604.723   483604.920   483604.901   483604.093
  1605:   483904.902   485404.910   485406.611   486406.621   486407.711
  1610:   487040.121   487223.121   489021.721   489021.920   489021.901
  1615:   489021.091   489321.902   490821.910   490823.614   493573.624
  1620:   493574.714   494259.124   495650.124   495955.124   496238.124
  1625:   496368.724   496368.920   496368.901   496368.094   496668.902
  1630:   498168.910   498170.614   500920.624   500921.714   502657.124
  1635:   502751.124   502978.124   503116.124   503319.124   503526.124
  1640:   503564.124   503725.724   503725.920   503725.901   503725.094
  1645:   504025.902   505525.910   505527.611   506527.621   506528.711
  1650:   506873.121   507031.121   507306.121   508053.721   508053.920
  1655:   508053.901   508053.091   508353.902   509853.910   509855.615
  1660:   513705.625   513706.715   515146.125   515591.125   515698.125
  1665:   516053.125   516188.125   516613.125   516739.125   516821.125
  1670:   516910.125   516989.125   517060.125   517137.125   517313.125
  1675:   517403.125   517611.725   517611.920   517611.901   517611.095
  1680:   517911.902   519411.910   519413.612   520813.622   520814.712
  1685:   521361.122   521680.122   522062.122   522367.722   522367.920
  1690:   522367.901   522367.092   522667.902   524167.910   524169.611
  1695:   525169.621   525170.711   526073.121   526186.721   526186.920
  1700:   526186.901   526186.091   526486.902   527986.910   527988.611
  1705:   528988.621   528989.711   530452.721   530452.920   530452.901
  1710:   530452.091   530752.902   532252.910   532254.613   534204.623
  1715:   534205.713   534689.123   535130.123   535241.123   535526.123
  1720:   535871.123   535914.123   536016.123   536263.723   536263.920
  1725:   536263.901   536263.093   536563.902   538063.910   538065.614
  1730:   540815.624   540816.714   542266.124   542515.124   542740.124
  1735:   542947.124   543020.124   543189.124   543413.124   543477.124
  1740:   543660.724   543660.920   543660.901   543660.094   543960.902
  1745:   545460.910   545462.615   549312.625   549313.715   552791.125
  1750:   552827.125   552926.125   553112.125   553318.725   553318.920
  1755:   553318.901   553318.095   553618.902   555118.910   555120.615
  1760:   558970.625   558971.715   560384.125   560741.125   560927.125
  1765:   561158.125   561269.125   561660.125   561793.125   561980.125
  1770:   562386.125   562483.125   562560.125   562671.125   563221.725
  1775:   563221.920   563221.901   563221.095   563521.902   565021.910
  1780:   565023.611   566023.621   566024.811   566225.131   566480.131
  1785:   566647.131   567041.131   567129.131   567173.131   568930.131
  1790:   569133.131   569326.131   569524.821   569524.920   571024.910
  1795:   571026.612   572426.622   572427.712   572982.122   573160.122
  1800:   573318.122   573461.122   573597.122   573785.122   573941.722
  1805:   573941.920   573941.901   573941.092   574241.902   575741.910
  1810:   575743.611   576743.621   576744.811   577377.131   577603.131
  1815:   577718.131   578080.131   578430.131   578500.131   578602.131
  1820:   578718.131   578791.131   578885.131   578956.131   579078.131
  1825:   579144.131   579246.131   579288.131   580244.821   580244.920
  1830:   581744.910   581746.611   582746.621   582747.811   583417.131
  1835:   584014.131   584294.131   584416.131   584645.131   584742.131
  1840:   584833.131   584903.131   584986.131   585015.131   585124.131
  1845:   585291.131   586111.131   586208.131   586247.821   586247.920
  1850:   587747.910   587749.613   589699.623   589700.713   590738.123
  1855:   590856.123   590980.123   591256.123   591301.123   591369.123
  1860:   591534.123   591643.123   591758.723   591758.920   591758.901
  1865:   591758.093   592058.902   593558.910   593560.615   597410.625
  1870:   597411.715   599259.125   599562.125   599642.125   599769.125
  1875:   599990.125   600076.125   600152.125   600372.125   600419.125
  1880:   600611.125   600794.125   601097.125   601465.725   601465.920
  1885:   601465.901   601465.095   601765.902   603265.910   603267.611
  1890:   604267.621   604268.811   604914.131   605011.131   605146.131
  1895:   605266.131   605574.131   605661.131   605756.131   605832.131
  1900:   605904.131   605995.131   606089.131   606155.131   606207.131
  1905:   606284.131   606370.131   606552.131   606605.131   606695.131
  1910:   606915.131   607768.821   607768.920   609268.910   609270.613
  1915:   611220.623   611221.713   612162.123   612392.123   612520.123
  1920:   612696.123   612793.123   612829.123   613600.723   613600.920
  1925:   613600.901   613600.093   613900.902   615400.910   615402.611
  1930:   616402.621   616403.811   616894.131   617064.131   617338.131
  1935:   617502.131   618341.131   618426.131   618693.131   618779.131
  1940:   618880.131   619903.821   619903.920   621403.910   621405.612
  1945:   622805.622   622806.812   623498.132   623623.132   623679.132
  1950:   624101.132   624505.132   624630.132   624880.132   625113.132
  1955:   625233.132   625328.132   625615.132   625655.132   625691.132
  1960:   625736.132   625793.132   625868.132   626806.822   626806.920
  1965:   628306.910   628308.612   629708.622   629709.812   630281.132
  1970:   630416.132   630561.132   630980.132   631024.132   631067.132
  1975:   631111.132   631889.132   632302.132   632968.132   633709.822
  1980:   633709.920   635209.910   635211.613   637161.623   637162.813
  1985:   638199.133   638530.133   638690.133   638797.133   638903.133
  1990:   638954.133   638999.133   639136.133   639210.133   639295.133
  1995:   639403.133   639644.133   639709.133   639870.133   639914.133
  2000:   640144.133   640392.133   640476.133   640616.133   640712.133
  2005:   640759.133   640906.133   641107.133   641962.823   641962.920
  2010:   641962.902   641962.005   641962.006   641962.007   641962.020

D:
     0:        0.000        0.000        0.000        0.000        0.000
     5:        0.000        0.000        0.000        0.000        0.000
    10:        0.000        0.000        0.000        0.000        0.000
    15:        0.000        0.000        0.000        0.000        0.000
    20:        0.000        0.000        0.000        0.000        0.000
    25:        0.000        0.000        0.000        0.000        0.000
    30:        0.000        0.000        0.000        0.000        0.000
    35:        0.000
F:
     0:       10.000       10.000       10.000       10.000       10.000
     5:       10.000       10.000       10.000       10.000       10.000
    10:       10.000       10.000       10.000       10.000       10.000
    15:       10.000       10.000       10.000       10.000       10.000
    20:       10.000       14.000       14.000       14.000       14.000
    25:       14.000       14.000       14.000       14.000       14.000
    30:       14.000       14.000       14.000       14.000       14.000
    35:       14.000       14.000       14.000       14.000       19.500
    40:       19.500       19.500       19.500       19.500       19.500
    45:       19.500       19.500       19.500       19.500       19.500
    50:       19.500       19.500       19.500       19.500       27.500
    55:       27.500       27.500       27.500       27.500       27.500
    60:       27.500       27.500       27.500       27.500       27.500
    65:       27.500       38.500       38.500       38.500       38.500
    70:       38.500       38.500       38.500       38.500       38.500
    75:       20.000       20.000       20.000       20.000       20.000
    80:       20.000       20.000       28.000       28.000       28.000
    85:       28.000       28.000       28.000       39.000       39.000
    90:       39.000       39.000       39.000       55.000       55.000
    95:       55.000       55.000       77.000       77.000       77.000
I:
     0:       75.000        0.000        0.000
M:
     0:       21.000       18.000       15.000       12.000        9.000
     5:        7.000        6.000        5.000        4.000        3.000
    10:      100.000
N:
     0:       28.000       24.000       20.000       16.000       12.000
     5:        0.000
Q:
     0:       21.000       18.000       15.000       12.000        9.000
     5:        0.000
V:
     0:        0.000        0.000        0.000        0.000        0.000
     5:       94.000      124.000      130.000      118.000      136.000
    10:       95.000      126.000      151.000      165.000      120.000
    15:        0.000
