File: C:\MED-PC IV\DATA\M_PEAK_CP20P002


Start Date: 11/21/17
End Date: 11/21/17
Subject: P002
Experiment: IF-PICO
Group: 0
Box: 5
Start Time:  9:42:20
End Time: 11:29:43
MSN: Multiple_Peak_CP
B:       0.000
C:       0.000
E:    1907.000
G:      14.000
H:    1400.000
J:       0.000
K:       0.000
L:       0.000
O:       0.000
P:       0.000
R:       0.000
S:       0.000
T:  644353.000
U:       0.000
W:       0.000
X:       0.000
Y:       0.000
Z:       0.000
A:
     0:        0.010      500.910      502.611     1502.621     1503.711
     5:     1701.121     1863.121     1954.121     2100.121     2239.121
    10:     2319.121     2426.121     2651.721     2651.920     2651.901
    15:     2651.091     2951.902     4451.910     4453.611     5453.621
    20:     5454.711     5906.121     5983.121     6051.121     6232.121
    25:     6375.121     6488.721     6488.920     6488.901     6488.091
    30:     6788.902     8288.910     8290.615    12140.625    12141.715
    35:    12511.125    12711.125    12790.125    12821.125    12957.125
    40:    13069.125    13191.125    13218.125    13306.125    13379.125
    45:    13413.125    13575.125    13644.125    13763.125    13797.125
    50:    14192.125    14595.125    14695.125    14816.125    14934.125
    55:    15328.125    15496.125    15531.125    15570.125    15606.125
    60:    15651.125    15736.125    15772.125    15847.125    15959.125
    65:    16009.725    16009.920    16009.901    16009.095    16309.902
    70:    17809.910    17811.615    21661.625    21662.715    22189.125
    75:    22291.125    22480.125    22644.125    22789.125    22889.125
    80:    22997.125    23098.125    23218.125    23540.125    23577.125
    85:    23793.125    23974.125    24014.125    24279.125    24363.125
    90:    24580.125    24623.125    24662.125    24699.125    24820.125
    95:    24856.125    24905.125    24942.125    24994.125    25083.125
   100:    25111.125    25218.125    25253.125    25310.125    25380.125
   105:    25463.125    25508.125    25822.725    25822.920    25822.901
   110:    25822.095    26122.902    27622.910    27624.611    28624.621
   115:    28625.711    28876.121    29135.121    29200.121    29307.121
   120:    29467.121    29502.121    29653.721    29653.920    29653.901
   125:    29653.091    29953.902    31453.910    31455.615    35305.625
   130:    35306.715    35691.125    35827.125    36023.125    36090.125
   135:    36123.125    36201.125    36311.125    36403.125    36476.125
   140:    36536.125    36618.125    36651.125    36776.125    36837.125
   145:    36998.125    37072.125    37110.125    37354.125    37437.125
   150:    37502.125    37619.125    37698.125    37804.125    37999.125
   155:    38120.125    38197.125    38463.125    38762.125    38818.125
   160:    39011.125    39084.125    39122.125    39160.725    39160.920
   165:    39160.901    39160.095    39460.902    40960.910    40962.614
   170:    43712.624    43713.714    44509.124    44617.124    44786.124
   175:    44960.124    45066.124    45362.124    45477.124    45594.124
   180:    45673.124    45881.124    45913.124    45977.124    46105.124
   185:    46214.124    46287.124    46361.124    46397.124    46476.724
   190:    46476.920    46476.901    46476.094    46776.902    48276.910
   195:    48278.612    49678.622    49679.712    50559.122    50585.122
   200:    50632.122    50690.122    50763.122    50799.122    50829.122
   205:    50867.122    51053.122    51171.722    51171.920    51171.901
   210:    51171.092    51471.902    52971.910    52973.613    54923.623
   215:    54924.713    56289.123    56468.123    56572.123    56694.123
   220:    56929.723    56929.920    56929.901    56929.093    57229.902
   225:    58729.910    58731.612    60131.622    60132.712    60568.122
   230:    60600.122    60757.122    60787.122    60907.122    60986.122
   235:    61022.122    61060.122    61128.122    62076.722    62076.920
   240:    62076.901    62076.092    62376.902    63876.910    63878.614
   245:    66628.624    66629.714    67929.124    68044.124    68124.124
   250:    68237.124    68349.124    68522.124    68763.124    68800.124
   255:    69063.124    69135.124    69403.724    69403.920    69403.901
   260:    69403.094    69703.902    71203.910    71205.614    73955.624
   265:    73956.714    74870.124    75321.124    75395.124    75559.124
   270:    75602.124    75714.124    75806.124    76787.724    76787.920
   275:    76787.901    76787.094    77087.902    78587.910    78589.613
   280:    80539.623    80540.713    81480.123    81692.123    81950.123
   285:    82029.123    82105.123    82265.123    82306.123    82384.123
   290:    82461.123    82529.723    82529.920    82529.901    82529.093
   295:    82829.902    84329.910    84331.611    85331.621    85332.711
   300:    85720.121    85878.121    85993.121    86081.121    86238.121
   305:    86316.121    86402.721    86402.920    86402.901    86402.091
   310:    86702.902    88202.910    88204.613    90154.623    90155.713
   315:    90766.123    90848.123    91096.123    91172.123    91280.123
   320:    91310.123    91445.123    91521.123    91596.123    91682.123
   325:    91769.123    91853.123    92427.723    92427.920    92427.901
   330:    92427.093    92727.902    94227.910    94229.614    96979.624
   335:    96980.714    99372.124    99488.124    99601.124    99687.124
   340:    99867.724    99867.920    99867.901    99867.094   100167.902
   345:   101667.910   101669.612   103069.622   103070.812   103637.132
   350:   103746.132   103861.132   104032.132   104076.132   104118.132
   355:   104321.132   106963.132   107070.822   107070.920   108570.910
   360:   108572.614   111322.624   111323.714   112725.124   113084.124
   365:   113172.124   113286.124   113425.124   113502.124   113586.124
   370:   113666.124   113826.124   113913.124   114102.724   114102.920
   375:   114102.901   114102.094   114402.902   115902.910   115904.612
   380:   117304.622   117305.812   117601.132   117800.132   118049.132
   385:   118123.132   118205.132   118287.132   118403.132   118532.132
   390:   118661.132   118847.132   118933.132   119114.132   119184.132
   395:   119360.132   119441.132   119590.132   119669.132   119760.132
   400:   119829.132   119872.132   119917.132   119958.132   121305.822
   405:   121305.920   122805.910   122807.611   123807.621   123808.711
   410:   124144.121   124282.121   124446.121   124526.121   124592.121
   415:   124675.121   124743.121   124826.721   124826.920   124826.901
   420:   124826.091   125126.902   126626.910   126628.613   128578.623
   425:   128579.713   129806.123   129850.123   129956.123   130151.123
   430:   130230.123   130308.123   131993.723   131993.920   131993.901
   435:   131993.093   132293.902   133793.910   133795.613   135745.623
   440:   135746.713   136879.123   136993.123   137144.123   137261.123
   445:   137431.123   137739.723   137739.920   137739.901   137739.093
   450:   138039.902   139539.910   139541.611   140541.621   140542.811
   455:   140910.131   141204.131   141241.131   141279.131   141315.131
   460:   141726.131   142675.131   142927.131   143108.131   143276.131
   465:   143373.131   144042.821   144042.920   145542.910   145544.612
   470:   146944.622   146945.712   147423.122   147672.122   147776.122
   475:   148222.122   148311.122   148751.722   148751.920   148751.901
   480:   148751.092   149051.902   150551.910   150553.612   151953.622
   485:   151954.812   152547.132   152711.132   152921.132   152990.132
   490:   153532.132   154062.132   155057.132   155954.822   155954.920
   495:   157454.910   157456.612   158856.622   158857.712   159211.122
   500:   159298.122   159377.122   159515.122   159629.122   159797.122
   505:   160017.122   160178.122   160293.722   160293.920   160293.901
   510:   160293.092   160593.902   162093.910   162095.613   164045.623
   515:   164046.713   164655.123   164739.123   164822.123   164993.123
   520:   165078.123   165159.123   165205.123   165305.123   165349.123
   525:   165544.123   165704.123   165793.123   166041.723   166041.920
   530:   166041.901   166041.093   166341.902   167841.910   167843.614
   535:   170593.624   170594.714   171955.124   172054.124   172294.124
   540:   172375.124   172419.124   172537.124   172829.124   173199.124
   545:   173619.724   173619.920   173619.901   173619.094   173919.902
   550:   175419.910   175421.612   176821.622   176822.712   177539.122
   555:   177742.122   177873.122   177953.122   177997.122   178040.122
   560:   178288.722   178288.920   178288.901   178288.092   178588.902
   565:   180088.910   180090.613   182040.623   182041.713   182973.123
   570:   183184.123   183287.123   183606.123   183686.123   183718.123
   575:   183926.123   184019.723   184019.920   184019.901   184019.093
   580:   184319.902   185819.910   185821.612   187221.622   187222.712
   585:   187608.122   187823.122   187938.122   188050.122   188133.122
   590:   188324.122   190625.722   190625.920   190625.901   190625.092
   595:   190925.902   192425.910   192427.614   195177.624   195178.714
   600:   197067.124   197209.124   197430.124   197513.124   197648.124
   605:   197815.124   198963.724   198963.920   198963.901   198963.094
   610:   199263.902   200763.910   200765.612   202165.622   202166.712
   615:   202737.122   202972.122   203043.122   203177.122   203317.122
   620:   203392.122   203473.122   203640.722   203640.920   203640.901
   625:   203640.092   203940.902   205440.910   205442.614   208192.624
   630:   208193.714   208763.124   209006.124   209278.124   209367.124
   635:   209457.124   209576.124   209815.124   209995.124   210117.124
   640:   211188.724   211188.920   211188.901   211188.094   211488.902
   645:   212988.910   212990.611   213990.621   213991.811   214677.131
   650:   214791.131   214915.131   214959.131   215002.131   215094.131
   655:   215210.131   215680.131   215840.131   215884.131   215927.131
   660:   216250.131   216353.131   216424.131   216536.131   216619.131
   665:   216703.131   216749.131   216819.131   216984.131   217021.131
   670:   217101.131   217139.131   217177.131   217491.821   217491.920
   675:   218991.910   218993.614   221743.624   221744.714   224130.124
   680:   224273.124   224466.124   224543.724   224543.920   224543.901
   685:   224543.094   224843.902   226343.910   226345.611   227345.621
   690:   227346.811   227794.131   228014.131   228112.131   228302.131
   695:   228451.131   228493.131   228659.131   230174.131   230434.131
   700:   230705.131   230785.131   230846.821   230846.920   232346.910
   705:   232348.611   233348.621   233349.811   233849.131   233929.131
   710:   234152.131   234322.131   234373.131   234471.131   234605.131
   715:   235220.131   235261.131   235597.131   235814.131   235906.131
   720:   235943.131   236849.821   236849.920   238349.910   238351.611
   725:   239351.621   239352.711   239728.121   239767.121   239816.121
   730:   239919.121   240010.121   240057.121   240103.121   240236.121
   735:   240275.121   240318.121   240356.721   240356.920   240356.901
   740:   240356.091   240656.902   242156.910   242158.611   243158.621
   745:   243159.711   243480.121   243615.121   243697.121   243859.121
   750:   244064.121   244861.721   244861.920   244861.901   244861.091
   755:   245161.902   246661.910   246663.611   247663.621   247664.711
   760:   248155.121   248414.121   248527.121   248564.121   248853.721
   765:   248853.920   248853.901   248853.091   249153.902   250653.910
   770:   250655.611   251655.621   251656.711   252083.121   252233.121
   775:   252537.121   252966.721   252966.920   252966.901   252966.091
   780:   253266.902   254766.910   254768.611   255768.621   255769.711
   785:   256398.121   256496.121   256660.121   256736.121   257087.721
   790:   257087.920   257087.901   257087.091   257387.902   258887.910
   795:   258889.612   260289.622   260290.812   260932.132   261261.132
   800:   261462.132   261668.132   261868.132   263832.132   263872.132
   805:   264091.132   264290.822   264290.920   265790.910   265792.613
   810:   267742.623   267743.713   269838.723   269838.920   269838.901
   815:   269838.093   270138.902   271638.910   271640.615   275490.625
   820:   275491.715   277470.125   277692.125   277804.125   277907.125
   825:   278144.125   278230.125   278352.125   278432.125   278529.125
   830:   278607.125   278697.125   278939.125   279075.125   279232.125
   835:   279272.125   279370.725   279370.920   279370.901   279370.095
   840:   279670.902   281170.910   281172.612   282572.622   282573.712
   845:   283156.122   283444.122   283567.122   283608.122   283914.122
   850:   284132.722   284132.920   284132.901   284132.092   284432.902
   855:   285932.910   285934.612   287334.622   287335.712   287911.122
   860:   288192.122   288360.122   288443.122   289352.722   289352.920
   865:   289352.901   289352.092   289652.902   291152.910   291154.611
   870:   292154.621   292155.711   292649.121   292905.121   292950.121
   875:   292995.121   293034.121   293074.121   293108.121   293318.721
   880:   293318.920   293318.901   293318.091   293618.902   295118.910
   885:   295120.611   296120.621   296121.811   296612.131   296744.131
   890:   297045.131   297121.131   297194.131   297275.131   297351.131
   895:   297472.131   297686.131   298220.131   298367.131   298593.131
   900:   298879.131   298921.131   299179.131   299417.131   299505.131
   905:   299549.131   299621.821   299621.920   301121.910   301123.612
   910:   302523.622   302524.812   303510.132   303659.132   303773.132
   915:   303993.132   304069.132   304432.132   305159.132   305459.132
   920:   305501.132   305575.132   305613.132   305707.132   305883.132
   925:   306524.822   306524.920   308024.910   308026.612   309426.622
   930:   309427.812   310606.132   310710.132   310798.132   310918.132
   935:   311082.132   311256.132   311373.132   311860.132   311940.132
   940:   312099.132   312198.132   312476.132   312735.132   312779.132
   945:   312820.132   313005.132   313427.822   313427.920   314927.910
   950:   314929.615   318779.625   318780.715   320115.125   320334.125
   955:   320445.125   320562.125   320649.125   320988.125   321101.125
   960:   321557.125   322019.125   322382.125   322619.125   322749.725
   965:   322749.920   322749.901   322749.095   323049.902   324549.910
   970:   324551.613   326501.623   326502.713   328593.723   328593.920
   975:   328593.901   328593.093   328893.902   330393.910   330395.613
   980:   332345.623   332346.713   332825.123   332936.123   333346.123
   985:   333435.123   333508.123   333604.123   333676.123   334054.123
   990:   334106.123   335224.723   335224.920   335224.901   335224.093
   995:   335524.902   337024.910   337026.611   338026.621   338027.711
  1000:   338567.121   338688.121   338772.121   338850.121   339012.121
  1005:   339244.721   339244.920   339244.901   339244.091   339544.902
  1010:   341044.910   341046.611   342046.621   342047.711   342398.121
  1015:   342474.121   342585.121   342684.121   342841.121   342947.121
  1020:   343014.121   343107.721   343107.920   343107.901   343107.091
  1025:   343407.902   344907.910   344909.612   346309.622   346310.712
  1030:   346841.122   346924.122   347185.122   347414.122   347453.122
  1035:   347752.722   347752.920   347752.901   347752.092   348052.902
  1040:   349552.910   349554.612   350954.622   350955.712   351619.122
  1045:   351723.122   351834.122   351975.122   352141.122   352220.122
  1050:   352308.122   352352.122   352393.722   352393.920   352393.901
  1055:   352393.092   352693.902   354193.910   354195.613   356145.623
  1060:   356146.813   356981.133   357433.133   357478.133   357523.133
  1065:   357610.133   357649.133   359029.133   359234.133   359329.133
  1070:   359370.133   359518.133   359565.133   359837.133   360244.133
  1075:   360335.133   360674.133   360873.133   360946.823   360946.920
  1080:   362446.910   362448.613   364398.623   364399.813   364981.133
  1085:   365200.133   365480.133   365519.133   365726.133   365989.133
  1090:   366270.133   366359.133   366507.133   367740.133   367784.133
  1095:   368148.133   368190.133   368254.133   368317.133   369199.823
  1100:   369199.920   370699.910   370701.613   372651.623   372652.813
  1105:   373458.133   373560.133   373777.133   373864.133   374118.133
  1110:   374565.133   374630.133   374842.133   375941.133   376269.133
  1115:   376597.133   376765.133   376816.133   376929.133   377002.133
  1120:   377452.823   377452.920   378952.910   378954.613   380904.623
  1125:   380905.713   381703.123   381796.123   381861.123   382008.123
  1130:   382183.123   382605.123   382765.123   382881.723   382881.920
  1135:   382881.901   382881.093   383181.902   384681.910   384683.613
  1140:   386633.623   386634.813   387609.133   387767.133   387874.133
  1145:   387980.133   388140.133   388259.133   388341.133   388408.133
  1150:   388537.133   388616.133   388706.133   388865.133   389028.133
  1155:   389071.133   389152.133   389198.133   389326.133   389438.133
  1160:   390691.133   390842.133   390877.133   390978.133   391016.133
  1165:   391082.133   391144.133   391434.823   391434.920   392934.910
  1170:   392936.613   394886.623   394887.813   395961.133   396043.133
  1175:   396168.133   396289.133   396407.133   396691.133   396777.133
  1180:   396886.133   397364.133   397457.133   397885.133   397980.133
  1185:   398095.133   398137.133   398215.133   398355.133   398403.133
  1190:   398511.133   398557.133   398687.133   398789.133   399068.133
  1195:   399687.823   399687.920   401187.910   401189.611   402189.621
  1200:   402190.711   402573.121   402679.121   402781.121   402894.121
  1205:   403065.121   403288.721   403288.920   403288.901   403288.091
  1210:   403588.902   405088.910   405090.612   406490.622   406491.712
  1215:   407039.122   407222.122   407256.122   407290.122   407333.122
  1220:   407570.122   407611.122   407655.122   407786.122   407858.122
  1225:   408040.722   408040.920   408040.901   408040.092   408340.902
  1230:   409840.910   409842.611   410842.621   410843.811   411540.131
  1235:   411811.131   411897.131   412301.131   412525.131   412565.131
  1240:   412879.131   413072.131   413542.131   414133.131   414335.131
  1245:   414343.821   414343.920   415843.910   415845.611   416845.621
  1250:   416846.711   417202.121   417416.121   417465.121   417613.121
  1255:   417703.121   417997.721   417997.920   417997.901   417997.091
  1260:   418297.902   419797.910   419799.614   422549.624   422550.814
  1265:   423884.134   424071.134   424154.134   424243.134   424314.134
  1270:   424412.134   424538.134   425060.134   425227.134   426284.134
  1275:   426359.134   426520.134   426969.134   427203.134   427307.134
  1280:   427701.134   427820.134   428021.134   428096.134   428213.134
  1285:   428325.134   428600.134   428650.824   428650.920   430150.910
  1290:   430152.614   432902.624   432903.814   434735.134   435019.134
  1295:   435165.134   435241.134   435392.134   435509.134   435646.134
  1300:   435729.134   435776.134   435913.134   436127.134   436287.134
  1305:   436326.134   436407.134   436530.134   436625.134   436745.134
  1310:   436951.134   437150.134   437242.134   437342.134   437385.134
  1315:   437535.134   437578.134   437649.134   437699.134   437738.134
  1320:   437832.134   437908.134   438164.134   439003.824   439003.920
  1325:   440503.910   440505.614   443255.624   443256.814   445098.134
  1330:   445542.134   445946.134   446031.134   446079.134   446162.134
  1335:   446273.134   446320.134   446453.134   446570.134   446732.134
  1340:   446846.134   446926.134   446999.134   447092.134   447356.134
  1345:   447407.134   447532.134   447697.134   447859.134   447947.134
  1350:   447990.134   448131.134   448171.134   448289.134   449356.824
  1355:   449356.920   450856.910   450858.612   452258.622   452259.712
  1360:   452703.122   452816.122   453010.122   453094.122   453177.122
  1365:   453267.122   453476.122   453569.122   453614.122   453802.722
  1370:   453802.920   453802.901   453802.092   454102.902   455602.910
  1375:   455604.611   456604.621   456605.711   456915.121   457108.121
  1380:   457589.121   458271.721   458271.920   458271.901   458271.091
  1385:   458571.902   460071.910   460073.614   462823.624   462824.814
  1390:   464157.134   464260.134   464447.134   464632.134   464948.134
  1395:   465258.134   465377.134   465550.134   465669.134   465821.134
  1400:   466201.134   466698.134   466802.134   466880.134   466974.134
  1405:   467056.134   467148.134   467355.134   467400.134   467487.134
  1410:   468011.134   468924.824   468924.920   470424.910   470426.615
  1415:   474276.625   474277.815   476486.135   476785.135   476984.135
  1420:   477226.135   477447.135   477544.135   477663.135   477739.135
  1425:   477865.135   478040.135   478266.135   478454.135   478808.135
  1430:   478900.135   479011.135   479098.135   479283.135   479408.135
  1435:   479786.135   479931.135   480129.135   480215.135   480467.135
  1440:   480746.135   480795.135   481118.135   482277.825   482277.920
  1445:   483777.910   483779.611   484779.621   484780.811   485037.131
  1450:   485154.131   485290.131   485399.131   485588.131   486969.131
  1455:   487152.131   487345.131   487598.131   487699.131   488280.821
  1460:   488280.920   489780.910   489782.611   490782.621   490783.711
  1465:   491066.121   491106.121   491211.121   491382.121   491741.121
  1470:   492159.721   492159.920   492159.901   492159.091   492459.902
  1475:   493959.910   493961.613   495911.623   495912.713   496802.123
  1480:   496892.123   497015.123   497175.123   497217.123   497348.123
  1485:   497556.123   497748.123   497923.723   497923.920   497923.901
  1490:   497923.093   498223.902   499723.910   499725.615   503575.625
  1495:   503576.815   505659.135   505865.135   506048.135   506131.135
  1500:   506217.135   506359.135   506514.135   506597.135   506705.135
  1505:   506963.135   507177.135   507434.135   507520.135   507867.135
  1510:   508072.135   508378.135   508546.135   508633.135   508721.135
  1515:   508760.135   509489.135   510678.135   511576.825   511576.920
  1520:   513076.910   513078.615   516928.625   516929.815   518597.135
  1525:   518997.135   519171.135   519307.135   519474.135   519617.135
  1530:   519870.135   520044.135   520136.135   520221.135   520407.135
  1535:   520459.135   520587.135   520666.135   521344.135   521419.135
  1540:   521464.135   521599.135   521654.135   521741.135   521906.135
  1545:   521978.135   522064.135   522162.135   522254.135   522331.135
  1550:   524929.825   524929.920   526429.910   526431.612   527831.622
  1555:   527832.712   528546.122   528668.122   528931.122   529178.122
  1560:   530495.722   530495.920   530495.901   530495.092   530795.902
  1565:   532295.910   532297.613   534247.623   534248.713   535213.123
  1570:   535295.123   535401.123   535511.123   535599.123   535740.123
  1575:   535962.123   536037.123   536159.123   536643.723   536643.920
  1580:   536643.901   536643.093   536943.902   538443.910   538445.613
  1585:   540395.623   540396.713   541134.123   541280.123   541388.123
  1590:   541603.123   541718.123   541797.123   541928.123   542008.123
  1595:   542052.123   542190.123   542578.723   542578.920   542578.901
  1600:   542578.093   542878.902   544378.910   544380.611   545380.621
  1605:   545381.711   545969.121   546217.121   546342.121   546420.721
  1610:   546420.920   546420.901   546420.091   546720.902   548220.910
  1615:   548222.612   549622.622   549623.712   550022.122   550282.122
  1620:   550322.122   550453.122   550519.122   550606.122   550650.122
  1625:   550745.122   551072.722   551072.920   551072.901   551072.092
  1630:   551372.902   552872.910   552874.614   555624.624   555625.714
  1635:   556593.124   556699.124   556862.124   557034.124   557212.124
  1640:   557256.124   557505.124   557703.124   557791.124   557865.124
  1645:   557996.124   558115.124   558459.724   558459.920   558459.901
  1650:   558459.094   558759.902   560259.910   560261.615   564111.625
  1655:   564112.715   566704.125   566782.125   566926.125   567136.125
  1660:   567220.125   567334.125   567422.125   567464.125   567584.125
  1665:   567627.125   567787.125   567952.125   568573.725   568573.920
  1670:   568573.901   568573.095   568873.902   570373.910   570375.611
  1675:   571375.621   571376.711   571764.121   571900.121   572048.121
  1680:   572234.121   572274.121   572348.121   572389.721   572389.920
  1685:   572389.901   572389.091   572689.902   574189.910   574191.611
  1690:   575191.621   575192.711   575720.121   575874.121   575910.121
  1695:   575947.121   576224.721   576224.920   576224.901   576224.091
  1700:   576524.902   578024.910   578026.612   579426.622   579427.712
  1705:   579773.122   579939.122   579973.122   580011.122   580228.122
  1710:   580304.122   580345.122   580429.122   580516.122   580750.122
  1715:   580796.122   580905.722   580905.920   580905.901   580905.092
  1720:   581205.902   582705.910   582707.613   584657.623   584658.713
  1725:   584836.123   584887.123   584934.123   585347.123   585473.123
  1730:   585586.123   585667.123   585924.123   586036.123   586078.123
  1735:   586224.123   586341.123   586509.123   586628.723   586628.920
  1740:   586628.901   586628.093   586928.902   588428.910   588430.611
  1745:   589430.621   589431.711   589826.121   589954.121   589997.121
  1750:   590034.121   590161.121   590200.121   590365.121   590499.721
  1755:   590499.920   590499.901   590499.091   590799.902   592299.910
  1760:   592301.614   595051.624   595052.714   595753.124   595800.124
  1765:   595969.124   596063.124   596107.124   596251.124   596347.124
  1770:   596417.124   596458.124   596578.124   596796.124   596910.124
  1775:   597373.124   597853.724   597853.920   597853.901   597853.094
  1780:   598153.902   599653.910   599655.614   602405.624   602406.714
  1785:   603221.124   603406.124   603487.124   603596.124   603705.124
  1790:   603861.124   604023.124   604114.124   604405.124   604623.124
  1795:   604856.124   605252.724   605252.920   605252.901   605252.094
  1800:   605552.902   607052.910   607054.615   610904.625   610905.715
  1805:   612358.125   612566.125   612650.125   612756.125   612902.125
  1810:   612974.125   613089.125   613130.125   613379.125   613766.125
  1815:   614532.125   614616.125   615061.725   615061.920   615061.901
  1820:   615061.095   615361.902   616861.910   616863.615   620713.625
  1825:   620714.715   623255.125   623407.125   623534.125   623672.125
  1830:   624070.125   624182.125   624264.125   624745.725   624745.920
  1835:   624745.901   624745.095   625045.902   626545.910   626547.615
  1840:   630397.625   630398.715   631142.125   631183.125   631225.125
  1845:   631271.125   631452.125   631544.125   631581.125   631624.125
  1850:   631676.125   631721.125   631805.125   631882.125   632409.125
  1855:   632500.125   633099.125   633373.125   633533.125   633852.125
  1860:   634089.125   634219.125   634504.725   634504.920   634504.901
  1865:   634504.095   634804.902   636304.910   636306.612   637706.622
  1870:   637707.712   638115.122   638187.122   638347.122   638459.122
  1875:   638618.122   638705.122   638781.122   638860.122   639013.122
  1880:   639100.122   639286.722   639286.920   639286.901   639286.092
  1885:   639586.902   641086.910   641088.612   642488.622   642489.712
  1890:   642783.122   643023.122   643077.122   643257.122   643304.122
  1895:   643345.122   643636.122   644053.722   644053.920   644053.901
  1900:   644053.092   644353.902   644353.902   644353.005   644353.006
  1905:   644353.007   644353.020        
D:
     0:        0.000        0.000        0.000        0.000        0.000
     5:        0.000        0.000        0.000        0.000        0.000
    10:        0.000        0.000        0.000        0.000        0.000
    15:        0.000        0.000        0.000        0.000        0.000
    20:        0.000        0.000        0.000        0.000        0.000
    25:        0.000        0.000        0.000        0.000        0.000
    30:        0.000        0.000        0.000        0.000        0.000
    35:        0.000
F:
     0:       10.000       10.000       10.000       10.000       10.000
     5:       10.000       10.000       10.000       10.000       10.000
    10:       10.000       10.000       10.000       10.000       10.000
    15:       10.000       10.000       10.000       10.000       10.000
    20:       10.000       14.000       14.000       14.000       14.000
    25:       14.000       14.000       14.000       14.000       14.000
    30:       14.000       14.000       14.000       14.000       14.000
    35:       14.000       14.000       14.000       14.000       19.500
    40:       19.500       19.500       19.500       19.500       19.500
    45:       19.500       19.500       19.500       19.500       19.500
    50:       19.500       19.500       19.500       19.500       27.500
    55:       27.500       27.500       27.500       27.500       27.500
    60:       27.500       27.500       27.500       27.500       27.500
    65:       27.500       38.500       38.500       38.500       38.500
    70:       38.500       38.500       38.500       38.500       38.500
    75:       20.000       20.000       20.000       20.000       20.000
    80:       20.000       20.000       28.000       28.000       28.000
    85:       28.000       28.000       28.000       39.000       39.000
    90:       39.000       39.000       39.000       55.000       55.000
    95:       55.000       55.000       77.000       77.000       77.000
I:
     0:       75.000        0.000        0.000
M:
     0:       21.000       18.000       15.000       12.000        9.000
     5:        7.000        6.000        5.000        4.000        3.000
    10:      100.000
N:
     0:       28.000       24.000       20.000       16.000       12.000
     5:        0.000
Q:
     0:       21.000       18.000       15.000       12.000        9.000
     5:        0.000
V:
     0:        0.000        0.000        0.000        0.000        0.000
     5:      135.000      149.000      126.000      122.000      181.000
    10:       98.000       74.000       94.000       98.000       74.000
    15:        0.000
