File: C:\MED-PC IV\DATA\M_PEAK_CP21P875


Start Date: 11/20/17
End Date: 11/20/17
Subject: P875
Experiment: IF-PICO
Group: 0
Box: 8
Start Time: 11:14:20
End Time: 12:59:23
MSN: Multiple_Peak_CP
B:       0.000
C:       0.000
E:    5411.000
G:      77.000
H:    8000.000
J:       0.000
K:       0.000
L:       0.000
O:       0.000
P:       0.000
R:       0.000
S:       0.000
T:  630331.000
U:       0.000
W:       0.000
X:       0.000
Y:       0.000
Z:       0.000
A:
     0:        0.010      500.910      502.612     1902.622     1903.712
     5:     3891.722     3891.920     3891.901     3891.092     4191.902
    10:     5691.910     5693.611     6693.621     6694.711     6804.121
    15:     6832.121     6842.121     6909.121     6940.121     6972.121
    20:     7002.121     7062.121     7094.121     7124.121     7151.121
    25:     7184.121     7213.121     7244.121     7275.121     7307.121
    30:     7337.121     7367.121     7398.121     7429.121     7461.121
    35:     7490.121     7521.121     7550.121     7580.121     7612.121
    40:     7640.121     7671.121     7699.721     7699.920     7699.901
    45:     7699.091     7999.902     9499.910     9501.611    10501.621
    50:    10502.711    10767.121    10799.121    10831.121    10897.121
    55:    10928.121    10958.121    10991.121    11025.121    11052.121
    60:    11085.121    11117.121    11150.121    11184.121    11249.121
    65:    11282.121    11314.121    11348.121    11380.121    11413.121
    70:    11443.121    11475.121    11506.721    11506.920    11506.901
    75:    11506.091    11806.902    13306.910    13308.611    14308.621
    80:    14309.711    14429.121    14456.121    14485.121    14514.121
    85:    14542.121    14572.121    14602.121    14656.121    14714.121
    90:    14745.121    14779.121    14803.121    14831.121    14858.121
    95:    14888.121    14914.121    14945.121    14971.121    15002.121
   100:    15057.121    15114.121    15138.121    15169.121    15195.121
   105:    15225.121    15253.121    15283.121    15311.721    15311.920
   110:    15311.901    15311.091    15611.902    17111.910    17113.611
   115:    18113.621    18114.711    18211.121    18238.121    18269.121
   120:    18298.121    18327.121    18358.121    18412.121    18444.121
   125:    18474.121    18503.121    18535.121    18597.121    18625.121
   130:    18657.121    18688.121    18721.121    18749.121    18780.121
   135:    18809.121    18842.121    18899.121    18926.121    18985.121
   140:    19017.121    19047.121    19076.121    19102.121    19135.721
   145:    19135.920    19135.901    19135.091    19435.902    20935.910
   150:    20937.612    22337.622    22338.712    22483.122    22513.122
   155:    22542.122    22571.122    22604.122    22635.122    22689.122
   160:    22717.122    22749.122    22778.122    22813.122    22880.122
   165:    22910.122    22939.122    22972.122    22999.122    23032.122
   170:    23059.122    23094.122    23121.122    23152.122    23180.122
   175:    23212.122    23237.122    23269.122    23297.122    23329.122
   180:    23356.122    23389.122    23416.122    23447.122    23474.122
   185:    23506.122    23535.122    23565.122    23590.122    23623.122
   190:    23650.122    23680.122    23709.122    23770.722    23770.920
   195:    23770.901    23770.092    24070.902    25570.910    25572.612
   200:    26972.622    26973.712    27163.122    27191.122    27217.122
   205:    27243.122    27273.122    27302.122    27331.122    27362.122
   210:    27392.122    27419.122    27449.122    27475.122    27503.122
   215:    27530.122    27560.122    27589.122    27618.122    27652.122
   220:    27680.122    27710.122    27738.122    27768.122    27795.122
   225:    27825.122    27856.122    27889.122    27918.122    27948.122
   230:    27975.122    28033.122    28064.122    28092.122    28123.122
   235:    28158.122    28186.122    28218.122    28278.122    28304.122
   240:    28334.122    28391.722    28391.920    28391.901    28391.092
   245:    28691.902    30191.910    30193.612    31593.622    31594.712
   250:    31692.122    31720.122    31750.122    31777.122    31808.122
   255:    31835.122    31866.122    31893.122    31922.122    31953.122
   260:    32016.122    32047.122    32075.122    32103.122    32135.122
   265:    32163.122    32195.122    32226.122    32253.122    32284.122
   270:    32345.122    32377.122    32444.122    32472.122    32504.122
   275:    32532.122    32563.122    32593.122    32623.122    32685.122
   280:    32712.122    32744.122    32772.122    32802.122    32828.122
   285:    32861.122    32889.122    32920.122    32947.122    32979.122
   290:    33006.722    33006.920    33006.901    33006.092    33306.902
   295:    34806.910    34808.611    35808.621    35809.711    35871.121
   300:    35901.121    35929.121    35959.121    35989.121    36022.121
   305:    36052.121    36084.121    36111.121    36140.121    36166.121
   310:    36194.121    36223.121    36253.121    36282.121    36310.121
   315:    36339.121    36367.121    36395.121    36449.121    36479.121
   320:    36507.121    36537.121    36564.121    36597.121    36625.121
   325:    36656.121    36689.121    36717.121    36750.121    36820.721
   330:    36820.920    36820.901    36820.091    37120.902    38620.910
   335:    38622.613    40572.623    40573.713    40635.123    40690.123
   340:    40744.123    40773.123    40802.123    40831.123    40860.123
   345:    40888.123    40916.123    40941.123    40997.123    41026.123
   350:    41049.123    41079.123    41109.123    41166.123    41194.123
   355:    41221.123    41252.123    41279.123    41310.123    41365.123
   360:    41391.123    41422.123    41450.123    41482.123    41510.123
   365:    41539.123    41570.123    41599.123    41631.123    41660.123
   370:    41692.123    41720.123    41750.123    41778.123    41811.123
   375:    41839.123    41872.123    41901.123    41932.123    41964.123
   380:    42026.123    42060.123    42121.123    42152.123    42187.123
   385:    42218.123    42251.123    42310.123    42339.123    42370.123
   390:    42395.123    42428.123    42455.123    42485.123    42514.123
   395:    42545.723    42545.920    42545.901    42545.093    42845.902
   400:    44345.910    44347.613    46297.623    46298.713    46562.123
   405:    46588.123    46615.123    46670.123    46696.123    46724.123
   410:    46756.123    46784.123    46816.123    46848.123    46881.123
   415:    46914.123    46941.123    46969.123    46997.123    47028.123
   420:    47087.123    47113.123    47142.123    47204.123    47236.123
   425:    47263.123    47292.123    47327.123    47355.123    47383.123
   430:    47414.123    47443.123    47473.123    47503.123    47537.123
   435:    47564.123    47595.123    47635.123    47664.123    47695.123
   440:    47733.123    47761.123    47822.123    47855.123    47883.123
   445:    47911.123    47946.123    47978.123    48003.123    48035.123
   450:    48064.123    48096.123    48127.123    48158.123    48186.123
   455:    48220.123    48281.723    48281.920    48281.901    48281.093
   460:    48581.902    50081.910    50083.614    52833.624    52834.714
   465:    52975.124    53015.124    53078.124    53118.124    53240.124
   470:    53270.124    53301.124    53342.124    53439.124    53465.124
   475:    53489.124    53519.124    53644.124    53695.124    53722.124
   480:    53748.124    53799.124    53826.124    53856.124    53885.124
   485:    53918.124    53950.124    53981.124    54014.124    54039.124
   490:    54071.124    54103.124    54135.124    54162.124    54192.124
   495:    54217.124    54249.124    54282.124    54309.124    54342.124
   500:    54368.124    54400.124    54429.124    54459.124    54491.124
   505:    54528.124    54555.124    54586.124    54620.124    54647.124
   510:    54679.124    54707.124    54766.124    54834.124    54862.124
   515:    54895.124    54923.124    54954.124    54986.124    55014.124
   520:    55048.124    55075.124    55109.124    55138.124    55175.124
   525:    55203.124    55239.124    55269.124    55306.124    55335.124
   530:    55371.124    55406.124    55435.124    55471.124    55502.124
   535:    55538.124    55568.124    55603.724    55603.920    55603.901
   540:    55603.094    55903.902    57403.910    57405.614    60155.624
   545:    60156.714    60291.124    60322.124    60353.124    60391.124
   550:    60672.124    60709.124    60847.124    60880.124    60909.124
   555:    60938.124    60968.124    61000.124    61077.124    61107.124
   560:    61138.124    61167.124    61197.124    61240.124    61275.124
   565:    61304.124    61335.124    61362.124    61397.124    61434.124
   570:    61467.124    61499.124    61529.124    61562.124    61595.124
   575:    61631.124    61667.124    61699.124    61732.124    61765.124
   580:    61796.124    61831.124    61861.124    61897.124    61934.124
   585:    61965.124    62000.124    62030.124    62064.124    62097.124
   590:    62129.124    62160.124    62192.124    62226.124    62257.124
   595:    62291.124    62324.124    62355.124    62390.124    62426.124
   600:    62457.124    62490.124    62530.124    62564.124    62598.124
   605:    62633.124    62667.124    62700.124    62735.124    62765.124
   610:    62801.124    62830.124    62866.124    62896.124    62932.724
   615:    62932.920    62932.901    62932.094    63232.902    64732.910
   620:    64734.612    66134.622    66135.712    66275.122    66350.122
   625:    66388.122    66427.122    66462.122    66497.122    66526.122
   630:    66561.122    66594.122    66620.122    66657.122    66693.122
   635:    66723.122    66751.122    66782.122    66815.122    66849.122
   640:    66880.122    66912.122    66945.122    66978.122    67014.122
   645:    67050.122    67082.122    67116.122    67148.122    67180.122
   650:    67216.122    67248.122    67280.122    67315.122    67350.122
   655:    67382.122    67415.122    67448.122    67481.122    67515.122
   660:    67549.722    67549.920    67549.901    67549.092    67849.902
   665:    69349.910    69351.613    71301.623    71302.713    71405.123
   670:    71437.123    71473.123    71518.123    71655.123    71729.123
   675:    71756.123    71792.123    71820.123    71854.123    71884.123
   680:    71911.123    71941.123    71978.123    72025.123    72065.123
   685:    72098.123    72131.123    72164.123    72197.123    72231.123
   690:    72268.123    72308.123    72344.123    72382.123    72413.123
   695:    72448.123    72484.123    72514.123    72549.123    72580.123
   700:    72617.123    72651.123    72686.123    72724.123    72756.123
   705:    72791.123    72822.123    72860.123    72892.123    72926.123
   710:    72962.123    72995.123    73031.123    73062.123    73097.123
   715:    73127.123    73161.123    73192.123    73227.123    73260.723
   720:    73260.920    73260.901    73260.093    73560.902    75060.910
   725:    75062.611    76062.621    76063.711    76266.121    76303.121
   730:    76341.121    76372.121    76407.121    76488.121    76524.121
   735:    76565.121    76606.121    76644.121    76671.121    76701.121
   740:    76733.121    76765.121    76796.121    76827.121    76858.121
   745:    76891.121    76925.121    76959.121    76996.121    77032.121
   750:    77065.721    77065.920    77065.901    77065.091    77365.902
   755:    78865.910    78867.614    81617.624    81618.714    81725.124
   760:    81761.124    81797.124    81872.124    82011.124    82046.124
   765:    82076.124    82098.124    82129.124    82158.124    82193.124
   770:    82219.124    82248.124    82277.124    82310.124    82341.124
   775:    82373.124    82402.124    82431.124    82465.124    82497.124
   780:    82526.124    82560.124    82593.124    82628.124    82657.124
   785:    82689.124    82723.124    82757.124    82788.124    82822.124
   790:    82855.124    82887.124    82917.124    82953.124    82985.124
   795:    83020.124    83052.124    83087.124    83118.124    83153.124
   800:    83184.124    83221.124    83256.124    83290.124    83327.124
   805:    83362.124    83397.124    83427.124    83464.124    83496.124
   810:    83531.124    83564.124    83596.124    83631.124    83661.124
   815:    83696.124    83726.124    83761.124    83791.124    83830.124
   820:    83859.124    83893.124    83925.124    83962.124    83992.124
   825:    84028.124    84061.124    84096.124    84130.124    84166.124
   830:    84195.124    84231.124    84263.124    84297.124    84327.124
   835:    84362.124    84399.724    84399.920    84399.901    84399.094
   840:    84699.902    86199.910    86201.611    87201.621    87202.711
   845:    87342.121    87378.121    87412.121    87444.121    87479.121
   850:    87512.121    87547.121    87581.121    87612.121    87649.121
   855:    87681.121    87713.121    87748.121    87783.121    87816.121
   860:    87852.121    87885.121    87920.121    87954.121    87989.121
   865:    88021.121    88056.121    88092.121    88127.121    88160.121
   870:    88194.121    88228.721    88228.920    88228.901    88228.091
   875:    88528.902    90028.910    90030.611    91030.621    91031.711
   880:    91091.121    91128.121    91160.121    91194.121    91229.121
   885:    91265.121    91298.121    91333.121    91368.121    91398.121
   890:    91432.121    91465.121    91494.121    91531.121    91564.121
   895:    91598.121    91630.121    91666.121    91699.121    91732.121
   900:    91768.121    91806.121    91840.121    91877.121    91909.121
   905:    91945.121    91979.121    92015.121    92047.721    92047.920
   910:    92047.901    92047.091    92347.902    93847.910    93849.611
   915:    94849.621    94850.711    94947.121    94983.121    95016.121
   920:    95047.121    95078.121    95114.121    95146.121    95177.121
   925:    95209.121    95241.121    95273.121    95306.121    95334.121
   930:    95370.121    95403.121    95438.121    95479.121    95510.121
   935:    95547.121    95583.121    95615.121    95652.121    95690.121
   940:    95732.121    95766.121    95805.121    95837.121    95872.721
   945:    95872.920    95872.901    95872.091    96172.902    97672.910
   950:    97674.613    99624.623    99625.713    99737.123    99774.123
   955:    99804.123    99832.123    99869.123    99902.123    99936.123
   960:    99966.123    99999.123   100034.123   100065.123   100096.123
   965:   100130.123   100165.123   100195.123   100229.123   100261.123
   970:   100295.123   100331.123   100361.123   100395.123   100434.123
   975:   100470.123   100507.123   100541.123   100574.123   100611.123
   980:   100644.123   100680.123   100711.123   100747.123   100783.123
   985:   100821.123   100854.123   100892.123   100924.123   100959.123
   990:   100991.123   101026.123   101060.123   101094.123   101125.123
   995:   101161.123   101195.123   101232.123   101265.123   101302.123
  1000:   101339.123   101374.123   101410.123   101441.123   101476.123
  1005:   101508.123   101544.123   101580.723   101580.920   101580.901
  1010:   101580.093   101880.902   103380.910   103382.614   106132.624
  1015:   106133.714   106239.124   106273.124   106308.124   106343.124
  1020:   106377.124   106411.124   106443.124   106472.124   106506.124
  1025:   106538.124   106573.124   106603.124   106641.124   106675.124
  1030:   106706.124   106741.124   106774.124   106806.124   106837.124
  1035:   106868.124   106900.124   106933.124   106967.124   107001.124
  1040:   107031.124   107064.124   107097.124   107130.124   107165.124
  1045:   107199.124   107231.124   107265.124   107300.124   107329.124
  1050:   107362.124   107395.124   107432.124   107467.124   107499.124
  1055:   107535.124   107571.124   107607.124   107644.124   107678.124
  1060:   107713.124   107750.124   107782.124   107817.124   107854.124
  1065:   107888.124   107925.124   107957.124   107992.124   108028.124
  1070:   108064.124   108101.124   108139.124   108170.124   108206.124
  1075:   108241.124   108274.124   108311.124   108344.124   108382.124
  1080:   108424.124   108460.124   108497.124   108533.124   108568.124
  1085:   108604.124   108644.124   108680.124   108717.124   108752.124
  1090:   108791.124   108829.124   108864.124   108896.724   108896.920
  1095:   108896.901   108896.094   109196.902   110696.910   110698.614
  1100:   113448.624   113449.714   114254.124   114299.124   114437.124
  1105:   114468.124   114508.124   114542.124   114584.124   114621.124
  1110:   114665.124   114693.124   114728.124   114764.124   114794.124
  1115:   114825.124   114856.124   114890.124   114920.124   114953.124
  1120:   114989.124   115024.124   115057.124   115091.124   115124.124
  1125:   115159.124   115192.124   115230.124   115263.124   115298.124
  1130:   115330.124   115366.124   115399.124   115433.124   115467.124
  1135:   115501.124   115536.124   115572.124   115609.124   115641.124
  1140:   115677.124   115711.124   115745.124   115781.124   115816.124
  1145:   115849.124   115885.124   115921.124   115952.124   115987.124
  1150:   116020.124   116055.124   116092.124   116129.124   116163.124
  1155:   116201.724   116201.920   116201.901   116201.094   116501.902
  1160:   118001.910   118003.611   119003.621   119004.711   119119.121
  1165:   119157.121   119192.121   119227.121   119261.121   119291.121
  1170:   119324.121   119355.121   119389.121   119421.121   119456.121
  1175:   119489.121   119523.121   119556.121   119585.121   119621.121
  1180:   119656.121   119687.121   119720.121   119749.121   119783.121
  1185:   119818.121   119852.121   119885.121   119923.121   119956.121
  1190:   119992.121   120032.721   120032.920   120032.901   120032.091
  1195:   120332.902   121832.910   121834.615   125684.625   125685.715
  1200:   125889.125   125933.125   126105.125   126498.125   126532.125
  1205:   126570.125   126877.125   126906.125   126939.125   126971.125
  1210:   127006.125   127041.125   127072.125   127102.125   127137.125
  1215:   127178.125   127211.125   127249.125   127284.125   127323.125
  1220:   127360.125   127391.125   127423.125   127454.125   127485.125
  1225:   127517.125   127551.125   127584.125   127616.125   127651.125
  1230:   127684.125   127718.125   127750.125   127783.125   127817.125
  1235:   127848.125   127882.125   127916.125   127948.125   127981.125
  1240:   128014.125   128045.125   128080.125   128113.125   128148.125
  1245:   128180.125   128214.125   128247.125   128282.125   128313.125
  1250:   128348.125   128382.125   128416.125   128452.125   128486.125
  1255:   128523.125   128557.125   128591.125   128623.125   128659.125
  1260:   128691.125   128728.125   128760.125   128796.125   128827.125
  1265:   128865.125   128897.125   128932.125   128964.125   129000.125
  1270:   129032.125   129069.125   129100.125   129137.125   129171.125
  1275:   129211.125   129242.125   129279.125   129308.125   129344.125
  1280:   129380.125   129414.125   129451.125   129487.125   129523.125
  1285:   129561.725   129561.920   129561.901   129561.095   129861.902
  1290:   131361.910   131363.612   132763.622   132764.712   132925.122
  1295:   132962.122   132997.122   133037.122   133272.122   133306.122
  1300:   133334.122   133369.122   133398.122   133433.122   133468.122
  1305:   133507.122   133532.122   133567.122   133598.122   133636.122
  1310:   133669.122   133705.122   133736.122   133771.122   133805.122
  1315:   133839.122   133871.122   133906.122   133937.122   133970.122
  1320:   134006.122   134041.122   134074.122   134112.122   134143.122
  1325:   134178.722   134178.920   134178.901   134178.092   134478.902
  1330:   135978.910   135980.612   137380.622   137381.712   137515.122
  1335:   137554.122   137596.122   137622.122   137653.122   137687.122
  1340:   137723.122   137751.122   137792.122   137827.122   137862.122
  1345:   137895.122   137930.122   137963.122   137998.122   138027.122
  1350:   138061.122   138096.122   138128.122   138164.122   138199.122
  1355:   138229.122   138263.122   138299.122   138329.122   138366.122
  1360:   138403.122   138437.122   138472.122   138503.122   138540.122
  1365:   138572.122   138608.122   138645.122   138680.122   138713.122
  1370:   138748.122   138785.722   138785.920   138785.901   138785.092
  1375:   139085.902   140585.910   140587.613   142537.623   142538.713
  1380:   142743.123   142777.123   142812.123   142932.123   142964.123
  1385:   142996.123   143032.123   143065.123   143100.123   143143.123
  1390:   143183.123   143222.123   143255.123   143345.123   143376.123
  1395:   143403.123   143435.123   143466.123   143501.123   143534.123
  1400:   143562.123   143596.123   143627.123   143664.123   143701.123
  1405:   143728.123   143761.123   143793.123   143831.123   143862.123
  1410:   143897.123   143928.123   143962.123   143992.123   144028.123
  1415:   144060.123   144099.123   144131.123   144169.123   144200.123
  1420:   144237.123   144269.123   144305.123   144335.123   144373.123
  1425:   144404.123   144441.123   144478.123   144509.723   144509.920
  1430:   144509.901   144509.093   144809.902   146309.910   146311.612
  1435:   147711.622   147712.712   147838.122   147876.122   147908.122
  1440:   147945.122   148092.122   148130.122   148160.122   148194.122
  1445:   148222.122   148254.122   148284.122   148315.122   148350.122
  1450:   148385.122   148412.122   148443.122   148475.122   148505.122
  1455:   148541.122   148578.122   148610.122   148645.122   148678.122
  1460:   148706.122   148741.122   148779.122   148814.122   148847.122
  1465:   148879.122   148917.122   148950.122   148991.122   149025.122
  1470:   149059.122   149100.122   149131.722   149131.920   149131.901
  1475:   149131.092   149431.902   150931.910   150933.613   152883.623
  1480:   152884.713   153037.123   153076.123   153278.123   153307.123
  1485:   153343.123   153376.123   153415.123   153445.123   153479.123
  1490:   153508.123   153540.123   153573.123   153612.123   153649.123
  1495:   153680.123   153712.123   153745.123   153779.123   153814.123
  1500:   153846.123   154033.123   154075.123   154108.123   154143.123
  1505:   154180.123   154214.123   154250.123   154285.123   154322.123
  1510:   154356.123   154390.123   154428.123   154463.123   154499.123
  1515:   154536.123   154573.123   154606.123   154642.123   154673.123
  1520:   154710.123   154741.123   154777.123   154817.123   154851.723
  1525:   154851.920   154851.901   154851.093   155151.902   156651.910
  1530:   156653.612   158053.622   158054.712   158153.122   158194.122
  1535:   158225.122   158264.122   158305.122   158340.122   158371.122
  1540:   158402.122   158431.122   158465.122   158496.122   158529.122
  1545:   158564.122   158598.122   158628.122   158662.122   158691.122
  1550:   158724.122   158757.122   158791.122   158826.122   158858.122
  1555:   158893.122   158928.122   158962.122   158993.122   159029.122
  1560:   159062.122   159098.122   159133.122   159167.122   159201.122
  1565:   159235.122   159271.122   159303.122   159339.122   159373.122
  1570:   159409.122   159444.122   159480.722   159480.920   159480.901
  1575:   159480.092   159780.902   161280.910   161282.614   164032.624
  1580:   164033.714   164984.124   165020.124   165062.124   165197.124
  1585:   165237.124   165362.124   165391.124   165426.124   165549.124
  1590:   165577.124   165695.124   165726.124   165758.124   165786.124
  1595:   165816.124   165848.124   165884.124   165925.124   165958.124
  1600:   165990.124   166020.124   166052.124   166086.124   166121.124
  1605:   166155.124   166191.124   166227.124   166260.124   166297.124
  1610:   166333.124   166368.124   166402.124   166435.124   166471.124
  1615:   166505.124   166541.124   166578.124   166609.124   166645.124
  1620:   166677.124   166713.124   166745.124   166780.124   166816.724
  1625:   166816.920   166816.901   166816.094   167116.902   168616.910
  1630:   168618.615   172468.625   172469.715   173210.125   173343.125
  1635:   173381.125   173678.125   173795.125   173826.125   173858.125
  1640:   173895.125   173931.125   174040.125   174071.125   174182.125
  1645:   174222.125   174257.125   174283.125   174312.125   174345.125
  1650:   174376.125   174411.125   174451.125   174483.125   174513.125
  1655:   174548.125   174580.125   174613.125   174644.125   174679.125
  1660:   174709.125   174744.125   174778.125   174808.125   174845.125
  1665:   174881.125   174912.125   174955.125   174993.125   175026.125
  1670:   175061.125   175095.125   175131.125   175166.125   175200.125
  1675:   175231.125   175267.125   175300.125   175336.125   175366.125
  1680:   175401.125   175434.125   175470.125   175501.125   175536.125
  1685:   175569.125   175605.125   175637.125   175672.125   175708.125
  1690:   175739.125   175775.125   175808.125   175843.125   175882.125
  1695:   175915.125   175951.125   175985.125   176022.125   176052.125
  1700:   176091.125   176123.125   176162.125   176196.125   176232.125
  1705:   176269.125   176303.125   176342.725   176342.920   176342.901
  1710:   176342.095   176642.902   178142.910   178144.611   179144.621
  1715:   179145.811   179302.131   179338.131   179373.131   179414.131
  1720:   179450.131   179486.131   179519.131   179554.131   179592.131
  1725:   179630.131   179664.131   179700.131   179734.131   179768.131
  1730:   179802.131   179839.131   179868.131   179903.131   179939.131
  1735:   179970.131   180005.131   180037.131   180076.131   180107.131
  1740:   180144.131   180176.131   180211.131   180249.131   180282.131
  1745:   180320.131   180354.131   180387.131   180423.131   180456.131
  1750:   180492.131   180523.131   180560.131   180595.131   180633.131
  1755:   180663.131   180699.131   180731.131   180768.131   180801.131
  1760:   180837.131   180875.131   180911.131   180948.131   180985.131
  1765:   181021.131   181057.131   181094.131   181129.131   181164.131
  1770:   181201.131   181234.131   181270.131   181303.131   181341.131
  1775:   181375.131   181410.131   181443.131   181480.131   181517.131
  1780:   181553.131   181584.131   181621.131   181650.131   181688.131
  1785:   181723.131   181760.131   181797.131   181833.131   181868.131
  1790:   181903.131   181937.131   181972.131   182008.131   182046.131
  1795:   182083.131   182118.131   182155.131   182187.131   182223.131
  1800:   182261.131   182296.131   182331.131   182366.131   182403.131
  1805:   182441.131   182478.131   182518.131   182556.131   182594.131
  1810:   182631.131   182645.821   182645.920   184145.910   184147.611
  1815:   185147.621   185148.811   185215.131   185252.131   185288.131
  1820:   185325.131   185360.131   185392.131   185427.131   185461.131
  1825:   185492.131   185523.131   185558.131   185592.131   185620.131
  1830:   185655.131   185687.131   185723.131   185759.131   185793.131
  1835:   185825.131   185860.131   185896.131   185933.131   185965.131
  1840:   186002.131   186034.131   186070.131   186107.131   186140.131
  1845:   186178.131   186210.131   186244.131   186277.131   186314.131
  1850:   186347.131   186382.131   186415.131   186453.131   186484.131
  1855:   186519.131   186555.131   186588.131   186625.131   186658.131
  1860:   186694.131   186725.131   186761.131   186796.131   186834.131
  1865:   186867.131   186903.131   186941.131   186977.131   187014.131
  1870:   187050.131   187091.131   187130.131   187172.131   187213.131
  1875:   187249.131   187288.131   187340.131   187376.131   187409.131
  1880:   187436.131   188243.131   188283.131   188321.131   188360.131
  1885:   188396.131   188432.131   188469.131   188501.131   188540.131
  1890:   188626.131   188648.821   188648.920   188664.411   190148.910
  1895:   190150.611   191150.621   191151.811   191276.131   191356.131
  1900:   191443.131   191521.131   191558.131   191587.131   191618.131
  1905:   191653.131   191733.131   191765.131   191799.131   191838.131
  1910:   191867.131   191902.131   191931.131   191963.131   191995.131
  1915:   192024.131   192058.131   192091.131   192126.131   192157.131
  1920:   192191.131   192222.131   192257.131   192291.131   192325.131
  1925:   192357.131   192390.131   192422.131   192456.131   192493.131
  1930:   192528.131   192563.131   192599.131   192632.131   192668.131
  1935:   192707.131   192739.131   192776.131   192808.131   192844.131
  1940:   192876.131   192912.131   192943.131   192981.131   193011.131
  1945:   193046.131   193078.131   193115.131   193150.131   193185.131
  1950:   193216.131   193252.131   193286.131   193323.131   193360.131
  1955:   193394.131   193430.131   193466.131   193503.131   193539.131
  1960:   193576.131   193614.131   193705.131   193743.131   193781.131
  1965:   193977.131   194009.131   194049.131   194465.131   194497.131
  1970:   194597.131   194651.821   194651.920   196151.910   196153.613
  1975:   198103.623   198104.713   198971.123   199004.123   199068.123
  1980:   199108.123   199151.123   199232.123   199350.123   199381.123
  1985:   199571.123   199597.123   199628.123   199662.123   199693.123
  1990:   199722.123   199753.123   199785.123   199823.123   199857.123
  1995:   199891.123   199929.123   199961.123   199995.123   200030.123
  2000:   200063.723   200063.920   200063.901   200063.093   200363.902
  2005:   201863.910   201865.611   202865.621   202866.711   203035.121
  2010:   203076.121   203104.121   203144.121   203171.121   203202.121
  2015:   203234.121   203269.121   203301.121   203336.121   203363.121
  2020:   203397.121   203426.121   203462.121   203493.121   203528.121
  2025:   203561.121   203594.121   203630.121   203665.121   203697.121
  2030:   203734.121   203766.121   203802.121   203836.121   203873.721
  2035:   203873.920   203873.901   203873.091   204173.902   205673.910
  2040:   205675.611   206675.621   206676.711   206776.121   206849.121
  2045:   206887.121   206923.121   206963.121   206998.121   207033.121
  2050:   207066.121   207103.121   207138.121   207173.121   207206.121
  2055:   207241.121   207273.121   207313.121   207347.121   207378.121
  2060:   207413.121   207445.121   207480.121   207516.121   207550.121
  2065:   207586.121   207618.121   207653.121   207686.721   207686.920
  2070:   207686.901   207686.091   207986.902   209486.910   209488.614
  2075:   212238.624   212239.714   214159.124   215861.724   215861.920
  2080:   215861.901   215861.094   216161.902   217661.910   217663.612
  2085:   219063.622   219064.712   219163.122   219231.122   219267.122
  2090:   219298.122   219330.122   219364.122   219396.122   219429.122
  2095:   219460.122   219495.122   219534.122   219572.122   219602.122
  2100:   219660.122   219721.122   219751.122   219783.122   219813.122
  2105:   219842.122   219874.122   219903.122   219937.122   219966.122
  2110:   219998.122   220029.122   220059.122   220092.122   220120.122
  2115:   220151.122   220185.122   220214.122   220245.122   220273.122
  2120:   220304.122   220367.122   220396.122   220429.122   220454.122
  2125:   220488.722   220488.920   220488.901   220488.092   220788.902
  2130:   222288.910   222290.613   224240.623   224241.713   224405.123
  2135:   224437.123   224478.123   224518.123   224584.123   224731.123
  2140:   224756.123   224787.123   224811.123   224839.123   224895.123
  2145:   224926.123   224956.123   224983.123   225015.123   225046.123
  2150:   225072.123   225103.123   225132.123   225164.123   225193.123
  2155:   225225.123   225255.123   225286.123   225315.123   225348.123
  2160:   225377.123   225412.123   225443.123   225477.123   225507.123
  2165:   225539.123   225568.123   225629.123   225660.123   225690.123
  2170:   225723.123   225752.123   225814.123   225846.123   225875.123
  2175:   225908.123   225939.123   225970.123   225998.123   226029.123
  2180:   226061.123   226092.123   226123.123   226154.123   226184.123
  2185:   226216.723   226216.920   226216.901   226216.093   226516.902
  2190:   228016.910   228018.613   229968.623   229969.713   230074.123
  2195:   230108.123   230139.123   230171.123   230205.123   230281.123
  2200:   230321.123   230357.123   230391.123   230425.123   230457.123
  2205:   230514.123   230547.123   230574.123   230607.123   230638.123
  2210:   230702.123   230734.123   230767.123   230801.123   230832.123
  2215:   230865.123   230897.123   230928.123   230961.123   230993.123
  2220:   231026.123   231059.123   231087.123   231120.123   231151.123
  2225:   231183.123   231213.123   231274.123   231308.123   231369.123
  2230:   231400.123   231431.123   231460.123   231495.123   231525.123
  2235:   231559.123   231628.123   231660.123   231696.123   231730.123
  2240:   231763.123   231797.123   231830.123   231863.123   231897.123
  2245:   231933.723   231933.920   231933.901   231933.093   232233.902
  2250:   233733.910   233735.614   236485.624   236486.714   238100.124
  2255:   238139.124   238268.124   238464.124   238495.124   238522.124
  2260:   238558.124   238627.124   238697.124   238727.124   238759.124
  2265:   238789.124   238815.124   238843.124   238874.124   238920.124
  2270:   238952.124   239027.124   239100.124   239132.124   239164.124
  2275:   239194.124   239225.124   239258.724   239258.920   239258.901
  2280:   239258.094   239558.902   241058.910   241060.615   244910.625
  2285:   244911.715   245315.125   245800.125   245839.125   246139.125
  2290:   246174.125   246207.125   246237.125   246266.125   246299.125
  2295:   246331.125   246366.125   246401.125   246437.125   246471.125
  2300:   246507.125   246543.125   246573.125   246601.125   246632.125
  2305:   246661.125   246726.125   246797.125   246826.125   246856.125
  2310:   246886.125   246923.125   246963.125   246995.125   247026.125
  2315:   247058.125   247084.125   247116.125   247148.125   247174.125
  2320:   247207.125   247239.125   247265.125   247298.125   247324.125
  2325:   247355.125   247384.125   247416.125   247446.125   247479.125
  2330:   247509.125   247539.125   247570.125   247603.125   247633.125
  2335:   247666.125   247699.125   247729.125   247760.125   247791.125
  2340:   247823.125   247856.125   247888.125   247920.125   247954.125
  2345:   247987.125   248018.125   248050.125   248083.125   248114.125
  2350:   248150.125   248213.125   248246.125   248281.125   248314.125
  2355:   248350.125   248384.125   248419.125   248452.125   248482.125
  2360:   248516.125   248554.125   248592.125   248671.125   248703.125
  2365:   248731.125   248763.725   248763.920   248763.901   248763.095
  2370:   249063.902   250563.910   250565.615   254415.625   254416.715
  2375:   254828.125   254865.125   255081.125   255115.125   255151.125
  2380:   255184.125   255299.125   255434.125   255455.125   255492.125
  2385:   255525.125   255553.125   255582.125   255612.125   255643.125
  2390:   255672.125   255740.125   255769.125   255806.125   255839.125
  2395:   255872.125   255902.125   255932.125   255962.125   255991.125
  2400:   256023.125   256084.125   256114.125   256143.125   256177.125
  2405:   256206.125   256302.125   256335.125   256365.125   256398.125
  2410:   256463.125   256492.125   256523.125   256553.125   256584.125
  2415:   256615.125   256648.125   256677.125   256707.125   256737.125
  2420:   256771.125   256801.125   256834.125   256864.125   256896.125
  2425:   256928.125   256962.125   256994.125   257028.125   257063.125
  2430:   257098.125   257131.125   257196.125   257299.125   257333.125
  2435:   257379.125   257413.125   257447.125   257480.125   257509.125
  2440:   257542.125   257571.125   257603.125   257666.125   257696.125
  2445:   257729.125   257793.125   257825.125   257861.125   257894.125
  2450:   257927.125   257961.125   257994.125   258026.125   258059.125
  2455:   258091.125   258124.125   258158.125   258189.125   258220.125
  2460:   258253.125   258286.725   258286.920   258286.901   258286.095
  2465:   258586.902   260086.910   260088.611   261088.621   261089.811
  2470:   261234.131   261267.131   261297.131   261335.131   261403.131
  2475:   261441.131   261514.131   261541.131   261575.131   261602.131
  2480:   261633.131   261661.131   261687.131   261718.131   261744.131
  2485:   261810.131   261838.131   261870.131   261905.131   261936.131
  2490:   261965.131   261998.131   262063.131   262093.131   262127.131
  2495:   262155.131   262187.131   262218.131   262253.131   262282.131
  2500:   262345.131   262379.131   262441.131   262470.131   262503.131
  2505:   262566.131   262598.131   262631.131   262663.131   262695.131
  2510:   262725.131   262758.131   262791.131   262824.131   262888.131
  2515:   262919.131   262952.131   262985.131   263020.131   263057.131
  2520:   263089.131   263125.131   263162.131   263195.131   263230.131
  2525:   263305.131   263336.131   263383.131   263535.131   263598.131
  2530:   263631.131   263663.131   263702.131   264589.821   264589.920
  2535:   264596.411   266089.910   266091.612   267491.622   267492.812
  2540:   267663.132   267738.132   267766.132   267800.132   267827.132
  2545:   267855.132   267886.132   267944.132   267976.132   268009.132
  2550:   268038.132   268068.132   268095.132   268126.132   268157.132
  2555:   268187.132   268246.132   268278.132   268310.132   268346.132
  2560:   268408.132   268441.132   268471.132   268505.132   268537.132
  2565:   268572.132   268607.132   268643.132   268676.132   268713.132
  2570:   268743.132   268778.132   268812.132   268847.132   268880.132
  2575:   268917.132   268951.132   268989.132   269026.132   269064.132
  2580:   269101.132   269139.132   269177.132   269215.132   269254.132
  2585:   269290.132   269328.132   269365.132   269400.132   269439.132
  2590:   269474.132   269517.132   269557.132   269599.132   269679.132
  2595:   269714.132   269803.132   269833.132   271027.132   271066.132
  2600:   271102.132   271138.132   271173.132   271210.132   271246.132
  2605:   271279.132   271316.132   271352.132   271387.132   271425.132
  2610:   271457.132   271490.132   271492.822   271492.920   272992.910
  2615:   272994.612   274394.622   274395.712   274526.122   274721.122
  2620:   274752.122   274782.122   274820.122   275001.122   275030.122
  2625:   275058.122   275092.122   275123.122   275154.122   275186.122
  2630:   275216.122   275248.122   275277.122   275308.122   275340.122
  2635:   275374.122   275406.122   275441.122   275477.122   275518.122
  2640:   275555.122   275588.122   275623.122   275658.122   275692.122
  2645:   275726.122   275757.122   275789.122   275824.722   275824.920
  2650:   275824.901   275824.092   276124.902   277624.910   277626.611
  2655:   278626.621   278627.711   278763.121   278802.121   278844.121
  2660:   278879.121   278912.121   278952.121   278986.121   279023.121
  2665:   279058.121   279091.121   279128.121   279160.121   279196.121
  2670:   279231.121   279266.121   279301.121   279337.121   279370.121
  2675:   279404.121   279438.121   279475.121   279508.121   279543.121
  2680:   279580.121   279618.121   279653.721   279653.920   279653.901
  2685:   279653.091   279953.902   281453.910   281455.612   282855.622
  2690:   282856.712   283009.122   283050.122   283091.122   283124.122
  2695:   283159.122   283193.122   283228.122   283263.122   283299.122
  2700:   283336.122   283369.122   283405.122   283439.122   283476.122
  2705:   283514.122   283548.122   283580.122   283613.122   283650.122
  2710:   283685.122   283722.122   283757.122   283792.122   283826.122
  2715:   283861.122   283893.122   283929.122   283961.122   283997.122
  2720:   284030.122   284066.122   284097.122   284135.122   284167.122
  2725:   284203.122   284237.122   284276.722   284276.920   284276.901
  2730:   284276.092   284576.902   286076.910   286078.614   288828.624
  2735:   288829.714   289018.124   289062.124   289161.124   289192.124
  2740:   289327.124   289362.124   289396.124   289428.124   289457.124
  2745:   289494.124   289528.124   289559.124   289592.124   289624.124
  2750:   289652.124   289688.124   289722.124   289758.124   289794.124
  2755:   289830.124   289860.124   289896.124   289931.124   289963.124
  2760:   290002.124   290037.124   290072.124   290107.124   290146.124
  2765:   290178.124   290212.124   290249.124   290283.124   290319.124
  2770:   290349.124   290386.124   290421.124   290455.124   290490.124
  2775:   290526.124   290558.124   290594.124   290627.124   290663.124
  2780:   290695.124   290731.124   290763.124   290799.124   290833.124
  2785:   290868.124   290904.124   290939.124   290975.124   291011.124
  2790:   291048.124   291086.124   291121.124   291157.124   291192.124
  2795:   291228.124   291264.124   291295.124   291331.124   291366.124
  2800:   291407.124   291444.124   291484.124   291523.124   291565.124
  2805:   291603.724   291603.920   291603.901   291603.094   291903.902
  2810:   293403.910   293405.611   294405.621   294406.811   294545.131
  2815:   294582.131   294616.131   294649.131   294680.131   294714.131
  2820:   294745.131   294775.131   294808.131   294847.131   294880.131
  2825:   294913.131   294948.131   294980.131   295013.131   295047.131
  2830:   295082.131   295112.131   295147.131   295179.131   295216.131
  2835:   295250.131   295281.131   295315.131   295351.131   295386.131
  2840:   295422.131   295454.131   295489.131   295521.131   295559.131
  2845:   295590.131   295627.131   295658.131   295694.131   295727.131
  2850:   295763.131   295797.131   295831.131   295866.131   295902.131
  2855:   295935.131   295970.131   296003.131   296042.131   296077.131
  2860:   296114.131   296151.131   296188.131   296227.131   296259.131
  2865:   296299.131   296340.131   296380.131   296417.131   296456.131
  2870:   296495.131   296535.131   296576.131   296610.131   296662.131
  2875:   296698.131   296811.131   296846.131   297782.131   297815.131
  2880:   297848.131   297886.131   297906.821   297906.920   299406.910
  2885:   299408.612   300808.622   300809.712   300960.122   301043.122
  2890:   301078.122   301116.122   301153.122   301192.122   301233.122
  2895:   301352.122   301379.122   301413.122   301445.122   301481.122
  2900:   301612.122   301641.122   301673.122   301703.122   301734.122
  2905:   301770.122   301801.122   301833.122   301868.122   301903.122
  2910:   301933.122   301970.122   301999.122   302039.122   302075.122
  2915:   302113.122   302146.122   302182.122   302216.722   302216.920
  2920:   302216.901   302216.092   302516.902   304016.910   304018.612
  2925:   305418.622   305419.712   305501.122   305533.122   305565.122
  2930:   305598.122   305631.122   305664.122   305697.122   305727.122
  2935:   305755.122   305788.122   305816.122   305848.122   305880.122
  2940:   305912.122   305941.122   305974.122   306006.122   306037.122
  2945:   306071.122   306106.122   306138.122   306172.122   306205.122
  2950:   306237.122   306272.122   306308.122   306341.122   306376.122
  2955:   306408.122   306444.122   306478.122   306515.122   306549.122
  2960:   306585.122   306618.122   306654.122   306685.122   306721.122
  2965:   306751.122   306788.122   306821.722   306821.920   306821.901
  2970:   306821.092   307121.902   308621.910   308623.611   309623.621
  2975:   309624.711   309691.121   309728.121   309762.121   309796.121
  2980:   309835.121   309868.121   309903.121   309936.121   309964.121
  2985:   309997.121   310031.121   310066.121   310099.121   310132.121
  2990:   310164.121   310201.121   310229.121   310262.121   310296.121
  2995:   310332.121   310365.121   310403.121   310437.121   310470.121
  3000:   310508.121   310542.121   310578.121   310612.121   310648.721
  3005:   310648.920   310648.901   310648.091   310948.902   312448.910
  3010:   312450.615   316300.625   316301.715   317493.125   317886.125
  3015:   318045.125   318076.125   318109.125   318146.125   318182.125
  3020:   318420.125   318460.125   318491.125   318521.125   318558.125
  3025:   318592.125   318627.125   318655.125   318686.125   318718.125
  3030:   318749.125   318788.125   318825.125   318862.125   318896.125
  3035:   318931.125   318965.125   318999.125   319031.125   319067.125
  3040:   319101.125   319134.125   319168.125   319199.125   319234.125
  3045:   319265.125   319300.125   319334.125   319368.125   319400.125
  3050:   319434.125   319466.125   319500.125   319535.125   319573.125
  3055:   319608.125   319641.125   319678.125   319711.125   319744.125
  3060:   319776.125   319810.125   319841.125   319881.125   319910.125
  3065:   319945.125   319977.125   320013.125   320043.125   320078.125
  3070:   320114.125   320149.125   320184.725   320184.920   320184.901
  3075:   320184.095   320484.902   321984.910   321986.611   322986.621
  3080:   322987.711   323121.121   323164.121   323199.121   323232.121
  3085:   323265.121   323300.121   323392.121   323433.121   323474.121
  3090:   323505.121   323533.121   323564.121   323593.121   323624.121
  3095:   323656.121   323690.121   323723.121   323756.121   323790.121
  3100:   323826.121   323860.121   323894.121   323928.121   323961.121
  3105:   323997.721   323997.920   323997.901   323997.091   324297.902
  3110:   325797.910   325799.615   329649.625   329650.715   330801.125
  3115:   331382.125   331421.125   331464.125   331508.125   331608.125
  3120:   332132.125   332148.125   332183.125   332220.125   332258.125
  3125:   332297.125   332335.125   332372.125   332403.125   332438.125
  3130:   332474.125   332512.125   332548.125   332587.125   332626.125
  3135:   332664.125   332703.125   332739.125   332774.125   332812.125
  3140:   332848.125   332887.125   332922.125   332958.125   332989.125
  3145:   333025.125   333059.125   333093.125   333128.125   333164.125
  3150:   333197.125   333233.125   333265.125   333301.125   333336.125
  3155:   333372.125   333406.125   333441.125   333472.125   333509.725
  3160:   333509.920   333509.901   333509.095   333809.902   335309.910
  3165:   335311.612   336711.622   336712.812   336826.132   336867.132
  3170:   336944.132   336989.132   337183.132   337208.132   337239.132
  3175:   337268.132   337297.132   337327.132   337359.132   337393.132
  3180:   337427.132   337458.132   337493.132   337526.132   337559.132
  3185:   337589.132   337625.132   337660.132   337692.132   337728.132
  3190:   337766.132   337802.132   337836.132   337871.132   337904.132
  3195:   337942.132   337976.132   338009.132   338048.132   338081.132
  3200:   338116.132   338150.132   338185.132   338225.132   338257.132
  3205:   338291.132   338327.132   338361.132   338396.132   338432.132
  3210:   338468.132   338503.132   338534.132   338572.132   338601.132
  3215:   338639.132   338674.132   338708.132   338738.132   338776.132
  3220:   338807.132   338845.132   338880.132   338915.132   338953.132
  3225:   338985.132   339021.132   339057.132   339093.132   339129.132
  3230:   339163.132   339199.132   339232.132   339267.132   339303.132
  3235:   339340.132   339376.132   339411.132   339446.132   339483.132
  3240:   339516.132   339553.132   339586.132   339624.132   339661.132
  3245:   339698.132   339734.132   339772.132   339806.132   339843.132
  3250:   339882.132   339915.132   339951.132   339985.132   340022.132
  3255:   340057.132   340095.132   340132.132   340208.132   340244.132
  3260:   340279.132   340312.132   340349.132   340386.132   340421.132
  3265:   340457.132   340488.132   340526.132   340563.132   340597.132
  3270:   340639.132   340684.132   340712.822   340712.920   340716.411
  3275:   342212.910   342214.613   344164.623   344165.713   344618.123
  3280:   344656.123   344693.123   344729.123   344766.123   344801.123
  3285:   344835.123   344863.123   344892.123   344927.123   344970.123
  3290:   345048.123   345082.123   345113.123   345145.123   345175.123
  3295:   345206.123   345238.123   345273.123   345302.123   345335.123
  3300:   345367.123   345402.123   345433.123   345470.123   345508.123
  3305:   345542.123   345574.123   345609.123   345643.123   345675.123
  3310:   345707.123   345740.123   345769.123   345802.123   345833.123
  3315:   345868.123   345900.123   345935.123   345964.123   345998.123
  3320:   346034.123   346069.123   346106.123   346138.723   346138.920
  3325:   346138.901   346138.093   346438.902   347938.910   347940.612
  3330:   349340.622   349341.812   349409.132   349446.132   349480.132
  3335:   349509.132   349543.132   349575.132   349604.132   349647.132
  3340:   349685.132   349726.132   349839.132   349865.132   349898.132
  3345:   349927.132   349961.132   349991.132   350025.132   350059.132
  3350:   350096.132   350126.132   350158.132   350193.132   350228.132
  3355:   350267.132   350298.132   350331.132   350363.132   350396.132
  3360:   350436.132   350468.132   350505.132   350542.132   350574.132
  3365:   350611.132   350649.132   350678.132   350711.132   350744.132
  3370:   350780.132   350812.132   350847.132   350879.132   350913.132
  3375:   350948.132   350984.132   351022.132   351054.132   351091.132
  3380:   351128.132   351164.132   351200.132   351236.132   351275.132
  3385:   351308.132   351343.132   351377.132   351412.132   351448.132
  3390:   351483.132   351523.132   351562.132   351600.132   351639.132
  3395:   351670.132   351755.132   351784.132   351940.132   351976.132
  3400:   352024.132   352104.132   352117.132   352890.132   352924.132
  3405:   352934.132   352970.132   353003.132   353046.132   353124.132
  3410:   353156.132   353194.132   353229.132   353265.132   353301.132
  3415:   353337.132   353341.822   353341.920   354841.910   354843.612
  3420:   356243.622   356244.812   356664.132   356695.132   356731.132
  3425:   356767.132   356807.132   356847.132   356884.132   356918.132
  3430:   356952.132   356987.132   357019.132   357057.132   357092.132
  3435:   357126.132   357159.132   357194.132   357231.132   357268.132
  3440:   357304.132   357344.132   357381.132   357417.132   357455.132
  3445:   357496.132   357539.132   357574.132   357606.132   357641.132
  3450:   357674.132   357708.132   357742.132   357778.132   357815.132
  3455:   357845.132   357883.132   357916.132   357952.132   357987.132
  3460:   358024.132   358059.132   358097.132   358131.132   358217.132
  3465:   358247.132   358280.132   358317.132   358356.132   358402.132
  3470:   358431.132   358466.132   358499.132   358539.132   358590.132
  3475:   358626.132   358661.132   358689.132   358777.132   358861.132
  3480:   358895.132   358932.132   358970.132   359004.132   359050.132
  3485:   359730.132   359741.132   359774.132   359786.132   359798.132
  3490:   359834.132   359847.132   360102.132   360155.132   360244.822
  3495:   360244.920   361744.910   361746.612   363146.622   363147.712
  3500:   363626.122   363662.122   363699.122   363827.122   363863.122
  3505:   363902.122   363938.122   363976.122   364013.122   364047.122
  3510:   364083.122   364124.122   364171.122   364211.122   364249.122
  3515:   364290.122   364328.122   364419.122   364453.122   364486.122
  3520:   364514.122   364549.722   364549.920   364549.901   364549.092
  3525:   364849.902   366349.910   366351.614   369101.624   369102.714
  3530:   369342.124   369374.124   369409.124   369445.124   369484.124
  3535:   369521.124   369560.124   369597.124   369631.124   369669.124
  3540:   369704.124   369750.124   369795.124   369837.124   369873.124
  3545:   369911.124   369947.124   369984.124   370020.124   370059.124
  3550:   370101.124   370139.124   370179.124   370214.124   370253.124
  3555:   370285.124   370318.124   370355.124   370387.124   370422.124
  3560:   370456.124   370489.124   370524.124   370561.124   370597.124
  3565:   370633.124   370668.124   370704.124   370734.124   370769.124
  3570:   370804.124   370841.124   370872.124   370908.124   370939.124
  3575:   370975.124   371013.124   371047.124   371080.124   371113.124
  3580:   371148.124   371180.124   371216.124   371247.124   371283.124
  3585:   371322.124   371358.124   371395.124   371431.124   371469.124
  3590:   371507.124   371546.124   371585.124   371622.124   371657.124
  3595:   371785.124   371820.124   371850.124   371881.724   371881.920
  3600:   371881.901   371881.094   372181.902   373681.910   373683.612
  3605:   375083.622   375084.712   375165.122   375195.122   375357.122
  3610:   375392.122   375432.122   375473.122   375583.122   375615.122
  3615:   375642.122   375676.122   375710.122   375744.122   375778.122
  3620:   375810.122   375844.122   375875.122   375911.122   375943.122
  3625:   375974.122   376043.122   376075.122   376107.122   376144.122
  3630:   376180.122   376246.122   376282.122   376317.122   376346.122
  3635:   376381.122   376414.122   376448.122   376477.122   376509.722
  3640:   376509.920   376509.901   376509.092   376809.902   378309.910
  3645:   378311.612   379711.622   379712.812   379811.132   379849.132
  3650:   379882.132   380205.132   380243.132   380284.132   380403.132
  3655:   380428.132   380462.132   380491.132   380549.132   380581.132
  3660:   380614.132   380645.132   380677.132   380706.132   380741.132
  3665:   380801.132   380831.132   380892.132   380923.132   380988.132
  3670:   381018.132   381047.132   381081.132   381150.132   381215.132
  3675:   381246.132   381278.132   381309.132   381341.132   381370.132
  3680:   381400.132   381432.132   381462.132   381490.132   381525.132
  3685:   381556.132   381592.132   381624.132   381657.132   381724.132
  3690:   381756.132   381787.132   381820.132   381881.132   381913.132
  3695:   381945.132   381978.132   382041.132   382075.132   382108.132
  3700:   382144.132   382176.132   382210.132   382275.132   382306.132
  3705:   382336.132   382371.132   382440.132   382474.132   382509.132
  3710:   382541.132   382577.132   382607.132   382639.132   382670.132
  3715:   382703.132   382730.132   382764.132   382798.132   382833.132
  3720:   382864.132   382900.132   382970.132   383002.132   383034.132
  3725:   383066.132   383099.132   383134.132   383206.132   383252.132
  3730:   383281.132   383312.132   383343.132   383374.132   383406.132
  3735:   383435.132   383471.132   383504.132   383538.132   383579.132
  3740:   383616.132   383712.822   383712.920   385212.910   385214.612
  3745:   386614.622   386615.812   386757.132   386790.132   386934.132
  3750:   386965.132   387001.132   387037.132   387077.132   387113.132
  3755:   387148.132   387197.132   387235.132   387273.132   387308.132
  3760:   387345.132   387378.132   387466.132   387500.132   387568.132
  3765:   387603.132   387634.132   387665.132   387698.132   387729.132
  3770:   387764.132   387794.132   387825.132   387858.132   387890.132
  3775:   387921.132   387955.132   387988.132   388018.132   388055.132
  3780:   388094.132   388124.132   388159.132   388261.132   388330.132
  3785:   388368.132   388399.132   388434.132   388467.132   388497.132
  3790:   388531.132   388564.132   388601.132   388639.132   388718.132
  3795:   388750.132   388778.132   388809.132   388840.132   388877.132
  3800:   388944.132   389058.132   389084.132   389113.132   389143.132
  3805:   389174.132   389204.132   389239.132   389269.132   389303.132
  3810:   389329.132   389391.132   389425.132   389460.132   389495.132
  3815:   390191.132   390222.132   390232.132   390268.132   390300.132
  3820:   390615.822   390615.920   390637.411   390648.411   392115.910
  3825:   392117.613   394067.623   394068.813   394780.133   394817.133
  3830:   395001.133   395065.133   395100.133   395207.133   395241.133
  3835:   395275.133   395349.133   395386.133   395488.133   395519.133
  3840:   395553.133   395581.133   395614.133   395650.133   395684.133
  3845:   395720.133   395758.133   395798.133   395833.133   395869.133
  3850:   395945.133   395976.133   396009.133   396042.133   396075.133
  3855:   396107.133   396140.133   396169.133   396203.133   396236.133
  3860:   396274.133   396337.133   396366.133   396394.133   396424.133
  3865:   396456.133   396532.133   396565.133   396595.133   396628.133
  3870:   396711.133   396741.133   396774.133   396805.133   396892.133
  3875:   396919.133   396961.133   396989.133   397091.133   397117.133
  3880:   397150.133   397184.133   397224.133   397253.133   397288.133
  3885:   397721.133   397754.133   397763.133   397798.133   397810.133
  3890:   398510.133   398540.133   398868.823   398868.920   400368.910
  3895:   400370.611   401370.621   401371.711   401768.121   401799.121
  3900:   401829.121   401990.121   402017.121   402051.121   402084.121
  3905:   402118.121   402218.121   402248.121   402278.121   402344.121
  3910:   402380.721   402380.920   402380.901   402380.091   402680.902
  3915:   404180.910   404182.613   406132.623   406133.813   406491.133
  3920:   406942.133   407079.133   407111.133   407176.133   407243.133
  3925:   407278.133   407315.133   407348.133   407380.133   407498.133
  3930:   407569.133   407599.133   407635.133   407668.133   407701.133
  3935:   407737.133   407767.133   407798.133   407833.133   407872.133
  3940:   407948.133   407984.133   408052.133   408126.133   408173.133
  3945:   408206.133   408258.133   408290.133   408329.133   408372.133
  3950:   408407.133   408435.133   408466.133   408530.133   408560.133
  3955:   408625.133   408658.133   408691.133   408724.133   408752.133
  3960:   408788.133   408826.133   408866.133   408904.133   408938.133
  3965:   408973.133   409010.133   409046.133   409079.133   409113.133
  3970:   409150.133   409195.133   409255.133   409283.133   409414.133
  3975:   409422.133   409457.133   409488.133   409515.133   409548.133
  3980:   409576.133   409615.133   409719.133   410211.133   410243.133
  3985:   410299.133   410312.133   410933.823   410933.920   412433.910
  3990:   412435.612   413835.622   413836.712   414092.122   414854.122
  3995:   414885.122   414921.122   414953.122   414991.122   415026.122
  4000:   415071.122   415144.122   415179.122   415224.122   415262.722
  4005:   415262.920   415262.901   415262.092   415562.902   417062.910
  4010:   417064.611   418064.621   418065.711   418174.121   418553.121
  4015:   418583.121   418614.121   418685.121   418720.121   418755.121
  4020:   418782.121   418816.121   418851.121   418916.121   418951.121
  4025:   418989.121   419028.121   419056.121   419092.721   419092.920
  4030:   419092.901   419092.091   419392.902   420892.910   420894.612
  4035:   422294.622   422295.712   422388.122   422421.122   422452.122
  4040:   422488.122   422520.122   422550.122   422579.122   422616.122
  4045:   422656.122   422725.122   422756.122   422786.122   422852.122
  4050:   422879.122   422910.122   422943.122   422973.122   423001.122
  4055:   423033.122   423062.122   423093.122   423123.122   423160.122
  4060:   423192.122   423229.122   423262.122   423289.122   423321.122
  4065:   423348.122   423378.122   423409.122   423437.122   423466.122
  4070:   423496.122   423526.122   423557.122   423589.122   423617.122
  4075:   423649.122   423680.122   423713.722   423713.920   423713.901
  4080:   423713.092   424013.902   425513.910   425515.615   429365.625
  4085:   429366.715   432309.125   432654.125   433110.125   433234.725
  4090:   433234.920   433234.901   433234.095   433534.902   435034.910
  4095:   435036.613   436986.623   436987.713   437276.123   437316.123
  4100:   437361.123   437404.123   437585.123   437952.123   437986.123
  4105:   438018.123   438047.123   438110.123   438144.123   438179.123
  4110:   438215.123   438247.123   438284.123   438317.123   438357.123
  4115:   438390.123   438458.123   438489.123   438522.123   438554.123
  4120:   438619.123   438653.123   438691.123   438723.123   438765.123
  4125:   438798.123   438829.123   438860.123   438891.123   438919.123
  4130:   438983.723   438983.920   438983.901   438983.093   439283.902
  4135:   440783.910   440785.615   444635.625   444636.715   445167.125
  4140:   445454.125   445484.125   445518.125   445546.125   445607.125
  4145:   445641.125   445674.125   445709.125   445738.125   445771.125
  4150:   445806.125   445835.125   445875.125   445908.125   445943.125
  4155:   445975.125   446007.125   446039.125   446072.125   446103.125
  4160:   446133.125   446163.125   446195.125   446224.125   446259.125
  4165:   446292.125   446362.125   446393.125   446425.125   446454.125
  4170:   446486.125   446513.125   446543.125   446571.125   446603.125
  4175:   446665.125   446696.125   446727.125   446758.125   446791.125
  4180:   446825.125   446855.125   446889.125   446919.125   446952.125
  4185:   446983.125   447016.125   447050.125   447081.125   447142.125
  4190:   447173.125   447205.125   447236.125   447266.125   447299.125
  4195:   447332.125   447363.125   447398.125   447428.125   447461.125
  4200:   447493.125   447523.125   447557.125   447596.125   447630.125
  4205:   447660.125   447689.125   447723.125   447757.125   447791.125
  4210:   447824.125   447855.125   447889.125   447964.125   447990.125
  4215:   448023.125   448120.125   448153.125   448185.125   448220.125
  4220:   448254.125   448287.125   448329.125   448400.125   448430.125
  4225:   448460.125   448491.725   448491.920   448491.901   448491.095
  4230:   448791.902   450291.910   450293.613   452243.623   452244.713
  4235:   452476.123   452625.123   452660.123   452693.123   452730.123
  4240:   452770.123   452803.123   452837.123   452872.123   452907.123
  4245:   452934.123   452966.123   452996.123   453037.123   453074.123
  4250:   453138.123   453170.123   453200.123   453233.123   453261.123
  4255:   453293.123   453352.123   453383.123   453412.123   453443.123
  4260:   453474.123   453537.123   453568.123   453598.123   453631.123
  4265:   453661.123   453694.123   453759.123   453790.123   453819.123
  4270:   453853.123   453885.123   453916.123   453948.123   453979.123
  4275:   454052.123   454083.123   454116.123   454151.123   454191.123
  4280:   454221.723   454221.920   454221.901   454221.093   454521.902
  4285:   456021.910   456023.613   457973.623   457974.713   458606.123
  4290:   458734.123   458766.123   458801.123   458838.123   458928.123
  4295:   458955.123   458984.123   459048.123   459078.123   459112.123
  4300:   459145.123   459179.123   459213.123   459275.123   459307.123
  4305:   459341.123   459375.123   459406.123   459440.123   459473.123
  4310:   459506.123   459539.123   459571.123   459604.123   459630.123
  4315:   459662.123   459692.123   459727.123   459758.123   459787.123
  4320:   459818.123   459846.123   459880.123   459912.123   459944.723
  4325:   459944.920   459944.901   459944.093   460244.902   461744.910
  4330:   461746.611   462746.621   462747.811   462826.131   462859.131
  4335:   462896.131   462928.131   462962.131   462992.131   463028.131
  4340:   463057.131   463087.131   463119.131   463187.131   463221.131
  4345:   463249.131   463284.131   463316.131   463351.131   463384.131
  4350:   463411.131   463445.131   463479.131   463509.131   463539.131
  4355:   463568.131   463608.131   463635.131   463668.131   463703.131
  4360:   463733.131   463766.131   463797.131   463830.131   463863.131
  4365:   463898.131   463931.131   463961.131   463995.131   464026.131
  4370:   464060.131   464131.131   464161.131   464194.131   464224.131
  4375:   464256.131   464286.131   464320.131   464349.131   464382.131
  4380:   464413.131   464445.131   464477.131   464546.131   464578.131
  4385:   464610.131   464644.131   464672.131   464707.131   464741.131
  4390:   464783.131   464816.131   464848.131   464878.131   464913.131
  4395:   464943.131   464974.131   465006.131   465038.131   465075.131
  4400:   465110.131   465143.131   465177.131   465210.131   465248.131
  4405:   465284.131   465323.131   465355.131   465383.131   465488.131
  4410:   466128.131   466167.131   466247.821   466247.920   467747.910
  4415:   467749.615   471599.625   471600.715   472425.125   472462.125
  4420:   472498.125   472967.125   473003.125   473041.125   473077.125
  4425:   473113.125   473151.125   473186.125   473230.125   473261.125
  4430:   473296.125   473340.125   473372.125   473410.125   473448.125
  4435:   473482.125   473520.125   473553.125   473582.125   473622.125
  4440:   473656.125   473687.125   473718.125   473753.125   473789.125
  4445:   473819.125   473854.125   473888.125   473921.125   473959.125
  4450:   473991.125   474023.125   474058.125   474092.125   474128.125
  4455:   474171.125   474203.125   474238.125   474287.125   474323.125
  4460:   474357.125   474393.125   474427.125   474457.125   474493.125
  4465:   474525.125   474557.125   474592.125   474631.125   474667.125
  4470:   474702.125   474736.125   474770.125   474807.125   474882.125
  4475:   474920.125   474952.125   474997.125   475087.125   475104.125
  4480:   475136.125   475167.125   475201.125   475286.125   475318.125
  4485:   475360.125   475951.725   475951.920   475951.901   475951.095
  4490:   476251.902   477751.910   477753.613   479703.623   479704.813
  4495:   479920.133   479950.133   479986.133   480065.133   480101.133
  4500:   480141.133   480178.133   480214.133   480251.133   480284.133
  4505:   480321.133   480357.133   480393.133   480429.133   480457.133
  4510:   480494.133   480532.133   480564.133   480598.133   480632.133
  4515:   480666.133   480701.133   480737.133   480773.133   480805.133
  4520:   480840.133   480875.133   480910.133   480942.133   480978.133
  4525:   481010.133   481045.133   481082.133   481116.133   481151.133
  4530:   481188.133   481223.133   481259.133   481293.133   481328.133
  4535:   481358.133   481393.133   481429.133   481500.133   481536.133
  4540:   481568.133   481603.133   481639.133   481676.133   481704.133
  4545:   481741.133   481831.133   481862.133   481890.133   481921.133
  4550:   481957.133   482000.133   482029.133   482067.133   482103.133
  4555:   482144.133   482183.133   482218.133   482298.133   482345.133
  4560:   482377.133   482505.133   482542.133   482571.133   482691.133
  4565:   483176.133   483211.133   483260.133   483764.133   483806.133
  4570:   484217.133   484254.133   484504.823   484504.920   486004.910
  4575:   486006.613   487956.623   487957.713   488228.123   488266.123
  4580:   488303.123   488620.123   488655.123   488692.123   488727.123
  4585:   488763.123   488801.123   488834.123   488870.123   488905.123
  4590:   488944.123   488976.123   489013.123   489050.123   489084.123
  4595:   489124.123   489157.123   489188.123   489227.123   489259.123
  4600:   489297.123   489332.123   489365.123   489404.123   489439.123
  4605:   489473.123   489506.123   489543.123   489578.123   489610.123
  4610:   489649.123   489685.123   489719.123   489759.123   489793.123
  4615:   489830.123   489865.123   489895.123   489931.723   489931.920
  4620:   489931.901   489931.093   490231.902   491731.910   491733.613
  4625:   493683.623   493684.813   494262.133   494675.133   494711.133
  4630:   494745.133   495037.133   495071.133   495106.133   495143.133
  4635:   495179.133   495212.133   495249.133   495283.133   495319.133
  4640:   495355.133   495393.133   495431.133   495465.133   495506.133
  4645:   495543.133   495576.133   495609.133   495644.133   495683.133
  4650:   495759.133   495795.133   495833.133   495870.133   495917.133
  4655:   495955.133   495988.133   496020.133   496053.133   496088.133
  4660:   496126.133   496159.133   496193.133   496224.133   496261.133
  4665:   496299.133   496385.133   496418.133   496446.133   496551.133
  4670:   496586.133   496837.133   496867.133   496898.133   496915.133
  4675:   496947.133   496980.133   497015.133   497042.133   497077.133
  4680:   497109.133   497142.133   497175.133   497223.133   497263.133
  4685:   497303.133   497334.133   497438.133   497496.133   497600.133
  4690:   497632.133   497643.133   498197.133   498484.823   498484.920
  4695:   499984.910   499986.611   500986.621   500987.711   501386.121
  4700:   501404.121   501439.121   501512.121   501636.121   501675.121
  4705:   501737.121   501770.121   501799.121   501837.121   501867.121
  4710:   501902.121   501933.121   501963.121   501996.721   501996.920
  4715:   501996.901   501996.091   502296.902   503796.910   503798.611
  4720:   504798.621   504799.711   504869.121   504898.121   504928.121
  4725:   504963.121   504998.121   505032.121   505092.121   505126.121
  4730:   505162.121   505188.121   505221.121   505255.121   505286.121
  4735:   505317.121   505348.121   505382.121   505416.121   505443.121
  4740:   505476.121   505504.121   505579.121   505610.121   505637.121
  4745:   505668.121   505704.121   505762.121   505791.121   505848.721
  4750:   505848.920   505848.901   505848.091   506148.902   507648.910
  4755:   507650.613   509600.623   509601.813   509718.133   509820.133
  4760:   509860.133   509894.133   509931.133   509966.133   510000.133
  4765:   510035.133   510071.133   510103.133   510132.133   510166.133
  4770:   510233.133   510300.133   510327.133   510358.133   510391.133
  4775:   510420.133   510448.133   510481.133   510514.133   510549.133
  4780:   510580.133   510613.133   510643.133   510676.133   510708.133
  4785:   510739.133   510769.133   510798.133   510828.133   510862.133
  4790:   510895.133   510924.133   510955.133   510989.133   511018.133
  4795:   511051.133   511127.133   511163.133   511198.133   511230.133
  4800:   511267.133   511309.133   511342.133   511376.133   511442.133
  4805:   511475.133   511505.133   511542.133   511585.133   511658.133
  4810:   511690.133   511719.133   511753.133   511798.133   511833.133
  4815:   511865.133   511895.133   511929.133   511966.133   511997.133
  4820:   512063.133   512095.133   512130.133   512165.133   512198.133
  4825:   512280.133   512312.133   512341.133   512369.133   512408.133
  4830:   512492.133   512524.133   512669.133   512782.133   512863.133
  4835:   512903.133   513317.133   513391.133   513523.133   514055.133
  4840:   514124.133   514348.133   514401.823   514401.920   514408.411
  4845:   515901.910   515903.614   518653.624   518654.814   518933.134
  4850:   519095.134   519415.134   519542.134   519637.134   519668.134
  4855:   519703.134   519737.134   519768.134   519806.134   519838.134
  4860:   519872.134   519956.134   519995.134   520027.134   520093.134
  4865:   520124.134   520157.134   520187.134   520220.134   520283.134
  4870:   520359.134   520388.134   520416.134   520442.134   520473.134
  4875:   520532.134   520563.134   520593.134   520620.134   520655.134
  4880:   520685.134   520722.134   520760.134   520791.134   520826.134
  4885:   520857.134   520943.134   520972.134   521001.134   521028.134
  4890:   521189.134   521198.134   521227.134   521288.134   521320.134
  4895:   521349.134   521383.134   521410.134   521438.134   521484.134
  4900:   521522.134   521574.134   521680.134   521711.134   522191.134
  4905:   522220.134   522250.134   522576.134   523184.134   523219.134
  4910:   523250.134   523354.134   523383.134   523476.134   523598.134
  4915:   523875.134   523908.134   524290.134   524321.134   524574.134
  4920:   524754.824   524754.920   526254.910   526256.611   527256.621
  4925:   527257.711   527432.121   527464.121   527498.121   527531.121
  4930:   527562.121   527596.121   527628.121   527661.121   527693.121
  4935:   527724.121   527785.121   527819.121   527874.121   527911.121
  4940:   527937.121   527969.121   528001.121   528027.121   528058.121
  4945:   528093.121   528127.121   528161.121   528223.121   528255.121
  4950:   528283.721   528283.920   528283.901   528283.091   528583.902
  4955:   530083.910   530085.614   532835.624   532836.714   533514.124
  4960:   533646.124   533675.124   533707.124   533742.124   533773.124
  4965:   533806.124   533841.124   533879.124   533909.124   533945.124
  4970:   533980.124   534044.124   534077.124   534105.124   534137.124
  4975:   534170.124   534204.124   534270.124   534304.124   534343.124
  4980:   534414.124   534442.124   534473.124   534508.124   534580.124
  4985:   534611.124   534639.124   534669.124   534701.124   534732.124
  4990:   534813.124   534844.124   534871.124   534904.124   534935.124
  4995:   534963.124   534999.124   535028.124   535065.124   535170.124
  5000:   535221.124   535253.124   535283.124   535370.124   535394.124
  5005:   535428.124   535455.124   535555.124   535581.124   535813.724
  5010:   535813.920   535813.901   535813.094   536113.902   537613.910
  5015:   537615.613   539565.623   539566.713   539751.123   539783.123
  5020:   540040.123   540072.123   540102.123   540173.123   540204.123
  5025:   540237.123   540269.123   540303.123   540334.123   540368.123
  5030:   540396.123   540427.123   540457.123   540489.123   540518.123
  5035:   540547.123   540579.123   540609.123   540641.123   540675.123
  5040:   540717.123   540797.123   540830.123   540861.123   540887.123
  5045:   540919.123   540948.123   540978.123   541007.123   541041.123
  5050:   541075.123   541110.123   541140.123   541170.123   541203.123
  5055:   541265.123   541341.123   541371.123   541399.123   541435.123
  5060:   541464.123   541502.123   541623.723   541623.920   541623.901
  5065:   541623.093   541923.902   543423.910   543425.614   546175.624
  5070:   546176.814   547122.134   547156.134   547406.134   547431.134
  5075:   547784.134   547900.134   548231.134   548267.134   548294.134
  5080:   548325.134   548355.134   548387.134   548427.134   548461.134
  5085:   548537.134   548566.134   548591.134   548623.134   548651.134
  5090:   548681.134   548711.134   548742.134   548770.134   548800.134
  5095:   548836.134   548870.134   548902.134   548968.134   549003.134
  5100:   549034.134   549064.134   549097.134   549131.134   549158.134
  5105:   549188.134   549216.134   549249.134   549282.134   549318.134
  5110:   549383.134   549416.134   549445.134   549475.134   549505.134
  5115:   549539.134   549566.134   549597.134   549630.134   549659.134
  5120:   549689.134   549756.134   549786.134   549847.134   549876.134
  5125:   549909.134   549941.134   549970.134   549999.134   550034.134
  5130:   550065.134   550095.134   550132.134   550174.134   550203.134
  5135:   550300.134   550368.134   550779.134   551381.134   552276.824
  5140:   552276.920   553776.910   553778.614   556528.624   556529.814
  5145:   559278.134   559308.134   559344.134   559722.134   559754.134
  5150:   559789.134   560107.134   560317.134   560411.134   560795.134
  5155:   560953.134   561359.134   561395.134   561571.134   561604.134
  5160:   561635.134   562152.134   562186.134   562629.824   562629.920
  5165:   562634.411   564129.910   564131.614   566881.624   566882.714
  5170:   567597.124   567666.124   568258.124   568710.124   569236.124
  5175:   569267.124   569301.124   569328.124   569783.724   569783.920
  5180:   569783.901   569783.094   570083.902   571583.910   571585.615
  5185:   575435.625   575436.815   575762.135   576187.135   576223.135
  5190:   576256.135   576283.135   576315.135   576390.135   576449.135
  5195:   576555.135   576586.135   576658.135   576695.135   576726.135
  5200:   576759.135   576905.135   576938.135   576968.135   577108.135
  5205:   577135.135   577165.135   577195.135   577265.135   577359.135
  5210:   577817.135   577851.135   577908.135   578634.135   578664.135
  5215:   578864.135   579327.135   579359.135   579390.135   579814.135
  5220:   579847.135   579877.135   580387.135   580417.135   581510.135
  5225:   581541.135   581981.135   582012.135   582165.135   582322.135
  5230:   582516.135   582925.135   583411.135   583436.825   583436.920
  5235:   583446.411   583453.411   583463.411   584936.910   584938.611
  5240:   585938.621   585939.711   586503.121   586531.121   586561.121
  5245:   586596.121   586702.121   586734.121   586766.121   586849.121
  5250:   586875.121   586901.121   586934.121   586969.721   586969.920
  5255:   586969.901   586969.091   587269.902   588769.910   588771.614
  5260:   591521.624   591522.814   594394.134   594428.134   594858.134
  5265:   594895.134   594925.134   595390.134   595422.134   595827.134
  5270:   595857.134   595918.134   596496.134   596526.134   597003.134
  5275:   597483.134   597514.134   597622.824   597622.920   599122.910
  5280:   599124.611   600124.621   600125.811   600588.131   600955.131
  5285:   600984.131   601053.131   601088.131   601120.131   601151.131
  5290:   601310.131   601340.131   601399.131   601428.131   601484.131
  5295:   601516.131   601549.131   601581.131   601651.131   601680.131
  5300:   601712.131   601795.131   601824.131   601857.131   601884.131
  5305:   601943.131   601973.131   602142.131   602171.131   602196.131
  5310:   602226.131   602314.131   602341.131   602374.131   602774.131
  5315:   602810.131   603208.131   603242.131   603330.131   603625.821
  5320:   603625.920   605125.910   605127.615   608977.625   608978.815
  5325:   612465.135   612497.135   612525.135   612557.135   612894.135
  5330:   612930.135   613086.135   613425.135   613470.135   613597.135
  5335:   613627.135   613905.135   613941.135   614186.135   614262.135
  5340:   614696.135   614730.135   615184.135   616978.825   616978.920
  5345:   618478.910   618480.615   622330.625   622331.815   624127.135
  5350:   624160.135   624189.135   624220.135   624276.135   624311.135
  5355:   624345.135   624381.135   624461.135   624492.135   624532.135
  5360:   624567.135   624607.135   624644.135   624692.135   624724.135
  5365:   624758.135   624790.135   624830.135   624868.135   624902.135
  5370:   624938.135   624971.135   625021.135   625051.135   625085.135
  5375:   625160.135   625189.135   625217.135   625251.135   625284.135
  5380:   625311.135   625326.135   625484.135   625568.135   625597.135
  5385:   625607.135   625719.135   625750.135   625762.135   625804.135
  5390:   625959.135   626126.135   626190.135   626226.135   626781.135
  5395:   626815.135   628468.135   628590.135   628630.135   628722.135
  5400:   628870.135   628878.135   629275.135   629331.135   630331.825
  5405:   630331.920   630331.902   630331.005   630331.006   630331.007
  5410:   630331.020        
D:
     0:        0.000        0.000        0.000        0.000        0.000
     5:        0.000        0.000        0.000        0.000        0.000
    10:        0.000        0.000        0.000        0.000        0.000
    15:        0.000        0.000        0.000        0.000        0.000
    20:        0.000        0.000        0.000        0.000        0.000
    25:        0.000       10.000        0.000        0.000        0.000
    30:        0.000        0.000        0.000        0.000        0.000
    35:        0.000
F:
     0:       10.000       10.000       10.000       10.000       10.000
     5:       10.000       10.000       10.000       10.000       10.000
    10:       10.000       10.000       10.000       10.000       10.000
    15:       10.000       10.000       10.000       10.000       10.000
    20:       10.000       14.000       14.000       14.000       14.000
    25:       14.000       14.000       14.000       14.000       14.000
    30:       14.000       14.000       14.000       14.000       14.000
    35:       14.000       14.000       14.000       14.000       19.500
    40:       19.500       19.500       19.500       19.500       19.500
    45:       19.500       19.500       19.500       19.500       19.500
    50:       19.500       19.500       19.500       19.500       27.500
    55:       27.500       27.500       27.500       27.500       27.500
    60:       27.500       27.500       27.500       27.500       27.500
    65:       27.500       38.500       38.500       38.500       38.500
    70:       38.500       38.500       38.500       38.500       38.500
    75:       20.000       20.000       20.000       20.000       20.000
    80:       20.000       20.000       28.000       28.000       28.000
    85:       28.000       28.000       28.000       39.000       39.000
    90:       39.000       39.000       39.000       55.000       55.000
    95:       55.000       55.000       77.000       77.000       77.000
I:
     0:       75.000        0.000        0.000
M:
     0:       21.000       18.000       15.000       12.000        9.000
     5:        7.000        6.000        5.000        4.000        3.000
    10:      100.000
N:
     0:       28.000       24.000       20.000       16.000       12.000
     5:        0.000
Q:
     0:       21.000       18.000       15.000       12.000        9.000
     5:        0.000
V:
     0:        0.000        0.000        0.000        0.000        0.000
     5:      514.000      594.000      684.000      621.000      596.000
    10:      488.000      498.000      359.000      172.000      119.000
    15:        0.000
