File: C:\MED-PC IV\DATA\M_PEAK_CP22P105


Start Date: 11/23/17
End Date: 11/23/17
Subject: P105
Experiment: IF-PICO
Group: 0
Box: 6
Start Time:  9:46:43
End Time: 11:32:21
MSN: Multiple_Peak_CP
B:       0.000
C:       0.000
E:    3039.000
G:      14.000
H:    1400.000
J:       0.000
K:       0.000
L:       0.000
O:       0.000
P:       0.000
R:       0.000
S:       0.000
T:  633801.000
U:       0.000
W:       0.000
X:       0.000
Y:       0.000
Z:       0.000
A:
     0:        0.010      500.910      502.613     2452.623     2453.713
     5:     2583.123     2692.123     2732.123     2768.123     2818.123
    10:     3257.123     3291.123     3304.123     3337.123     3379.123
    15:     3424.123     3697.123     3763.123     3773.123     3820.123
    20:     3833.123     3993.123     4192.123     4367.123     4479.723
    25:     4479.920     4479.901     4479.093     4779.902     6279.910
    30:     6281.611     7281.621     7282.711     7420.121     7456.121
    35:     7526.121     7840.121     7921.121     8005.121     8014.121
    40:     8094.121     8138.121     8151.121     8203.121     8253.121
    45:     8363.721     8363.920     8363.901     8363.091     8663.902
    50:    10163.910    10165.611    11165.621    11166.811    11249.131
    55:    11286.131    11328.131    11440.131    11662.131    11751.131
    60:    11789.131    11826.131    11861.131    11897.131    11948.131
    65:    11955.131    11998.131    12103.131    12286.131    12302.131
    70:    12412.131    12419.131    12465.131    12476.131    12513.131
    75:    12720.131    12800.131    12847.131    12965.131    12972.131
    80:    13055.131    13190.131    13273.131    13349.131    13358.131
    85:    13393.131    13401.131    13521.131    13530.131    13543.131
    90:    13603.131    13644.131    13651.131    13668.131    13721.131
    95:    13765.131    13777.131    13968.131    14017.131    14032.131
   100:    14236.131    14282.131    14325.131    14332.131    14351.131
   105:    14410.131    14665.131    14666.821    14666.920    16166.910
   110:    16168.611    17168.621    17169.811    17252.131    17292.131
   115:    17617.131    17809.131    17940.131    18033.131    18085.131
   120:    18308.131    18504.131    18603.131    18724.131    18772.131
   125:    18843.131    18937.131    18981.131    18988.131    19040.131
   130:    19186.131    19237.131    19281.131    19369.131    19452.131
   135:    19495.131    19516.131    19552.131    19603.131    19654.131
   140:    19734.131    19748.131    19788.131    19800.131    19838.131
   145:    19893.131    19946.131    19994.131    20005.131    20067.131
   150:    20120.131    20136.131    20318.131    20375.131    20386.131
   155:    20427.131    20443.131    20543.131    20631.131    20669.821
   160:    20669.920    22169.910    22171.612    23571.622    23572.812
   165:    23691.132    23813.132    23848.132    23887.132    24214.132
   170:    24256.132    24331.132    24496.132    24505.132    24553.132
   175:    24607.132    24698.132    24753.132    24811.132    24890.132
   180:    25026.132    25080.132    25139.132    25250.132    25343.132
   185:    25433.132    25516.132    25655.132    25685.132    25702.132
   190:    25748.132    25798.132    25970.132    26278.132    26850.132
   195:    26903.132    26949.132    26991.132    27572.822    27572.920
   200:    29072.910    29074.611    30074.621    30075.711    30276.121
   205:    30399.121    31081.721    31081.920    31081.901    31081.091
   210:    31381.902    32881.910    32883.611    33883.621    33884.711
   215:    34043.121    34083.121    34165.121    34210.121    34365.121
   220:    34506.121    34617.121    34755.121    34804.121    34861.121
   225:    34983.721    34983.920    34983.901    34983.091    35283.902
   230:    36783.910    36785.611    37785.621    37786.711    37904.121
   235:    37938.121    37974.121    38053.121    38095.121    38174.121
   240:    38255.121    38534.121    38623.121    38694.121    38747.121
   245:    38898.721    38898.920    38898.901    38898.091    39198.902
   250:    40698.910    40700.611    41700.621    41701.711    41779.121
   255:    41860.121    41936.121    42016.121    42270.121    42309.121
   260:    42325.121    42381.121    42461.121    42601.121    42646.121
   265:    42660.121    42706.721    42706.920    42706.901    42706.091
   270:    43006.902    44506.910    44508.611    45508.621    45509.711
   275:    45614.121    45653.121    45691.121    45732.121    45973.121
   280:    46094.121    46172.121    46214.121    46307.121    46363.121
   285:    46411.121    46497.121    46552.721    46552.920    46552.901
   290:    46552.091    46852.902    48352.910    48354.612    49754.622
   295:    49755.712    49879.122    49924.122    50205.122    50241.122
   300:    50279.122    50377.122    50459.122    50474.122    50505.122
   305:    50543.122    50654.122    50817.122    50903.122    51031.122
   310:    51085.122    51104.122    51265.722    51265.920    51265.901
   315:    51265.092    51565.902    53065.910    53067.613    55017.623
   320:    55018.713    55155.123    55350.123    55625.123    55849.123
   325:    56171.123    56187.123    56258.123    56652.123    56664.123
   330:    56697.123    56744.123    56791.123    56901.123    56976.723
   335:    56976.920    56976.901    56976.093    57276.902    58776.910
   340:    58778.613    60728.623    60729.713    61033.123    61357.123
   345:    61396.123    61432.123    61695.123    61746.123    61784.123
   350:    61902.123    62035.123    62080.123    62506.123    62561.123
   355:    62602.123    62642.123    62682.723    62682.920    62682.901
   360:    62682.093    62982.902    64482.910    64484.613    66434.623
   365:    66435.813    66655.133    66694.133    66774.133    66939.133
   370:    66985.133    67026.133    67117.133    67343.133    67399.133
   375:    67495.133    67626.133    67753.133    67803.133    67922.133
   380:    68025.133    68098.133    68158.133    68172.133    68222.133
   385:    68360.133    68505.133    68835.133    68849.133    68925.133
   390:    68938.133    68993.133    69073.133    69203.133    69219.133
   395:    69291.133    69308.133    69407.133    69421.133    69477.133
   400:    69494.133    69760.133    69771.133    69816.133    69872.133
   405:    69963.133    69974.133    69989.133    70042.133    70372.133
   410:    70421.133    70431.133    70467.133    70499.133    70579.133
   415:    70601.133    70703.133    70717.133    70993.133    71042.133
   420:    71143.133    71162.133    71235.823    71235.920    72735.910
   425:    72737.614    75487.624    75488.714    75754.124    75794.124
   430:    75838.124    75882.124    76014.124    76058.124    76106.124
   435:    76293.124    76328.124    76404.124    76584.124    76670.124
   440:    76764.124    76851.124    76863.124    76947.124    77070.124
   445:    77177.124    77228.124    77243.124    77336.124    77455.124
   450:    77464.124    77730.124    77791.124    77849.124    77944.124
   455:    77999.124    78014.124    78125.124    78486.724    78486.920
   460:    78486.901    78486.094    78786.902    80286.910    80288.615
   465:    84138.625    84139.715    84426.125    84466.125    84513.125
   470:    85033.125    85073.125    85106.125    85241.125    85336.125
   475:    85453.125    85621.125    85695.125    85928.125    85941.125
   480:    85984.125    86110.125    86256.125    86405.125    86415.125
   485:    86469.125    86556.125    86567.125    86619.125    86882.125
   490:    87121.125    87176.125    87188.125    87355.125    87415.125
   495:    87503.125    87581.125    87872.125    87884.125    87963.125
   500:    87975.125    88025.725    88025.920    88025.901    88025.095
   505:    88325.902    89825.910    89827.613    91777.623    91778.813
   510:    91896.133    91938.133    92035.133    92219.133    92274.133
   515:    93033.133    93043.133    93088.133    93154.133    93171.133
   520:    93232.133    93247.133    93332.133    93340.133    93478.133
   525:    93629.133    93731.133    93839.133    93950.133    94110.133
   530:    94117.133    94211.133    94342.133    94347.133    94559.133
   535:    94618.133    94947.133    95002.133    95072.133    95088.133
   540:    95155.133    95170.133    95422.133    95493.133    95568.133
   545:    95582.133    95740.133    95790.133    96548.133    96578.823
   550:    96578.920    96588.411    96600.411    96612.411    96720.411
   555:    98078.910    98080.611    99080.621    99081.711   100446.721
   560:   100446.920   100446.901   100446.091   100746.902   102246.910
   565:   102248.614   104998.624   104999.714   105576.124   105766.124
   570:   105815.124   106049.124   106358.124   106484.124   106498.124
   575:   106540.124   106795.124   106807.124   106861.124   106953.124
   580:   107180.124   107214.124   107222.124   107273.124   107280.124
   585:   107526.124   107541.124   107630.124   108103.724   108103.920
   590:   108103.901   108103.094   108403.902   109903.910   109905.612
   595:   111305.622   111306.712   111388.122   111473.122   111520.122
   600:   111563.122   111779.122   111878.122   112261.122   112273.122
   605:   112360.122   112373.122   112613.122   112780.722   112780.920
   610:   112780.901   112780.092   113080.902   114580.910   114582.615
   615:   118432.625   118433.715   118661.125   118986.125   119041.125
   620:   119378.125   119605.125   119661.125   119932.125   119952.125
   625:   120024.125   120136.125   120441.125   120510.125   120642.125
   630:   120660.125   120712.125   120922.125   120951.125   121012.125
   635:   121098.125   121321.125   121463.125   121517.125   121680.125
   640:   121814.125   121916.125   122004.125   122121.125   122216.125
   645:   122232.125   122292.725   122292.920   122292.901   122292.095
   650:   122592.902   124092.910   124094.613   126044.623   126045.713
   655:   126235.123   126417.123   126865.123   126912.123   127363.123
   660:   127416.123   127442.123   127473.123   127521.123   127679.123
   665:   127933.123   127978.123   128025.723   128025.920   128025.901
   670:   128025.093   128325.902   129825.910   129827.613   131777.623
   675:   131778.813   131877.133   131955.133   132235.133   132281.133
   680:   132319.133   132357.133   132393.133   132652.133   132893.133
   685:   132934.133   133302.133   133348.133   133441.133   133540.133
   690:   133630.133   133642.133   133864.133   133876.133   133960.133
   695:   133974.133   134029.133   134077.133   134150.133   134169.133
   700:   134223.133   134478.133   134498.133   134689.133   134720.133
   705:   134773.133   134787.133   135043.133   135183.133   135416.133
   710:   135430.133   135629.133   135685.133   135969.133   136035.133
   715:   136172.133   136186.133   136377.133   136578.823   136578.920
   720:   138078.910   138080.614   140830.624   140831.814   140968.134
   725:   141013.134   141024.134   141037.134   141050.134   141080.134
   730:   141092.134   141255.134   141378.134   141462.134   141478.134
   735:   141568.134   141578.134   141606.134   141615.134   141671.134
   740:   141683.134   141786.134   141801.134   141925.134   141997.134
   745:   142136.134   142186.134   142258.134   142310.134   142327.134
   750:   142679.134   142691.134   142704.134   142717.134   142770.134
   755:   142786.134   142797.134   142868.134   143093.134   143143.134
   760:   143154.134   143242.134   143256.134   143319.134   143431.134
   765:   143748.134   143818.134   143828.134   143963.134   144011.134
   770:   144059.134   144108.134   144219.134   144229.134   144265.134
   775:   144352.134   144478.134   145306.134   145358.134   145403.134
   780:   145455.134   145800.134   146665.134   146699.134   146737.134
   785:   146750.134   146828.134   146880.134   146931.824   146931.920
   790:   146974.411   148431.910   148433.611   149433.621   149434.711
   795:   149953.121   149968.121   150006.121   150105.121   150393.121
   800:   150407.121   150538.721   150538.920   150538.901   150538.091
   805:   150838.902   152338.910   152340.613   154290.623   154291.713
   810:   154847.123   155214.123   155259.123   155312.123   155397.123
   815:   155436.123   155664.123   155727.123   155942.123   155985.123
   820:   156055.123   156328.723   156328.920   156328.901   156328.093
   825:   156628.902   158128.910   158130.614   160880.624   160881.714
   830:   161210.124   161248.124   161288.124   161341.124   161463.124
   835:   161514.124   161679.124   161724.124   161759.124   161810.124
   840:   162026.124   162112.124   162266.124   162309.124   162555.124
   845:   162723.124   162970.124   163021.124   163071.124   163251.124
   850:   163423.124   163785.724   163785.920   163785.901   163785.094
   855:   164085.902   165585.910   165587.611   166587.621   166588.811
   860:   166752.131   167069.131   167104.131   167135.131   167208.131
   865:   167437.131   167492.131   167590.131   167741.131   167887.131
   870:   168227.131   168240.131   168313.131   168323.131   168369.131
   875:   168373.131   168405.131   168592.131   168654.131   168714.131
   880:   169002.131   169999.131   170088.821   170088.920   170090.411
   885:   170151.411   171588.910   171590.612   172990.622   172991.712
   890:   173142.122   173159.122   173171.122   173292.122   173364.122
   895:   173375.122   173422.122   173505.122   173630.122   173739.122
   900:   173883.122   173968.122   174019.122   174252.122   174318.122
   905:   174416.722   174416.920   174416.901   174416.092   174716.902
   910:   176216.910   176218.615   180068.625   180069.815   180484.135
   915:   180522.135   180774.135   180891.135   180998.135   181400.135
   920:   181435.135   181525.135   181768.135   181774.135   182060.135
   925:   182073.135   182411.135   182650.135   182707.135   182881.135
   930:   182933.135   182950.135   183027.135   183136.135   183391.135
   935:   183620.135   183861.135   183879.135   183936.135   183953.135
   940:   183967.135   184025.135   184269.135   184283.135   184323.135
   945:   184333.135   184379.135   185147.135   185188.135   185227.135
   950:   185274.135   185320.135   185368.135   185424.135   185492.135
   955:   185504.135   185592.135   185830.135   185883.135   186573.135
   960:   186614.135   186669.135   186681.135   186780.135   187039.135
   965:   187098.135   187187.135   187256.135   187371.135   187433.135
   970:   188069.825   188069.920   189569.910   189571.615   193421.625
   975:   193422.815   193953.135   194004.135   194062.135   194114.135
   980:   194191.135   194398.135   194449.135   194505.135   194577.135
   985:   194823.135   194857.135   195103.135   195342.135   195393.135
   990:   195478.135   195722.135   195733.135   195777.135   195793.135
   995:   195890.135   196027.135   196175.135   196188.135   196471.135
  1000:   196539.135   196664.135   196758.135   196883.135   197155.135
  1005:   197360.135   197374.135   197433.135   197740.135   197752.135
  1010:   197825.135   198137.135   198150.135   198203.135   198217.135
  1015:   198431.135   198482.135   198519.135   198713.135   198782.135
  1020:   198797.135   198809.135   198857.135   198958.135   198968.135
  1025:   199654.135   199692.135   199782.135   199822.135   199869.135
  1030:   200269.135   200326.135   200389.135   200437.135   200518.135
  1035:   200558.135   200611.135   200666.135   200720.135   200762.135
  1040:   200862.135   200922.135   201194.135   201238.135   201300.135
  1045:   201378.135   201419.135   201422.825   201422.920   202922.910
  1050:   202924.615   206774.625   206775.715   207083.125   207124.125
  1055:   207165.125   207181.125   207227.125   207240.125   207287.125
  1060:   207399.125   207490.125   207551.125   207599.125   207614.125
  1065:   207739.125   207793.125   207888.125   207951.125   208014.125
  1070:   208112.125   208123.125   208208.125   208389.125   208451.125
  1075:   208510.125   208524.125   208637.125   208709.125   208723.125
  1080:   208811.125   208826.125   208890.125   208904.125   209361.125
  1085:   209468.125   209630.125   209975.125   210021.125   210064.125
  1090:   211245.725   211245.920   211245.901   211245.095   211545.902
  1095:   213045.910   213047.615   216897.625   216898.815   217693.135
  1100:   217741.135   217779.135   217820.135   217864.135   217954.135
  1105:   218046.135   218182.135   218318.135   218386.135   218399.135
  1110:   218757.135   218863.135   218924.135   219004.135   219019.135
  1115:   219064.135   219128.135   219150.135   219230.135   219248.135
  1120:   219329.135   219466.135   219585.135   219678.135   219766.135
  1125:   219824.135   220917.135   220961.135   221025.135   221080.135
  1130:   221122.135   221299.135   221351.135   221403.135   221446.135
  1135:   221503.135   221515.135   221640.135   221710.135   222017.135
  1140:   222063.135   222104.135   222139.135   222190.135   222225.135
  1145:   222261.135   222306.135   222366.135   222447.135   222573.135
  1150:   222629.135   222680.135   222695.135   224245.135   224288.135
  1155:   224305.135   224322.135   224376.135   224481.135   224493.135
  1160:   224657.135   224672.135   224727.135   224738.135   224828.135
  1165:   224898.825   224898.920   224924.411   226398.910   226400.613
  1170:   228350.623   228351.713   228455.123   228495.123   228543.123
  1175:   228596.123   228766.123   228928.123   229197.123   229406.123
  1180:   229517.123   229591.123   229645.123   229663.123   229720.123
  1185:   229786.123   229844.123   229901.123   229960.123   230062.123
  1190:   230132.123   230148.123   230206.123   230271.123   230328.723
  1195:   230328.920   230328.901   230328.093   230628.902   232128.910
  1200:   232130.612   233530.622   233531.712   233642.122   233680.122
  1205:   233716.122   233734.122   233777.122   233848.122   234323.122
  1210:   234383.122   234482.122   234569.122   234627.122   234644.122
  1215:   234863.122   235106.722   235106.920   235106.901   235106.092
  1220:   235406.902   236906.910   236908.612   238308.622   238309.712
  1225:   238422.122   238469.122   238587.122   238711.122   238841.122
  1230:   238853.122   238961.122   239105.122   239194.122   239332.122
  1235:   239514.122   239680.122   239780.722   239780.920   239780.901
  1240:   239780.092   240080.902   241580.910   241582.611   242582.621
  1245:   242583.711   242703.121   242747.121   242794.121   242879.121
  1250:   242917.121   243033.121   243334.121   243727.721   243727.920
  1255:   243727.901   243727.091   244027.902   245527.910   245529.612
  1260:   246929.622   246930.712   247054.122   247113.122   247190.122
  1265:   247223.122   247251.122   247369.122   247848.122   248153.122
  1270:   248379.722   248379.920   248379.901   248379.092   248679.902
  1275:   250179.910   250181.611   251181.621   251182.811   251317.131
  1280:   251357.131   251562.131   251611.131   251684.131   251794.131
  1285:   252101.131   252181.131   252191.131   252251.131   252404.131
  1290:   252741.131   252758.131   252869.131   252884.131   252900.131
  1295:   252913.131   252995.131   253062.131   253160.131   253326.131
  1300:   253614.131   253701.131   253718.131   253775.131   254372.131
  1305:   254411.131   254435.131   254476.131   254509.131   254573.131
  1310:   254682.821   254682.920   254700.411   256182.910   256184.612
  1315:   257584.622   257585.712   257757.122   257799.122   257886.122
  1320:   257982.122   258030.122   258149.122   258234.122   258583.122
  1325:   258720.122   258955.122   259046.722   259046.920   259046.901
  1330:   259046.092   259346.902   260846.910   260848.614   263598.624
  1335:   263599.714   263941.124   263987.124   264024.124   264063.124
  1340:   264164.124   264359.124   264527.124   264593.124   265031.124
  1345:   265042.124   265099.124   265111.124   265151.124   265428.124
  1350:   265794.124   265848.124   265880.124   265896.124   265950.124
  1355:   265965.124   266087.124   266177.124   266292.124   266470.724
  1360:   266470.920   266470.901   266470.094   266770.902   268270.910
  1365:   268272.614   271022.624   271023.714   271119.124   271174.124
  1370:   271547.124   271907.124   271951.124   271994.124   272039.124
  1375:   272157.124   272168.124   272229.124   272530.124   272541.124
  1380:   272590.124   272602.124   272906.124   273192.124   273305.124
  1385:   273319.124   273550.124   273665.124   273768.124   273971.724
  1390:   273971.920   273971.901   273971.094   274271.902   275771.910
  1395:   275773.611   276773.621   276774.711   277001.121   277051.121
  1400:   277104.121   277157.121   277243.121   277325.121   277369.121
  1405:   277405.121   277602.121   278009.721   278009.920   278009.901
  1410:   278009.091   278309.902   279809.910   279811.615   283661.625
  1415:   283662.715   284174.125   284630.125   284670.125   284981.125
  1420:   285032.125   285187.125   285238.125   285317.125   285446.125
  1425:   285493.125   285594.125   285600.125   285844.125   286060.125
  1430:   286133.125   286356.125   286476.125   286532.125   286547.125
  1435:   286757.125   286923.125   286984.125   287071.125   287082.125
  1440:   287283.125   287334.125   287383.125   287595.725   287595.920
  1445:   287595.901   287595.095   287895.902   289395.910   289397.613
  1450:   291347.623   291348.713   291445.123   291523.123   291611.123
  1455:   291684.123   291728.123   292026.123   292070.123   292343.123
  1460:   292355.123   292446.123   292457.123   292585.123   292725.123
  1465:   292919.123   292933.123   293055.123   293119.123   293133.123
  1470:   293311.723   293311.920   293311.901   293311.093   293611.902
  1475:   295111.910   295113.611   296113.621   296114.711   296538.121
  1480:   296578.121   296623.121   296707.121   296907.121   297005.121
  1485:   297125.721   297125.920   297125.901   297125.091   297425.902
  1490:   298925.910   298927.611   299927.621   299928.711   300043.121
  1495:   300127.121   300173.121   300221.121   300302.121   300338.121
  1500:   300380.121   300533.121   300548.121   300901.121   300993.721
  1505:   300993.920   300993.901   300993.091   301293.902   302793.910
  1510:   302795.611   303795.621   303796.711   303955.121   303998.121
  1515:   304041.121   304081.121   304169.121   304252.121   304478.121
  1520:   304627.121   304700.121   304710.121   304768.121   304825.721
  1525:   304825.920   304825.901   304825.091   305125.902   306625.910
  1530:   306627.611   307627.621   307628.711   307714.121   307756.121
  1535:   307911.121   308029.121   308046.121   308124.121   308468.121
  1540:   308659.721   308659.920   308659.901   308659.091   308959.902
  1545:   310459.910   310461.612   311861.622   311862.712   312007.122
  1550:   312129.122   312165.122   312203.122   312316.122   312351.122
  1555:   312390.122   312567.122   312621.122   312674.122   312709.122
  1560:   312748.122   313094.122   313239.122   313298.722   313298.920
  1565:   313298.901   313298.092   313598.902   315098.910   315100.614
  1570:   317850.624   317851.714   318776.124   319020.124   319251.124
  1575:   319395.124   319477.124   319742.124   319791.124   319833.124
  1580:   319875.124   320062.124   320135.124   320373.124   320384.124
  1585:   320435.124   320531.124   320588.124   320694.724   320694.920
  1590:   320694.901   320694.094   320994.902   322494.910   322496.611
  1595:   323496.621   323497.811   323700.131   323758.131   323801.131
  1600:   324026.131   324106.131   324272.131   324320.131   324368.131
  1605:   324406.131   324428.131   324463.131   324571.131   324687.131
  1610:   324694.131   324791.131   324881.131   324887.131   325037.131
  1615:   325091.131   325292.131   325309.131   325389.131   325493.131
  1620:   325499.131   325556.131   325739.131   325828.131   325977.131
  1625:   326179.131   326230.131   326245.131   326408.131   326465.131
  1630:   326997.821   326997.920   328497.910   328499.612   329899.622
  1635:   329900.712   329996.122   330131.122   330168.122   330454.122
  1640:   330495.122   330681.122   330753.122   330764.122   330829.122
  1645:   330954.122   331146.122   331389.722   331389.920   331389.901
  1650:   331389.092   331689.902   333189.910   333191.612   334591.622
  1655:   334592.712   334734.122   334781.122   335072.122   335112.122
  1660:   335290.122   335324.122   335362.122   335522.122   335678.122
  1665:   335967.122   336373.722   336373.920   336373.901   336373.092
  1670:   336673.902   338173.910   338175.613   340125.623   340126.713
  1675:   340263.123   340532.123   340570.123   340656.123   341091.123
  1680:   341129.123   341169.123   341526.123   341535.123   341736.123
  1685:   341746.123   342026.123   342128.723   342128.920   342128.901
  1690:   342128.093   342428.902   343928.910   343930.614   346680.624
  1695:   346681.714   347382.124   347415.124   347456.124   347727.124
  1700:   347772.124   347977.124   347989.124   348215.124   348228.124
  1705:   348316.124   348454.124   348500.124   348632.124   348648.124
  1710:   348896.124   349164.124   349180.124   349232.124   349457.724
  1715:   349457.920   349457.901   349457.094   349757.902   351257.910
  1720:   351259.612   352659.622   352660.812   352750.132   352884.132
  1725:   353037.132   353108.132   353402.132   353582.132   353623.132
  1730:   353874.132   353917.132   353961.132   354173.132   354217.132
  1735:   354231.132   354315.132   354682.132   354801.132   354814.132
  1740:   354832.132   354983.132   355068.132   355182.132   355243.132
  1745:   355255.132   355389.132   355547.132   355831.132   355862.132
  1750:   355960.132   355977.132   356187.132   356196.132   356268.132
  1755:   356432.132   356445.132   356494.132   356584.132   356660.822
  1760:   356660.920   356718.411   358160.910   358162.613   360112.623
  1765:   360113.713   360535.123   360578.123   360855.123   361260.123
  1770:   361428.123   361476.123   361683.123   361717.123   362005.123
  1775:   362067.723   362067.920   362067.901   362067.093   362367.902
  1780:   363867.910   363869.611   364869.621   364870.711   365089.121
  1785:   365141.121   365261.121   365367.121   365508.121   365628.121
  1790:   365639.121   365753.121   365795.121   365860.121   365946.721
  1795:   365946.920   365946.901   365946.091   366246.902   367746.910
  1800:   367748.612   369148.622   369149.712   369416.122   369627.122
  1805:   369883.122   369970.122   370067.122   370262.122   370361.122
  1810:   370373.122   370456.122   370521.122   370619.722   370619.920
  1815:   370619.901   370619.092   370919.902   372419.910   372421.611
  1820:   373421.621   373422.811   373680.131   373806.131   373979.131
  1825:   374352.131   374401.131   374669.131   374743.131   374833.131
  1830:   374890.131   375279.131   375476.131   375561.131   375572.131
  1835:   375615.131   375685.131   375727.131   376350.131   376393.131
  1840:   376445.131   376563.131   376655.131   376922.821   376922.920
  1845:   378422.910   378424.612   379824.622   379825.712   380004.122
  1850:   380128.122   380352.122   380576.122   380612.122   380823.122
  1855:   380990.122   381106.122   381217.122   381360.722   381360.920
  1860:   381360.901   381360.092   381660.902   383160.910   383162.612
  1865:   384562.622   384563.812   384656.132   384748.132   385049.132
  1870:   385089.132   385168.132   385321.132   385511.132   386001.132
  1875:   386014.132   386070.132   386263.132   386441.132   386709.132
  1880:   386804.132   386818.132   387020.132   387065.132   387159.132
  1885:   387245.132   387781.132   387798.132   387864.132   387906.132
  1890:   387944.132   388009.132   388025.132   388162.132   388254.132
  1895:   388528.132   388561.132   388563.822   388563.920   390063.910
  1900:   390065.612   391465.622   391466.812   391581.132   391733.132
  1905:   391771.132   391888.132   391900.132   392087.132   392099.132
  1910:   392172.132   392180.132   392598.132   392605.132   392793.132
  1915:   392936.132   393096.132   393279.132   393289.132   393452.132
  1920:   393500.132   393577.132   393593.132   393664.132   393712.132
  1925:   393723.132   394483.132   394514.132   394533.132   394574.132
  1930:   394740.132   394779.132   395000.132   395219.132   395268.132
  1935:   395466.822   395466.920   396966.910   396968.612   398368.622
  1940:   398369.712   399016.122   399053.122   399122.122   399158.122
  1945:   399201.122   399268.122   399315.122   399467.122   399592.122
  1950:   399654.122   399701.122   399782.722   399782.920   399782.901
  1955:   399782.092   400082.902   401582.910   401584.612   402984.622
  1960:   402985.812   403100.132   403142.132   403362.132   403376.132
  1965:   403425.132   403588.132   403846.132   403909.132   404002.132
  1970:   404093.132   404257.132   404444.132   404458.132   404626.132
  1975:   404642.132   404650.132   404890.132   404949.132   404958.132
  1980:   405013.132   405106.132   405968.132   406005.132   406022.132
  1985:   406046.132   406088.132   406188.132   406203.132   406292.132
  1990:   406413.132   406487.132   406553.132   406568.132   406648.132
  1995:   406745.132   406853.132   406985.822   406985.920   407004.411
  2000:   407023.411   407038.411   408485.910   408487.613   410437.623
  2005:   410438.713   410770.123   411034.123   411157.123   411211.123
  2010:   411311.123   411722.123   411805.123   412009.123   412059.123
  2015:   412076.123   412432.723   412432.920   412432.901   412432.093
  2020:   412732.902   414232.910   414234.612   415634.622   415635.812
  2025:   415793.132   415841.132   416027.132   416103.132   416149.132
  2030:   416360.132   416826.132   416839.132   416946.132   417023.132
  2035:   417139.132   417274.132   417289.132   417454.132   417503.132
  2040:   417624.132   417882.132   417938.132   417976.132   418030.132
  2045:   418097.132   418110.132   418167.132   418178.132   418255.132
  2050:   418404.132   418434.132   419010.132   419047.132   419089.132
  2055:   419472.132   419486.132   419506.132   419557.132   419571.132
  2060:   419635.822   419635.920   421135.910   421137.613   423087.623
  2065:   423088.813   423214.133   423251.133   423291.133   423597.133
  2070:   423639.133   423655.133   423925.133   424070.133   424083.133
  2075:   424171.133   424229.133   424246.133   424826.133   424930.133
  2080:   425191.133   425245.133   425251.133   425323.133   425330.133
  2085:   425532.133   425577.133   425591.133   425787.133   425804.133
  2090:   425841.133   425987.133   426490.133   426529.133   426581.133
  2095:   426675.133   427175.133   427192.133   427229.133   427313.133
  2100:   427361.133   427409.133   427535.133   427598.133   427720.133
  2105:   427789.133   427888.823   427888.920   427893.411   427907.411
  2110:   427919.411   429388.910   429390.612   430790.622   430791.712
  2115:   430917.122   431079.122   431120.122   431279.122   431327.122
  2120:   431384.122   431769.122   431853.122   431914.122   432012.122
  2125:   432180.122   432326.722   432326.920   432326.901   432326.092
  2130:   432626.902   434126.910   434128.614   436878.624   436879.714
  2135:   436967.124   437045.124   437271.124   437306.124   437385.124
  2140:   437532.124   437544.124   437649.124   437686.124   437735.124
  2145:   437782.124   438173.124   438187.124   438240.124   438584.124
  2150:   438597.124   438999.124   439078.124   439144.124   439213.124
  2155:   439226.124   439276.124   439514.124   439527.124   439572.124
  2160:   439632.724   439632.920   439632.901   439632.094   439932.902
  2165:   441432.910   441434.615   445284.625   445285.715   445790.125
  2170:   446546.125   446586.125   446640.125   446684.125   446768.125
  2175:   447038.125   447230.125   447448.125   447504.125   447617.125
  2180:   447680.125   447758.125   447782.125   447836.125   447842.125
  2185:   447893.125   448125.125   448192.125   448296.125   448360.125
  2190:   448412.125   448480.125   448561.125   448604.125   448657.125
  2195:   448672.125   448730.125   448742.125   448794.125   448808.125
  2200:   448892.125   448911.125   448999.125   449011.125   449137.725
  2205:   449137.920   449137.901   449137.095   449437.902   450937.910
  2210:   450939.612   452339.622   452340.712   452434.122   452725.122
  2215:   452758.122   453009.122   453066.122   453115.122   453276.122
  2220:   453322.122   453629.122   453817.722   453817.920   453817.901
  2225:   453817.092   454117.902   455617.910   455619.614   458369.624
  2230:   458370.714   458494.124   458955.124   459345.124   459537.124
  2235:   459890.124   459927.124   460208.124   460255.124   460297.124
  2240:   460335.124   460691.124   460791.124   460875.124   460884.124
  2245:   461069.124   461186.724   461186.920   461186.901   461186.094
  2250:   461486.902   462986.910   462988.615   466838.625   466839.715
  2255:   467360.125   468357.125   468398.125   468443.125   468525.125
  2260:   468813.125   468853.125   468888.125   468929.125   469241.125
  2265:   469492.125   469555.125   469679.125   469695.125   469740.125
  2270:   469982.125   470038.125   470300.125   470445.125   470450.125
  2275:   470506.125   470757.725   470757.920   470757.901   470757.095
  2280:   471057.902   472557.910   472559.613   474509.623   474510.713
  2285:   474606.123   474944.123   474983.123   475191.123   475237.123
  2290:   475317.123   475707.123   475897.123   476077.123   476235.123
  2295:   476546.723   476546.920   476546.901   476546.093   476846.902
  2300:   478346.910   478348.611   479348.621   479349.711   479477.121
  2305:   479566.121   479714.121   479972.121   480096.121   480259.121
  2310:   480357.721   480357.920   480357.901   480357.091   480657.902
  2315:   482157.910   482159.613   484109.623   484110.713   484191.123
  2320:   484748.123   485049.123   485085.123   485452.123   485493.123
  2325:   485758.123   485805.123   485850.123   485871.123   485977.123
  2330:   486145.723   486145.920   486145.901   486145.093   486445.902
  2335:   487945.910   487947.614   490697.624   490698.714   491477.124
  2340:   491527.124   492277.124   492485.124   492499.124   492574.124
  2345:   492954.124   493087.124   493290.124   493296.124   493389.124
  2350:   493530.724   493530.920   493530.901   493530.094   493830.902
  2355:   495330.910   495332.614   498082.624   498083.814   498231.134
  2360:   498799.134   498870.134   499441.134   499464.134   499739.134
  2365:   499822.134   500036.134   500098.134   500216.134   500448.134
  2370:   500522.134   500608.134   500620.134   500771.134   500879.134
  2375:   500968.134   501108.134   501166.134   501283.134   501297.134
  2380:   501415.134   501528.134   501558.134   501568.134   501627.134
  2385:   501857.134   501869.134   501955.134   502220.134   502233.134
  2390:   502412.134   502454.134   502555.134   502842.134   502883.134
  2395:   502924.134   502971.134   503023.134   503209.134   503280.134
  2400:   503290.134   503376.134   503385.134   503432.134   503480.134
  2405:   503492.134   503564.134   504058.134   504095.134   504143.134
  2410:   504182.134   504183.824   504183.920   504206.411   505683.910
  2415:   505685.612   507085.622   507086.712   507225.122   507275.122
  2420:   507323.122   507563.122   507740.122   508103.122   508158.122
  2425:   508252.122   508361.122   508413.122   508489.722   508489.920
  2430:   508489.901   508489.092   508789.902   510289.910   510291.612
  2435:   511691.622   511692.712   511825.122   511904.122   512020.122
  2440:   512059.122   512224.122   512278.122   512366.122   512538.122
  2445:   512599.122   512611.122   512718.122   512723.122   512815.122
  2450:   513208.722   513208.920   513208.901   513208.092   513508.902
  2455:   515008.910   515010.614   517760.624   517761.814   518266.134
  2460:   518304.134   518457.134   518563.134   518648.134   518658.134
  2465:   518941.134   518984.134   519179.134   519258.134   519426.134
  2470:   519441.134   519603.134   519651.134   519822.134   520027.134
  2475:   520078.134   520125.134   520155.134   520165.134   520228.134
  2480:   520290.134   520433.134   520451.134   520519.134   520771.134
  2485:   520862.134   520889.134   520903.134   520954.134   520963.134
  2490:   521017.134   521366.134   521394.134   521475.134   521694.134
  2495:   521749.134   521761.134   521832.134   521843.134   521891.134
  2500:   521903.134   521968.134   522014.134   522025.134   522124.134
  2505:   522135.134   522182.134   522193.134   522380.134   522393.134
  2510:   522426.134   522459.134   522527.134   522576.134   522589.134
  2515:   522680.134   522690.134   522770.134   522866.134   522945.134
  2520:   522996.134   523073.134   523122.134   523175.134   523281.134
  2525:   523412.134   523465.134   523519.134   523535.134   523810.134
  2530:   523858.134   523861.824   523861.920   525361.910   525363.613
  2535:   527313.623   527314.713   527396.123   528094.123   528203.123
  2540:   528560.123   528616.123   528848.123   529119.123   529137.123
  2545:   529304.723   529304.920   529304.901   529304.093   529604.902
  2550:   531104.910   531106.615   534956.625   534957.715   536046.125
  2555:   536061.125   536071.125   536201.125   536489.125   536534.125
  2560:   536682.125   536911.125   536953.125   537122.125   537326.125
  2565:   537377.125   537418.125   537456.125   537735.125   537747.125
  2570:   537858.125   538103.125   538149.125   538162.125   538280.125
  2575:   538344.125   538354.125   538512.125   538560.125   538743.125
  2580:   538841.725   538841.920   538841.901   538841.095   539141.902
  2585:   540641.910   540643.611   541643.621   541644.811   541767.131
  2590:   541806.131   541850.131   541894.131   541974.131   542060.131
  2595:   542185.131   542228.131   542325.131   542418.131   542425.131
  2600:   542472.131   542566.131   542624.131   542674.131   542772.131
  2605:   542864.131   542925.131   542938.131   542995.131   543014.131
  2610:   543074.131   543305.131   543314.131   543325.131   543414.131
  2615:   543447.131   543527.131   543587.131   543605.131   543672.131
  2620:   543684.131   543828.131   543844.131   543934.131   543951.131
  2625:   544044.131   544053.131   544098.131   544221.131   544277.131
  2630:   544364.131   544380.131   544390.131   544435.131   544498.131
  2635:   544509.131   544635.131   544648.131   544743.131   544879.131
  2640:   544970.131   544984.131   545124.131   545144.821   545144.920
  2645:   546644.910   546646.611   547646.621   547647.711   547740.121
  2650:   547785.121   548039.121   548049.121   548082.121   548097.121
  2655:   548168.121   548402.121   548504.121   548510.121   548882.721
  2660:   548882.920   548882.901   548882.091   549182.902   550682.910
  2665:   550684.615   554534.625   554535.715   555198.125   555489.125
  2670:   555575.125   555613.125   555689.125   555773.125   556096.125
  2675:   556110.125   556172.125   556223.125   556398.125   556486.125
  2680:   556649.125   556659.125   556793.125   556846.125   557091.125
  2685:   557130.125   557145.125   557189.125   557202.125   557274.125
  2690:   557318.125   557584.125   557629.125   557642.125   557731.125
  2695:   557965.125   558012.125   558199.125   558213.125   558305.125
  2700:   558517.725   558517.920   558517.901   558517.095   558817.902
  2705:   560317.910   560319.613   562269.623   562270.813   562839.133
  2710:   562992.133   563087.133   563276.133   563436.133   563798.133
  2715:   563845.133   563956.133   564033.133   564563.133   564618.133
  2720:   564630.133   564689.133   564746.133   564753.133   564944.133
  2725:   564995.133   565052.133   565065.133   565077.133   565318.133
  2730:   565330.133   565395.133   565411.133   565688.133   565961.133
  2735:   565974.133   566037.133   566099.133   566333.133   566389.133
  2740:   566436.133   566496.133   566559.133   566700.133   566716.133
  2745:   567008.133   567070.823   567070.920   567072.411   567085.411
  2750:   567099.411   568570.910   568572.614   571322.624   571323.814
  2755:   572071.134   572398.134   572557.134   572775.134   572821.134
  2760:   572857.134   573553.134   573604.134   573789.134   573832.134
  2765:   573951.134   573963.134   574014.134   574117.134   574128.134
  2770:   574168.134   574412.134   574420.134   574474.134   574488.134
  2775:   574547.134   574559.134   574719.134   574802.134   574891.134
  2780:   574905.134   574969.134   574980.134   575190.134   575202.134
  2785:   575250.134   575586.134   575638.134   575677.134   575713.134
  2790:   575765.134   575816.134   576089.134   576100.134   576138.134
  2795:   576151.134   576452.134   576720.134   576732.134   576749.134
  2800:   576782.134   577011.134   577019.134   577064.134   577203.134
  2805:   577328.134   577423.824   577423.920   578923.910   578925.611
  2810:   579925.621   579926.711   580056.121   580096.121   580139.121
  2815:   580380.121   580435.121   580492.121   580609.121   580699.121
  2820:   580774.121   580870.121   580983.721   580983.920   580983.901
  2825:   580983.091   581283.902   582783.910   582785.614   585535.624
  2830:   585536.714   586247.124   586363.124   586699.124   586720.124
  2835:   586813.124   587179.124   587220.124   587494.124   587529.124
  2840:   587571.124   587792.124   587841.124   588079.124   588122.124
  2845:   588133.124   588219.124   588231.124   588551.724   588551.920
  2850:   588551.901   588551.094   588851.902   590351.910   590353.615
  2855:   594203.625   594204.715   594723.125   595053.125   595363.125
  2860:   595375.125   595385.125   595396.125   595469.125   595516.125
  2865:   595727.125   595933.125   595945.125   596241.125   596253.125
  2870:   596270.125   596356.125   596368.125   596395.125   596480.125
  2875:   596529.125   596695.125   596873.125   596960.125   596968.125
  2880:   597384.125   597485.125   597618.125   597751.125   597923.125
  2885:   598037.125   598048.125   598146.725   598146.920   598146.901
  2890:   598146.095   598446.902   599946.910   599948.613   601898.623
  2895:   601899.713   601990.123   602068.123   602218.123   602254.123
  2900:   602484.123   602717.123   603028.123   603073.123   603155.123
  2905:   603354.123   603445.123   603458.123   603510.123   603614.123
  2910:   603621.123   603709.123   603716.123   604031.723   604031.920
  2915:   604031.901   604031.093   604331.902   605831.910   605833.611
  2920:   606833.621   606834.711   606932.121   606975.121   607056.121
  2925:   607100.121   607353.121   607365.121   607462.121   607553.121
  2930:   607723.121   607880.721   607880.920   607880.901   607880.091
  2935:   608180.902   609680.910   609682.611   610682.621   610683.711
  2940:   610919.121   610956.121   611091.121   611419.121   611462.121
  2945:   611497.121   611537.121   611590.121   611774.721   611774.920
  2950:   611774.901   611774.091   612074.902   613574.910   613576.611
  2955:   614576.621   614577.711   614707.121   614752.121   614972.121
  2960:   615006.121   615039.121   615379.121   615390.121   615604.721
  2965:   615604.920   615604.901   615604.091   615904.902   617404.910
  2970:   617406.613   619356.623   619357.713   619452.123   619786.123
  2975:   620161.123   620450.123   620489.123   620698.123   620732.123
  2980:   621035.123   621100.123   621114.123   621340.723   621340.920
  2985:   621340.901   621340.093   621640.902   623140.910   623142.614
  2990:   625892.624   625893.714   626552.124   626600.124   626643.124
  2995:   627113.124   627148.124   627443.124   627454.124   627497.124
  3000:   627600.124   627770.124   627843.124   627856.124   628036.124
  3005:   628087.124   628186.124   628252.124   628427.124   628440.124
  3010:   628500.124   628549.124   628644.724   628644.920   628644.901
  3015:   628644.094   628944.902   630444.910   630446.612   631846.622
  3020:   631847.712   631942.122   632294.122   632340.122   632382.122
  3025:   632636.122   632673.122   632739.122   632959.122   633501.722
  3030:   633501.920   633501.901   633501.092   633801.902   633801.902
  3035:   633801.005   633801.006   633801.007   633801.020      
D:
     0:        0.000        0.000        0.000        0.000        0.000
     5:        0.000        0.000        0.000        0.000        0.000
    10:        0.000        0.000        0.000        0.000        0.000
    15:        0.000        0.000        0.000        0.000        0.000
    20:        0.000        0.000        0.000        0.000        0.000
    25:        0.000       20.000        0.000        0.000        0.000
    30:        0.000        0.000        0.000        0.000        0.000
    35:        0.000
F:
     0:       10.000       10.000       10.000       10.000       10.000
     5:       10.000       10.000       10.000       10.000       10.000
    10:       10.000       10.000       10.000       10.000       10.000
    15:       10.000       10.000       10.000       10.000       10.000
    20:       10.000       14.000       14.000       14.000       14.000
    25:       14.000       14.000       14.000       14.000       14.000
    30:       14.000       14.000       14.000       14.000       14.000
    35:       14.000       14.000       14.000       14.000       19.500
    40:       19.500       19.500       19.500       19.500       19.500
    45:       19.500       19.500       19.500       19.500       19.500
    50:       19.500       19.500       19.500       19.500       27.500
    55:       27.500       27.500       27.500       27.500       27.500
    60:       27.500       27.500       27.500       27.500       27.500
    65:       27.500       38.500       38.500       38.500       38.500
    70:       38.500       38.500       38.500       38.500       38.500
    75:       20.000       20.000       20.000       20.000       20.000
    80:       20.000       20.000       28.000       28.000       28.000
    85:       28.000       28.000       28.000       39.000       39.000
    90:       39.000       39.000       39.000       55.000       55.000
    95:       55.000       55.000       77.000       77.000       77.000
I:
     0:       75.000        0.000        0.000
M:
     0:       21.000       18.000       15.000       12.000        9.000
     5:        7.000        6.000        5.000        4.000        3.000
    10:      100.000
N:
     0:       28.000       24.000       20.000       16.000       12.000
     5:        0.000
Q:
     0:       21.000       18.000       15.000       12.000        9.000
     5:        0.000
V:
     0:        0.000        0.000        0.000        0.000        0.000
     5:      196.000      219.000      211.000      249.000      280.000
    10:      260.000      202.000      214.000      239.000      193.000
    15:        0.000
