File: C:\MED-PC IV\DATA\M_PEAK_CP1P105


Start Date: 11/02/17
End Date: 11/02/17
Subject: P105
Experiment: IF-PICO
Group: 0
Box: 6
Start Time: 11:38:50
End Time: 13:24:11
MSN: Multiple_Peak_CP
B:       0.000
C:       0.000
E:    3478.000
G:      19.500
H:    1950.000
J:       0.000
K:       0.000
L:       0.000
O:       0.000
P:       0.000
R:       0.000
S:       0.000
T:  632072.000
U:       0.000
W:       0.000
X:       0.000
Y:       0.000
Z:       0.000
A:
     0:        0.010      500.910      502.615     4352.625     4353.715
     5:     4537.125     4606.125     5066.125     5102.125     5152.125
    10:     5198.125     5353.125     5390.125     5424.125     5442.125
    15:     5527.125     5573.125     5587.125     5677.125     5812.125
    20:     5884.125     6132.125     6231.125     6241.125     6323.125
    25:     6339.125     6498.125     6514.125     6547.125     6559.125
    30:     6622.125     6676.125     6760.125     6866.125     6917.125
    35:     6927.125     7090.125     7098.125     7150.125     7216.125
    40:     7378.125     7423.125     7507.125     7687.125     7797.125
    45:     7964.125     7974.125     8004.125     8073.125     8185.125
    50:     8318.725     8318.920     8318.901     8318.095     8618.902
    55:    10118.910    10120.611    11120.621    11121.711    11606.121
    60:    11639.121    11676.121    11706.121    11813.121    12035.121
    65:    12045.121    12080.121    12116.121    12124.721    12124.920
    70:    12124.901    12124.091    12424.902    13924.910    13926.611
    75:    14926.621    14927.711    15029.121    15075.121    15118.121
    80:    15338.121    15350.121    15388.121    15462.121    15571.121
    85:    15625.121    15634.121    15671.121    15706.121    15770.121
    90:    15849.121    15901.121    16039.721    16039.920    16039.901
    95:    16039.091    16339.902    17839.910    17841.611    18841.621
   100:    18842.711    18941.121    18979.121    19196.121    19311.121
   105:    19426.121    19438.121    19531.121    19716.121    19747.121
   110:    19758.121    19883.721    19883.920    19883.901    19883.091
   115:    20183.902    21683.910    21685.611    22685.621    22686.711
   120:    22805.121    22889.121    22997.121    23072.121    23182.121
   125:    23288.121    23375.121    23389.121    23425.121    23531.121
   130:    23582.121    23615.121    23688.721    23688.920    23688.901
   135:    23688.091    23988.902    25488.910    25490.611    26490.621
   140:    26491.711    26573.121    26621.121    26726.121    26796.121
   145:    26882.121    26997.121    27007.121    27045.121    27058.121
   150:    27121.121    27168.121    27245.121    27300.121    27448.121
   155:    27463.121    27553.721    27553.920    27553.901    27553.091
   160:    27853.902    29353.910    29355.611    30355.621    30356.811
   165:    30437.131    30473.131    30512.131    30548.131    30630.131
   170:    30701.131    30770.131    30806.131    30881.131    30930.131
   175:    31058.131    31183.131    31221.131    31235.131    31273.131
   180:    31364.131    31408.131    31421.131    31486.131    31499.131
   185:    31590.131    31626.131    31640.131    31666.131    31826.131
   190:    31857.131    31976.131    32026.131    32040.131    32139.131
   195:    32195.131    32208.131    32261.131    32321.131    32386.131
   200:    32540.131    32625.131    32635.131    32737.131    33004.131
   205:    33025.131    33039.131    33185.131    33198.131    33227.131
   210:    33238.131    33253.131    33311.131    33457.131    33565.131
   215:    33594.131    33607.131    33647.131    33717.131    33728.131
   220:    33740.131    33824.131    33856.821    33856.920    33870.411
   225:    33922.411    35356.910    35358.614    38108.624    38109.714
   230:    39108.124    39774.124    39788.124    39825.124    39929.124
   235:    40011.124    40080.124    40270.124    40302.124    40342.124
   240:    40379.124    40395.124    40509.124    40600.124    40846.124
   245:    40878.724    40878.920    40878.901    40878.094    41178.902
   250:    42678.910    42680.612    44080.622    44081.812    44166.132
   255:    44453.132    44522.132    44753.132    44804.132    45056.132
   260:    45065.132    45301.132    45308.132    45365.132    45467.132
   265:    45613.132    45622.132    45673.132    45690.132    45745.132
   270:    45790.132    45869.132    45883.132    45954.132    45993.132
   275:    46019.132    46033.132    46090.132    46152.132    46165.132
   280:    46177.132    46387.132    46429.132    46446.132    46514.132
   285:    46542.132    46584.132    46594.132    46641.132    46659.132
   290:    46710.132    46725.132    46862.132    46872.132    46919.132
   295:    46932.132    46946.132    47017.132    47080.132    47216.132
   300:    47303.132    47317.132    47446.132    47462.132    47477.132
   305:    47534.132    47549.132    47675.132    47690.132    47729.132
   310:    47744.132    48081.822    48081.920    49581.910    49583.611
   315:    50583.621    50584.711    50698.121    50733.121    50811.121
   320:    50887.121    51001.121    51208.121    51219.121    51231.121
   325:    51243.121    51297.121    51385.121    51480.121    51493.121
   330:    51506.121    51521.121    51572.121    51661.721    51661.920
   335:    51661.901    51661.091    51961.902    53461.910    53463.612
   340:    54863.622    54864.712    54933.122    55032.122    55288.122
   345:    55368.122    55453.122    55635.122    55647.122    55684.122
   350:    55814.122    55947.122    56084.122    56100.122    56223.122
   355:    56235.122    56296.722    56296.920    56296.901    56296.092
   360:    56596.902    58096.910    58098.612    59498.622    59499.712
   365:    59629.122    59670.122    59720.122    59770.122    59893.122
   370:    60047.122    60164.122    60253.122    60263.122    60305.122
   375:    60358.122    60399.122    60411.122    60494.122    60504.122
   380:    60634.122    60646.122    60762.122    60776.122    60809.122
   385:    60823.122    60968.722    60968.920    60968.901    60968.092
   390:    61268.902    62768.910    62770.613    64720.623    64721.713
   395:    64978.123    65301.123    65635.123    65794.123    66005.123
   400:    66193.123    66270.123    66351.123    66514.123    66523.123
   405:    66560.123    66604.123    66734.723    66734.920    66734.901
   410:    66734.093    67034.902    68534.910    68536.613    70486.623
   415:    70487.813    71684.133    71698.133    71894.133    71905.133
   420:    71970.133    72070.133    72077.133    72242.133    72251.133
   425:    72553.133    72563.133    72641.133    72655.133    72824.133
   430:    72944.133    72963.133    73070.133    73124.133    73204.133
   435:    73394.133    73473.133    73516.133    73663.133    73676.133
   440:    73774.133    73787.133    73893.133    73944.133    73997.133
   445:    74052.133    74184.133    74197.133    74448.133    74462.133
   450:    74531.133    74545.133    74627.133    74641.133    74658.133
   455:    74843.133    74882.133    74898.133    75122.133    75203.133
   460:    75214.133    75287.823    75287.920    76787.910    76789.613
   465:    78739.623    78740.813    79469.133    79570.133    80143.133
   470:    80191.133    80498.133    80507.133    80560.133    80641.133
   475:    80734.133    80981.133    80989.133    81133.133    81144.133
   480:    81190.133    81423.133    81458.133    81469.133    81535.133
   485:    81545.133    81614.133    81627.133    81753.133    81792.133
   490:    81801.133    81888.133    81901.133    81952.133    81964.133
   495:    82056.133    82101.133    82115.133    82182.133    82195.133
   500:    82309.133    82320.133    82397.133    82531.133    82568.133
   505:    82605.133    82809.133    82934.133    82953.133    82965.133
   510:    83025.133    83218.133    83262.133    83478.133    83488.133
   515:    83534.133    83540.823    83540.920    85040.910    85042.614
   520:    87792.624    87793.814    88385.134    89132.134    89168.134
   525:    89199.134    89229.134    89261.134    89486.134    89498.134
   530:    89532.134    89544.134    89684.134    89768.134    89779.134
   535:    89871.134    90056.134    90065.134    90094.134    90174.134
   540:    90261.134    90444.134    90490.134    90566.134    90622.134
   545:    90632.134    90839.134    90912.134    90957.134    91008.134
   550:    91022.134    91033.134    91108.134    91156.134    91170.134
   555:    91272.134    91506.134    91550.134    91562.134    91580.134
   560:    91693.134    91708.134    91751.134    91759.134    91862.134
   565:    92121.134    92134.134    92188.134    92229.134    92243.134
   570:    92353.134    92367.134    92443.134    92607.134    92652.134
   575:    92886.134    92922.134    92938.134    93489.134    93525.134
   580:    93563.134    93643.134    93654.134    93893.824    93893.920
   585:    95393.910    95395.614    98145.624    98146.714    98514.124
   590:    98550.124    98585.124    98620.124    98658.124    98707.124
   595:    98830.124    98927.124    98960.124    99029.124    99188.124
   600:    99443.124    99505.124    99699.124    99711.124    99963.124
   605:    99978.124   100036.124   100397.124   100460.124   100527.124
   610:   100562.124   100574.124   100629.124   100698.124   100753.124
   615:   100765.124   100849.124   100861.124   101024.724   101024.920
   620:   101024.901   101024.094   101324.902   102824.910   102826.613
   625:   104776.623   104777.713   105214.123   105244.123   105278.123
   630:   105414.123   105666.123   105677.123   105902.123   105933.123
   635:   106160.123   106173.123   106202.123   106238.123   106255.123
   640:   106343.123   106489.123   106520.123   106534.123   106564.123
   645:   106657.123   106743.723   106743.920   106743.901   106743.093
   650:   107043.902   108543.910   108545.611   109545.621   109546.711
   655:   109719.121   109862.121   110028.121   110154.121   110165.121
   660:   110241.121   110302.121   110374.121   110471.121   110481.121
   665:   110557.721   110557.920   110557.901   110557.091   110857.902
   670:   112357.910   112359.612   113759.622   113760.712   113902.122
   675:   114028.122   114237.122   114277.122   114409.122   114588.122
   680:   114724.122   114800.122   114838.122   114851.122   114905.122
   685:   114959.122   115039.122   115090.122   115145.122   115243.722
   690:   115243.920   115243.901   115243.092   115543.902   117043.910
   695:   117045.612   118445.622   118446.712   118649.122   118761.122
   700:   118904.122   118916.122   119025.122   119315.122   119406.122
   705:   119532.122   119544.122   119599.122   119615.122   119672.122
   710:   119731.122   119837.122   119894.722   119894.920   119894.901
   715:   119894.092   120194.902   121694.910   121696.613   123646.623
   720:   123647.713   124085.123   124410.123   124685.123   124839.123
   725:   124884.123   124932.123   125015.123   125064.123   125169.123
   730:   125180.123   125274.123   125418.123   125497.123   125514.123
   735:   125729.723   125729.920   125729.901   125729.093   126029.902
   740:   127529.910   127531.613   129481.623   129482.713   130127.123
   745:   130163.123   130628.123   130959.123   131011.123   131099.123
   750:   131198.123   131382.123   131429.123   131469.723   131469.920
   755:   131469.901   131469.093   131769.902   133269.910   133271.614
   760:   136021.624   136022.714   136623.124   137196.124   137240.124
   765:   137283.124   137327.124   137379.124   137598.124   137643.124
   770:   137884.124   137921.124   138195.124   138211.124   138286.124
   775:   138373.124   138625.124   138674.124   138808.724   138808.920
   780:   138808.901   138808.094   139108.902   140608.910   140610.614
   785:   143360.624   143361.714   143762.124   143862.124   144233.124
   790:   144274.124   144388.124   144560.124   144596.124   144672.124
   795:   144744.124   144931.124   144967.124   145264.124   145275.124
   800:   145387.124   145403.124   145452.124   145507.124   145547.124
   805:   145859.124   145872.124   145969.124   146128.724   146128.920
   810:   146128.901   146128.094   146428.902   147928.910   147930.612
   815:   149330.622   149331.712   149467.122   149508.122   149549.122
   820:   149699.122   149782.122   149900.122   149978.122   149992.122
   825:   150125.122   150139.122   150226.122   150373.122   150387.122
   830:   150418.122   150517.122   150531.122   150547.122   150694.122
   835:   150712.122   150862.722   150862.920   150862.901   150862.092
   840:   151162.902   152662.910   152664.614   155414.624   155415.714
   845:   155620.124   155730.124   156014.124   156324.124   156375.124
   850:   156694.124   156708.124   156723.124   156806.124   156867.124
   855:   156999.124   157058.124   157107.124   157125.124   157160.124
   860:   157169.124   157348.124   157361.124   157469.124   157563.124
   865:   157605.124   157638.124   157693.124   157703.124   157750.124
   870:   157763.124   157875.124   158006.124   158022.124   158037.124
   875:   158138.124   158154.124   158201.724   158201.920   158201.901
   880:   158201.094   158501.902   160001.910   160003.615   163853.625
   885:   163854.715   164417.125   164734.125   164749.125   164972.125
   890:   164983.125   165022.125   165074.125   165303.125   165318.125
   895:   165410.125   165473.125   165485.125   165556.125   165570.125
   900:   165584.125   165691.125   165734.125   165749.125   165837.125
   905:   166033.125   166048.125   166284.125   166349.125   166400.125
   910:   166415.125   166446.125   166500.125   166719.125   166789.125
   915:   166805.125   167008.125   167085.125   167099.125   167220.125
   920:   167277.125   167292.125   167517.125   167609.125   167659.125
   925:   167676.125   167871.725   167871.920   167871.901   167871.095
   930:   168171.902   169671.910   169673.614   172423.624   172424.714
   935:   172788.124   172829.124   172872.124   173081.124   173120.124
   940:   173162.124   173429.124   173468.124   173483.124   173552.124
   945:   173785.124   173872.124   173883.124   173896.124   173990.124
   950:   174099.124   174194.124   174253.124   174410.124   174448.124
   955:   174462.124   174591.124   174607.124   174647.124   174814.124
   960:   174933.124   174949.124   175037.124   175074.124   175089.124
   965:   175302.724   175302.920   175302.901   175302.094   175602.902
   970:   177102.910   177104.611   178104.621   178105.811   178611.131
   975:   178647.131   178684.131   178715.131   178754.131   178794.131
   980:   178900.131   178943.131   178995.131   179198.131   179262.131
   985:   179348.131   179400.131   179409.131   179659.131   179692.131
   990:   179896.131   179946.131   180059.131   180195.131   180211.131
   995:   180220.131   180234.131   180387.131   180400.131   180591.131
  1000:   180632.131   180648.131   180791.131   180806.131   180967.131
  1005:   180978.131   181098.131   181111.131   181257.131   181349.131
  1010:   181605.821   181605.920   183105.910   183107.611   184107.621
  1015:   184108.811   184238.131   184283.131   184320.131   184357.131
  1020:   184396.131   184437.131   184514.131   184770.131   184816.131
  1025:   184932.131   184966.131   185049.131   185107.131   185153.131
  1030:   185169.131   185291.131   185306.131   185462.131   185475.131
  1035:   185493.131   185571.131   185596.131   185694.131   185709.131
  1040:   185798.131   185858.131   185872.131   185911.131   185922.131
  1045:   186057.131   186070.131   186091.131   186168.131   186682.131
  1050:   186720.131   186810.131   186838.131   186891.131   186901.131
  1055:   186931.131   186960.131   187039.131   187166.131   187289.131
  1060:   187323.131   187357.131   187398.131   187413.131   187441.131
  1065:   187456.131   187531.131   187590.131   187608.821   187608.920
  1070:   189108.910   189110.612   190510.622   190511.712   190644.122
  1075:   190687.122   190725.122   190834.122   190866.122   190940.122
  1080:   191022.122   191086.122   191127.122   191177.122   191331.122
  1085:   191494.122   191609.122   191756.122   191767.122   191783.122
  1090:   191868.122   191883.122   192009.722   192009.920   192009.901
  1095:   192009.092   192309.902   193809.910   193811.612   195211.622
  1100:   195212.812   195316.132   195351.132   195483.132   195571.132
  1105:   195602.132   195741.132   195827.132   196014.132   196026.132
  1110:   196175.132   196424.132   196569.132   196704.132   196718.132
  1115:   196773.132   196861.132   196875.132   197228.132   197242.132
  1120:   197255.132   197301.132   197319.132   197547.132   197586.132
  1125:   197603.132   197650.132   197883.132   197930.132   197944.132
  1130:   198071.132   198122.132   198502.132   198540.132   198579.132
  1135:   198692.132   198731.132   198775.132   199212.822   199212.920
  1140:   200712.910   200714.613   202664.623   202665.713   203134.123
  1145:   203175.123   203312.123   203352.123   203564.123   203612.123
  1150:   203788.123   203824.123   203862.123   203945.123   204012.123
  1155:   204118.123   204324.123   204337.123   204415.123   204430.123
  1160:   204481.123   204493.123   204669.723   204669.920   204669.901
  1165:   204669.093   204969.902   206469.910   206471.613   208421.623
  1170:   208422.713   208614.123   208840.123   208867.123   208906.123
  1175:   209159.123   209305.123   209315.123   209452.123   209542.123
  1180:   209758.123   209814.123   209828.123   209931.123   210422.723
  1185:   210422.920   210422.901   210422.093   210722.902   212222.910
  1190:   212224.615   216074.625   216075.715   216667.125   216717.125
  1195:   217124.125   217211.125   217243.125   217499.125   217510.125
  1200:   217676.125   217686.125   217748.125   217971.125   218039.125
  1205:   218246.125   218287.125   218318.125   218332.125   218378.125
  1210:   218479.125   218818.125   218985.125   219115.125   219191.125
  1215:   219229.125   219240.125   219406.125   219483.125   219555.125
  1220:   219574.125   219588.125   219782.125   219854.125   219898.125
  1225:   219909.125   219962.725   219962.920   219962.901   219962.095
  1230:   220262.902   221762.910   221764.612   223164.622   223165.812
  1235:   223304.132   223593.132   223724.132   223760.132   223921.132
  1240:   224145.132   224186.132   224200.132   224494.132   224506.132
  1245:   224874.132   224904.132   224940.132   224954.132   225007.132
  1250:   225068.132   225121.132   225138.132   225229.132   225412.132
  1255:   225452.132   225491.132   225503.132   225584.132   225646.132
  1260:   225658.132   225758.132   225823.132   226034.132   226141.132
  1265:   226398.132   226456.132   226498.132   226558.132   226709.132
  1270:   226849.132   226859.132   226895.132   226908.132   226921.132
  1275:   227144.132   227153.132   227165.822   227165.920   228665.910
  1280:   228667.613   230617.623   230618.713   230737.123   231014.123
  1285:   231153.123   231418.123   231614.123   231663.123   231843.123
  1290:   231860.123   231889.123   231905.123   232137.123   232166.123
  1295:   232247.123   232461.123   232498.123   232513.123   232564.123
  1300:   232852.723   232852.920   232852.901   232852.093   233152.902
  1305:   234652.910   234654.614   237404.624   237405.714   238033.124
  1310:   238103.124   238147.124   238815.124   239007.124   239154.124
  1315:   239168.124   239252.124   239447.124   239461.124   239639.124
  1320:   239736.124   239748.124   239780.124   239795.124   239851.124
  1325:   239891.124   239960.124   240177.724   240177.920   240177.901
  1330:   240177.094   240477.902   241977.910   241979.613   243929.623
  1335:   243930.713   244133.123   244440.123   244523.123   244566.123
  1340:   244754.123   245015.123   245092.123   245230.123   245355.123
  1345:   245605.123   245811.123   245852.123   246061.723   246061.920
  1350:   246061.901   246061.093   246361.902   247861.910   247863.611
  1355:   248863.621   248864.711   248963.121   249039.121   249078.121
  1360:   249113.121   249155.121   249268.121   249345.121   249501.121
  1365:   249552.121   249615.121   249745.121   249801.121   249930.721
  1370:   249930.920   249930.901   249930.091   250230.902   251730.910
  1375:   251732.613   253682.623   253683.813   253820.133   253861.133
  1380:   253960.133   253998.133   254069.133   254173.133   254317.133
  1385:   254364.133   254482.133   254557.133   254571.133   254633.133
  1390:   254689.133   254815.133   254827.133   254843.133   254857.133
  1395:   254961.133   255266.133   255293.133   255371.133   255387.133
  1400:   255618.133   255702.133   255803.133   255985.133   256034.133
  1405:   256083.133   256145.133   256276.133   256317.133   256489.133
  1410:   256982.133   257045.133   257081.133   257120.133   257163.133
  1415:   257209.133   257266.133   257407.133   257522.133   257609.133
  1420:   257620.133   257698.133   257740.133   257752.133   257909.133
  1425:   257970.133   257987.133   258114.133   258123.133   258166.133
  1430:   258248.133   258483.823   258483.920   259983.910   259985.614
  1435:   262735.624   262736.814   262926.134   263010.134   263117.134
  1440:   263402.134   263468.134   263505.134   263550.134   263593.134
  1445:   263714.134   263778.134   263818.134   263918.134   264156.134
  1450:   264420.134   264433.134   264447.134   264536.134   264547.134
  1455:   264804.134   264846.134   264923.134   264937.134   265055.134
  1460:   265134.134   265170.134   265229.134   265347.134   265587.134
  1465:   265601.134   265692.134   265707.134   265720.134   265924.134
  1470:   265934.134   265966.134   265980.134   266041.134   266180.134
  1475:   266444.134   266541.134   266586.134   266715.134   266729.134
  1480:   266877.134   267093.134   267158.134   267174.134   267324.134
  1485:   267467.134   267861.134   267898.134   267969.134   268210.134
  1490:   268268.134   268593.134   268664.134   268836.824   268836.920
  1495:   270336.910   270338.615   274188.625   274189.815   274421.135
  1500:   274723.135   274758.135   274831.135   274873.135   275002.135
  1505:   275228.135   275270.135   275309.135   275351.135   275413.135
  1510:   275527.135   275629.135   275667.135   275893.135   275954.135
  1515:   275989.135   276033.135   276120.135   276134.135   276261.135
  1520:   276274.135   276375.135   276391.135   276494.135   276529.135
  1525:   276571.135   276587.135   276665.135   276678.135   276847.135
  1530:   276936.135   276948.135   277131.135   277215.135   277229.135
  1535:   277295.135   277306.135   277460.135   277643.135   277654.135
  1540:   277761.135   277774.135   277851.135   277888.135   278189.135
  1545:   278344.135   278389.135   278408.135   278420.135   278627.135
  1550:   279331.135   279364.135   279438.135   279474.135   279512.135
  1555:   279547.135   279734.135   279744.135   279778.135   279903.135
  1560:   279908.135   279919.135   279928.135   280085.135   280129.135
  1565:   280141.135   280187.135   280353.135   280399.135   280412.135
  1570:   280501.135   280646.135   280688.135   280734.135   280816.135
  1575:   281176.135   281209.135   281241.135   281275.135   281415.135
  1580:   281451.135   281535.135   281566.135   281636.135   281682.135
  1585:   281921.135   281957.135   282189.825   282189.920   283689.910
  1590:   283691.612   285091.622   285092.712   285195.122   285232.122
  1595:   285268.122   285433.122   285576.122   285689.122   285702.122
  1600:   285824.122   285863.122   285938.122   285994.122   286030.122
  1605:   286044.122   286262.122   286272.122   286326.122   286461.122
  1610:   286474.122   286486.122   286498.722   286498.920   286498.901
  1615:   286498.092   286798.902   288298.910   288300.615   292150.625
  1620:   292151.715   292271.125   292585.125   292897.125   292925.125
  1625:   292958.125   292992.125   293033.125   293239.125   293274.125
  1630:   293313.125   293377.125   293513.125   293912.125   293954.125
  1635:   294104.125   294146.125   294314.125   294363.125   294375.125
  1640:   294434.125   294447.125   294537.125   294553.125   294826.125
  1645:   294839.125   294997.125   295045.125   295059.125   295238.125
  1650:   295292.125   295363.125   295443.125   295520.125   295779.125
  1655:   295837.125   296024.725   296024.920   296024.901   296024.095
  1660:   296324.902   297824.910   297826.611   298826.621   298827.711
  1665:   298941.121   298981.121   299054.121   299090.121   299227.121
  1670:   299300.121   299331.121   299369.121   299461.121   299504.121
  1675:   299591.121   299785.121   300037.721   300037.920   300037.901
  1680:   300037.091   300337.902   301837.910   301839.611   302839.621
  1685:   302840.711   302953.121   302987.121   303028.121   303067.121
  1690:   303111.121   303148.121   303254.121   303366.121   303377.121
  1695:   303440.121   303627.121   303636.121   303820.121   303829.121
  1700:   303947.721   303947.920   303947.901   303947.091   304247.902
  1705:   305747.910   305749.612   307149.622   307150.712   307268.122
  1710:   307308.122   307386.122   307420.122   307508.122   307545.122
  1715:   307577.122   307918.122   308067.122   308079.122   308092.122
  1720:   308236.122   308247.122   308368.122   308411.122   308423.122
  1725:   308708.722   308708.920   308708.901   308708.092   309008.902
  1730:   310508.910   310510.612   311910.622   311911.712   311988.122
  1735:   312059.122   312168.122   312205.122   312365.122   312431.122
  1740:   312501.122   312580.122   312642.122   312807.122   312848.122
  1745:   312889.122   312925.122   312971.122   312983.122   313184.122
  1750:   313232.122   313244.122   313269.122   313284.122   313373.722
  1755:   313373.920   313373.901   313373.092   313673.902   315173.910
  1760:   315175.615   319025.625   319026.715   319223.125   319357.125
  1765:   319462.125   319651.125   319686.125   319819.125   319926.125
  1770:   319963.125   320203.125   320646.125   320683.125   320720.125
  1775:   321065.125   321078.125   321117.125   321138.125   321356.125
  1780:   321403.125   321499.125   321727.125   321775.125   321786.125
  1785:   321836.125   321850.125   321886.125   321987.125   322088.125
  1790:   322348.125   322356.125   322400.125   322485.125   322720.125
  1795:   322833.125   322846.125   322887.725   322887.920   322887.901
  1800:   322887.095   323187.902   324687.910   324689.614   327439.624
  1805:   327440.814   327560.134   327876.134   328032.134   328307.134
  1810:   328472.134   328504.134   328544.134   328786.134   328832.134
  1815:   329315.134   329326.134   329416.134   329621.134   329634.134
  1820:   329700.134   329883.134   329969.134   329981.134   330017.134
  1825:   330031.134   330086.134   330222.134   330235.134   330291.134
  1830:   330476.134   330530.134   330612.134   330627.134   330677.134
  1835:   330764.134   330777.134   330848.134   330861.134   330955.134
  1840:   330969.134   331409.134   331460.134   331496.134   331598.134
  1845:   331636.134   331653.134   331812.134   331895.134   331908.134
  1850:   332054.134   332119.134   332521.134   333139.134   333175.134
  1855:   333223.134   333406.134   333417.134   333538.134   333540.824
  1860:   333540.920   335040.910   335042.614   337792.624   337793.714
  1865:   338480.124   338607.124   338879.124   339011.124   339055.124
  1870:   339366.124   339439.124   339562.124   339637.124   339649.124
  1875:   339783.124   339856.124   339903.124   339915.124   340095.124
  1880:   340132.124   340219.124   340387.124   340424.124   340437.124
  1885:   340471.124   340485.124   340501.124   340556.724   340556.920
  1890:   340556.901   340556.094   340856.902   342356.910   342358.615
  1895:   346208.625   346209.715   346489.125   346924.125   346978.125
  1900:   347326.125   347403.125   347434.125   347472.125   347576.125
  1905:   347587.125   347721.125   347775.125   347814.125   348000.125
  1910:   348043.125   348058.125   348347.125   348620.125   348668.125
  1915:   348828.125   348842.125   348936.125   349169.125   349217.125
  1920:   349262.125   349278.125   349351.125   349570.125   349650.125
  1925:   349662.125   349768.125   349958.125   350007.125   350018.125
  1930:   350054.125   350230.725   350230.920   350230.901   350230.095
  1935:   350530.902   352030.910   352032.614   354782.624   354783.714
  1940:   354978.124   355043.124   355080.124   355430.124   355501.124
  1945:   355535.124   355605.124   355669.124   355737.124   355772.124
  1950:   355842.124   355968.124   356057.124   356221.124   356258.124
  1955:   356559.124   356598.124   356897.124   356935.124   356947.124
  1960:   356958.124   357107.124   357118.124   357327.124   357476.124
  1965:   357487.124   357628.724   357628.920   357628.901   357628.094
  1970:   357928.902   359428.910   359430.611   360430.621   360431.711
  1975:   360563.121   360597.121   360633.121   360671.121   360707.121
  1980:   360743.121   360779.121   360844.121   360913.121   360952.121
  1985:   361032.121   361070.121   361102.121   361134.121   361244.121
  1990:   361259.121   361344.121   361358.121   361507.721   361507.920
  1995:   361507.901   361507.091   361807.902   363307.910   363309.611
  2000:   364309.621   364310.711   364407.121   364440.121   364498.121
  2005:   364607.121   364738.121   364770.121   364803.121   364937.121
  2010:   364978.121   365123.121   365247.121   365259.121   365336.721
  2015:   365336.920   365336.901   365336.091   365636.902   367136.910
  2020:   367138.614   369888.624   369889.814   370269.134   370339.134
  2025:   370440.134   370543.134   370716.134   370813.134   371094.134
  2030:   371138.134   371176.134   371211.134   371284.134   371460.134
  2035:   371664.134   371701.134   371716.134   371859.134   371906.134
  2040:   372086.134   372125.134   372304.134   372318.134   372339.134
  2045:   372385.134   372395.134   372511.134   372526.134   372614.134
  2050:   372726.134   372876.134   372956.134   372993.134   373007.134
  2055:   373141.134   373228.134   373268.134   373312.134   373381.134
  2060:   373517.134   373529.134   373542.134   373756.134   373805.134
  2065:   374202.134   374213.134   374258.134   374284.134   374323.134
  2070:   374340.134   374473.134   374796.134   374834.134   375105.134
  2075:   375183.134   375470.134   375691.134   375868.134   375878.134
  2080:   375989.824   375989.920   377489.910   377491.615   381341.625
  2085:   381342.815   382043.135   382476.135   382513.135   382580.135
  2090:   382884.135   382955.135   383028.135   383111.135   383306.135
  2095:   383410.135   383483.135   383498.135   383509.135   383522.135
  2100:   383593.135   383603.135   383633.135   383647.135   383759.135
  2105:   383873.135   383954.135   384171.135   384284.135   384353.135
  2110:   384436.135   384450.135   384561.135   384746.135   384761.135
  2115:   384790.135   384828.135   384943.135   384977.135   385027.135
  2120:   385062.135   385098.135   385182.135   385195.135   385232.135
  2125:   385439.135   385533.135   385596.135   385618.135   385629.135
  2130:   385712.135   385809.135   385823.135   385864.135   385877.135
  2135:   386029.135   386361.135   386397.135   386440.135   386693.135
  2140:   387043.135   387576.135   388218.135   388379.135   388726.135
  2145:   388788.135   388858.135   388926.135   388965.135   389063.135
  2150:   389079.135   389185.135   389338.135   389342.825   389342.920
  2155:   389448.411   390842.910   390844.612   392244.622   392245.712
  2160:   392358.122   392479.122   392548.122   392710.122   392802.122
  2165:   393022.122   393100.122   393113.122   393168.122   393182.122
  2170:   393382.122   393395.122   393577.122   393815.722   393815.920
  2175:   393815.901   393815.092   394115.902   395615.910   395617.611
  2180:   396617.621   396618.711   396762.121   396833.121   396866.121
  2185:   396991.121   397127.121   397159.121   397194.121   397231.121
  2190:   397294.121   397368.121   397433.121   397444.121   397605.121
  2195:   397651.721   397651.920   397651.901   397651.091   397951.902
  2200:   399451.910   399453.612   400853.622   400854.712   400998.122
  2205:   401031.122   401071.122   401151.122   401190.122   401256.122
  2210:   401337.122   401368.122   401439.122   401470.122   401534.122
  2215:   401631.122   401645.122   401714.122   401839.122   401853.122
  2220:   401887.122   401927.122   401989.122   402108.122   402266.722
  2225:   402266.920   402266.901   402266.092   402566.902   404066.910
  2230:   404068.613   406018.623   406019.713   406222.123   406380.123
  2235:   406526.123   406567.123   406606.123   406785.123   406827.123
  2240:   407037.123   407176.123   407229.123   407243.123   407252.123
  2245:   407342.123   407437.123   407472.123   407728.123   407742.123
  2250:   407841.123   407909.123   407995.723   407995.920   407995.901
  2255:   407995.093   408295.902   409795.910   409797.614   412547.624
  2260:   412548.714   412928.124   413304.124   413340.124   413380.124
  2265:   413587.124   413623.124   413928.124   413995.124   414031.124
  2270:   414082.124   414171.124   414657.124   414668.124   414746.124
  2275:   414758.124   414771.124   414846.124   414894.124   415049.124
  2280:   415123.124   415136.124   415292.124   415482.724   415482.920
  2285:   415482.901   415482.094   415782.902   417282.910   417284.615
  2290:   421134.625   421135.815   421940.135   422389.135   422671.135
  2295:   422745.135   423013.135   423049.135   423090.135   423131.135
  2300:   423200.135   423397.135   423695.135   423743.135   423776.135
  2305:   424170.135   424201.135   424403.135   424416.135   424446.135
  2310:   424455.135   424590.135   424638.135   424768.135   424799.135
  2315:   424846.135   424857.135   424933.135   425222.135   425236.135
  2320:   425290.135   425304.135   425345.135   425492.135   425504.135
  2325:   425573.135   425693.135   425706.135   425891.135   425927.135
  2330:   425940.135   426064.135   426273.135   426382.135   426398.135
  2335:   426431.135   426439.135   426487.135   426570.135   426584.135
  2340:   426666.135   426857.135   426871.135   427150.135   427197.135
  2345:   427206.135   427221.135   427284.135   427292.135   427652.135
  2350:   428143.135   428594.135   428662.135   429135.825   429135.920
  2355:   429904.411   430635.910   430637.611   431637.621   431638.711
  2360:   431763.121   431831.121   431900.121   432011.121   432053.121
  2365:   432192.121   432259.121   432359.121   432445.121   432543.121
  2370:   432639.721   432639.920   432639.901   432639.091   432939.902
  2375:   434439.910   434441.614   437191.624   437192.714   437269.124
  2380:   437339.124   437437.124   437807.124   438007.124   438060.124
  2385:   438098.124   438179.124   438331.124   438345.124   438376.124
  2390:   438445.124   438514.124   438524.124   438691.124   438704.124
  2395:   438775.124   438972.124   438986.124   439064.124   439137.124
  2400:   439148.124   439271.124   439283.124   439412.124   439423.124
  2405:   439474.124   439484.124   439535.124   439547.124   439601.124
  2410:   439673.124   439683.124   439790.124   439803.124   439852.124
  2415:   439863.124   439943.724   439943.920   439943.901   439943.094
  2420:   440243.902   441743.910   441745.611   442745.621   442746.711
  2425:   442831.121   442914.121   443091.121   443397.121   443436.121
  2430:   443472.121   443485.121   443536.121   443581.121   443613.121
  2435:   443626.121   443654.121   443697.121   443867.721   443867.920
  2440:   443867.901   443867.091   444167.902   445667.910   445669.612
  2445:   447069.622   447070.712   447149.122   447185.122   447220.122
  2450:   447295.122   447331.122   447400.122   447500.122   447534.122
  2455:   447608.122   447633.122   447785.122   447802.122   447928.122
  2460:   447937.122   448002.122   448014.122   448221.122   448306.122
  2465:   448317.122   448469.122   448481.722   448481.920   448481.901
  2470:   448481.092   448781.902   450281.910   450283.614   453033.624
  2475:   453034.714   453483.124   453578.124   454075.124   454274.124
  2480:   454347.124   454626.124   454669.124   454724.124   454735.124
  2485:   454747.124   454814.124   454949.124   454962.124   455004.124
  2490:   455056.124   455115.124   455126.124   455176.124   455240.124
  2495:   455250.124   455390.124   455400.124   455463.124   455475.124
  2500:   455541.124   455636.124   455680.124   455831.724   455831.920
  2505:   455831.901   455831.094   456131.902   457631.910   457633.611
  2510:   458633.621   458634.811   458724.131   458765.131   458802.131
  2515:   458974.131   458989.131   459020.131   459053.131   459168.131
  2520:   459267.131   459297.131   459342.131   459571.131   459621.131
  2525:   459654.131   459687.131   459765.131   459816.131   459956.131
  2530:   460058.131   460072.131   460173.131   460186.131   460218.131
  2535:   460245.131   460302.131   460355.131   460407.131   460421.131
  2540:   460478.131   460494.131   460565.131   460614.131   460632.131
  2545:   460761.131   460793.131   460883.131   461571.131   461614.131
  2550:   461682.131   461698.131   461739.131   461782.131   461820.131
  2555:   461854.131   461897.131   461913.131   461952.131   461972.131
  2560:   462031.131   462134.821   462134.920   463634.910   463636.612
  2565:   465036.622   465037.812   465223.132   465456.132   465492.132
  2570:   465606.132   465851.132   465903.132   465915.132   466008.132
  2575:   466041.132   466054.132   466099.132   466131.132   466181.132
  2580:   466195.132   466208.132   466280.132   466399.132   466446.132
  2585:   466459.132   466509.132   466694.132   466710.132   466722.132
  2590:   466779.132   466811.132   466908.132   467093.132   467327.132
  2595:   467344.132   467826.132   467865.132   468256.132   468291.132
  2600:   468325.132   468367.132   468445.132   468650.132   468764.132
  2605:   469037.822   469037.920   470537.910   470539.611   471539.621
  2610:   471540.811   471675.131   471788.131   471823.131   471860.131
  2615:   471896.131   472009.131   472139.131   472217.131   472262.131
  2620:   472377.131   472418.131   472450.131   472631.131   472679.131
  2625:   472692.131   472704.131   472789.131   472800.131   472926.131
  2630:   472955.131   472967.131   472981.131   473056.131   473151.131
  2635:   473166.131   473340.131   473392.131   473406.131   473887.131
  2640:   473930.131   473964.131   474016.131   474070.131   474084.131
  2645:   474097.131   474174.131   474187.131   474566.131   474661.131
  2650:   475040.821   475040.920   475054.411   476540.910   476542.612
  2655:   477942.622   477943.712   478096.122   478174.122   478273.122
  2660:   478396.122   478606.122   478657.122   478733.122   478896.122
  2665:   478913.122   478925.122   479008.122   479034.122   479130.122
  2670:   479178.122   479302.122   479474.722   479474.920   479474.901
  2675:   479474.092   479774.902   481274.910   481276.611   482276.621
  2680:   482277.711   482409.121   482478.121   482521.121   482597.121
  2685:   482781.121   482820.121   482898.121   482939.121   483015.121
  2690:   483068.121   483161.121   483209.121   483268.121   483320.721
  2695:   483320.920   483320.901   483320.091   483620.902   485120.910
  2700:   485122.612   486522.622   486523.712   486792.122   487048.122
  2705:   487094.122   487183.122   487221.122   487465.122   487479.122
  2710:   487515.122   487554.122   487567.122   487581.122   487596.122
  2715:   487682.122   487777.122   487856.122   487869.122   487903.122
  2720:   487963.722   487963.920   487963.901   487963.092   488263.902
  2725:   489763.910   489765.613   491715.623   491716.713   492040.123
  2730:   492185.123   492323.123   492457.123   492496.123   492597.123
  2735:   492670.123   492682.123   492802.123   492917.123   492976.123
  2740:   493008.123   493112.123   493183.123   493297.123   493459.123
  2745:   493550.123   493625.123   493680.723   493680.920   493680.901
  2750:   493680.093   493980.902   495480.910   495482.615   499332.625
  2755:   499333.715   500321.125   500372.125   500683.125   500928.125
  2760:   501008.125   501212.125   501252.125   501477.125   501713.125
  2765:   501945.125   502121.125   502156.125   502167.125   502313.125
  2770:   502326.125   502564.125   502601.125   502615.125   502662.125
  2775:   502679.125   502730.125   502771.125   502806.125   502820.125
  2780:   502975.125   503068.125   503153.125   503246.725   503246.920
  2785:   503246.901   503246.095   503546.902   505046.910   505048.612
  2790:   506448.622   506449.712   506567.122   506602.122   506635.122
  2795:   506862.122   506899.122   507010.122   507089.122   507262.122
  2800:   507606.122   507692.122   507704.122   507771.122   507930.722
  2805:   507930.920   507930.901   507930.092   508230.902   509730.910
  2810:   509732.615   513582.625   513583.715   514567.125   514638.125
  2815:   514885.125   515180.125   515366.125   515401.125   515558.125
  2820:   516197.125   516235.125   516330.125   516340.125   516505.125
  2825:   516543.125   516696.125   516733.125   516903.125   516915.125
  2830:   517108.125   517155.125   517190.125   517218.125   517360.125
  2835:   517408.125   517510.725   517510.920   517510.901   517510.095
  2840:   517810.902   519310.910   519312.611   520312.621   520313.711
  2845:   520426.121   520634.121   520669.121   520731.121   520763.121
  2850:   520891.121   520910.121   520974.121   521093.121   521181.121
  2855:   521261.121   521486.721   521486.920   521486.901   521486.091
  2860:   521786.902   523286.910   523288.612   524688.622   524689.712
  2865:   524814.122   524985.122   525203.122   525478.122   525517.122
  2870:   525831.122   525967.122   525977.122   526079.122   526189.722
  2875:   526189.920   526189.901   526189.092   526489.902   527989.910
  2880:   527991.612   529391.622   529392.712   529605.122   529669.122
  2885:   529703.122   529743.122   529790.122   529999.122   530165.122
  2890:   530237.122   530277.122   530409.122   530420.122   530448.122
  2895:   530494.122   530572.122   530621.122   530659.122   530767.122
  2900:   530873.722   530873.920   530873.901   530873.092   531173.902
  2905:   532673.910   532675.611   533675.621   533676.711   533772.121
  2910:   533899.121   533989.121   534026.121   534064.121   534137.121
  2915:   534169.121   534204.121   534403.121   534442.121   534525.121
  2920:   534645.121   534692.721   534692.920   534692.901   534692.091
  2925:   534992.902   536492.910   536494.611   537494.621   537495.811
  2930:   537646.131   537833.131   537900.131   537930.131   538037.131
  2935:   538083.131   538162.131   538189.131   538234.131   538270.131
  2940:   538284.131   538393.131   538474.131   538493.131   538546.131
  2945:   538558.131   538676.131   538702.131   538715.131   538868.131
  2950:   539029.131   539256.131   539467.131   539493.131   539544.131
  2955:   539560.131   539616.131   539974.131   540016.131   540137.131
  2960:   540150.131   540238.131   540290.131   540303.131   540674.131
  2965:   540995.821   540995.920   542495.910   542497.613   544447.623
  2970:   544448.713   544529.123   544743.123   544778.123   544810.123
  2975:   544848.123   545007.123   545242.123   545275.123   545285.123
  2980:   545445.123   545493.123   545506.123   545601.123   545794.123
  2985:   545802.123   545877.123   545891.123   545956.123   546156.123
  2990:   546254.123   546302.123   546317.123   546351.123   546396.123
  2995:   546441.723   546441.920   546441.901   546441.093   546741.902
  3000:   548241.910   548243.612   549643.622   549644.812   549774.132
  3005:   549848.132   549967.132   550007.132   550163.132   550177.132
  3010:   550285.132   550353.132   550387.132   550401.132   550490.132
  3015:   550605.132   550653.132   550713.132   550815.132   550862.132
  3020:   550896.132   551079.132   551203.132   551250.132   551289.132
  3025:   551303.132   551316.132   551331.132   551415.132   551501.132
  3030:   551516.132   551546.132   551635.132   551676.132   551691.132
  3035:   551907.132   551951.132   551965.132   551983.132   552444.132
  3040:   552489.132   552867.132   553490.132   553529.132   553644.822
  3045:   553644.920   555144.910   555146.612   556546.622   556547.712
  3050:   556708.122   556849.122   556917.122   557076.122   557272.122
  3055:   557453.122   557543.122   557637.122   557898.122   557913.122
  3060:   557971.722   557971.920   557971.901   557971.092   558271.902
  3065:   559771.910   559773.615   563623.625   563624.715   563705.125
  3070:   564006.125   564302.125   564709.125   564800.125   564836.125
  3075:   564879.125   565082.125   565233.125   565867.125   565911.125
  3080:   565987.125   566088.125   566381.125   566414.125   566757.125
  3085:   567011.125   567253.125   567815.725   567815.920   567815.901
  3090:   567815.095   568115.902   569615.910   569617.611   570617.621
  3095:   570618.711   570775.121   570819.121   570980.121   571017.121
  3100:   571112.121   571141.121   571210.121   571325.121   571521.121
  3105:   571637.721   571637.920   571637.901   571637.091   571937.902
  3110:   573437.910   573439.613   575389.623   575390.713   575543.123
  3115:   575589.123   575764.123   575897.123   575976.123   576217.123
  3120:   576259.123   576273.123   576343.123   576430.123   576442.123
  3125:   576528.123   576606.123   576767.123   576779.123   576865.123
  3130:   576899.123   576942.123   576955.123   576967.123   577065.123
  3135:   577110.123   577121.123   577197.123   577301.123   577381.723
  3140:   577381.920   577381.901   577381.093   577681.902   579181.910
  3145:   579183.611   580183.621   580184.711   580336.121   580383.121
  3150:   580425.121   580463.121   580538.121   580644.121   580681.121
  3155:   580938.121   580975.121   581019.121   581095.121   581110.121
  3160:   581160.121   581237.721   581237.920   581237.901   581237.091
  3165:   581537.902   583037.910   583039.611   584039.621   584040.711
  3170:   584209.121   584254.121   584291.121   584329.121   584394.121
  3175:   584478.121   584618.121   584664.121   584697.121   584803.121
  3180:   584814.121   584961.121   584973.121   585043.721   585043.920
  3185:   585043.901   585043.091   585343.902   586843.910   586845.613
  3190:   588795.623   588796.713   589334.123   589567.123   589637.123
  3195:   589836.123   590003.123   590221.123   590439.123   590451.123
  3200:   590481.123   590569.123   590803.723   590803.920   590803.901
  3205:   590803.093   591103.902   592603.910   592605.613   594555.623
  3210:   594556.713   594670.123   594957.123   595216.123   595250.123
  3215:   595299.123   595455.123   595465.123   595560.123   595572.123
  3220:   595624.123   595775.123   595787.123   595816.123   595828.123
  3225:   595903.123   595914.123   595993.123   596006.123   596117.123
  3230:   596273.123   596378.123   596448.123   596458.123   596508.723
  3235:   596508.920   596508.901   596508.093   596808.902   598308.910
  3240:   598310.611   599310.621   599311.811   599450.131   599488.131
  3245:   599526.131   599565.131   599601.131   599669.131   599801.131
  3250:   599834.131   599872.131   599906.131   599938.131   599987.131
  3255:   600001.131   600066.131   600101.131   600152.131   600226.131
  3260:   600284.131   600354.131   600390.131   600436.131   600506.131
  3265:   600610.131   600622.131   600666.131   600683.131   600692.131
  3270:   600706.131   600718.131   600734.131   600915.131   601068.131
  3275:   601085.131   601185.131   601471.131   601486.131   601945.131
  3280:   601959.131   602048.131   602095.131   602461.131   602704.131
  3285:   602794.131   602811.821   602811.920   604311.910   604313.612
  3290:   605713.622   605714.812   605828.132   605901.132   606005.132
  3295:   606103.132   606349.132   606384.132   606396.132   606593.132
  3300:   606628.132   606703.132   606828.132   606870.132   606910.132
  3305:   606925.132   607129.132   607168.132   607198.132   607215.132
  3310:   607232.132   607247.132   607324.132   607342.132   607352.132
  3315:   607461.132   607512.132   607527.132   607539.132   607740.132
  3320:   607868.132   607917.132   607929.132   607938.132   608002.132
  3325:   608018.132   608215.132   608227.132   608327.132   608460.132
  3330:   608540.132   608730.132   608747.132   609217.132   609248.132
  3335:   609288.132   609399.132   609610.132   609695.132   609714.822
  3340:   609714.920   611214.910   611216.613   613166.623   613167.813
  3345:   613343.133   613760.133   613965.133   614004.133   614170.133
  3350:   614488.133   614498.133   614510.133   614822.133   614836.133
  3355:   614866.133   614985.133   614997.133   615041.133   615083.133
  3360:   615094.133   615137.133   615200.133   615357.133   615464.133
  3365:   615509.133   615790.133   615845.133   615899.133   616299.133
  3370:   616334.133   616368.133   616667.133   616703.133   616840.133
  3375:   617009.133   617041.133   617074.133   617103.133   617132.133
  3380:   617145.133   617183.133   617536.133   617636.133   617646.133
  3385:   617802.133   617836.133   617967.823   617967.920   619467.910
  3390:   619469.613   621419.623   621420.813   621503.133   621574.133
  3395:   621611.133   621709.133   621741.133   621849.133   621881.133
  3400:   621915.133   621983.133   622084.133   622123.133   622161.133
  3405:   622228.133   622289.133   622300.133   622503.133   622659.133
  3410:   622672.133   622702.133   622718.133   622942.133   622953.133
  3415:   623020.133   623036.133   623221.133   623276.133   623302.133
  3420:   623490.133   623527.133   623542.133   623636.133   623648.133
  3425:   623853.133   623863.133   623932.133   623945.133   624121.133
  3430:   624131.133   624294.133   624374.133   624593.133   624668.133
  3435:   624682.133   624724.133   624983.133   625086.133   625126.133
  3440:   625166.133   625517.133   625848.133   625977.133   626220.823
  3445:   626220.920   627720.910   627722.613   629672.623   629673.713
  3450:   629785.123   629820.123   630062.123   630097.123   630139.123
  3455:   630250.123   630387.123   630567.123   630601.123   630616.123
  3460:   630914.123   631151.123   631191.123   631203.123   631278.123
  3465:   631336.123   631531.123   631583.123   631772.723   631772.920
  3470:   631772.901   631772.093   632072.902   632072.902   632072.005
  3475:   632072.006   632072.007   632072.020       
D:
     0:        0.000        0.000        0.000        0.000        0.000
     5:        0.000        0.000        0.000        0.000        0.000
    10:        0.000        0.000        0.000        0.000        0.000
    15:        0.000        0.000        0.000        0.000        0.000
    20:        0.000        0.000        0.000        0.000        0.000
    25:        0.000        5.000        0.000        0.000        0.000
    30:        0.000        0.000        0.000        0.000        0.000
    35:        0.000
F:
     0:       10.000       10.000       10.000       10.000       10.000
     5:       10.000       10.000       10.000       10.000       10.000
    10:       10.000       10.000       10.000       10.000       10.000
    15:       10.000       10.000       10.000       10.000       10.000
    20:       10.000       14.000       14.000       14.000       14.000
    25:       14.000       14.000       14.000       14.000       14.000
    30:       14.000       14.000       14.000       14.000       14.000
    35:       14.000       14.000       14.000       14.000       19.500
    40:       19.500       19.500       19.500       19.500       19.500
    45:       19.500       19.500       19.500       19.500       19.500
    50:       19.500       19.500       19.500       19.500       27.500
    55:       27.500       27.500       27.500       27.500       27.500
    60:       27.500       27.500       27.500       27.500       27.500
    65:       27.500       38.500       38.500       38.500       38.500
    70:       38.500       38.500       38.500       38.500       38.500
    75:       20.000       20.000       20.000       20.000       20.000
    80:       20.000       20.000       28.000       28.000       28.000
    85:       28.000       28.000       28.000       39.000       39.000
    90:       39.000       39.000       39.000       55.000       55.000
    95:       55.000       55.000       77.000       77.000       77.000
I:
     0:       75.000        0.000        0.000
M:
     0:       21.000       18.000       15.000       12.000        9.000
     5:        7.000        6.000        5.000        4.000        3.000
    10:      100.000
N:
     0:       28.000       24.000       20.000       16.000       12.000
     5:        0.000
Q:
     0:       21.000       18.000       15.000       12.000        9.000
     5:        0.000
V:
     0:        0.000        0.000        0.000        0.000        0.000
     5:      283.000      307.000      266.000      308.000      298.000
    10:      311.000      261.000      240.000      227.000      216.000
    15:        0.000
