File: C:\MED-PC IV\DATA\M_PEAK_CP18P875


Start Date: 11/17/17
End Date: 11/17/17
Subject: P875
Experiment: IF-PICO
Group: 0
Box: 8
Start Time: 10:32:07
End Time: 12:18:18
MSN: Multiple_Peak_CP
B:       0.000
C:       0.000
E:    5639.000
G:      27.500
H:    2750.000
J:       0.000
K:       0.000
L:       0.000
O:       0.000
P:       0.000
R:       0.000
S:       0.000
T:  637107.000
U:       0.000
W:       0.000
X:       0.000
Y:       0.000
Z:       0.000
A:
     0:        0.010      500.910      502.612     1902.622     1903.712
     5:     2455.122     2676.122     2707.122     2773.122     2877.122
    10:     2913.122     3097.122     3104.122     3129.122     3179.122
    15:     3207.122     3269.122     3299.122     3337.722     3337.920
    20:     3337.901     3337.092     3637.902     5137.910     5139.612
    25:     6539.622     6540.712     6777.122     6806.122     6836.122
    30:     6868.122     6900.122     6933.122     6993.122     7026.122
    35:     7057.122     7091.122     7128.122     7198.122     7230.122
    40:     7257.122     7289.122     7319.122     7350.122     7385.122
    45:     7411.122     7444.122     7469.122     7502.122     7527.122
    50:     7559.122     7583.122     7615.122     7643.122     7674.122
    55:     7705.122     7733.122     7765.122     7791.122     7824.122
    60:     7851.122     7909.122     7941.722     7941.920     7941.901
    65:     7941.092     8241.902     9741.910     9743.612    11143.622
    70:    11144.712    11556.122    11597.122    11626.122    11656.122
    75:    11688.122    11719.122    11780.122    11810.122    11842.122
    80:    11872.122    11903.122    11931.122    11962.122    11995.122
    85:    12025.122    12052.122    12083.122    12142.122    12180.122
    90:    12206.122    12237.122    12270.122    12296.122    12327.122
    95:    12356.122    12391.122    12420.122    12452.122    12512.122
   100:    12541.122    12573.722    12573.920    12573.901    12573.092
   105:    12873.902    14373.910    14375.611    15375.621    15376.811
   110:    15469.131    15499.131    15533.131    15592.131    15616.131
   115:    15646.131    15704.131    15737.131    15802.131    15836.131
   120:    15866.131    15892.131    15925.131    15954.131    15982.131
   125:    16012.131    16040.131    16070.131    16097.131    16130.131
   130:    16158.131    16188.131    16215.131    16245.131    16303.131
   135:    16335.131    16366.131    16397.131    16426.131    16458.131
   140:    16483.131    16514.131    16542.131    16841.131    16870.131
   145:    16928.131    16958.131    17016.131    17050.131    17076.131
   150:    17108.131    17137.131    17166.131    17201.131    17228.131
   155:    17260.131    17319.131    17346.131    17406.131    17438.131
   160:    17472.131    17501.131    17534.131    17594.131    17628.131
   165:    17687.131    17714.131    17747.131    17774.131    17810.131
   170:    17839.131    17875.131    17944.131    18013.131    18041.131
   175:    18071.131    18100.131    18135.131    18169.131    18272.131
   180:    18312.131    18340.131    18398.131    18443.131    18475.131
   185:    18504.131    18537.131    18663.131    18765.131    18806.131
   190:    18839.131    18871.131    18876.821    18876.920    20376.910
   195:    20378.613    22328.623    22329.713    22445.123    22692.123
   200:    22934.123    23127.123    23158.123    23186.123    23218.123
   205:    23249.123    23278.123    23306.123    23417.123    23454.123
   210:    23553.123    23582.123    23609.123    23637.123    23694.123
   215:    23752.123    23783.123    23807.123    23840.123    23868.123
   220:    23899.123    23927.123    23957.123    23985.123    24015.123
   225:    24042.123    24073.123    24100.123    24129.123    24188.123
   230:    24216.123    24246.123    24273.123    24303.723    24303.920
   235:    24303.901    24303.093    24603.902    26103.910    26105.612
   240:    27505.622    27506.812    27886.132    27914.132    27950.132
   245:    28169.132    28229.132    28256.132    28284.132    28314.132
   250:    28343.132    28369.132    28398.132    28427.132    28456.132
   255:    28485.132    28515.132    28546.132    28572.132    28604.132
   260:    28663.132    28692.132    28723.132    28752.132    28782.132
   265:    28811.132    28842.132    28903.132    28934.132    28965.132
   270:    28995.132    29056.132    29087.132    29116.132    29148.132
   275:    29178.132    29208.132    29240.132    29274.132    29302.132
   280:    29335.132    29363.132    29396.132    29424.132    29458.132
   285:    29486.132    29518.132    29548.132    29578.132    29609.132
   290:    29635.132    29668.132    29695.132    29727.132    29756.132
   295:    29787.132    29815.132    29846.132    29875.132    29909.132
   300:    29925.132    29955.132    29985.132    30015.132    30042.132
   305:    30074.132    30140.132    30177.132    30206.132    30238.132
   310:    30266.132    30331.132    30443.132    30526.132    30560.132
   315:    30590.132    30625.132    30675.132    30706.132    30821.132
   320:    30856.132    30950.132    30989.132    31021.132    31079.132
   325:    31108.132    31140.132    31177.132    31314.132    31344.132
   330:    31373.132    31406.132    31506.822    31506.920    31512.411
   335:    31523.411    33006.910    33008.612    34408.622    34409.812
   340:    34696.132    34795.132    34832.132    34870.132    34903.132
   345:    34938.132    34970.132    35006.132    35035.132    35065.132
   350:    35098.132    35127.132    35157.132    35185.132    35217.132
   355:    35247.132    35277.132    35306.132    35336.132    35364.132
   360:    35393.132    35423.132    35452.132    35481.132    35510.132
   365:    35569.132    35602.132    35631.132    35665.132    35728.132
   370:    35760.132    35859.132    35903.132    35933.132    35965.132
   375:    35997.132    36172.132    36364.132    36399.132    36457.132
   380:    36698.132    36707.132    36733.132    36764.132    36798.132
   385:    36903.132    36931.132    36964.132    37092.132    37322.132
   390:    37353.132    37380.132    37410.132    37438.132    37469.132
   395:    37531.132    37557.132    37594.132    37628.132    37659.132
   400:    37985.132    38017.132    38049.132    38080.132    38161.132
   405:    38193.132    38224.132    38409.822    38409.920    39909.910
   410:    39911.611    40911.621    40912.711    41173.121    41206.121
   415:    41237.121    41267.121    41324.121    41352.121    41382.121
   420:    41409.121    41438.121    41468.121    41525.121    41551.121
   425:    41583.121    41614.121    41645.121    41700.121    41733.121
   430:    41762.121    41793.121    41822.121    41853.121    41887.121
   435:    41943.721    41943.920    41943.901    41943.091    42243.902
   440:    43743.910    43745.611    44745.621    44746.811    45231.131
   445:    45292.131    45347.131    45375.131    45404.131    45469.131
   450:    45501.131    45528.131    45561.131    45587.131    45620.131
   455:    45652.131    45685.131    45711.131    45772.131    45804.131
   460:    45832.131    45863.131    45894.131    45922.131    45952.131
   465:    45981.131    46013.131    46041.131    46073.131    46100.131
   470:    46133.131    46160.131    46190.131    46220.131    46250.131
   475:    46309.131    46342.131    46371.131    46404.131    46433.131
   480:    46465.131    46498.131    46529.131    46558.131    46593.131
   485:    46651.131    46678.131    46737.131    46774.131    46813.131
   490:    46850.131    46883.131    46916.131    46946.131    46981.131
   495:    47015.131    47187.131    47224.131    47250.131    47280.131
   500:    47309.131    47339.131    47366.131    47476.131    47647.131
   505:    47678.131    47712.131    47750.131    47788.131    47930.131
   510:    48097.131    48127.131    48246.821    48246.920    49746.910
   515:    49748.614    52498.624    52499.714    53118.124    53128.124
   520:    53237.124    53264.124    53293.124    53326.124    53362.124
   525:    53393.124    53423.124    53451.124    53506.124    53536.124
   530:    53565.124    53595.124    53623.124    53652.124    53712.124
   535:    53740.124    53771.124    53800.124    53830.124    53862.124
   540:    53895.124    53924.124    53958.124    54024.124    54058.124
   545:    54091.124    54120.124    54149.124    54179.124    54206.124
   550:    54268.124    54299.124    54337.124    54369.124    54404.124
   555:    54432.124    54462.124    54490.124    54521.124    54550.124
   560:    54581.124    54612.124    54644.124    54676.124    54711.124
   565:    54750.124    54793.124    54839.124    54869.124    54896.124
   570:    54929.124    54959.124    55024.124    55051.124    55082.124
   575:    55108.124    55138.124    55173.124    55204.124    55239.124
   580:    55300.724    55300.920    55300.901    55300.094    55600.902
   585:    57100.910    57102.613    59052.623    59053.713    59560.123
   590:    59631.123    59666.123    59700.123    59738.123    59779.123
   595:    59853.123    59989.123    60020.123    60057.123    60084.123
   600:    60126.123    60153.123    60181.123    60214.123    60246.123
   605:    60275.123    60306.123    60334.123    60368.123    60402.123
   610:    60433.123    60462.123    60495.123    60526.123    60558.123
   615:    60588.123    60620.123    60650.123    60684.123    60715.123
   620:    60747.123    60777.123    60809.123    60840.123    60874.123
   625:    60904.123    60938.123    60970.123    61032.723    61032.920
   630:    61032.901    61032.093    61332.902    62832.910    62834.614
   635:    65584.624    65585.714    66793.124    66827.124    66862.124
   640:    66897.124    66931.124    66967.124    67001.124    67038.124
   645:    67068.124    67103.124    67137.124    67171.124    67203.124
   650:    67238.124    67268.124    67302.124    67339.124    67376.124
   655:    67413.124    67447.124    67483.124    67518.124    67558.124
   660:    67600.124    67643.124    67683.124    67725.124    67762.124
   665:    67799.124    67832.124    67864.124    67899.124    67933.124
   670:    67966.124    67999.124    68034.124    68065.124    68100.124
   675:    68140.124    68173.124    68212.124    68253.124    68291.124
   680:    68327.124    68361.724    68361.920    68361.901    68361.094
   685:    68661.902    70161.910    70163.615    74013.625    74014.715
   690:    74475.125    74868.125    74900.125    74957.125    74986.125
   695:    75076.125    75560.125    75591.125    75636.125    75669.125
   700:    75692.125    75719.125    75749.125    75838.125    75877.125
   705:    75901.125    75934.125    75961.125    76026.125    76053.125
   710:    76084.125    76111.125    76139.125    76165.125    76196.125
   715:    76225.125    76258.125    76287.125    76318.125    76348.125
   720:    76376.125    76403.125    76435.125    76469.125    76496.125
   725:    76529.125    76556.125    76588.125    76650.125    76679.125
   730:    76710.125    76741.125    76770.125    76804.125    76833.125
   735:    76894.125    76928.125    76954.125    76986.125    77046.125
   740:    77077.125    77115.125    77148.125    77181.125    77212.125
   745:    77241.125    77273.125    77300.125    77336.125    77364.125
   750:    77399.125    77432.125    77469.125    77496.125    77529.125
   755:    77564.125    77595.125    77626.125    77660.125    77688.125
   760:    77721.125    77785.125    77816.125    77854.125    77917.725
   765:    77917.920    77917.901    77917.095    78217.902    79717.910
   770:    79719.612    81119.622    81120.712    81677.122    82064.122
   775:    82101.122    82134.122    82203.122    82229.122    82266.122
   780:    82296.122    82328.122    82350.122    82382.122    82408.122
   785:    82439.122    82531.722    82531.920    82531.901    82531.092
   790:    82831.902    84331.910    84333.612    85733.622    85734.812
   795:    86069.132    86100.132    86128.132    86157.132    86187.132
   800:    86217.132    86245.132    86278.132    86306.132    86339.132
   805:    86370.132    86400.132    86429.132    86459.132    86493.132
   810:    86552.132    86582.132    86613.132    86642.132    86675.132
   815:    86704.132    86738.132    86766.132    86797.132    86828.132
   820:    86862.132    86892.132    86925.132    86954.132    86987.132
   825:    87078.132    87111.132    87147.132    87179.132    87213.132
   830:    87242.132    87274.132    87306.132    87340.132    87372.132
   835:    87405.132    87435.132    87468.132    87500.132    87534.132
   840:    87568.132    87600.132    87631.132    87661.132    87695.132
   845:    87727.132    87754.132    87783.132    87816.132    87850.132
   850:    87883.132    87962.132    88006.132    88034.132    88065.132
   855:    88099.132    88133.132    88161.132    88196.132    88228.132
   860:    88294.132    88416.132    88453.132    88494.132    88880.132
   865:    89022.132    89240.132    89270.132    89296.132    89734.822
   870:    89734.920    91234.910    91236.613    93186.623    93187.713
   875:    94112.123    94144.123    94212.123    94246.123    94311.123
   880:    94344.123    94378.123    94409.123    94440.123    94470.123
   885:    94499.123    94532.123    94564.123    94597.123    94635.123
   890:    94668.123    94701.123    94732.123    94761.123    94798.123
   895:    94833.123    94865.123    94896.123    94930.123    94960.123
   900:    94991.123    95023.123    95056.123    95089.123    95120.123
   905:    95151.723    95151.920    95151.901    95151.093    95451.902
   910:    96951.910    96953.614    99703.624    99704.814   101527.134
   915:   101556.134   101587.134   101616.134   101652.134   101687.134
   920:   101722.134   101784.134   101821.134   101942.134   101973.134
   925:   102003.134   102032.134   102061.134   102090.134   102120.134
   930:   102147.134   102181.134   102211.134   102243.134   102276.134
   935:   102305.134   102337.134   102369.134   102400.134   102430.134
   940:   102495.134   102524.134   102556.134   102588.134   102629.134
   945:   102665.134   102698.134   102760.134   102790.134   102823.134
   950:   102854.134   102888.134   102917.134   102954.134   102983.134
   955:   103018.134   103048.134   103082.134   103112.134   103143.134
   960:   103177.134   103209.134   103242.134   103276.134   103306.134
   965:   103338.134   103368.134   103400.134   103429.134   103461.134
   970:   103491.134   103525.134   103555.134   103587.134   103614.134
   975:   103648.134   103685.134   103716.134   103749.134   103777.134
   980:   103844.134   103873.134   103908.134   103939.134   103973.134
   985:   104008.134   104040.134   104075.134   104108.134   104189.134
   990:   104224.134   104253.134   104285.134   104318.134   104347.134
   995:   104380.134   104409.134   104444.134   104473.134   104508.134
  1000:   104540.134   104643.134   104674.134   104701.134   104734.134
  1005:   104798.134   104827.134   104861.134   104896.134   104973.134
  1010:   105002.134   105036.134   105065.134   105332.134   105804.824
  1015:   105804.920   107304.910   107306.614   110056.624   110057.714
  1020:   110270.124   110308.124   110346.124   110383.124   110416.124
  1025:   110451.124   110488.124   110520.124   110555.124   110585.124
  1030:   110617.124   110646.124   110678.124   110709.124   110744.124
  1035:   110774.124   110808.124   110836.124   110871.124   110905.124
  1040:   110936.124   110972.124   111007.124   111043.124   111077.124
  1045:   111111.124   111140.124   111177.124   111204.124   111310.124
  1050:   111348.124   111386.124   111484.124   111511.124   111537.124
  1055:   111565.124   111598.124   111626.124   111664.124   111830.124
  1060:   111862.124   111908.124   112351.124   112579.124   115269.724
  1065:   115269.920   115269.901   115269.094   115569.902   117069.910
  1070:   117071.611   118071.621   118072.711   118361.121   118388.121
  1075:   118421.121   118452.121   118484.121   118511.121   118542.121
  1080:   118573.121   118606.121   118639.121   118672.121   118706.121
  1085:   118740.121   118805.121   118832.121   118865.121   118892.121
  1090:   118925.121   118952.121   118983.121   119012.121   119044.121
  1095:   119075.721   119075.920   119075.901   119075.091   119375.902
  1100:   120875.910   120877.613   122827.623   122828.713   123061.123
  1105:   123096.123   123136.123   123171.123   123203.123   123229.123
  1110:   123265.123   123296.123   123327.123   123354.123   123384.123
  1115:   123413.123   123444.123   123474.123   123504.123   123537.123
  1120:   123568.123   123603.123   123633.123   123665.123   123696.123
  1125:   123725.123   123759.123   123788.123   123850.123   123882.123
  1130:   123911.123   123944.123   124006.123   124034.123   124067.123
  1135:   124096.123   124131.123   124160.123   124196.123   124226.123
  1140:   124262.123   124292.123   124327.123   124356.123   124391.123
  1145:   124421.123   124455.123   124490.123   124520.123   124556.123
  1150:   124587.123   124622.123   124654.123   124690.123   124722.123
  1155:   124791.723   124791.920   124791.901   124791.093   125091.902
  1160:   126591.910   126593.615   130443.625   130444.715   132390.125
  1165:   132421.125   132899.125   132932.125   132965.125   132995.125
  1170:   133029.125   133071.125   133106.125   133141.125   133171.125
  1175:   133206.125   133242.125   133283.125   133319.125   133352.125
  1180:   133385.125   133422.125   133464.125   133498.125   133535.125
  1185:   133566.125   133600.125   133630.125   133666.125   133699.125
  1190:   133732.125   133766.125   133798.125   133831.125   133862.125
  1195:   133897.125   133928.125   133963.125   133997.125   134031.125
  1200:   134064.125   134096.125   134133.125   134166.125   134203.125
  1205:   134237.125   134271.125   134302.725   134302.920   134302.901
  1210:   134302.095   134602.902   136102.910   136104.615   139954.625
  1215:   139955.815   140751.135   140788.135   140824.135   140855.135
  1220:   140886.135   140951.135   140980.135   141018.135   141051.135
  1225:   141082.135   141119.135   141151.135   141185.135   141218.135
  1230:   141248.135   141280.135   141309.135   141343.135   141375.135
  1235:   141408.135   141441.135   141499.135   141535.135   141561.135
  1240:   141591.135   141619.135   141652.135   141681.135   141711.135
  1245:   141743.135   141775.135   141804.135   141866.135   141898.135
  1250:   141925.135   141958.135   141984.135   142016.135   142047.135
  1255:   142079.135   142111.135   142139.135   142175.135   142210.135
  1260:   142238.135   142274.135   142306.135   142338.135   142368.135
  1265:   142406.135   142433.135   142468.135   142496.135   142529.135
  1270:   142559.135   142624.135   142656.135   142693.135   142722.135
  1275:   142755.135   142789.135   142819.135   142852.135   142880.135
  1280:   142912.135   142943.135   142975.135   143004.135   143040.135
  1285:   143107.135   143176.135   143205.135   143237.135   143274.135
  1290:   143307.135   143338.135   143372.135   143404.135   143494.135
  1295:   143530.135   143560.135   143594.135   143629.135   143665.135
  1300:   143697.135   143731.135   143762.135   143799.135   143832.135
  1305:   143908.135   143987.135   144020.135   144058.135   144192.135
  1310:   144204.135   144238.135   144268.135   144310.135   144960.135
  1315:   145004.135   145340.135   145380.135   145415.135   145485.135
  1320:   145519.135   145548.135   145582.135   145648.135   145677.135
  1325:   145712.135   145745.135   145785.135   145818.135   145909.135
  1330:   145998.135   147946.135   147955.825   147955.920   149455.910
  1335:   149457.612   150857.622   150858.812   151026.132   151065.132
  1340:   151175.132   151204.132   151240.132   151267.132   151296.132
  1345:   151327.132   151359.132   151390.132   151418.132   151451.132
  1350:   151479.132   151513.132   151543.132   151574.132   151639.132
  1355:   151670.132   151734.132   151763.132   151794.132   151830.132
  1360:   151862.132   151896.132   151925.132   151962.132   151992.132
  1365:   152025.132   152060.132   152088.132   152123.132   152152.132
  1370:   152185.132   152280.132   152312.132   152346.132   152375.132
  1375:   152407.132   152441.132   152470.132   152503.132   152540.132
  1380:   152570.132   152603.132   152632.132   152666.132   152694.132
  1385:   152728.132   152765.132   152793.132   152826.132   152854.132
  1390:   152887.132   152922.132   152951.132   152988.132   153017.132
  1395:   153052.132   153077.132   153112.132   153179.132   153209.132
  1400:   153247.132   153276.132   153309.132   153342.132   153376.132
  1405:   153412.132   153444.132   153481.132   153511.132   153543.132
  1410:   153577.132   153608.132   153641.132   153672.132   153707.132
  1415:   153737.132   153773.132   153804.132   153870.132   153940.132
  1420:   153981.132   154020.132   154083.132   154119.132   154223.132
  1425:   154258.132   154404.132   154445.132   154513.132   154747.132
  1430:   154858.822   154858.920   156358.910   156360.615   160210.625
  1435:   160211.815   168211.825   168211.920   169711.910   169713.611
  1440:   170713.621   170714.711   175301.721   175301.920   175301.901
  1445:   175301.091   175601.902   177101.910   177103.611   178103.621
  1450:   178104.711   178434.121   178463.121   178501.121   178536.121
  1455:   178569.121   178602.121   178666.121   178699.121   178730.121
  1460:   178761.121   178792.121   178823.121   178850.121   178886.121
  1465:   178919.121   178947.121   178980.121   179013.121   179044.121
  1470:   179078.121   179107.721   179107.920   179107.901   179107.091
  1475:   179407.902   180907.910   180909.611   181909.621   181910.711
  1480:   182187.121   182219.121   182247.121   182279.121   182310.121
  1485:   182468.121   182500.121   182563.121   182591.121   182622.121
  1490:   182650.121   182682.121   182709.121   182741.121   182800.121
  1495:   182832.121   182861.121   182894.121   182923.721   182923.920
  1500:   182923.901   182923.091   183223.902   184723.910   184725.614
  1505:   187475.624   187476.714   188513.124   188836.124   188868.124
  1510:   188898.124   188965.124   189026.124   189056.124   189091.124
  1515:   189128.124   189161.124   189234.124   189268.124   189302.124
  1520:   189331.124   189363.124   189393.124   189428.124   189466.124
  1525:   189497.124   189534.124   189568.124   189604.124   189639.124
  1530:   189679.124   189732.124   189767.124   189807.124   189842.124
  1535:   189996.124   190005.124   190043.124   190077.124   190106.124
  1540:   190141.124   190172.124   190210.124   190243.724   190243.920
  1545:   190243.901   190243.094   190543.902   192043.910   192045.611
  1550:   193045.621   193046.711   193566.121   193617.121   193657.121
  1555:   193693.121   193736.121   193773.121   193804.121   193842.121
  1560:   193871.121   193906.121   193944.121   193976.121   194015.121
  1565:   194082.721   194082.920   194082.901   194082.091   194382.902
  1570:   195882.910   195884.611   196884.621   196885.711   197058.121
  1575:   197093.121   197126.121   197160.121   197195.121   197234.121
  1580:   197271.121   197308.121   197349.121   197387.121   197425.121
  1585:   197463.121   197495.121   197532.121   197565.121   197601.121
  1590:   197636.121   197667.121   197704.121   197736.121   197771.121
  1595:   197804.121   197841.121   197873.121   197909.721   197909.920
  1600:   197909.901   197909.091   198209.902   199709.910   199711.611
  1605:   200711.621   200712.711   200848.121   200885.121   200919.121
  1610:   200954.121   200985.121   201020.121   201055.121   201089.121
  1615:   201125.121   201158.121   201194.121   201232.121   201269.121
  1620:   201307.121   201339.121   201377.121   201410.121   201447.121
  1625:   201480.121   201517.121   201548.121   201585.121   201616.121
  1630:   201652.121   201683.121   201718.721   201718.920   201718.901
  1635:   201718.091   202018.902   203518.910   203520.613   205470.623
  1640:   205471.713   205711.123   205743.123   205773.123   205806.123
  1645:   205867.123   205892.123   205928.123   205961.123   205992.123
  1650:   206026.123   206335.123   206363.123   206394.123   206427.123
  1655:   206460.123   206487.123   206521.123   206553.123   206583.123
  1660:   206616.123   206645.123   206677.123   206704.123   206738.123
  1665:   206768.123   206801.123   206828.123   206864.123   206891.123
  1670:   206956.123   207059.123   207089.123   207159.123   207189.123
  1675:   207260.123   207289.123   207326.123   207356.123   207388.123
  1680:   207420.123   207455.723   207455.920   207455.901   207455.093
  1685:   207755.902   209255.910   209257.614   212007.624   212008.714
  1690:   212606.124   212639.124   212852.124   212921.124   212957.124
  1695:   212989.124   213062.124   213095.124   213126.124   213155.124
  1700:   213226.124   213260.124   213291.124   213324.124   213352.124
  1705:   213382.124   213414.124   213448.124   213477.124   213509.124
  1710:   213542.124   213580.124   213614.124   213643.124   213676.124
  1715:   213707.124   213739.124   213768.124   213804.124   213834.124
  1720:   213867.124   213896.124   213930.124   213960.124   213994.124
  1725:   214024.124   214058.124   214088.124   214122.124   214153.124
  1730:   214187.124   214216.124   214251.124   214281.124   214315.124
  1735:   214348.124   214378.124   214419.124   214468.124   214507.124
  1740:   214537.124   214571.124   214607.124   214638.124   214671.124
  1745:   214703.124   214737.124   214767.724   214767.920   214767.901
  1750:   214767.094   215067.902   216567.910   216569.612   217969.622
  1755:   217970.712   218253.122   218284.122   218315.122   218347.122
  1760:   218378.122   218411.122   218444.122   218480.122   218520.122
  1765:   218554.122   218670.122   218694.122   218724.122   218756.122
  1770:   218784.122   218817.122   218844.122   218876.122   218909.122
  1775:   219003.122   219033.122   219065.122   219094.122   219125.122
  1780:   219160.122   219188.122   219221.122   219253.122   219283.122
  1785:   219315.122   219344.122   219374.722   219374.920   219374.901
  1790:   219374.092   219674.902   221174.910   221176.611   222176.621
  1795:   222177.711   222391.121   222422.121   222455.121   222488.121
  1800:   222522.121   222551.121   222584.121   222614.121   222643.121
  1805:   222676.121   222712.121   222741.121   222773.121   222806.121
  1810:   222835.121   222867.121   222899.121   222998.121   223034.121
  1815:   223068.121   223104.121   223132.121   223165.121   223195.721
  1820:   223195.920   223195.901   223195.091   223495.902   224995.910
  1825:   224997.613   226947.623   226948.713   227514.123   227544.123
  1830:   227649.123   227688.123   227725.123   227759.123   227787.123
  1835:   227827.123   227862.123   227924.123   227954.123   227981.123
  1840:   228010.123   228038.123   228069.123   228098.123   228129.123
  1845:   228157.123   228189.123   228256.123   228284.123   228314.123
  1850:   228349.123   228378.123   228412.123   228440.123   228472.123
  1855:   228503.123   228535.123   228573.123   228601.123   228659.123
  1860:   228690.123   228724.123   228759.123   228788.123   228820.123
  1865:   228861.123   228890.123   228958.723   228958.920   228958.901
  1870:   228958.093   229258.902   230758.910   230760.615   234610.625
  1875:   234611.715   234853.125   235036.125   235074.125   235110.125
  1880:   235138.125   235166.125   235197.125   235231.125   235260.125
  1885:   235302.125   235454.125   235488.125   235516.125   235539.125
  1890:   235570.125   235599.125   235627.125   235659.125   235688.125
  1895:   235722.125   235751.125   235782.125   235817.125   235850.125
  1900:   235878.125   235909.125   235940.125   236001.125   236031.125
  1905:   236063.125   236096.125   236160.125   236194.125   236224.125
  1910:   236259.125   236290.125   236323.125   236353.125   236385.125
  1915:   236416.125   236450.125   236476.125   236512.125   236544.125
  1920:   236572.125   236606.125   236643.125   236671.125   236734.125
  1925:   236769.125   236800.125   236839.125   236900.125   236930.125
  1930:   236962.125   236993.125   237027.125   237061.125   237094.125
  1935:   237127.125   237157.125   237190.125   237218.125   237255.125
  1940:   237285.125   237320.125   237349.125   237383.125   237415.125
  1945:   237448.125   237478.125   237511.125   237546.125   237576.125
  1950:   237609.125   237638.125   237709.125   237738.125   237770.125
  1955:   237798.125   237860.125   237895.125   237924.125   237957.125
  1960:   237987.125   238022.125   238052.125   238116.125   238151.125
  1965:   238178.125   238215.125   238246.125   238284.125   238312.125
  1970:   238346.125   238376.125   238409.125   238438.125   238472.725
  1975:   238472.920   238472.901   238472.095   238772.902   240272.910
  1980:   240274.611   241274.621   241275.711   241447.121   241478.121
  1985:   241512.121   241539.121   241572.121   241605.121   241636.121
  1990:   241666.121   241697.121   241732.121   241800.121   241835.121
  1995:   241863.121   241896.121   241927.121   241962.121   242024.121
  2000:   242057.121   242087.121   242118.121   242152.121   242185.121
  2005:   242214.121   242248.121   242274.121   242308.721   242308.920
  2010:   242308.901   242308.091   242608.902   244108.910   244110.611
  2015:   245110.621   245111.711   245258.121   245291.121   245322.121
  2020:   245354.121   245386.121   245420.121   245451.121   245479.121
  2025:   245513.121   245547.121   245581.121   245609.121   245642.121
  2030:   245670.121   245701.121   245728.121   245762.121   245826.121
  2035:   245857.121   245890.121   245922.121   245956.121   245984.121
  2040:   246019.121   246047.121   246081.121   246109.121   246143.721
  2045:   246143.920   246143.901   246143.091   246443.902   247943.910
  2050:   247945.611   248945.621   248946.711   249125.121   249157.121
  2055:   249185.121   249243.121   249275.121   249303.121   249334.121
  2060:   249365.121   249397.121   249429.121   249456.121   249517.121
  2065:   249549.121   249582.121   249616.121   249643.121   249675.121
  2070:   249703.121   249736.121   249765.121   249800.121   249827.121
  2075:   249861.121   249890.121   249923.121   249951.721   249951.920
  2080:   249951.901   249951.091   250251.902   251751.910   251753.612
  2085:   253153.622   253154.712   253384.122   253416.122   253443.122
  2090:   253474.122   253536.122   253567.122   253598.122   253658.122
  2095:   253690.122   253758.122   253787.122   253820.122   253851.122
  2100:   253886.122   253916.122   253948.122   253977.122   254011.122
  2105:   254039.122   254073.122   254136.122   254163.122   254197.122
  2110:   254227.122   254260.122   254288.122   254322.122   254352.122
  2115:   254386.122   254416.122   254449.122   254480.122   254515.122
  2120:   254544.122   254578.722   254578.920   254578.901   254578.092
  2125:   254878.902   256378.910   256380.611   257380.621   257381.711
  2130:   257629.121   257659.121   257720.121   257752.121   257780.121
  2135:   257812.121   257845.121   257879.121   257908.121   257940.121
  2140:   257974.121   258034.121   258065.121   258098.121   258159.121
  2145:   258187.121   258220.121   258248.121   258282.121   258371.121
  2150:   258406.721   258406.920   258406.901   258406.091   258706.902
  2155:   260206.910   260208.612   261608.622   261609.712   261850.122
  2160:   261887.122   261918.122   261952.122   261981.122   262013.122
  2165:   262047.122   262079.122   262110.122   262142.122   262175.122
  2170:   262209.122   262242.122   262278.122   262309.122   262345.122
  2175:   262379.122   262415.122   262450.122   262482.122   262519.122
  2180:   262556.122   262593.122   262627.122   262662.122   262694.122
  2185:   262732.122   262763.122   262801.122   262831.122   262866.122
  2190:   262903.122   262934.122   262972.122   263003.122   263040.722
  2195:   263040.920   263040.901   263040.092   263340.902   264840.910
  2200:   264842.612   266242.622   266243.812   266460.132   266500.132
  2205:   266535.132   266565.132   266597.132   266630.132   266663.132
  2210:   266701.132   266735.132   266770.132   266799.132   266831.132
  2215:   266864.132   266898.132   266931.132   266965.132   267001.132
  2220:   267036.132   267070.132   267103.132   267138.132   267173.132
  2225:   267207.132   267244.132   267276.132   267310.132   267342.132
  2230:   267378.132   267410.132   267447.132   267477.132   267513.132
  2235:   267544.132   267581.132   267612.132   267649.132   267682.132
  2240:   267721.132   267753.132   267790.132   267819.132   267858.132
  2245:   267890.132   267929.132   267962.132   268000.132   268032.132
  2250:   268069.132   268102.132   268138.132   268171.132   268210.132
  2255:   268240.132   268277.132   268314.132   268348.132   268386.132
  2260:   268421.132   268458.132   268491.132   268528.132   268564.132
  2265:   268600.132   268632.132   268672.132   268702.132   268739.132
  2270:   268773.132   268811.132   268845.132   268881.132   268918.132
  2275:   268949.132   268988.132   269023.132   269064.132   269103.132
  2280:   269140.132   269172.132   269211.132   269243.132   269283.132
  2285:   269320.132   269364.132   269408.132   269444.132   270243.822
  2290:   270243.920   271743.910   271745.612   273145.622   273146.712
  2295:   273272.122   273314.122   273356.122   273390.122   273427.122
  2300:   273458.122   273494.122   273531.122   273567.122   273604.122
  2305:   273642.122   273676.122   273713.122   273749.122   273785.122
  2310:   273825.122   273858.122   273894.122   273932.122   273963.122
  2315:   274001.122   274033.122   274067.122   274103.122   274139.122
  2320:   274170.122   274208.122   274239.122   274276.122   274306.122
  2325:   274344.122   274382.122   274415.122   274452.122   274488.122
  2330:   274521.122   274558.722   274558.920   274558.901   274558.092
  2335:   274858.902   276358.910   276360.611   277360.621   277361.711
  2340:   277494.121   277530.121   277564.121   277595.121   277625.121
  2345:   277660.121   277691.121   277721.121   277755.121   277787.121
  2350:   277820.121   277854.121   277891.121   277918.121   277954.121
  2355:   277984.121   278017.121   278050.121   278079.121   278115.121
  2360:   278145.121   278182.121   278216.121   278251.121   278282.121
  2365:   278319.121   278348.121   278383.721   278383.920   278383.901
  2370:   278383.091   278683.902   280183.910   280185.611   281185.621
  2375:   281186.711   281385.121   281419.121   281454.121   281488.121
  2380:   281521.121   281552.121   281586.121   281617.121   281649.121
  2385:   281683.121   281715.121   281749.121   281780.121   281813.121
  2390:   281847.121   281877.121   281910.121   281946.121   281976.121
  2395:   282011.121   282045.121   282079.121   282110.121   282145.121
  2400:   282175.121   282212.721   282212.920   282212.901   282212.091
  2405:   282512.902   284012.910   284014.612   285414.622   285415.712
  2410:   285606.122   285645.122   285687.122   285725.122   285756.122
  2415:   285793.122   285832.122   285867.122   285901.122   285929.122
  2420:   285964.122   285998.122   286035.122   286066.122   286105.122
  2425:   286132.122   286170.122   286200.122   286236.122   286271.122
  2430:   286311.122   286345.122   286387.122   286420.122   286458.122
  2435:   286490.122   286526.122   286556.122   286591.122   286621.122
  2440:   286656.122   286688.122   286723.122   286753.122   286791.122
  2445:   286823.722   286823.920   286823.901   286823.092   287123.902
  2450:   288623.910   288625.613   290575.623   290576.713   290843.123
  2455:   290889.123   290927.123   290956.123   290994.123   291022.123
  2460:   291053.123   291086.123   291120.123   291153.123   291186.123
  2465:   291219.123   291252.123   291288.123   291319.123   291353.123
  2470:   291385.123   291420.123   291455.123   291491.123   291522.123
  2475:   291558.123   291588.123   291624.123   291654.123   291691.123
  2480:   291723.123   291759.123   291791.123   291827.123   291857.123
  2485:   291894.123   291924.123   291961.123   291993.123   292030.123
  2490:   292064.123   292101.123   292134.123   292169.123   292204.123
  2495:   292243.123   292275.123   292311.123   292343.123   292381.123
  2500:   292413.123   292452.123   292488.123   292527.723   292527.920
  2505:   292527.901   292527.093   292827.902   294327.910   294329.612
  2510:   295729.622   295730.712   295972.122   296018.122   296054.122
  2515:   296091.122   296126.122   296170.122   296202.122   296237.122
  2520:   296270.122   296303.122   296333.122   296370.122   296403.122
  2525:   296432.122   296466.122   296500.122   296536.122   296566.122
  2530:   296602.122   296636.122   296671.122   296708.122   296742.122
  2535:   296777.122   296808.122   296843.122   296883.122   296915.122
  2540:   296950.122   296981.122   297018.122   297048.122   297084.122
  2545:   297114.122   297152.722   297152.920   297152.901   297152.092
  2550:   297452.902   298952.910   298954.613   300904.623   300905.713
  2555:   301608.123   301686.123   301723.123   301831.123   301864.123
  2560:   301897.123   301927.123   301959.123   301993.123   302030.123
  2565:   302073.123   302104.123   302140.123   302175.123   302209.123
  2570:   302237.123   302275.123   302314.123   302349.123   302387.123
  2575:   302416.123   302452.123   302487.123   302516.123   302550.123
  2580:   302587.123   302627.123   302658.123   302694.123   302728.123
  2585:   302759.123   302796.123   302832.123   302870.723   302870.920
  2590:   302870.901   302870.093   303170.902   304670.910   304672.614
  2595:   307422.624   307423.714   307738.124   308025.124   308057.124
  2600:   308088.124   308120.124   308153.124   308193.124   308232.124
  2605:   308266.124   308311.124   308387.124   308417.124   308450.124
  2610:   308482.124   308517.124   308557.124   308591.124   308623.124
  2615:   308651.124   308686.124   308722.124   308751.124   308788.124
  2620:   308825.124   308859.124   308891.124   308929.124   308964.124
  2625:   308995.124   309032.124   309068.124   309100.124   309134.124
  2630:   309174.124   309205.124   309240.124   309279.124   309309.124
  2635:   309347.124   309381.124   309417.124   309454.124   309487.124
  2640:   309522.124   309555.124   309590.124   309630.124   309666.124
  2645:   309703.124   309740.124   309774.124   309812.124   309843.124
  2650:   309879.124   309912.124   309949.124   309980.124   310016.124
  2655:   310050.124   310090.124   310122.124   310159.124   310188.724
  2660:   310188.920   310188.901   310188.094   310488.902   311988.910
  2665:   311990.615   315840.625   315841.715   317609.125   317687.125
  2670:   317724.125   317751.125   317898.125   317934.125   318012.125
  2675:   318056.125   318170.125   318196.125   318221.125   318253.125
  2680:   318316.125   318350.125   318382.125   318417.125   318453.125
  2685:   318493.125   318527.125   318556.125   318590.125   318626.125
  2690:   318656.125   318691.125   318723.125   318761.125   318790.125
  2695:   318823.125   318862.125   318895.125   318927.125   318961.125
  2700:   318994.125   319035.125   319067.125   319101.125   319132.125
  2705:   319166.125   319201.125   319236.125   319269.125   319305.125
  2710:   319339.125   319381.125   319413.125   319449.125   319492.125
  2715:   319523.125   319558.125   319596.125   319626.125   319664.125
  2720:   319693.725   319693.920   319693.901   319693.095   319993.902
  2725:   321493.910   321495.612   322895.622   322896.712   323100.122
  2730:   323135.122   323169.122   323201.122   323234.122   323271.122
  2735:   323310.122   323343.122   323377.122   323414.122   323449.122
  2740:   323484.122   323518.122   323555.122   323588.122   323622.122
  2745:   323657.122   323691.122   323727.122   323758.122   323794.122
  2750:   323829.122   323864.122   323901.122   323933.122   323970.122
  2755:   324002.122   324038.122   324071.122   324107.122   324144.122
  2760:   324174.122   324210.122   324248.122   324281.122   324317.722
  2765:   324317.920   324317.901   324317.092   324617.902   326117.910
  2770:   326119.611   327119.621   327120.811   327246.131   327325.131
  2775:   327363.131   327402.131   327438.131   327473.131   327505.131
  2780:   327539.131   327577.131   327609.131   327643.131   327682.131
  2785:   327714.131   327751.131   327786.131   327824.131   327856.131
  2790:   327893.131   327927.131   327963.131   327994.131   328032.131
  2795:   328062.131   328099.131   328130.131   328167.131   328199.131
  2800:   328234.131   328266.131   328302.131   328334.131   328372.131
  2805:   328403.131   328441.131   328472.131   328509.131   328541.131
  2810:   328577.131   328613.131   328650.131   328684.131   328722.131
  2815:   328753.131   328794.131   328824.131   328863.131   328896.131
  2820:   328934.131   328970.131   329009.131   329040.131   329076.131
  2825:   329118.131   329155.131   329195.131   329227.131   329267.131
  2830:   329301.131   329343.131   329396.131   329463.131   329503.131
  2835:   329612.131   329656.131   329693.131   329736.131   330620.821
  2840:   330620.920   332120.910   332122.613   334072.623   334073.813
  2845:   334373.133   334426.133   334571.133   334603.133   334636.133
  2850:   334672.133   334706.133   334739.133   334775.133   334806.133
  2855:   334837.133   334871.133   334898.133   334936.133   335013.133
  2860:   335045.133   335086.133   335132.133   335174.133   335213.133
  2865:   335250.133   335287.133   335320.133   335357.133   335387.133
  2870:   335424.133   335454.133   335491.133   335523.133   335563.133
  2875:   335595.133   335629.133   335667.133   335697.133   335734.133
  2880:   335765.133   335803.133   335834.133   335871.133   335900.133
  2885:   335936.133   335975.133   336012.133   336044.133   336081.133
  2890:   336114.133   336151.133   336183.133   336220.133   336249.133
  2895:   336287.133   336323.133   336355.133   336395.133   336428.133
  2900:   336467.133   336499.133   336539.133   336571.133   336609.133
  2905:   336643.133   336683.133   336732.133   336768.133   336804.133
  2910:   336853.133   336889.133   336922.133   336959.133   337002.133
  2915:   337039.133   337071.133   337107.133   337149.133   337186.133
  2920:   337486.133   337519.133   337565.133   337603.133   337646.133
  2925:   337684.133   337769.133   337822.133   338622.133   338661.133
  2930:   338698.133   338735.133   338774.133   338814.133   338855.133
  2935:   338873.823   338873.920   340373.910   340375.612   341775.622
  2940:   341776.712   341950.122   341993.122   342033.122   342071.122
  2945:   342104.122   342134.122   342168.122   342198.122   342230.122
  2950:   342264.122   342299.122   342334.122   342365.122   342400.122
  2955:   342434.122   342469.122   342506.122   342540.122   342575.122
  2960:   342612.122   342651.122   342684.122   342721.122   342753.122
  2965:   342791.122   342822.122   342859.122   342898.122   342930.122
  2970:   342969.122   343002.122   343038.122   343068.122   343106.122
  2975:   343140.122   343179.722   343179.920   343179.901   343179.092
  2980:   343479.902   344979.910   344981.614   347731.624   347732.714
  2985:   348117.124   348655.124   348692.124   348729.124   348767.124
  2990:   348806.124   348845.124   348881.124   348918.124   348958.124
  2995:   349000.124   349037.124   349084.124   349133.124   349167.124
  3000:   349205.124   349240.124   349273.124   349307.124   349345.124
  3005:   349384.124   349419.124   349453.124   349489.124   349522.124
  3010:   349558.124   349593.124   349628.124   349664.124   349701.124
  3015:   349731.124   349770.124   349801.124   349838.124   349876.124
  3020:   349910.124   349946.124   349976.124   350010.124   350049.124
  3025:   350082.124   350119.124   350150.124   350184.124   350224.124
  3030:   350256.124   350294.124   350330.124   350368.124   350402.124
  3035:   350440.124   350471.124   350510.724   350510.920   350510.901
  3040:   350510.094   350810.902   352310.910   352312.612   353712.622
  3045:   353713.712   353940.122   353979.122   354011.122   354052.122
  3050:   354084.122   354116.122   354151.122   354188.122   354225.122
  3055:   354263.122   354304.122   354344.122   354380.122   354416.122
  3060:   354455.122   354491.122   354532.122   354566.122   354596.122
  3065:   354633.122   354673.122   354703.122   354742.122   354773.122
  3070:   354810.122   354850.122   354883.122   354920.122   354951.122
  3075:   354986.122   355018.122   355055.122   355087.122   355125.722
  3080:   355125.920   355125.901   355125.092   355425.902   356925.910
  3085:   356927.611   357927.621   357928.811   358167.131   358212.131
  3090:   358246.131   358282.131   358317.131   358349.131   358385.131
  3095:   358418.131   358453.131   358490.131   358525.131   358564.131
  3100:   358611.131   358641.131   358678.131   358716.131   358747.131
  3105:   358782.131   358817.131   358852.131   358888.131   358922.131
  3110:   358959.131   358994.131   359030.131   359064.131   359101.131
  3115:   359132.131   359170.131   359202.131   359239.131   359271.131
  3120:   359309.131   359340.131   359377.131   359409.131   359447.131
  3125:   359478.131   359521.131   359555.131   359592.131   359623.131
  3130:   359659.131   359692.131   359733.131   359769.131   359806.131
  3135:   359839.131   359878.131   359915.131   359958.131   359992.131
  3140:   360032.131   360053.131   360089.131   360122.131   360160.131
  3145:   360194.131   360232.131   360269.131   360303.131   360340.131
  3150:   360484.131   360494.131   360528.131   360564.131   360602.131
  3155:   360637.131   360671.131   360707.131   360743.131   360782.131
  3160:   360818.131   360856.131   360893.131   360934.131   360973.131
  3165:   361015.131   361100.131   361428.821   361428.920   362928.910
  3170:   362930.611   363930.621   363931.711   364254.121   364297.121
  3175:   364334.121   364371.121   364411.121   364447.121   364476.121
  3180:   364509.121   364547.121   364585.121   364625.121   364663.121
  3185:   364705.121   364743.121   364777.121   364813.121   364844.121
  3190:   364882.121   364918.121   364959.721   364959.920   364959.901
  3195:   364959.091   365259.902   366759.910   366761.612   368161.622
  3200:   368162.712   368315.122   368387.122   368423.122   368458.122
  3205:   368492.122   368525.122   368563.122   368600.122   368641.122
  3210:   368672.122   368705.122   368738.122   368773.122   368810.122
  3215:   368847.122   368881.122   368921.122   368951.122   368988.122
  3220:   369024.122   369057.122   369094.122   369126.122   369161.122
  3225:   369195.122   369230.122   369266.122   369299.122   369335.122
  3230:   369367.122   369405.122   369440.122   369482.122   369514.122
  3235:   369550.122   369582.722   369582.920   369582.901   369582.092
  3240:   369882.902   371382.910   371384.615   375234.625   375235.715
  3245:   375863.125   375902.125   375941.125   375984.125   376098.125
  3250:   376126.125   376263.125   376299.125   376445.125   376476.125
  3255:   376523.125   376727.125   376751.125   376785.125   376816.125
  3260:   376848.125   376878.125   376912.125   376941.125   376968.125
  3265:   376999.125   377031.125   377062.125   377097.125   377126.125
  3270:   377161.125   377192.125   377229.125   377267.125   377299.125
  3275:   377334.125   377368.125   377401.125   377436.125   377468.125
  3280:   377505.125   377538.125   377574.125   377606.125   377642.125
  3285:   377674.125   377711.125   377743.125   377780.125   377815.125
  3290:   377851.125   377884.125   377921.125   377953.125   377993.125
  3295:   378025.125   378061.125   378092.125   378130.125   378161.125
  3300:   378200.125   378233.125   378269.125   378299.125   378335.125
  3305:   378365.125   378402.125   378434.125   378471.125   378506.125
  3310:   378546.125   378584.125   378614.125   378651.125   378687.125
  3315:   378719.125   378755.125   378790.125   378828.125   378864.125
  3320:   378898.125   378935.125   378969.125   379005.125   379039.125
  3325:   379075.125   379115.725   379115.920   379115.901   379115.095
  3330:   379415.902   380915.910   380917.615   384767.625   384768.715
  3335:   385621.125   385658.125   385701.125   385739.125   385782.125
  3340:   385950.125   385988.125   386064.125   386094.125   386126.125
  3345:   386157.125   386187.125   386224.125   386259.125   386299.125
  3350:   386342.125   386385.125   386460.125   386495.125   386527.125
  3355:   386561.125   386592.125   386626.125   386658.125   386690.125
  3360:   386725.125   386762.125   386797.125   386828.125   386864.125
  3365:   386895.125   386930.125   386961.125   386996.125   387030.125
  3370:   387067.125   387104.125   387137.125   387171.125   387202.125
  3375:   387235.125   387269.125   387300.125   387334.125   387367.125
  3380:   387399.125   387430.125   387464.125   387526.125   387555.125
  3385:   387589.125   387620.125   387654.125   387684.125   387720.125
  3390:   387750.125   387783.125   387840.125   387864.125   387895.125
  3395:   387926.125   387962.125   387988.125   388023.125   388088.125
  3400:   388116.125   388151.125   388178.125   388212.125   388241.125
  3405:   388276.125   388305.125   388340.125   388401.125   388434.125
  3410:   388463.125   388497.125   388528.125   388560.125   388598.125
  3415:   388633.725   388633.920   388633.901   388633.095   388933.902
  3420:   390433.910   390435.615   394285.625   394286.715   395839.125
  3425:   395871.125   395897.125   395970.125   396309.125   396340.125
  3430:   396375.125   396408.125   396442.125   396470.125   396506.125
  3435:   396537.125   396567.125   396605.125   396639.125   396679.125
  3440:   396716.125   396747.125   396777.125   396813.125   396851.125
  3445:   396885.125   396916.125   396949.125   396978.125   397010.125
  3450:   397042.125   397072.125   397106.125   397138.125   397167.125
  3455:   397198.125   397231.125   397262.125   397294.125   397325.125
  3460:   397359.125   397390.125   397421.125   397454.125   397485.125
  3465:   397520.125   397582.125   397618.125   397650.125   397683.125
  3470:   397716.125   397749.125   397783.125   397818.125   397849.125
  3475:   397880.125   397916.125   397945.125   397980.125   398012.125
  3480:   398043.125   398080.125   398113.125   398147.725   398147.920
  3485:   398147.901   398147.095   398447.902   399947.910   399949.613
  3490:   401899.623   401900.813   402111.133   402149.133   402185.133
  3495:   402297.133   402323.133   402360.133   402500.133   402528.133
  3500:   402557.133   402588.133   402620.133   402654.133   402681.133
  3505:   402714.133   402742.133   402778.133   402839.133   402870.133
  3510:   402901.133   402932.133   402965.133   402994.133   403026.133
  3515:   403058.133   403089.133   403118.133   403151.133   403182.133
  3520:   403215.133   403243.133   403306.133   403338.133   403371.133
  3525:   403401.133   403436.133   403464.133   403528.133   403564.133
  3530:   403592.133   403627.133   403654.133   403688.133   403716.133
  3535:   403750.133   403780.133   403814.133   403841.133   403877.133
  3540:   403905.133   403939.133   403970.133   404006.133   404038.133
  3545:   404070.133   404103.133   404134.133   404168.133   404204.133
  3550:   404232.133   404269.133   404300.133   404332.133   404393.133
  3555:   404408.133   404440.133   404470.133   404503.133   404537.133
  3560:   404571.133   404603.133   404638.133   404669.133   404703.133
  3565:   404731.133   404765.133   404795.133   404828.133   404857.133
  3570:   404894.133   404923.133   404958.133   404987.133   405023.133
  3575:   405051.133   405086.133   405117.133   405181.133   405216.133
  3580:   405246.133   405279.133   405380.133   405415.133   405478.133
  3585:   405520.133   405552.133   405626.133   405659.133   405694.133
  3590:   405723.133   405759.133   405802.133   405901.133   405945.133
  3595:   405976.133   406015.133   406057.133   406402.133   406414.133
  3600:   406697.133   406700.823   406700.920   406725.411   408200.910
  3605:   408202.613   410152.623   410153.713   410364.123   410406.123
  3610:   410436.123   410503.123   410535.123   410600.123   410665.123
  3615:   410698.123   410728.123   410760.123   410794.123   410827.123
  3620:   410856.123   410888.123   410924.123   410956.123   411024.123
  3625:   411058.123   411091.123   411123.123   411154.123   411190.123
  3630:   411252.123   411284.123   411315.123   411349.123   411416.123
  3635:   411483.123   411518.123   411551.123   411586.123   411649.123
  3640:   411713.123   411783.123   411818.123   411854.123   411893.123
  3645:   411934.123   411972.123   412049.123   412075.123   412131.723
  3650:   412131.920   412131.901   412131.093   412431.902   413931.910
  3655:   413933.614   416683.624   416684.814   416822.134   416831.134
  3660:   416863.134   416898.134   416936.134   416972.134   417009.134
  3665:   417051.134   417090.134   417130.134   417230.134   417247.134
  3670:   417273.134   417311.134   417346.134   417410.134   417438.134
  3675:   417467.134   417498.134   417526.134   417556.134   417587.134
  3680:   417617.134   417647.134   417677.134   417720.134   417749.134
  3685:   417783.134   417809.134   417842.134   417901.134   417932.134
  3690:   417993.134   418025.134   418083.134   418114.134   418147.134
  3695:   418178.134   418211.134   418244.134   418278.134   418307.134
  3700:   418339.134   418369.134   418400.134   418433.134   418464.134
  3705:   418494.134   418527.134   418589.134   418624.134   418657.134
  3710:   418690.134   418721.134   418753.134   418784.134   418815.134
  3715:   418847.134   418880.134   418912.134   418947.134   418976.134
  3720:   419011.134   419041.134   419073.134   419110.134   419138.134
  3725:   419170.134   419202.134   419233.134   419269.134   419301.134
  3730:   419335.134   419371.134   419403.134   419435.134   419469.134
  3735:   419519.134   419552.134   419588.134   419619.134   419650.134
  3740:   419684.134   419717.134   419750.134   419780.134   419810.134
  3745:   419846.134   419878.134   419911.134   419943.134   419976.134
  3750:   420042.134   420070.134   420100.134   420132.134   420165.134
  3755:   420197.134   420234.134   420267.134   420301.134   420332.134
  3760:   420365.134   420432.134   420465.134   420499.134   420529.134
  3765:   420562.134   420594.134   420629.134   420721.134   420757.134
  3770:   420785.134   420819.134   420854.134   420945.134   421006.134
  3775:   421036.134   421068.134   421103.134   421143.134   421549.134
  3780:   422106.134   422143.134   422217.134   422257.134   422292.134
  3785:   422544.134   422668.134   422764.134   422784.824   422784.920
  3790:   424284.910   424286.611   425286.621   425287.811   425751.131
  3795:   425788.131   425803.131   425834.131   425866.131   425897.131
  3800:   425933.131   426006.131   426043.131   426079.131   426107.131
  3805:   426141.131   426179.131   426215.131   426250.131   426288.131
  3810:   426320.131   426348.131   426382.131   426414.131   426446.131
  3815:   426482.131   426515.131   426549.131   426580.131   426613.131
  3820:   426643.131   426675.131   426711.131   426745.131   426780.131
  3825:   426843.131   426875.131   426911.131   426982.131   427017.131
  3830:   427100.131   427166.131   427203.131   427229.131   427305.131
  3835:   427333.131   427421.131   427449.131   427495.131   427572.131
  3840:   427640.131   427920.131   428415.131   428658.131   428697.131
  3845:   428741.131   428787.821   428787.920   430287.910   430289.614
  3850:   433039.624   433040.814   439140.824   439140.920   440640.910
  3855:   440642.611   441642.621   441643.711   445728.721   445728.920
  3860:   445728.901   445728.091   446028.902   447528.910   447530.613
  3865:   449480.623   449481.713   450386.123   450416.123   450454.123
  3870:   450522.123   450770.123   450819.123   450884.123   450916.123
  3875:   450948.123   450979.123   451012.123   451042.123   451077.123
  3880:   451141.123   451171.123   451204.123   451233.123   451264.123
  3885:   451331.123   451369.123   451401.123   451435.723   451435.920
  3890:   451435.901   451435.093   451735.902   453235.910   453237.612
  3895:   454637.622   454638.712   454838.122   454876.122   454910.122
  3900:   454984.122   455017.122   455044.122   455075.122   455107.122
  3905:   455136.122   455167.122   455201.122   455232.122   455262.122
  3910:   455325.122   455359.122   455396.122   455423.122   455452.122
  3915:   455483.122   455512.122   455577.122   455610.122   455672.122
  3920:   455703.122   455737.122   455766.122   455828.122   455861.122
  3925:   455893.122   455924.122   455958.122   455984.122   456020.122
  3930:   456048.722   456048.920   456048.901   456048.092   456348.902
  3935:   457848.910   457850.614   460600.624   460601.714   460882.124
  3940:   461445.124   461480.124   461523.124   461596.124   461725.124
  3945:   461755.124   461819.124   461852.124   461881.124   461916.124
  3950:   461949.124   461989.124   462053.124   462087.124   462124.124
  3955:   462153.124   462185.124   462217.124   462248.124   462281.124
  3960:   462308.124   462369.124   462398.124   462462.124   462493.124
  3965:   462524.124   462558.124   462590.124   462623.124   462657.124
  3970:   462688.124   462719.124   462754.124   462785.124   462818.124
  3975:   462848.124   462881.124   462912.124   462941.124   462973.124
  3980:   463004.124   463037.124   463066.124   463099.124   463129.124
  3985:   463162.124   463192.124   463224.124   463255.124   463289.124
  3990:   463320.124   463354.724   463354.920   463354.901   463354.094
  3995:   463654.902   465154.910   465156.613   467106.623   467107.713
  4000:   467707.123   467812.123   467998.123   468024.123   468083.123
  4005:   468112.123   468146.123   468173.123   468202.123   468232.123
  4010:   468263.123   468293.123   468321.123   468352.123   468381.123
  4015:   468413.123   468445.123   468473.123   468504.123   468565.123
  4020:   468595.123   468628.123   468658.123   468690.123   468717.123
  4025:   468749.123   468779.123   468841.123   468872.123   468904.123
  4030:   468937.123   468966.123   468998.123   469032.123   469067.723
  4035:   469067.920   469067.901   469067.093   469367.902   470867.910
  4040:   470869.614   473619.624   473620.814   474110.134   474216.134
  4045:   474349.134   474385.134   474421.134   474454.134   474577.134
  4050:   474600.134   474632.134   474659.134   474688.134   474722.134
  4055:   474860.134   474886.134   474949.134   474978.134   475010.134
  4060:   475042.134   475071.134   475101.134   475130.134   475164.134
  4065:   475196.134   475225.134   475259.134   475289.134   475318.134
  4070:   475348.134   475381.134   475415.134   475445.134   475478.134
  4075:   475510.134   475543.134   475571.134   475603.134   475632.134
  4080:   475666.134   475696.134   475726.134   475757.134   475790.134
  4085:   475819.134   475853.134   475918.134   475949.134   475981.134
  4090:   476011.134   476072.134   476106.134   476171.134   476203.134
  4095:   476235.134   476272.134   476308.134   476339.134   476371.134
  4100:   476403.134   476436.134   476470.134   476504.134   476536.134
  4105:   476570.134   476598.134   476633.134   476664.134   476699.134
  4110:   476730.134   476764.134   476796.134   476827.134   476857.134
  4115:   476891.134   476922.134   476955.134   477019.134   477052.134
  4120:   477086.134   477124.134   477153.134   477187.134   477217.134
  4125:   477253.134   477281.134   477313.134   477347.134   477414.134
  4130:   477449.134   477484.134   477527.134   477598.134   477665.134
  4135:   477734.134   477849.134   477879.134   477912.134   477947.134
  4140:   477978.134   478013.134   478045.134   478082.134   478113.134
  4145:   478147.134   478214.134   478258.134   478292.134   478325.134
  4150:   478358.134   478425.134   478493.134   478568.134   478611.134
  4155:   478652.134   478683.134   479720.824   479720.920   481220.910
  4160:   481222.612   482622.622   482623.712   482741.122   482860.122
  4165:   482934.122   483029.122   483082.122   483112.122   483143.122
  4170:   483174.122   483206.122   483238.122   483270.122   483304.122
  4175:   483362.122   483395.122   483426.122   483455.122   483487.122
  4180:   483515.122   483548.122   483579.122   483613.122   483642.122
  4185:   483674.122   483704.122   483738.122   483767.122   483800.122
  4190:   483831.122   483863.122   483893.122   483927.122   483953.122
  4195:   483990.122   484017.122   484052.722   484052.920   484052.901
  4200:   484052.092   484352.902   485852.910   485854.614   488604.624
  4205:   488605.714   488842.124   488878.124   489197.124   489229.124
  4210:   489259.124   489293.124   489324.124   489359.124   489388.124
  4215:   489422.124   489456.124   489495.124   489526.124   489561.124
  4220:   489591.124   489624.124   489653.124   489687.124   489715.124
  4225:   489748.124   489780.124   489813.124   489842.124   489875.124
  4230:   489905.124   489938.124   489966.124   489998.124   490027.124
  4235:   490060.124   490091.124   490125.124   490154.124   490188.124
  4240:   490218.124   490254.124   490283.124   490317.124   490344.124
  4245:   490376.124   490406.124   490442.124   490472.124   490505.124
  4250:   490533.124   490568.124   490599.124   490632.124   490663.124
  4255:   490697.124   490728.124   490762.124   490792.124   490823.124
  4260:   490859.124   490890.124   490921.124   490958.124   490989.124
  4265:   491164.124   491197.124   491231.124   491263.124   491294.124
  4270:   491326.124   491361.724   491361.920   491361.901   491361.094
  4275:   491661.902   493161.910   493163.611   494163.621   494164.711
  4280:   494319.121   494347.121   494378.121   494406.121   494436.121
  4285:   494467.121   494505.121   494537.121   494571.121   494602.121
  4290:   494636.121   494701.121   494735.121   494766.121   494801.121
  4295:   494863.121   494893.121   494927.121   494957.121   494991.121
  4300:   495020.121   495050.121   495074.121   495104.121   495133.121
  4305:   495165.721   495165.920   495165.901   495165.091   495465.902
  4310:   496965.910   496967.611   497967.621   497968.811   498102.131
  4315:   498137.131   498173.131   498207.131   498248.131   498279.131
  4320:   498316.131   498347.131   498377.131   498405.131   498436.131
  4325:   498466.131   498495.131   498524.131   498555.131   498588.131
  4330:   498619.131   498648.131   498683.131   498714.131   498747.131
  4335:   498777.131   498809.131   498836.131   498871.131   498935.131
  4340:   498964.131   498998.131   499027.131   499060.131   499090.131
  4345:   499123.131   499157.131   499187.131   499221.131   499257.131
  4350:   499291.131   499325.131   499392.131   499462.131   499495.131
  4355:   499526.131   499556.131   499620.131   499656.131   499688.131
  4360:   499724.131   499757.131   499792.131   499827.131   499862.131
  4365:   499896.131   499930.131   499963.131   500029.131   500058.131
  4370:   500095.131   500126.131   500163.131   500194.131   500233.131
  4375:   500268.131   500345.131   500378.131   500412.131   500449.131
  4380:   500485.131   500515.131   500549.131   500585.131   500613.131
  4385:   500652.131   500691.131   501468.821   501468.920   502968.910
  4390:   502970.611   503970.621   503971.711   504221.121   504290.121
  4395:   504325.121   504372.121   504405.121   504439.121   504475.121
  4400:   504515.121   504593.121   504669.121   504706.121   504738.121
  4405:   504772.121   504840.121   504906.121   504945.121   504981.721
  4410:   504981.920   504981.901   504981.091   505281.902   506781.910
  4415:   506783.613   508733.623   508734.713   508872.123   508909.123
  4420:   508981.123   509016.123   509077.123   509113.123   509146.123
  4425:   509169.123   509201.123   509231.123   509264.123   509293.123
  4430:   509318.123   509350.123   509380.123   509410.123   509440.123
  4435:   509468.123   509499.123   509557.123   509590.123   509621.123
  4440:   509650.123   509684.123   509714.123   509745.123   509780.123
  4445:   509813.123   509840.123   509870.123   509902.123   509929.123
  4450:   509961.123   510022.123   510052.123   510084.123   510117.123
  4455:   510146.123   510181.123   510209.123   510242.123   510269.123
  4460:   510303.123   510332.123   510368.123   510395.123   510457.123
  4465:   510490.123   510521.123   510559.123   510588.123   510623.123
  4470:   510653.123   510692.723   510692.920   510692.901   510692.093
  4475:   510992.902   512492.910   512494.611   513494.621   513495.711
  4480:   513602.121   513640.121   513678.121   513717.121   513746.121
  4485:   513788.121   513819.121   513851.121   513911.121   513984.121
  4490:   514013.121   514043.121   514074.121   514105.121   514166.121
  4495:   514224.121   514253.121   514287.121   514314.121   514347.121
  4500:   514376.121   514410.121   514439.121   514471.121   514502.721
  4505:   514502.920   514502.901   514502.091   514802.902   516302.910
  4510:   516304.614   519054.624   519055.714   519216.124   519320.124
  4515:   519353.124   519528.124   519560.124   519599.124   519886.124
  4520:   519915.124   519949.124   519989.124   520015.124   520055.124
  4525:   520090.124   520127.124   520156.124   520185.124   520215.124
  4530:   520247.124   520277.124   520339.124   520369.124   520399.124
  4535:   520433.124   520462.124   520494.124   520526.124   520558.124
  4540:   520587.124   520620.124   520682.124   520714.124   520745.124
  4545:   520777.124   520808.124   520840.124   520870.124   520903.124
  4550:   520930.124   520963.124   520994.124   521030.124   521058.124
  4555:   521092.124   521121.124   521156.124   521185.124   521217.124
  4560:   521247.124   521279.124   521308.124   521343.124   521372.124
  4565:   521405.124   521437.124   521470.124   521535.124   521566.124
  4570:   521602.124   521617.124   521652.124   521681.124   521714.124
  4575:   521747.124   521777.124   521809.724   521809.920   521809.901
  4580:   521809.094   522109.902   523609.910   523611.615   527461.625
  4585:   527462.715   528419.125   528454.125   528874.125   528900.125
  4590:   529354.125   529424.125   529493.125   529522.125   529557.125
  4595:   529591.125   529654.125   529687.125   529721.125   529756.125
  4600:   529787.125   529823.125   529858.125   529894.125   529925.125
  4605:   529959.125   529988.125   530050.125   530080.125   530113.125
  4610:   530142.125   530173.125   530206.125   530233.125   530261.125
  4615:   530309.125   530340.125   530374.125   530403.125   530463.125
  4620:   530493.125   530527.125   530591.125   530621.125   530654.125
  4625:   530685.125   530715.125   530747.125   530783.125   530815.125
  4630:   530851.125   530881.125   530914.125   530946.125   530976.125
  4635:   531006.125   531041.125   531073.125   531104.125   531137.125
  4640:   531172.125   531205.125   531240.125   531272.125   531306.125
  4645:   531339.725   531339.920   531339.901   531339.095   531639.902
  4650:   533139.910   533141.613   535091.623   535092.713   536527.123
  4655:   536550.123   536613.123   536648.123   536687.123   536726.123
  4660:   536758.123   536789.123   536825.123   536887.123   536921.123
  4665:   536951.123   536990.123   537023.123   537054.723   537054.920
  4670:   537054.901   537054.093   537354.902   538854.910   538856.611
  4675:   539856.621   539857.711   540099.121   540131.121   540164.121
  4680:   540300.121   540329.121   540399.121   540590.121   540619.121
  4685:   540644.121   540674.121   540703.121   540734.121   540761.121
  4690:   540789.121   540817.121   540848.121   540876.721   540876.920
  4695:   540876.901   540876.091   541176.902   542676.910   542678.611
  4700:   543678.621   543679.811   543849.131   543937.131   543963.131
  4705:   543993.131   544019.131   544046.131   544073.131   544099.131
  4710:   544128.131   544156.131   544184.131   544217.131   544244.131
  4715:   544276.131   544340.131   544370.131   544400.131   544431.131
  4720:   544459.131   544489.131   544520.131   544553.131   544580.131
  4725:   544610.131   544639.131   544671.131   544700.131   544729.131
  4730:   544759.131   544789.131   544818.131   544851.131   544883.131
  4735:   544912.131   544946.131   544975.131   545009.131   545039.131
  4740:   545074.131   545108.131   545141.131   545172.131   545206.131
  4745:   545239.131   545272.131   545305.131   545339.131   545370.131
  4750:   545404.131   545435.131   545470.131   545503.131   545535.131
  4755:   545570.131   545600.131   545635.131   545699.131   545766.131
  4760:   545802.131   545835.131   545867.131   545901.131   545936.131
  4765:   545965.131   545997.131   546028.131   546061.131   546089.131
  4770:   546128.131   546159.131   546222.131   546259.131   546321.131
  4775:   546352.131   546385.131   546418.131   546448.131   546485.131
  4780:   546517.131   546552.131   546584.131   546617.131   546689.131
  4785:   546723.131   546749.131   546784.131   546813.131   546844.131
  4790:   546878.131   546908.131   546943.131   546973.131   547008.131
  4795:   547037.131   547070.131   547101.131   547134.131   547164.131
  4800:   547179.821   547179.920   548679.910   548681.613   550631.623
  4805:   550632.713   551030.123   551059.123   551090.123   551119.123
  4810:   551161.123   551262.123   551293.123   551324.123   551354.123
  4815:   551380.123   551411.123   551441.123   551470.123   551501.123
  4820:   551532.123   551560.123   551592.123   551651.123   551683.123
  4825:   551714.123   551743.123   551775.123   551804.123   551839.123
  4830:   551869.123   551900.123   551930.123   551964.123   551993.123
  4835:   552026.123   552058.123   552088.123   552119.123   552181.123
  4840:   552213.123   552244.123   552277.123   552315.123   552348.123
  4845:   552411.123   552444.123   552473.123   552504.123   552536.123
  4850:   552566.123   552599.723   552599.920   552599.901   552599.093
  4855:   552899.902   554399.910   554401.613   556351.623   556352.813
  4860:   556640.133   556736.133   556766.133   556795.133   556860.133
  4865:   556892.133   556929.133   556955.133   557028.133   557060.133
  4870:   557122.133   557154.133   557183.133   557212.133   557239.133
  4875:   557270.133   557300.133   557331.133   557360.133   557391.133
  4880:   557420.133   557453.133   557483.133   557515.133   557545.133
  4885:   557575.133   557606.133   557637.133   557666.133   557700.133
  4890:   557730.133   557765.133   557800.133   557830.133   557863.133
  4895:   557894.133   557925.133   557955.133   558054.133   558086.133
  4900:   558118.133   558151.133   558183.133   558214.133   558248.133
  4905:   558281.133   558314.133   558348.133   558378.133   558432.133
  4910:   558464.133   558496.133   558590.133   558623.133   558654.133
  4915:   558686.133   558716.133   558750.133   558812.133   558847.133
  4920:   558878.133   558909.133   558972.133   559006.133   559036.133
  4925:   559069.133   559136.133   559168.133   559201.133   559232.133
  4930:   559330.133   559362.133   559395.133   559428.133   559459.133
  4935:   559494.133   559522.133   559556.133   559589.133   559652.133
  4940:   559685.133   559718.133   559755.133   559783.133   559849.133
  4945:   559882.133   559913.133   559948.133   559980.133   560017.133
  4950:   560049.133   560089.133   560127.133   560165.133   560274.133
  4955:   560301.133   560364.133   560400.133   560489.133   560520.133
  4960:   560550.133   560661.133   561152.823   561152.920   562652.910
  4965:   562654.613   564604.623   564605.813   565078.133   565116.133
  4970:   565152.133   565217.133   565248.133   565284.133   565319.133
  4975:   565395.133   565588.133   565613.133   565645.133   565677.133
  4980:   565716.133   565779.133   565811.133   565846.133   565875.133
  4985:   565908.133   565940.133   565999.133   566032.133   566060.133
  4990:   566094.133   566125.133   566158.133   566192.133   566223.133
  4995:   566292.133   566322.133   566355.133   566386.133   566422.133
  5000:   566452.133   566486.133   566520.133   566549.133   566581.133
  5005:   566618.133   566649.133   566685.133   566719.133   566752.133
  5010:   566786.133   566818.133   566852.133   566889.133   566959.133
  5015:   567024.133   567055.133   567087.133   567122.133   567152.133
  5020:   567183.133   567219.133   567250.133   567281.133   567315.133
  5025:   567345.133   567377.133   567409.133   567449.133   567483.133
  5030:   567520.133   567552.133   567585.133   567698.133   567729.133
  5035:   567764.133   567878.133   567927.133   568000.133   569146.133
  5040:   569178.133   569405.823   569405.920   570905.910   570907.614
  5045:   573657.624   573658.714   574452.124   574737.124   574773.124
  5050:   574801.124   574881.124   574915.124   574946.124   574978.124
  5055:   575009.124   575040.124   575085.124   575120.124   575153.124
  5060:   575185.124   575216.124   575256.124   575283.124   575319.124
  5065:   575358.124   575422.124   575460.124   575529.124   575556.124
  5070:   575585.124   575618.124   575684.124   575720.124   575752.124
  5075:   575787.124   575817.124   575854.124   575889.124   575926.124
  5080:   575993.124   576019.124   576097.124   576128.124   576161.124
  5085:   576191.124   576229.124   576264.124   576296.124   576330.124
  5090:   576368.124   576395.124   576430.724   576430.920   576430.901
  5095:   576430.094   576730.902   578230.910   578232.612   579632.622
  5100:   579633.712   579759.122   579798.122   579835.122   579869.122
  5105:   579909.122   579944.122   579973.122   580007.122   580039.122
  5110:   580071.122   580109.122   580146.122   580182.122   580215.122
  5115:   580249.122   580279.122   580313.122   580336.122   580365.122
  5120:   580396.122   580427.122   580454.122   580485.122   580513.122
  5125:   580544.122   580635.122   580668.122   580696.122   580725.122
  5130:   580786.122   580813.122   580847.122   580877.122   580909.122
  5135:   580943.122   580975.122   581009.122   581036.722   581036.920
  5140:   581036.901   581036.092   581336.902   582836.910   582838.612
  5145:   584238.622   584239.812   584413.132   584452.132   584493.132
  5150:   584530.132   584567.132   584606.132   584645.132   584686.132
  5155:   584720.132   584757.132   584793.132   584831.132   584865.132
  5160:   584901.132   584924.132   584961.132   584992.132   585023.132
  5165:   585052.132   585084.132   585121.132   585156.132   585186.132
  5170:   585220.132   585256.132   585287.132   585325.132   585358.132
  5175:   585390.132   585425.132   585458.132   585494.132   585526.132
  5180:   585561.132   585593.132   585628.132   585660.132   585697.132
  5185:   585729.132   585765.132   585796.132   585834.132   585862.132
  5190:   585898.132   585929.132   585965.132   586001.132   586034.132
  5195:   586072.132   586106.132   586143.132   586180.132   586212.132
  5200:   586247.132   586281.132   586315.132   586354.132   586386.132
  5205:   586444.132   586480.132   586514.132   586551.132   586587.132
  5210:   586619.132   586659.132   586676.132   586715.132   586794.132
  5215:   586830.132   586869.132   586905.132   586941.132   586979.132
  5220:   587015.132   587056.132   587096.132   587131.132   587170.132
  5225:   587204.132   587243.132   587278.132   587317.132   587385.132
  5230:   587422.132   587449.132   587488.132   587591.132   587642.132
  5235:   588239.822   588239.920   589739.910   589741.613   591691.623
  5240:   591692.813   592444.133   592683.133   592721.133   592946.133
  5245:   592980.133   593014.133   593091.133   593134.133   593209.133
  5250:   593246.133   593283.133   593324.133   593359.133   593392.133
  5255:   593432.133   593506.133   593545.133   593579.133   593657.133
  5260:   593695.133   593732.133   593768.133   593808.133   593841.133
  5265:   593878.133   593924.133   594005.133   594044.133   594082.133
  5270:   594164.133   594194.133   594230.133   594262.133   594297.133
  5275:   594327.133   594361.133   594391.133   594428.133   594462.133
  5280:   594497.133   594533.133   594569.133   594602.133   594639.133
  5285:   594673.133   594709.133   594746.133   594779.133   594814.133
  5290:   594853.133   594896.133   594938.133   594972.133   595006.133
  5295:   595042.133   595078.133   595116.133   595188.133   595218.133
  5300:   595255.133   595305.133   595337.133   595419.133   595452.133
  5305:   595548.133   595577.133   595611.133   595668.133   596178.133
  5310:   596213.133   596244.133   596279.133   596319.133   596395.133
  5315:   596432.133   596471.133   596492.823   596492.920   597992.910
  5320:   597994.615   601844.625   601845.715   602790.125   602967.125
  5325:   603008.125   603374.125   603442.125   603477.125   603720.125
  5330:   603878.125   604138.125   604149.125   604527.125   604542.125
  5335:   605021.125   605058.125   605090.125   605124.125   605159.125
  5340:   605195.125   605233.125   605272.125   605347.125   605383.125
  5345:   605425.125   605497.125   605530.125   605570.125   605607.125
  5350:   605642.125   605682.125   605730.725   605730.920   605730.901
  5355:   605730.095   606030.902   607530.910   607532.615   611382.625
  5360:   611383.815   612356.135   612391.135   612537.135   612570.135
  5365:   612604.135   612643.135   612681.135   612723.135   612761.135
  5370:   612800.135   612840.135   612940.135   612976.135   613017.135
  5375:   613051.135   613084.135   613121.135   613157.135   613192.135
  5380:   613229.135   613267.135   613296.135   613331.135   613360.135
  5385:   613396.135   613430.135   613468.135   613501.135   613539.135
  5390:   613569.135   613607.135   613638.135   613679.135   613715.135
  5395:   613747.135   613786.135   613815.135   613849.135   613887.135
  5400:   613926.135   613963.135   613996.135   614031.135   614062.135
  5405:   614099.135   614135.135   614176.135   614214.135   614251.135
  5410:   614288.135   614323.135   614359.135   614388.135   614422.135
  5415:   614462.135   614494.135   614528.135   614566.135   614598.135
  5420:   614637.135   614677.135   614719.135   614749.135   614785.135
  5425:   614859.135   614893.135   614925.135   614955.135   614984.135
  5430:   615021.135   615050.135   615081.135   615111.135   615167.135
  5435:   615198.135   615227.135   615252.135   615318.135   615362.135
  5440:   615392.135   615430.135   615463.135   615497.135   615529.135
  5445:   615564.135   615611.135   615639.135   615671.135   615703.135
  5450:   615736.135   615763.135   615799.135   615827.135   615859.135
  5455:   615888.135   615953.135   615991.135   616031.135   616061.135
  5460:   616141.135   616207.135   616237.135   616778.135   616807.135
  5465:   616833.135   616864.135   616895.135   616933.135   617851.135
  5470:   618277.135   618310.135   618343.135   618832.135   619383.825
  5475:   619383.920   620883.910   620885.612   622285.622   622286.712
  5480:   622672.122   622708.122   622879.122   622915.122   622952.122
  5485:   622986.122   623078.122   623112.122   623146.122   623184.122
  5490:   623218.122   623255.122   623360.122   623392.122   623424.122
  5495:   623460.122   623567.122   623624.122   623655.122   623747.722
  5500:   623747.920   623747.901   623747.092   624047.902   625547.910
  5505:   625549.613   627499.623   627500.713   627760.123   627791.123
  5510:   627826.123   627862.123   627974.123   628010.123   628043.123
  5515:   628070.123   628100.123   628127.123   628161.123   628191.123
  5520:   628222.123   628288.123   628318.123   628353.123   628391.123
  5525:   628424.123   628458.123   628490.123   628525.123   628563.123
  5530:   628595.123   628627.123   628688.123   628721.123   628752.123
  5535:   628787.123   628819.123   628851.123   628918.123   628953.123
  5540:   628985.123   629021.123   629081.123   629111.123   629142.123
  5545:   629178.123   629240.123   629277.123   629308.123   629342.123
  5550:   629377.123   629408.123   629440.123   629476.723   629476.920
  5555:   629476.901   629476.093   629776.902   631276.910   631278.614
  5560:   634028.624   634029.714   634213.124   634320.124   634359.124
  5565:   634487.124   634519.124   634563.124   634659.124   634699.124
  5570:   634731.124   634759.124   634791.124   634822.124   634860.124
  5575:   634893.124   634924.124   634991.124   635023.124   635048.124
  5580:   635075.124   635103.124   635134.124   635166.124   635202.124
  5585:   635233.124   635263.124   635294.124   635322.124   635355.124
  5590:   635386.124   635418.124   635484.124   635511.124   635544.124
  5595:   635573.124   635604.124   635635.124   635668.124   635696.124
  5600:   635758.124   635789.124   635823.124   635862.124   635896.124
  5605:   635931.124   635966.124   636000.124   636032.124   636064.124
  5610:   636098.124   636130.124   636167.124   636200.124   636269.124
  5615:   636304.124   636341.124   636378.124   636409.124   636442.124
  5620:   636475.124   636539.124   636573.124   636607.124   636642.124
  5625:   636676.124   636706.124   636742.124   636778.124   636807.724
  5630:   636807.920   636807.901   636807.094   637107.902   637107.902
  5635:   637107.005   637107.006   637107.007   637107.020        
D:
     0:        0.000        0.000        0.000        0.000        0.000
     5:        0.000        0.000        0.000        0.000        0.000
    10:        0.000        0.000        0.000        0.000        0.000
    15:        0.000        0.000        0.000        0.000        0.000
    20:        0.000        0.000        0.000        0.000        0.000
    25:        0.000        3.000        0.000        0.000        0.000
    30:        0.000        0.000        0.000        0.000        0.000
    35:        0.000
F:
     0:       10.000       10.000       10.000       10.000       10.000
     5:       10.000       10.000       10.000       10.000       10.000
    10:       10.000       10.000       10.000       10.000       10.000
    15:       10.000       10.000       10.000       10.000       10.000
    20:       10.000       14.000       14.000       14.000       14.000
    25:       14.000       14.000       14.000       14.000       14.000
    30:       14.000       14.000       14.000       14.000       14.000
    35:       14.000       14.000       14.000       14.000       19.500
    40:       19.500       19.500       19.500       19.500       19.500
    45:       19.500       19.500       19.500       19.500       19.500
    50:       19.500       19.500       19.500       19.500       27.500
    55:       27.500       27.500       27.500       27.500       27.500
    60:       27.500       27.500       27.500       27.500       27.500
    65:       27.500       38.500       38.500       38.500       38.500
    70:       38.500       38.500       38.500       38.500       38.500
    75:       20.000       20.000       20.000       20.000       20.000
    80:       20.000       20.000       28.000       28.000       28.000
    85:       28.000       28.000       28.000       39.000       39.000
    90:       39.000       39.000       39.000       55.000       55.000
    95:       55.000       55.000       77.000       77.000       77.000
I:
     0:       75.000        0.000        0.000
M:
     0:       21.000       18.000       15.000       12.000        9.000
     5:        7.000        6.000        5.000        4.000        3.000
    10:      100.000
N:
     0:       28.000       24.000       20.000       16.000       12.000
     5:        0.000
Q:
     0:       21.000       18.000       15.000       12.000        9.000
     5:        0.000
V:
     0:        0.000        0.000        0.000        0.000        0.000
     5:      437.000      575.000      584.000      662.000      584.000
    10:      518.000      497.000      450.000      344.000      229.000
    15:        0.000
