File: C:\MED-PC IV\DATA\ENTR_IF4P002


Start Date: 07/08/17
End Date: 07/08/17
Subject: P002
Experiment: ENTRENAMIENTO
Group: 0
Box: 5
Start Time: 10:43:51
End Time: 12:08:51
MSN: ENTRENAMIFs
B:       0.000
C:       0.000
E:    3124.000
G:      27.500
H:    2750.000
J:       0.000
K:       0.000
L:       0.000
O:       0.000
P:       0.000
R:       0.000
S:       0.000
T:  506120.000
U:       0.000
W:       0.000
X:       0.000
Y:       0.000
Z:       0.000
A:
     0:        0.010      500.910      502.613     2452.623     2453.713
     5:     2546.123     2579.123     2770.123     2953.123     2992.123
    10:     3036.123     3191.123     3233.123     3273.123     3315.123
    15:     3402.123     3550.123     3593.123     3639.123     3685.123
    20:     3730.123     3863.123     3929.123     3972.123     4009.123
    25:     4049.123     4089.123     4133.123     4175.123     4211.123
    30:     4248.123     4292.123     4328.123     4370.123     4533.723
    35:     4533.910     4533.901     4533.093     4833.902     6833.910
    40:     6835.611     7835.621     7836.711     7938.121     8018.121
    45:     8109.121     8149.121     8188.121     8231.121     8268.121
    50:     8305.121     8343.121     8382.121     8474.121     8575.121
    55:     8611.121     8648.121     8776.121     8830.121     8876.721
    60:     8876.910     8876.901     8876.091     9176.902    11176.910
    65:    11178.613    13128.623    13129.713    13194.123    13225.123
    70:    13261.123    13602.123    13640.123    13718.123    13755.123
    75:    13839.123    13874.123    13918.123    13995.123    14071.123
    80:    14106.123    14143.123    14219.123    14255.123    14292.123
    85:    14326.123    14362.123    14398.123    14436.123    14479.123
    90:    14558.123    14596.123    14630.123    14664.123    14709.123
    95:    14746.123    14834.123    14890.123    14969.123    15007.123
   100:    15044.123    15125.723    15125.910    15125.901    15125.093
   105:    15425.902    17425.910    17427.614    20177.624    20178.714
   110:    20637.124    20707.124    20747.124    20783.124    20821.124
   115:    20857.124    20935.124    20972.124    21089.124    21165.124
   120:    21201.124    21241.124    21317.124    21363.124    21401.124
   125:    21485.124    21521.124    21604.124    21676.124    21756.124
   130:    21838.124    21880.124    21965.124    22010.124    22052.124
   135:    22093.124    22217.124    22255.124    22291.124    22329.124
   140:    22367.124    22401.124    22440.124    22481.124    22567.124
   145:    22640.124    22685.124    22804.124    22841.124    22878.124
   150:    22912.124    22989.724    22989.910    22989.901    22989.094
   155:    23289.902    25289.910    25291.611    26291.621    26292.711
   160:    26472.121    26506.121    26547.121    26653.121    26686.121
   165:    26719.121    26753.121    26790.121    26826.121    26896.121
   170:    26932.121    26966.121    27041.121    27077.121    27113.121
   175:    27150.121    27187.121    27220.121    27256.121    27327.721
   180:    27327.910    27327.901    27327.091    27627.902    29627.910
   185:    29629.615    33479.625    33480.715    33611.125    33831.125
   190:    34011.125    34267.125    34398.125    34433.125    34514.125
   195:    34711.125    34755.125    35038.125    35246.125    35400.125
   200:    35597.125    35681.125    35727.125    35809.125    35884.125
   205:    35957.125    36026.125    36226.125    36268.125    36311.125
   210:    36349.125    36386.125    36425.125    36457.125    36495.125
   215:    36535.125    36569.125    36610.125    36689.125    36729.125
   220:    36768.125    36808.125    36844.125    36884.125    36998.125
   225:    37042.125    37082.125    37119.125    37243.125    37281.125
   230:    37316.125    37357.725    37357.910    37357.901    37357.095
   235:    37657.902    39657.910    39659.612    41059.622    41060.712
   240:    41150.122    41183.122    41275.122    41385.122    41726.122
   245:    41761.122    41793.122    41868.122    41944.122    41976.122
   250:    42015.122    42087.122    42204.122    42241.122    42312.122
   255:    42432.122    42471.722    42471.910    42471.901    42471.092
   260:    42771.902    44771.910    44773.615    48623.625    48624.715
   265:    49789.125    49860.125    49892.125    50127.125    50600.125
   270:    50956.125    51263.125    51496.125    51779.125    51813.125
   275:    52004.125    52037.125    52078.125    52469.125    52511.725
   280:    52511.910    52511.901    52511.095    52811.902    54811.910
   285:    54813.611    55813.621    55814.711    56739.121    56806.121
   290:    57175.721    57175.910    57175.901    57175.091    57475.902
   295:    59475.910    59477.614    62227.624    62228.714    63820.124
   300:    63857.124    63891.124    63924.124    64609.124    64828.124
   305:    65143.724    65143.910    65143.901    65143.094    65443.902
   310:    67443.910    67445.613    69395.623    69396.713    69543.123
   315:    70042.123    70078.123    70153.123    70388.123    70423.123
   320:    70499.123    70630.123    70716.123    70754.123    70793.123
   325:    70834.123    70872.123    70909.123    70983.123    71021.123
   330:    71097.123    71180.123    71223.123    71384.723    71384.910
   335:    71384.901    71384.093    71684.902    73684.910    73686.613
   340:    75636.623    75637.713    80781.723    80781.910    80781.901
   345:    80781.093    81081.902    83081.910    83083.611    84083.621
   350:    84084.711    84183.121    84215.121    84684.121    84717.121
   355:    84838.121    84870.121    84900.121    84934.121    85047.121
   360:    85126.721    85126.910    85126.901    85126.091    85426.902
   365:    87426.910    87428.611    88428.621    88429.711    88616.121
   370:    88650.121    88773.121    88896.121    88929.121    88970.121
   375:    89038.121    89080.121    89152.121    89193.121    89363.121
   380:    89439.721    89439.910    89439.901    89439.091    89739.902
   385:    91739.910    91741.612    92354.112    92853.112    93141.622
   390:    93142.712    93244.122    93275.122    93307.122    93343.122
   395:    93379.122    93420.122    93458.122    93496.122    93529.122
   400:    93564.122    93643.122    93680.122    93761.122    93795.122
   405:    93834.122    93869.122    93915.122    93959.122    94001.122
   410:    94042.122    94084.122    94124.122    94166.122    94205.122
   415:    94300.122    94430.122    94473.122    94570.722    94570.910
   420:    94570.901    94570.092    94870.902    96870.910    96872.613
   425:    98822.623    98823.713    99130.123    99167.123    99204.123
   430:    99252.123    99294.123    99331.123    99367.123    99406.123
   435:    99590.123    99631.123    99670.123    99757.123    99796.123
   440:    99978.123   100023.123   100106.123   100149.123   100193.123
   445:   100237.123   100279.123   100516.123   100557.123   100601.123
   450:   100642.123   100680.123   100724.123   100769.123   100857.723
   455:   100857.910   100857.901   100857.093   101157.902   103157.910
   460:   103159.614   105909.624   105910.714   106064.124   106233.124
   465:   106310.124   106344.124   106383.124   106425.124   106499.124
   470:   106535.124   106573.124   106612.124   106650.124   106723.124
   475:   106763.124   106879.124   106960.124   107004.124   107180.124
   480:   107224.124   107311.124   107396.124   107533.124   107577.124
   485:   107701.124   107741.124   107780.124   107823.124   107917.124
   490:   108013.124   108098.124   108138.124   108315.124   108410.124
   495:   108541.124   108623.124   108707.724   108707.910   108707.901
   500:   108707.094   109007.902   111007.910   111009.612   112409.622
   505:   112410.712   112997.122   113038.122   113203.122   113427.122
   510:   113516.122   113558.122   113647.122   113684.122   113730.122
   515:   113772.122   113813.722   113813.910   113813.901   113813.092
   520:   114113.902   116113.910   116115.611   117115.621   117116.711
   525:   117232.121   117420.121   117512.121   117591.121   117628.121
   530:   117666.121   117709.121   117784.121   117823.121   117864.121
   535:   117900.121   117940.121   118028.121   118066.121   118107.121
   540:   118240.721   118240.910   118240.901   118240.091   118540.902
   545:   120540.910   120542.611   121542.621   121543.711   121685.121
   550:   121900.121   122016.121   122050.121   122085.121   122126.121
   555:   122167.121   122254.121   122340.121   122426.121   122467.121
   560:   122507.121   122595.721   122595.910   122595.901   122595.091
   565:   122895.902   124895.910   124897.613   126847.623   126848.713
   570:   127058.123   127385.123   127553.123   127773.123   127817.123
   575:   127957.123   127991.123   128037.123   128174.123   128261.123
   580:   128307.123   128403.123   128446.123   128486.123   128518.123
   585:   128561.123   128603.123   128646.123   128687.123   128768.123
   590:   128812.723   128812.910   128812.901   128812.093   129112.902
   595:   131112.910   131114.614   133864.624   133865.714   134970.124
   600:   135005.124   135039.124   135085.124   135131.124   135170.124
   605:   135209.124   135245.124   135283.124   135316.124   135356.124
   610:   135439.124   135476.124   135550.124   135589.124   135628.124
   615:   135668.124   135708.124   135748.124   135787.124   135826.124
   620:   135867.124   135904.124   135949.124   136080.124   136164.124
   625:   136204.124   136300.124   136339.124   136382.124   136464.124
   630:   136506.124   136549.124   136649.724   136649.910   136649.901
   635:   136649.094   136949.902   138949.910   138951.614   141701.624
   640:   141702.714   142441.124   142474.124   142583.124   142622.124
   645:   142657.124   142768.124   142807.124   142875.124   142915.124
   650:   142992.124   143071.124   143148.124   143184.124   143329.124
   655:   143405.124   143446.124   143517.124   143554.124   143594.124
   660:   143676.124   143756.124   143797.124   143881.124   143921.124
   665:   143961.124   143998.124   144040.124   144079.124   144115.124
   670:   144152.124   144192.124   144227.124   144302.124   144342.124
   675:   144381.124   144422.124   144553.724   144553.910   144553.901
   680:   144553.094   144853.902   146853.910   146855.615   150705.625
   685:   150706.715   151444.125   151477.125   151718.125   151754.125
   690:   151829.125   151863.125   151900.125   151982.125   152014.125
   695:   152052.125   152093.125   152164.125   152290.125   152364.125
   700:   152403.125   152563.125   152601.125   152640.125   152680.125
   705:   152808.125   152848.125   152884.125   152920.125   152973.125
   710:   153053.125   153135.125   153175.125   153211.125   153287.125
   715:   153335.125   153418.125   153451.125   153489.125   153534.125
   720:   153570.125   153645.125   153723.125   153811.125   153880.125
   725:   153973.125   153981.125   154023.125   154060.125   154098.125
   730:   154140.125   154215.125   154254.125   154294.125   154334.125
   735:   154374.125   154457.125   154536.125   154571.725   154571.910
   740:   154571.901   154571.095   154871.902   156871.910   156873.615
   745:   160723.625   160724.715   161523.125   161592.125   161753.125
   750:   161952.125   161992.125   162080.125   162168.125   162202.125
   755:   162235.125   162272.125   162303.125   162339.125   162376.125
   760:   162412.125   162529.125   162599.125   162726.125   162818.125
   765:   162859.125   162925.125   162964.125   163004.125   163047.125
   770:   163089.125   163177.125   163297.125   163331.125   163372.125
   775:   163412.125   163452.125   163543.125   163584.125   163625.125
   780:   163656.125   163692.125   163728.125   163853.125   163965.125
   785:   164004.125   164041.125   164082.125   164165.125   164240.125
   790:   164276.125   164313.125   164349.125   164418.125   164499.125
   795:   164540.125   164578.725   164578.910   164578.901   164578.095
   800:   164878.902   166878.910   166880.615   170730.625   170731.715
   805:   172165.125   172206.125   172285.125   172516.125   172628.125
   810:   172774.125   172819.125   172859.125   172941.125   172978.125
   815:   173061.125   173095.125   173139.125   173172.125   173209.125
   820:   173246.125   173290.125   173379.125   173503.125   173577.125
   825:   173613.125   173646.125   173726.125   173808.125   173884.125
   830:   174018.125   174091.125   174172.125   174213.125   174254.125
   835:   174292.125   174332.125   174426.125   174512.125   174561.125
   840:   174696.725   174696.910   174696.901   174696.095   174996.902
   845:   176996.910   176998.615   180848.625   180849.715   182447.125
   850:   182475.125   183654.125   183689.125   183926.125   183966.125
   855:   184003.125   184036.125   184116.125   184153.125   184190.125
   860:   184227.125   184301.125   184383.125   184421.125   184461.125
   865:   184501.125   184546.125   184588.125   184635.125   184675.125
   870:   184715.725   184715.910   184715.901   184715.095   185015.902
   875:   187015.910   187017.612   188417.622   188418.712   189439.122
   880:   189471.122   189542.122   189615.122   189684.122   189719.122
   885:   189792.122   189827.722   189827.910   189827.901   189827.092
   890:   190127.902   192127.910   192129.611   193129.621   193130.711
   895:   193557.121   193598.121   193637.121   193676.121   193719.121
   900:   193767.121   193806.121   193852.121   193893.121   193928.121
   905:   193971.121   194014.121   194056.121   194143.721   194143.910
   910:   194143.901   194143.091   194443.902   196443.910   196445.611
   915:   197445.621   197446.711   197605.121   197649.121   197688.121
   920:   197723.121   197764.121   197802.121   197842.121   197883.121
   925:   197922.121   198005.121   198048.121   198129.121   198165.121
   930:   198205.121   198247.121   198292.121   198377.121   198421.121
   935:   198517.721   198517.910   198517.901   198517.091   198817.902
   940:   200817.910   200819.612   202219.622   202220.712   202312.122
   945:   202346.122   202386.122   202430.122   202469.122   202509.122
   950:   202595.122   202637.122   202676.122   202727.122   202767.122
   955:   202805.122   202843.122   202877.122   202913.122   202949.122
   960:   202989.122   203026.122   203060.122   203096.122   203139.122
   965:   203184.122   203222.122   203298.122   203338.122   203379.122
   970:   203419.122   203458.122   203548.122   203590.122   203637.722
   975:   203637.910   203637.901   203637.092   203937.902   205937.910
   980:   205939.612   207339.622   207340.712   207433.122   207469.122
   985:   207510.122   207700.122   207736.122   207772.122   207820.122
   990:   207860.122   207901.122   207935.122   207969.122   208007.122
   995:   208047.122   208088.122   208125.122   208162.122   208204.122
  1000:   208240.122   208277.122   208317.122   208356.122   208397.122
  1005:   208440.122   208487.122   208535.122   208576.122   208663.122
  1010:   208707.122   208750.722   208750.910   208750.901   208750.092
  1015:   209050.902   211050.910   211052.615   214902.625   214903.715
  1020:   215579.125   215660.125   215702.125   215745.125   215779.125
  1025:   215850.125   215888.125   215925.125   215964.125   216008.125
  1030:   216047.125   216085.125   216127.125   216176.125   216214.125
  1035:   216253.125   216298.125   216336.125   216375.125   216421.125
  1040:   216459.125   216498.125   216534.125   216576.125   216688.125
  1045:   216772.125   216814.125   216908.125   216949.125   216989.125
  1050:   217030.125   217070.125   217112.125   217163.125   217204.125
  1055:   217282.125   217392.125   217433.125   217470.125   217509.125
  1060:   217550.125   217595.125   217636.125   217677.125   217724.125
  1065:   217766.125   217807.125   217846.125   217887.125   217932.125
  1070:   217976.125   218017.125   218057.125   218179.125   218225.125
  1075:   218267.125   218307.125   218354.125   218394.125   218434.125
  1080:   218475.125   218514.125   218557.125   218598.125   218641.125
  1085:   218682.125   218720.125   218809.725   218809.910   218809.901
  1090:   218809.095   219109.902   221109.910   221111.613   223061.623
  1095:   223062.713   223130.123   223167.123   223300.123   223495.123
  1100:   223580.123   223613.123   223693.123   223725.123   223759.123
  1105:   223792.123   223827.123   223867.123   223907.123   223988.123
  1110:   224026.123   224063.123   224102.123   224144.123   224183.123
  1115:   224221.123   224304.123   224345.123   224383.123   224461.123
  1120:   224504.123   224597.123   224639.123   224679.123   224723.123
  1125:   224764.123   224884.123   224931.123   224973.123   225009.123
  1130:   225089.723   225089.910   225089.901   225089.093   225389.902
  1135:   227389.910   227391.614   230141.624   230142.714   230249.124
  1140:   230282.124   230324.124   230558.124   230594.124   230766.124
  1145:   230798.124   230833.124   230864.124   230979.124   231009.124
  1150:   231041.124   231074.124   231114.124   231184.124   231271.124
  1155:   231309.124   231389.124   231426.124   231467.124   231540.124
  1160:   231577.124   231616.124   231652.124   231687.124   231723.124
  1165:   231764.124   231802.124   231836.124   231958.124   232076.124
  1170:   232116.124   232158.124   232194.124   232229.124   232271.124
  1175:   232314.124   232349.124   232386.124   232421.124   232458.124
  1180:   232496.124   232536.124   232613.124   232649.124   232689.124
  1185:   232765.124   232801.124   232883.124   232919.724   232919.910
  1190:   232919.901   232919.094   233219.902   235219.910   235221.615
  1195:   239071.625   239072.715   239728.125   239768.125   239799.125
  1200:   239838.125   239990.125   240026.125   240059.125   240093.125
  1205:   240130.125   240158.125   240195.125   240231.125   240273.125
  1210:   240352.125   240387.125   240426.125   240463.125   240536.125
  1215:   240574.125   240618.125   240658.125   240695.125   240732.125
  1220:   240769.125   240808.125   240893.125   240933.125   240969.125
  1225:   241006.125   241049.125   241084.125   241123.125   241238.125
  1230:   241273.125   241310.125   241347.125   241385.125   241425.125
  1235:   241465.125   241551.125   241593.125   241630.125   241707.125
  1240:   241782.125   241820.125   241854.125   241932.125   241972.125
  1245:   242006.125   242048.125   242088.125   242121.125   242153.125
  1250:   242190.125   242227.125   242347.125   242498.125   242538.125
  1255:   242579.125   242667.125   242702.125   242740.125   242779.125
  1260:   242852.125   242887.125   242919.125   242960.725   242960.910
  1265:   242960.901   242960.095   243260.902   245260.910   245262.615
  1270:   249112.625   249113.715   249625.125   249667.125   249702.125
  1275:   249739.125   249821.125   250176.125   250213.125   250245.125
  1280:   250279.125   250311.125   250384.125   250467.125   250504.125
  1285:   250542.125   250577.125   250611.125   250625.125   250662.125
  1290:   250734.125   250770.125   250817.125   250854.125   250887.125
  1295:   250922.125   250957.125   250994.125   251029.125   251099.125
  1300:   251140.125   251176.125   251217.125   251254.125   251289.125
  1305:   251323.125   251362.125   251403.125   251441.125   251477.125
  1310:   251521.125   251557.125   251594.125   251630.125   251667.125
  1315:   251706.125   251747.125   251784.125   251819.125   251855.125
  1320:   251894.125   251932.125   251971.125   252008.125   252085.125
  1325:   252126.125   252163.125   252195.125   252277.125   252318.125
  1330:   252359.125   252396.125   252483.125   252526.125   252597.125
  1335:   252637.125   252675.125   252711.125   252846.125   252926.125
  1340:   252999.725   252999.910   252999.901   252999.095   253299.902
  1345:   255299.910   255301.612   256701.622   256702.712   256835.122
  1350:   256968.122   257006.122   257040.122   257117.122   257153.122
  1355:   257228.122   257259.122   257291.122   257569.122   257636.122
  1360:   257703.122   257741.122   257781.122   257867.122   257901.122
  1365:   257935.122   257966.122   258003.122   258087.122   258123.722
  1370:   258123.910   258123.901   258123.092   258423.902   260423.910
  1375:   260425.615   264275.625   264276.715   264370.125   264406.125
  1380:   264654.125   264689.125   264721.125   264765.125   264796.125
  1385:   264827.125   264864.125   264902.125   264945.125   264981.125
  1390:   265017.125   265100.125   265134.125   265168.125   265204.125
  1395:   265240.125   265278.125   265312.125   265344.125   265381.125
  1400:   265414.125   265448.125   265521.125   265556.125   265592.125
  1405:   265666.125   265746.125   265783.125   265827.125   265865.125
  1410:   265900.125   265937.125   265978.125   266015.125   266061.125
  1415:   266100.125   266136.125   266172.125   266213.125   266252.125
  1420:   266291.125   266365.125   266409.125   266481.125   266520.125
  1425:   266554.125   266588.125   266628.125   266664.125   266743.125
  1430:   266780.125   266816.125   266893.125   266929.125   266970.125
  1435:   267010.125   267048.125   267086.125   267195.125   267230.125
  1440:   267265.125   267300.125   267381.125   267461.125   267499.125
  1445:   267588.125   267628.125   267672.125   267715.125   267800.125
  1450:   267836.125   267873.125   267913.125   267950.125   267982.125
  1455:   268016.125   268053.125   268088.125   268167.725   268167.910
  1460:   268167.901   268167.095   268467.902   270467.910   270469.613
  1465:   272419.623   272420.713   273078.123   273113.123   273189.123
  1470:   273232.123   273268.123   273303.123   273342.123   273379.123
  1475:   273416.123   273523.123   273555.123   273585.123   273618.123
  1480:   273693.123   273733.123   273820.123   273897.123   274011.123
  1485:   274044.123   274074.123   274107.123   274141.123   274175.123
  1490:   274287.123   274322.123   274362.123   274399.723   274399.910
  1495:   274399.901   274399.093   274699.902   276699.910   276701.613
  1500:   278651.623   278652.713   278747.123   278857.123   279012.123
  1505:   279043.123   279126.123   279160.123   279192.123   279227.123
  1510:   279260.123   279298.123   279334.123   279365.123   279404.123
  1515:   279485.123   279562.123   279595.123   279667.123   279737.123
  1520:   279771.123   279809.123   279887.123   279955.123   279991.123
  1525:   280029.123   280071.123   280113.123   280152.123   280243.123
  1530:   280326.123   280363.123   280401.123   280442.123   280481.123
  1535:   280567.123   280664.723   280664.910   280664.901   280664.093
  1540:   280964.902   282964.910   282966.612   284366.622   284367.712
  1545:   284589.122   284625.122   284659.122   284697.122   284746.122
  1550:   284786.122   284825.122   284866.122   284905.122   284937.122
  1555:   284979.122   285020.122   285060.122   285097.122   285134.122
  1560:   285171.122   285207.122   285245.122   285283.122   285319.122
  1565:   285399.122   285446.122   285485.122   285526.122   285568.122
  1570:   285611.122   285652.122   285694.122   285735.122   285783.722
  1575:   285783.910   285783.901   285783.092   286083.902   288083.910
  1580:   288085.614   290835.624   290836.714   290940.124   290973.124
  1585:   291008.124   291298.124   291601.124   291639.124   291728.124
  1590:   291769.124   291808.124   291841.124   291881.124   291961.124
  1595:   291994.124   292034.124   292073.124   292112.124   292159.124
  1600:   292237.124   292323.124   292362.124   292402.124   292442.124
  1605:   292482.124   292522.124   292560.124   292602.124   292643.124
  1610:   292684.124   292735.124   292776.124   292816.124   292857.124
  1615:   292905.124   292953.124   292993.124   293037.124   293125.124
  1620:   293166.124   293207.124   293248.124   293289.124   293338.124
  1625:   293378.124   293422.124   293465.124   293509.124   293547.124
  1630:   293583.124   293626.724   293626.910   293626.901   293626.094
  1635:   293926.902   295926.910   295928.613   297878.623   297879.713
  1640:   298007.123   298212.123   298251.123   298290.123   298341.123
  1645:   298378.123   298425.123   298468.123   298506.123   298540.123
  1650:   298574.123   298611.123   298652.123   298693.123   298730.123
  1655:   298764.123   298799.123   298879.123   298954.123   298990.123
  1660:   299070.123   299110.123   299154.123   299198.123   299242.123
  1665:   299282.123   299319.123   299359.123   299400.123   299441.123
  1670:   299482.123   299523.123   299559.123   299600.123   299640.123
  1675:   299678.123   299720.123   299761.123   299843.723   299843.910
  1680:   299843.901   299843.093   300143.902   302143.910   302145.615
  1685:   305995.625   305996.715   306400.125   306839.125   306928.125
  1690:   306971.125   307008.125   307048.125   307093.125   307141.125
  1695:   307185.125   307231.125   307278.125   307416.125   307493.125
  1700:   307533.125   307577.125   307622.125   307742.125   307780.125
  1705:   307823.125   307863.125   307942.125   307988.125   308029.125
  1710:   308070.125   308117.125   308159.125   308205.125   308247.125
  1715:   308282.125   308319.125   308365.125   308425.125   308467.125
  1720:   308510.125   308549.125   308594.125   308636.125   308689.125
  1725:   308733.125   308779.125   308862.125   308910.125   308952.125
  1730:   308985.125   309080.125   309121.125   309165.125   309207.125
  1735:   309247.125   309287.125   309326.125   309368.125   309458.125
  1740:   309498.125   309546.125   309587.125   309633.125   309673.125
  1745:   309712.125   309754.125   309804.125   309888.725   309888.910
  1750:   309888.901   309888.095   310188.902   312188.910   312190.614
  1755:   314940.624   314941.714   315447.124   315535.124   315729.124
  1760:   315766.124   315813.124   315999.124   316039.124   316082.124
  1765:   316124.124   316167.124   316205.124   316247.124   316288.124
  1770:   316324.124   316361.124   316400.124   316437.124   316477.124
  1775:   316515.124   316556.124   316597.124   316637.124   316676.124
  1780:   316716.124   316752.124   316792.124   316836.124   316880.124
  1785:   316919.124   316963.124   317004.124   317051.124   317092.124
  1790:   317134.124   317173.124   317258.124   317302.124   317354.124
  1795:   317396.124   317440.124   317532.124   317572.124   317628.124
  1800:   317675.124   317718.724   317718.910   317718.901   317718.094
  1805:   318018.902   320018.910   320020.613   321970.623   321971.713
  1810:   322393.123   322432.123   322470.123   322512.123   322556.123
  1815:   322592.123   322634.123   322674.123   322707.123   322745.123
  1820:   322785.123   322823.123   322864.123   322899.123   322939.123
  1825:   323023.123   323068.123   323112.123   323159.123   323201.123
  1830:   323242.123   323285.123   323374.123   323424.123   323538.123
  1835:   323581.123   323621.123   323663.123   323710.123   323754.123
  1840:   323856.123   323923.723   323923.910   323923.901   323923.093
  1845:   324223.902   326223.910   326225.613   328175.623   328176.713
  1850:   328290.123   328384.123   328423.123   328469.123   328510.123
  1855:   328543.123   328577.123   328648.123   328686.123   328725.123
  1860:   328762.123   328803.123   328842.123   328886.123   328926.123
  1865:   328966.123   329047.123   329089.123   329130.123   329170.123
  1870:   329205.123   329245.123   329285.123   329383.123   329424.123
  1875:   329464.123   329510.123   329555.123   329596.123   329649.123
  1880:   329691.123   329734.123   329773.123   329816.123   329905.123
  1885:   329950.123   329992.123   330035.123   330092.123   330139.723
  1890:   330139.910   330139.901   330139.093   330439.902   332439.910
  1895:   332441.612   333375.112   333841.622   333842.712   333925.122
  1900:   333958.122   334042.122   334089.122   334139.122   334188.122
  1905:   334227.122   334269.122   334306.122   334343.122   334387.122
  1910:   334428.122   334472.122   334517.122   334556.122   334594.122
  1915:   334631.122   334672.122   334717.122   334756.122   334796.122
  1920:   334839.122   334878.122   334926.122   334971.122   335015.122
  1925:   335060.122   335103.122   335142.122   335187.122   335228.122
  1930:   335270.722   335270.910   335270.901   335270.092   335570.902
  1935:   337570.910   337572.612   338972.622   338973.712   339077.122
  1940:   339111.122   339193.122   339284.122   339322.122   339357.122
  1945:   339396.122   339434.122   339471.122   339513.122   339547.122
  1950:   339581.122   339673.122   339717.122   339755.122   339793.122
  1955:   339832.122   339868.122   339907.122   339948.122   339984.122
  1960:   340024.122   340065.122   340105.122   340144.122   340185.122
  1965:   340225.122   340262.122   340305.122   340342.122   340384.722
  1970:   340384.910   340384.901   340384.092   340684.902   342684.910
  1975:   342686.611   343686.621   343687.711   343796.121   343832.121
  1980:   343869.121   343954.121   343994.121   344029.121   344071.121
  1985:   344107.121   344139.121   344171.121   344207.121   344249.121
  1990:   344290.121   344331.121   344372.121   344458.121   344500.121
  1995:   344592.121   344643.121   344727.721   344727.910   344727.901
  2000:   344727.091   345027.902   347027.910   347029.611   348029.621
  2005:   348030.711   348191.121   348281.121   348408.121   348465.121
  2010:   348538.121   348605.121   348646.121   348687.121   348725.121
  2015:   348763.121   348803.121   348848.121   348929.121   348968.121
  2020:   349008.121   349047.721   349047.910   349047.901   349047.091
  2025:   349347.902   351347.910   351349.612   352749.622   352750.712
  2030:   352830.122   352957.122   353195.122   353227.122   353263.122
  2035:   353300.122   353344.122   353374.122   353410.122   353441.122
  2040:   353478.122   353513.122   353553.122   353588.122   353624.122
  2045:   353663.122   353705.122   353741.122   353783.122   353822.122
  2050:   353941.122   353976.122   354014.122   354052.122   354088.122
  2055:   354157.722   354157.910   354157.901   354157.092   354457.902
  2060:   356457.910   356459.612   357859.622   357860.712   357963.122
  2065:   358040.122   358075.122   358148.122   358189.122   358275.122
  2070:   358314.122   358360.122   358397.122   358474.122   358512.122
  2075:   358547.122   358582.122   358625.122   358662.122   358698.122
  2080:   358738.122   358776.122   358813.122   358849.122   358887.122
  2085:   358971.122   359007.122   359045.122   359091.122   359131.122
  2090:   359170.122   359211.122   359253.122   359290.722   359290.910
  2095:   359290.901   359290.092   359590.902   361590.910   361592.614
  2100:   364342.624   364343.714   364649.124   364684.124   364721.124
  2105:   364750.124   364785.124   364864.124   364909.124   364948.124
  2110:   364981.124   365033.124   365066.124   365102.124   365134.124
  2115:   365165.124   365279.124   365313.124   365350.124   365382.124
  2120:   365414.124   365455.124   365507.124   365589.124   365631.124
  2125:   365669.124   365704.124   365741.124   365826.124   365913.124
  2130:   365954.124   366028.124   366070.124   366105.124   366187.124
  2135:   366229.124   366266.124   366297.124   366336.124   366375.124
  2140:   366412.124   366460.124   366500.124   366575.124   366621.124
  2145:   366660.124   366699.124   366737.124   366777.124   366894.124
  2150:   366933.124   367011.124   367088.124   367127.724   367127.910
  2155:   367127.901   367127.094   367427.902   369427.910   369429.612
  2160:   370829.622   370830.712   370895.122   370923.122   370955.122
  2165:   371066.122   371100.122   371132.122   371182.122   371221.122
  2170:   371262.122   371303.122   371338.122   371372.122   371411.122
  2175:   371449.122   371485.122   371521.122   371601.122   371702.122
  2180:   371740.122   371775.122   371860.122   371897.122   371933.122
  2185:   371973.122   372015.122   372051.122   372092.122   372137.122
  2190:   372177.122   372214.122   372256.722   372256.910   372256.901
  2195:   372256.092   372556.902   374556.910   374558.613   376508.623
  2200:   376509.713   376603.123   376640.123   376680.123   376715.123
  2205:   376839.123   376961.123   377048.123   377082.123   377125.123
  2210:   377162.123   377198.123   377234.123   377270.123   377308.123
  2215:   377347.123   377391.123   377431.123   377471.123   377504.123
  2220:   377538.123   377570.123   377607.123   377639.123   377677.123
  2225:   377709.123   377749.123   377785.123   377825.123   377863.123
  2230:   377903.123   377943.123   377983.123   378067.123   378105.123
  2235:   378199.123   378234.123   378274.123   378307.123   378347.123
  2240:   378385.123   378421.123   378462.723   378462.910   378462.901
  2245:   378462.093   378762.902   380762.910   380764.611   381764.621
  2250:   381765.711   381852.121   381883.121   381919.121   381954.121
  2255:   381992.121   382062.121   382100.121   382130.121   382166.121
  2260:   382202.121   382236.121   382317.121   382353.121   382390.121
  2265:   382426.121   382525.121   382595.121   382666.121   382749.121
  2270:   382899.721   382899.910   382899.901   382899.091   383199.902
  2275:   385199.910   385201.612   386601.622   386602.712   386699.122
  2280:   386730.122   386767.122   386803.122   386837.122   386874.122
  2285:   386909.122   386943.122   386979.122   387013.122   387048.122
  2290:   387084.122   387123.122   387242.122   387281.122   387320.122
  2295:   387362.122   387399.122   387439.122   387481.122   387518.122
  2300:   387555.122   387593.122   387632.122   387667.122   387706.122
  2305:   387745.122   387789.122   387832.122   387955.122   387992.122
  2310:   388028.722   388028.910   388028.901   388028.092   388328.902
  2315:   390328.910   390330.615   394180.625   394181.715   394271.125
  2320:   394933.125   395104.125   395141.125   395175.125   395210.125
  2325:   395248.125   395287.125   395327.125   395373.125   395411.125
  2330:   395451.125   395491.125   395528.125   395569.125   395686.125
  2335:   395723.125   395766.125   395805.125   395843.125   395886.125
  2340:   395922.125   395995.125   396066.125   396147.125   396219.125
  2345:   396261.125   396297.125   396375.125   396451.125   396490.125
  2350:   396528.125   396569.125   396603.125   396644.125   396686.125
  2355:   396724.125   396762.125   396798.125   396843.125   396882.125
  2360:   396919.125   397033.125   397071.125   397192.125   397228.125
  2365:   397264.125   397302.125   397413.125   397450.125   397488.125
  2370:   397526.125   397563.125   397603.125   397646.125   397690.125
  2375:   397764.125   397803.125   397844.125   397882.125   397920.125
  2380:   397956.125   397994.125   398071.725   398071.910   398071.901
  2385:   398071.095   398371.902   400371.910   400373.611   401373.621
  2390:   401374.711   401950.121   401991.121   402076.121   402294.121
  2395:   402336.121   402419.721   402419.910   402419.901   402419.091
  2400:   402719.902   404719.910   404721.614   407471.624   407472.714
  2405:   407569.124   408046.124   408260.124   408297.124   408425.124
  2410:   408460.124   408502.124   408628.124   408671.124   408710.124
  2415:   408745.124   408786.124   408827.124   408864.124   408907.124
  2420:   408950.124   408995.124   409042.124   409087.124   409128.124
  2425:   409168.124   409214.124   409313.124   409355.124   409397.124
  2430:   409437.124   409480.124   409522.124   409562.124   409606.124
  2435:   409648.124   409686.124   409725.124   409761.124   409797.124
  2440:   409837.124   409879.124   409929.124   409970.124   410014.124
  2445:   410063.124   410149.124   410190.124   410237.724   410237.910
  2450:   410237.901   410237.094   410537.902   412537.910   412539.611
  2455:   413539.621   413540.711   413628.121   413663.121   413754.121
  2460:   413897.121   413933.121   413968.121   414006.121   414045.121
  2465:   414081.121   414118.121   414152.121   414197.121   414278.121
  2470:   414315.121   414352.121   414399.121   414440.121   414528.121
  2475:   414570.721   414570.910   414570.901   414570.091   414870.902
  2480:   416870.910   416872.614   419622.624   419623.714   419998.124
  2485:   420038.124   420070.124   420106.124   420146.124   420182.124
  2490:   420221.124   420261.124   420300.124   420336.124   420372.124
  2495:   420411.124   420449.124   420488.124   420527.124   420561.124
  2500:   420598.124   420636.124   420671.124   420753.124   420792.124
  2505:   420827.124   420872.124   420912.124   420998.124   421041.124
  2510:   421117.124   421155.124   421187.124   421225.124   421263.124
  2515:   421306.124   421353.124   421389.124   421429.124   421512.124
  2520:   421552.124   421589.124   421627.124   421665.124   421752.124
  2525:   421796.124   421877.124   421915.124   421994.124   422065.124
  2530:   422108.124   422189.124   422227.124   422261.124   422297.124
  2535:   422334.124   422392.724   422392.910   422392.901   422392.094
  2540:   422692.902   424692.910   424694.612   426094.622   426095.712
  2545:   426183.122   426212.122   426281.122   426318.122   426347.122
  2550:   426382.122   426416.122   426453.122   426535.122   426570.122
  2555:   426605.122   426641.122   426677.122   426716.122   426757.122
  2560:   426793.122   426835.122   426874.122   426911.122   426948.122
  2565:   426988.122   427026.122   427131.122   427170.122   427208.122
  2570:   427246.122   427286.122   427374.122   427453.122   427540.722
  2575:   427540.910   427540.901   427540.092   427840.902   429840.910
  2580:   429842.613   431792.623   431793.713   431889.123   432007.123
  2585:   432317.123   432359.123   432425.123   432456.123   432489.123
  2590:   432525.123   432601.123   432637.123   432756.123   432792.123
  2595:   432828.123   432866.123   432906.123   433059.123   433134.123
  2600:   433213.123   433255.123   433292.123   433327.123   433364.123
  2605:   433404.123   433511.123   433546.123   433582.123   433619.123
  2610:   433655.123   433692.123   433734.123   433821.723   433821.910
  2615:   433821.901   433821.093   434121.902   436121.910   436123.614
  2620:   438873.624   438874.714   438957.124   438992.124   439029.124
  2625:   439146.124   439185.124   439219.124   439261.124   439299.124
  2630:   439335.124   439372.124   439418.124   439454.124   439491.124
  2635:   439528.124   439568.124   439607.124   439680.124   439758.124
  2640:   439792.124   439829.124   439861.124   439904.124   439944.124
  2645:   439983.124   440021.124   440059.124   440098.124   440138.124
  2650:   440384.124   440458.124   440500.124   440546.124   440590.124
  2655:   440673.124   440712.124   440758.124   440796.124   440875.124
  2660:   441062.124   441102.124   441142.124   441184.124   441223.124
  2665:   441363.124   441403.124   441444.124   441484.124   441523.124
  2670:   441560.124   441598.124   441639.724   441639.910   441639.901
  2675:   441639.094   441939.902   443939.910   443941.615   447791.625
  2680:   447792.715   447892.125   447925.125   448038.125   448071.125
  2685:   448149.125   448181.125   448261.125   448299.125   448343.125
  2690:   448465.125   448549.125   448627.125   448667.125   448699.125
  2695:   448736.125   448773.125   448859.125   448896.125   448939.125
  2700:   448978.125   449013.125   449051.125   449095.125   449271.125
  2705:   449349.125   449385.125   449421.125   449462.125   449574.125
  2710:   449654.125   449697.125   449737.125   449775.125   449811.125
  2715:   449854.125   449889.125   449924.125   449965.125   450048.125
  2720:   450084.125   450162.125   450199.125   450235.125   450274.125
  2725:   450313.125   450389.125   450429.125   450478.125   450516.125
  2730:   450555.125   450594.125   450633.125   450671.125   450710.125
  2735:   450836.125   450874.125   450918.125   451008.125   451054.125
  2740:   451129.125   451252.125   451293.125   451332.125   451410.125
  2745:   451485.125   451525.125   451566.125   451608.125   451648.725
  2750:   451648.910   451648.901   451648.095   451948.902   453948.910
  2755:   453950.615   457800.625   457801.715   458540.125   458572.125
  2760:   458640.125   458891.125   458924.125   459041.125   459156.125
  2765:   459191.125   459231.125   459269.125   459305.125   459345.125
  2770:   459428.125   459471.125   459519.125   459561.125   459647.125
  2775:   459688.125   459725.125   459805.125   459841.125   459877.125
  2780:   459911.125   459950.125   460000.125   460039.125   460116.125
  2785:   460153.125   460190.125   460223.125   460289.125   460322.125
  2790:   460400.125   460511.125   460544.125   460581.125   460659.125
  2795:   460695.125   460765.125   460802.125   460843.125   460878.125
  2800:   460912.125   460945.125   461019.125   461097.125   461176.125
  2805:   461256.125   461332.125   461370.125   461609.125   461687.725
  2810:   461687.910   461687.901   461687.095   461987.902   463987.910
  2815:   463989.614   466739.624   466740.714   466832.124   467039.124
  2820:   467073.124   467433.124   467529.124   467564.124   467599.124
  2825:   467903.124   467939.124   468022.124   468052.124   468090.124
  2830:   468130.124   468176.124   468211.124   468296.124   468333.124
  2835:   468372.124   468409.124   468452.124   468490.124   468569.124
  2840:   468637.124   468671.124   468712.124   468764.124   468800.124
  2845:   468882.124   468921.124   469002.124   469076.124   469113.124
  2850:   469193.124   469268.124   469304.124   469343.124   469384.124
  2855:   469413.124   469456.124   469499.724   469499.910   469499.901
  2860:   469499.094   469799.902   471799.910   471801.614   474551.624
  2865:   474552.714   474711.124   474796.124   474992.124   475068.124
  2870:   475107.124   475180.124   475216.124   475355.124   475396.124
  2875:   475431.124   475466.124   475507.124   475633.124   475671.124
  2880:   475714.124   475749.124   475878.124   475917.124   475996.124
  2885:   476113.124   476146.124   476184.124   476227.124   476264.124
  2890:   476302.124   476349.124   476385.124   476425.124   476467.124
  2895:   476506.124   476547.124   476590.124   476631.124   476669.124
  2900:   476717.124   476762.124   476840.124   476880.124   476925.124
  2905:   476964.124   477000.124   477037.124   477079.124   477126.124
  2910:   477206.124   477328.724   477328.910   477328.901   477328.094
  2915:   477628.902   479628.910   479630.613   481580.623   481581.713
  2920:   481632.123   481875.123   482152.123   482273.123   482361.123
  2925:   482396.123   482435.123   482473.123   482508.123   482592.123
  2930:   482625.123   482769.123   482806.123   482852.123   482930.123
  2935:   483006.123   483043.123   483121.123   483162.123   483198.123
  2940:   483235.123   483322.123   483360.123   483440.123   483556.723
  2945:   483556.910   483556.901   483556.093   483856.902   485856.910
  2950:   485858.615   489708.625   489709.715   489809.125   489916.125
  2955:   489955.125   490002.125   490043.125   490083.125   490116.125
  2960:   490145.125   490176.125   490300.125   490334.125   490364.125
  2965:   490402.125   490439.125   490521.125   490557.125   490591.125
  2970:   490626.125   490671.125   490706.125   490742.125   490773.125
  2975:   490813.125   490851.125   490889.125   490930.125   491019.125
  2980:   491058.125   491132.125   491167.125   491207.125   491250.125
  2985:   491288.125   491338.125   491379.125   491416.125   491461.125
  2990:   491505.125   491587.125   491664.125   491705.125   491780.125
  2995:   491817.125   491858.125   491943.125   491983.125   492020.125
  3000:   492061.125   492192.125   492241.125   492340.125   492378.125
  3005:   492415.125   492451.125   492530.125   492567.125   492651.125
  3010:   492687.125   492727.125   492767.125   492828.125   492930.125
  3015:   492969.125   493011.125   493057.125   493165.125   493206.125
  3020:   493242.125   493290.125   493372.125   493413.125   493454.125
  3025:   493488.125   493577.725   493577.910   493577.901   493577.095
  3030:   493877.902   495877.910   495879.611   496879.621   496880.711
  3035:   497001.121   497030.121   497115.121   497165.121   497202.121
  3040:   497289.121   497373.121   497449.121   497480.121   497513.121
  3045:   497553.121   497587.121   497656.121   497737.121   497780.121
  3050:   497822.121   497990.721   497990.910   497990.901   497990.091
  3055:   498290.902   500290.910   500292.614   503042.624   503043.714
  3060:   503110.124   503140.124   503176.124   503218.124   503257.124
  3065:   503325.124   503363.124   503442.124   503480.124   503558.124
  3070:   503594.124   503632.124   503669.124   503701.124   503739.124
  3075:   503787.124   503858.124   503936.124   503972.124   504008.124
  3080:   504120.124   504193.124   504276.124   504314.124   504354.124
  3085:   504400.124   504440.124   504477.124   504517.124   504552.124
  3090:   504590.124   504664.124   504702.124   504743.124   504781.124
  3095:   504819.124   504900.124   504946.124   505030.124   505068.124
  3100:   505106.124   505142.124   505263.124   505305.124   505378.124
  3105:   505419.124   505457.124   505490.124   505530.124   505613.124
  3110:   505654.124   505701.124   505740.124   505780.124   505820.724
  3115:   505820.910   505820.901   505820.094   506120.902   506120.902
  3120:   506120.005   506120.006   506120.007   506120.020
D:
     0:        0.000        0.000        0.000        0.000        0.000
     5:        0.000        0.000        0.000        0.000        0.000
    10:        0.000        0.000        0.000        0.000        0.000
    15:        0.000        0.000        0.000        0.000        0.000
    20:        0.000        0.000        0.000        0.000        0.000
    25:        0.000        0.000        0.000        0.000        0.000
    30:        0.000        0.000        0.000        0.000        0.000
    35:        0.000
F:
     0:       10.000       14.000       19.500       27.500       38.500
     5:       10.000       14.000       19.500       27.500       38.500
    10:       10.000       14.000       19.500       27.500       38.500
    15:       10.000       14.000       19.500       27.500       38.500
    20:       10.000       14.000       19.500       27.500       38.500
    25:       10.000       14.000       19.500       27.500       38.500
    30:       10.000       14.000       19.500       27.500       38.500
    35:       10.000       14.000       19.500       27.500       38.500
    40:       10.000       14.000       19.500       27.500       38.500
    45:       10.000       14.000       19.500       27.500       38.500
    50:       10.000       14.000       19.500       27.500       38.500
    55:       10.000       14.000       19.500       27.500       38.500
    60:       10.000       14.000       19.500       27.500       38.500
    65:       10.000       14.000       19.500       27.500       38.500
    70:       10.000       14.000       19.500       27.500       38.500
I:
     0:       75.000        0.000        0.000
M:
     0:       15.000       15.000       15.000       15.000       15.000
     5:        0.000        0.000        0.000        0.000        0.000
    10:        0.000
N:
     0:       15.000       15.000       15.000       15.000       15.000
     5:        0.000
Q:
     0:       15.000       15.000       15.000       15.000       15.000
     5:        0.000
V:
     0:        0.000        3.000        0.000        0.000        0.000
     5:      222.000      387.000      440.000      640.000      826.000
    10:        0.000        0.000        0.000        0.000        0.000
    15:        0.000
