File: C:\MED-PC IV\DATA\ENTR_IF28P875


Start Date: 08/02/17
End Date: 08/02/17
Subject: P875
Experiment: ENTRENAMIENTO
Group: 0
Box: 8
Start Time: 10:32:06
End Time: 11:59:38
MSN: ENTRENAMIFs
B:       0.000
C:       0.000
E:    3887.000
G:      14.000
H:    1400.000
J:       0.000
K:       0.000
L:       0.000
O:       0.000
P:       0.000
R:       0.000
S:       0.000
T:  524782.000
U:       0.000
W:       0.000
X:       0.000
Y:       0.000
Z:       0.000
A:
     0:        0.010      500.910      502.614     3252.624     3253.714
     5:     3851.124     3938.124     4178.124     4209.124     4243.124
    10:     4348.124     4394.124     4428.124     4459.124     4484.124
    15:     4516.124     4540.124     4571.124     4596.124     4628.124
    20:     4654.124     4685.124     4710.124     4741.124     4772.124
    25:     4804.124     4833.124     4858.124     4888.124     5040.124
    30:     5074.124     5102.124     5127.124     5157.124     5166.124
    35:     5229.124     5257.124     5281.124     5312.124     5324.124
    40:     5361.124     5399.124     5427.124     5457.124     5481.124
    45:     5512.124     5537.124     5562.124     5594.124     5604.124
    50:     5635.124     5675.124     5687.124     5716.124     5742.124
    55:     5776.124     5787.124     5819.124     5847.124     5880.124
    60:     5904.124     5936.124     5949.124     5979.124     6006.724
    65:     6006.920     6006.901     6006.094     6306.902     8306.910
    70:     8308.614    11058.624    11059.714    11373.124    11410.124
    75:    11442.124    11472.124    11504.124    11533.124    11568.124
    80:    11593.124    11626.124    11651.124    11686.124    11715.124
    85:    11748.124    11773.124    11805.124    11837.124    11869.124
    90:    11895.124    11928.124    11954.124    12011.124    12067.124
    95:    12100.124    12129.124    12157.124    12182.124    12217.124
   100:    12245.124    12275.124    12312.124    12344.124    12370.124
   105:    12402.124    12458.124    12482.124    12516.124    12545.124
   110:    12580.124    12602.124    12645.124    12678.124    12707.124
   115:    12741.124    12767.124    12800.124    12822.124    12855.124
   120:    12881.124    12912.124    12926.124    12957.124    12990.124
   125:    13019.124    13073.124    13108.124    13136.124    13162.124
   130:    13197.124    13209.124    13243.124    13277.124    13313.124
   135:    13345.124    13404.124    13422.124    13456.124    13477.124
   140:    13511.124    13539.124    13575.124    13633.124    13658.124
   145:    13727.124    13761.124    13791.124    13827.724    13827.920
   150:    13827.901    13827.094    14127.902    16127.910    16129.615
   155:    19979.625    19980.715    20101.125    20136.125    20171.125
   160:    20205.125    20238.125    20274.125    20304.125    20369.125
   165:    20407.125    20437.125    20472.125    20513.125    20551.125
   170:    20588.125    20623.125    20660.125    20738.125    20818.125
   175:    20852.125    20879.125    20910.125    20937.125    21065.125
   180:    21098.125    21129.125    21160.125    21190.125    21221.125
   185:    21253.125    21283.125    21319.125    21349.125    21379.125
   190:    21407.125    21437.125    21464.125    21492.125    21519.125
   195:    21550.125    21577.125    21607.125    21620.125    21649.125
   200:    21681.125    21715.125    21774.125    21798.125    21829.125
   205:    21854.125    21887.125    21910.125    21942.125    21955.125
   210:    21989.125    22020.125    22053.125    22064.125    22096.125
   215:    22122.125    22155.125    22176.125    22209.125    22223.125
   220:    22254.125    22269.125    22300.125    22315.125    22347.125
   225:    22376.125    22411.125    22433.125    22468.125    22479.125
   230:    22512.125    22541.125    22573.125    22599.125    22636.125
   235:    22650.125    22684.125    22740.125    22764.125    22812.125
   240:    22845.125    22877.125    22912.125    22973.125    22997.125
   245:    23032.125    23067.125    23094.125    23126.125    23143.125
   250:    23175.125    23201.125    23236.125    23248.125    23278.125
   255:    23293.125    23323.125    23384.125    23406.125    23440.125
   260:    23501.125    23516.125    23550.125    23568.125    23601.125
   265:    23662.125    23685.125    23718.125    23729.125    23762.125
   270:    23789.125    23821.125    23844.725    23844.920    23844.901
   275:    23844.095    24144.902    26144.910    26146.613    28096.623
   280:    28097.713    28316.123    28353.123    28386.123    28421.123
   285:    28448.123    28549.123    28579.123    28614.123    28648.123
   290:    28687.123    28719.123    28879.123    28940.123    28972.123
   295:    29001.123    29031.123    29064.123    29095.123    29123.123
   300:    29153.123    29215.123    29242.123    29273.123    29297.123
   305:    29329.123    29388.123    29415.123    29446.123    29459.123
   310:    29491.123    29523.123    29557.123    29645.123    29677.123
   315:    29702.123    29735.123    29760.123    29793.123    29818.123
   320:    29871.123    29905.123    29939.123    29971.123    30002.123
   325:    30031.123    30064.723    30064.920    30064.901    30064.093
   330:    30364.902    32364.910    32366.611    33366.621    33367.711
   335:    33520.121    33554.121    33587.121    33622.121    33648.121
   340:    33683.121    33715.121    33748.121    33778.121    33813.121
   345:    33845.121    33879.121    33908.121    33943.121    33974.121
   350:    34009.121    34037.121    34101.121    34131.121    34158.121
   355:    34190.121    34218.121    34248.121    34276.121    34308.121
   360:    34333.121    34364.121    34391.721    34391.920    34391.901
   365:    34391.091    34691.902    36691.910    36693.613    38643.623
   370:    38644.713    38883.123    38917.123    38951.123    38988.123
   375:    39018.123    39052.123    39117.123    39148.123    39180.123
   380:    39248.123    39282.123    39314.123    39350.123    39382.123
   385:    39416.123    39447.123    39479.123    39512.123    39544.123
   390:    39577.123    39637.123    39666.123    39723.123    39754.123
   395:    39781.123    39841.123    39875.123    39902.123    39932.123
   400:    39960.123    39993.123    40005.123    40036.123    40098.123
   405:    40125.123    40158.123    40183.123    40215.123    40243.123
   410:    40274.123    40301.123    40335.123    40347.123    40380.123
   415:    40411.123    40444.123    40469.123    40502.123    40529.123
   420:    40562.123    40587.123    40618.723    40618.920    40618.901
   425:    40618.093    40918.902    42918.910    42920.611    43920.621
   430:    43921.711    44021.121    44051.121    44086.121    44120.121
   435:    44156.121    44183.121    44220.121    44250.121    44284.121
   440:    44316.121    44349.121    44379.121    44414.121    44442.121
   445:    44479.121    44507.121    44541.121    44571.121    44601.121
   450:    44628.121    44661.121    44688.121    44721.121    44750.121
   455:    44781.121    44809.121    44844.121    44869.121    44900.121
   460:    44926.721    44926.920    44926.901    44926.091    45226.902
   465:    47226.910    47228.615    51078.625    51079.715    51564.125
   470:    51598.125    51631.125    51664.125    51699.125    51906.125
   475:    52432.125    52605.125    52640.125    52675.125    52709.125
   480:    52754.125    52786.125    52814.125    52844.125    52872.125
   485:    52911.125    53076.125    53108.125    53136.125    53165.125
   490:    53196.125    53222.125    53254.125    53281.125    53316.125
   495:    53533.125    53550.125    53589.125    53663.125    53763.125
   500:    53797.125    53828.125    53856.125    53886.125    53918.125
   505:    53945.125    53973.125    53988.125    54022.125    54059.125
   510:    54096.125    54128.125    54157.125    54189.125    54215.125
   515:    54247.125    54271.125    54306.125    54331.125    54364.125
   520:    54377.125    54408.125    54437.125    54470.125    54533.125
   525:    54559.125    54592.125    54617.125    54651.125    54677.125
   530:    54709.125    54721.125    54752.125    54780.125    54814.125
   535:    54841.125    54873.125    54899.125    54932.725    54932.920
   540:    54932.901    54932.095    55232.902    57232.910    57234.611
   545:    58234.621    58235.711    58350.121    58397.121    58437.121
   550:    58477.121    58523.121    58559.121    58589.121    58624.121
   555:    58664.121    58697.121    58736.121    58774.121    58810.121
   560:    58849.121    58889.121    58930.121    58963.121    59000.121
   565:    59030.121    59065.121    59094.121    59132.121    59166.121
   570:    59205.121    59234.121    59268.721    59268.920    59268.901
   575:    59268.091    59568.902    61568.910    61570.615    65420.625
   580:    65421.715    66201.125    66239.125    66279.125    66310.125
   585:    66348.125    66385.125    66427.125    66466.125    66536.125
   590:    66571.125    66610.125    66646.125    66681.125    66718.125
   595:    66756.125    66791.125    66828.125    66868.125    66908.125
   600:    66948.125    67119.125    67150.125    67182.125    67215.125
   605:    67244.125    67277.125    67309.125    67344.125    67372.125
   610:    67410.125    67438.125    67474.125    67500.125    67537.125
   615:    67571.125    67609.125    67644.125    67681.125    67712.125
   620:    67746.125    67776.125    67812.125    67839.125    67875.125
   625:    67901.125    67939.125    67967.125    68001.125    68033.125
   630:    68068.125    68082.125    68114.125    68145.125    68181.125
   635:    68208.125    68244.125    68259.125    68296.125    68333.125
   640:    68368.125    68396.125    68432.125    68446.125    68482.125
   645:    68513.125    68551.125    68580.125    68615.125    68629.125
   650:    68661.125    68691.125    68729.125    68762.125    68798.125
   655:    68813.125    68847.125    68878.125    68914.125    68929.125
   660:    68963.125    68995.125    69030.125    69043.125    69075.125
   665:    69104.125    69141.125    69153.125    69186.125    69212.125
   670:    69247.125    69261.125    69295.725    69295.920    69295.901
   675:    69295.095    69595.902    71595.910    71597.612    72997.622
   680:    72998.712    73182.122    73216.122    73256.122    73296.122
   685:    73335.122    73374.122    73413.122    73452.122    73494.122
   690:    73535.122    73576.122    73609.122    73645.122    73677.122
   695:    73716.122    73745.122    73783.122    73810.122    73848.122
   700:    73876.122    73912.122    73941.122    73978.122    74006.122
   705:    74042.122    74056.122    74092.122    74125.122    74163.122
   710:    74190.122    74228.122    74242.122    74276.122    74307.122
   715:    74343.122    74357.122    74390.122    74421.722    74421.920
   720:    74421.901    74421.092    74721.902    76721.910    76723.614
   725:    79473.624    79474.714    79930.124    79967.124    80008.124
   730:    80043.124    80080.124    80114.124    80152.124    80191.124
   735:    80227.124    80262.124    80302.124    80342.124    80376.124
   740:    80415.124    80461.124    80501.124    80682.124    80714.124
   745:    80747.124    80780.124    80810.124    80848.124    80878.124
   750:    80911.124    80943.124    80979.124    81009.124    81044.124
   755:    81056.124    81090.124    81125.124    81159.124    81194.124
   760:    81231.124    81260.124    81295.124    81324.124    81360.124
   765:    81387.124    81424.124    81438.124    81479.124    81512.124
   770:    81548.124    81578.124    81613.124    81628.124    81665.124
   775:    81699.124    81736.124    81764.124    81801.124    81815.124
   780:    81850.124    81884.124    81920.124    81934.124    81972.124
   785:    82010.124    82050.124    82081.124    82116.124    82136.124
   790:    82174.124    82202.124    82239.724    82239.920    82239.901
   795:    82239.094    82539.902    84539.910    84541.615    88391.625
   800:    88392.715    89502.125    89540.125    89806.125    89846.125
   805:    90626.125    90667.125    90708.125    90740.125    90776.125
   810:    90818.125    91147.125    91187.125    91230.125    91344.125
   815:    91378.125    91410.125    91442.125    91473.125    91504.125
   820:    91535.125    91569.125    91600.125    91635.125    91666.125
   825:    91703.125    91744.125    91775.125    91812.125    91844.125
   830:    91880.125    91914.125    91954.125    91985.125    92017.125
   835:    92047.125    92082.125    92110.125    92146.125    92176.125
   840:    92211.125    92241.125    92274.725    92274.920    92274.901
   845:    92274.095    92574.902    94574.910    94576.612    95976.622
   850:    95977.712    96194.122    96231.122    96271.122    96311.122
   855:    96350.122    96387.122    96423.122    96464.122    96496.122
   860:    96533.122    96567.122    96609.122    96641.122    96684.122
   865:    96718.122    96759.122    96790.122    96829.122    96862.122
   870:    96899.122    96930.122    96965.122    96985.122    97022.122
   875:    97057.122    97092.122    97121.122    97159.122    97189.122
   880:    97225.122    97253.122    97290.122    97318.122    97357.122
   885:    97385.722    97385.920    97385.901    97385.092    97685.902
   890:    99685.910    99687.611   100687.621   100688.711   100938.121
   895:   100975.121   101020.121   101056.121   101093.121   101124.121
   900:   101167.121   101212.121   101255.121   101286.121   101328.121
   905:   101361.121   101405.121   101443.121   101481.121   101512.121
   910:   101558.121   101594.121   101639.121   101690.721   101690.920
   915:   101690.901   101690.091   101990.902   103990.910   103992.613
   920:   105942.623   105943.713   106128.123   106168.123   106212.123
   925:   106257.123   106296.123   106336.123   106365.123   106407.123
   930:   106439.123   106476.123   106516.123   106550.123   106592.123
   935:   106631.123   106663.123   106702.123   106731.123   106768.123
   940:   106804.123   106835.123   106875.123   106911.123   106945.123
   945:   106974.123   107009.123   107023.123   107056.123   107085.123
   950:   107123.123   107151.123   107189.123   107215.123   107252.123
   955:   107268.123   107305.123   107339.123   107381.123   107414.123
   960:   107450.123   107479.123   107517.123   107534.123   107569.123
   965:   107601.123   107638.123   107665.123   107700.123   107730.123
   970:   107764.123   107789.123   107824.123   107849.123   107885.123
   975:   107902.723   107902.920   107902.901   107902.093   108202.902
   980:   110202.910   110204.612   111604.622   111605.712   111713.122
   985:   111748.122   111790.122   111829.122   111869.122   111899.122
   990:   111942.122   111973.122   112015.122   112048.122   112088.122
   995:   112122.122   112164.122   112198.122   112231.122   112268.122
  1000:   112298.122   112335.122   112366.122   112405.122   112434.122
  1005:   112472.122   112503.122   112538.122   112568.122   112606.122
  1010:   112634.122   112671.122   112700.122   112737.122   112767.122
  1015:   112803.122   112830.122   112868.122   112905.122   112943.122
  1020:   112971.122   113007.722   113007.920   113007.901   113007.092
  1025:   113307.902   115307.910   115309.614   118059.624   118060.714
  1030:   118531.124   118566.124   118608.124   118645.124   118682.124
  1035:   118721.124   118754.124   118791.124   118833.124   118871.124
  1040:   118902.124   118941.124   118981.124   119016.124   119057.124
  1045:   119088.124   119127.124   119160.124   119201.124   119235.124
  1050:   119276.124   119314.124   119354.124   119394.124   119425.124
  1055:   119462.124   119495.124   119534.124   119563.124   119600.124
  1060:   119629.124   119670.124   119706.124   119741.124   119776.124
  1065:   119816.124   119845.124   119880.124   119911.124   119949.124
  1070:   119978.124   120018.124   120048.124   120089.124   120118.124
  1075:   120156.124   120188.124   120224.124   120252.124   120287.124
  1080:   120304.124   120340.124   120379.124   120419.124   120448.124
  1085:   120483.124   120511.124   120546.124   120558.124   120592.124
  1090:   120624.124   120662.124   120685.124   120723.124   120753.124
  1095:   120793.124   120820.724   120820.920   120820.901   120820.094
  1100:   121120.902   123120.910   123122.613   125072.623   125073.713
  1105:   125255.123   125293.123   125331.123   125368.123   125413.123
  1110:   125446.123   125491.123   125523.123   125565.123   125604.123
  1115:   125640.123   125676.123   125708.123   125749.123   125782.123
  1120:   125821.123   125852.123   125895.123   125933.123   125969.123
  1125:   126008.123   126041.123   126069.123   126112.123   126146.123
  1130:   126176.123   126212.123   126244.123   126281.123   126310.123
  1135:   126347.123   126375.123   126410.123   126436.123   126472.123
  1140:   126499.123   126534.123   126561.123   126599.123   126627.123
  1145:   126663.123   126693.123   126730.123   126761.123   126799.123
  1150:   126829.123   126866.123   126894.123   126930.123   126958.123
  1155:   126993.123   127006.123   127043.723   127043.920   127043.901
  1160:   127043.093   127343.902   129343.910   129345.611   130345.621
  1165:   130346.711   130439.121   130475.121   130517.121   130556.121
  1170:   130597.121   130639.121   130671.121   130714.121   130747.121
  1175:   130788.121   130819.121   130860.121   130902.121   130941.121
  1180:   130979.121   131013.121   131048.121   131084.121   131115.121
  1185:   131153.121   131185.121   131228.121   131258.121   131293.121
  1190:   131322.121   131360.721   131360.920   131360.901   131360.091
  1195:   131660.902   133660.910   133662.612   135062.622   135063.712
  1200:   135243.122   135703.122   135780.122   135823.122   135862.122
  1205:   135899.122   135935.122   135974.122   136011.122   136043.122
  1210:   136080.122   136112.122   136150.122   136183.122   136221.122
  1215:   136255.122   136292.122   136324.122   136358.122   136389.122
  1220:   136430.122   136462.122   136498.722   136498.920   136498.901
  1225:   136498.092   136798.902   138798.910   138800.614   141550.624
  1230:   141551.714   144119.124   144237.124   144337.724   144337.920
  1235:   144337.901   144337.094   144637.902   146637.910   146639.615
  1240:   150489.625   150490.715   150927.125   151025.125   151065.125
  1245:   151226.125   151496.125   151847.125   151890.125   152054.125
  1250:   152093.125   152127.125   152167.125   152208.125   152251.125
  1255:   152292.125   152324.125   152359.125   152393.125   152576.125
  1260:   152607.125   152642.125   152675.125   152705.125   152742.125
  1265:   152780.125   152809.125   152844.125   152873.125   152906.125
  1270:   152936.125   152972.125   153001.125   153035.125   153067.125
  1275:   153103.125   153133.125   153169.125   153283.125   153309.125
  1280:   153336.125   153369.125   153386.125   153417.125   153447.125
  1285:   153482.125   153509.125   153543.125   153556.125   153586.125
  1290:   153616.125   153648.125   153665.125   153699.125   153733.125
  1295:   153772.125   153806.125   153840.125   153869.125   153903.125
  1300:   153931.125   153966.125   153994.125   154032.125   154061.125
  1305:   154096.125   154124.125   154160.125   154174.125   154205.125
  1310:   154241.125   154276.125   154304.125   154370.725   154370.920
  1315:   154370.901   154370.095   154670.902   156670.910   156672.615
  1320:   160522.625   160523.715   160622.125   160659.125   160700.125
  1325:   160741.125   160786.125   160825.125   161859.125   161912.125
  1330:   162212.125   162245.125   162273.125   162306.125   162342.125
  1335:   162423.125   162526.125   162554.125   162587.125   162618.125
  1340:   162651.125   162679.125   162712.125   162744.125   162778.125
  1345:   162805.125   162839.125   162871.125   162905.125   162918.125
  1350:   162953.125   162992.125   163032.125   163067.125   163100.125
  1355:   163136.125   163168.125   163202.125   163229.125   163266.125
  1360:   163295.125   163331.125   163361.125   163396.125   163424.125
  1365:   163458.125   163486.125   163523.125   163561.125   163596.125
  1370:   163627.125   163665.125   163695.125   163732.125   163745.125
  1375:   163783.125   163817.125   163851.125   163879.125   163922.125
  1380:   163958.125   163989.125   164025.125   164038.125   164071.125
  1385:   164103.125   164138.125   164163.125   164197.125   164229.125
  1390:   164267.125   164282.125   164317.125   164347.125   164382.725
  1395:   164382.920   164382.901   164382.095   164682.902   166682.910
  1400:   166684.611   167684.621   167685.711   167793.121   167832.121
  1405:   167870.121   167911.121   167949.121   167988.121   168030.121
  1410:   168060.121   168101.121   168136.121   168168.121   168208.121
  1415:   168241.121   168280.121   168317.121   168350.121   168388.121
  1420:   168420.121   168460.121   168491.121   168528.121   168556.121
  1425:   168595.121   168626.121   168663.121   168692.721   168692.920
  1430:   168692.901   168692.091   168992.902   170992.910   170994.612
  1435:   172394.622   172395.712   172554.122   172589.122   172625.122
  1440:   172664.122   172696.122   172737.122   172777.122   172808.122
  1445:   172847.122   172887.122   172923.122   172961.122   172999.122
  1450:   173032.122   173067.122   173100.122   173138.122   173170.122
  1455:   173208.122   173238.122   173275.122   173304.122   173338.122
  1460:   173366.122   173404.122   173434.122   173471.122   173503.122
  1465:   173540.122   173568.122   173604.122   173632.122   173669.122
  1470:   173700.122   173735.122   173763.122   173798.722   173798.920
  1475:   173798.901   173798.092   174098.902   176098.910   176100.614
  1480:   178850.624   178851.714   180332.124   180753.124   180793.124
  1485:   180829.124   180950.124   180992.124   181032.124   181069.124
  1490:   181108.124   181149.124   181188.124   181378.124   181585.124
  1495:   181759.724   181759.920   181759.901   181759.094   182059.902
  1500:   184059.910   184061.611   185061.621   185062.711   185276.121
  1505:   185317.121   185358.121   185400.121   185441.121   185485.121
  1510:   185523.121   185560.121   185591.121   185630.121   185669.121
  1515:   185702.121   185740.121   185772.121   185811.121   185843.121
  1520:   185885.121   185924.121   185964.121   185997.121   186034.121
  1525:   186066.721   186066.920   186066.901   186066.091   186366.902
  1530:   188366.910   188368.614   191118.624   191119.714   191743.124
  1535:   192168.124   192211.124   192250.124   192287.124   192324.124
  1540:   192464.124   192887.124   192927.124   192960.124   193001.124
  1545:   193037.124   193072.124   193108.124   193148.124   193181.124
  1550:   193230.124   193265.124   193301.124   193338.124   193369.124
  1555:   193407.124   193439.124   193476.124   193507.124   193544.124
  1560:   193575.124   193614.124   193643.124   193679.124   193712.124
  1565:   193746.124   193780.124   193817.124   193845.124   193880.724
  1570:   193880.920   193880.901   193880.094   194180.902   196180.910
  1575:   196182.611   197182.621   197183.711   197328.121   197365.121
  1580:   197406.121   197444.121   197484.121   197524.121   197563.121
  1585:   197594.121   197639.121   197670.121   197709.121   197739.121
  1590:   197776.121   197807.121   197845.121   197875.121   197911.121
  1595:   197940.121   197978.121   198013.121   198046.121   198084.121
  1600:   198112.121   198151.121   198181.121   198220.721   198220.920
  1605:   198220.901   198220.091   198520.902   200520.910   200522.612
  1610:   201922.622   201923.712   202108.122   202142.122   202180.122
  1615:   202217.122   202256.122   202294.122   202325.122   202364.122
  1620:   202403.122   202439.122   202478.122   202508.122   202548.122
  1625:   202579.122   202615.122   202647.122   202683.122   202717.122
  1630:   202752.122   202787.122   202823.122   202855.122   202889.122
  1635:   202921.122   202957.122   202986.122   203021.122   203055.122
  1640:   203090.122   203122.122   203157.122   203186.122   203221.122
  1645:   203251.122   203288.122   203317.122   203354.722   203354.920
  1650:   203354.901   203354.092   203654.902   205654.910   205656.613
  1655:   207606.623   207607.713   208500.123   210239.723   210239.920
  1660:   210239.901   210239.093   210539.902   212539.910   212541.615
  1665:   216391.625   216392.715   216511.125   217011.125   217049.125
  1670:   217284.125   217324.125   217354.125   217389.125   217571.125
  1675:   217605.125   217756.125   217819.125   218001.125   218040.125
  1680:   218184.125   218218.125   218252.125   218288.125   218322.125
  1685:   218366.125   218405.125   218446.125   218486.125   218524.125
  1690:   218561.125   218647.125   218679.125   218706.125   218741.125
  1695:   218772.125   218804.125   218819.125   218851.125   218885.125
  1700:   218922.125   218954.125   218992.125   219029.125   219070.125
  1705:   219100.125   219135.125   219167.125   219210.125   219254.125
  1710:   219329.125   219359.125   219387.125   219418.125   219435.125
  1715:   219469.125   219499.125   219533.125   219563.125   219596.125
  1720:   219625.125   219661.125   219691.125   219724.125   219739.125
  1725:   219773.125   219809.125   219846.125   219874.125   219909.125
  1730:   219937.125   219975.125   220005.125   220053.125   220089.125
  1735:   220123.125   220153.125   220189.125   220218.125   220252.725
  1740:   220252.920   220252.901   220252.095   220552.902   222552.910
  1745:   222554.611   223554.621   223555.711   224263.121   224298.121
  1750:   224333.121   224374.121   224413.121   224452.121   224487.121
  1755:   224526.121   224560.721   224560.920   224560.901   224560.091
  1760:   224860.902   226860.910   226862.612   228262.622   228263.712
  1765:   228487.122   228530.122   228573.122   228613.122   228651.122
  1770:   228688.122   228729.122   228762.122   228800.122   228838.122
  1775:   228873.122   228906.122   228948.122   228985.122   229020.122
  1780:   229052.122   229090.122   229127.122   229157.122   229194.122
  1785:   229228.122   229270.122   229305.122   229336.122   229371.122
  1790:   229400.122   229439.122   229475.122   229510.122   229543.122
  1795:   229583.122   229611.122   229652.122   229682.722   229682.920
  1800:   229682.901   229682.092   229982.902   231982.910   231984.614
  1805:   234734.624   234735.714   234902.124   234941.124   234983.124
  1810:   235183.124   235227.124   235295.124   235435.124   235674.124
  1815:   235712.124   235852.124   236042.124   236159.124   236195.124
  1820:   236423.124   236656.124   236693.124   236726.124   236958.124
  1825:   236993.124   237164.124   237207.124   237251.124   237288.124
  1830:   237324.124   237360.124   237394.124   237428.124   237460.124
  1835:   237496.724   237496.920   237496.901   237496.094   237796.902
  1840:   239796.910   239798.612   241198.622   241199.712   241420.122
  1845:   241461.122   241499.122   241538.122   241576.122   241608.122
  1850:   241647.122   241689.122   241727.122   241763.122   241802.122
  1855:   241838.122   241875.122   241912.122   241950.122   241980.122
  1860:   242019.122   242051.122   242088.122   242120.122   242159.122
  1865:   242189.122   242225.122   242254.122   242291.122   242320.122
  1870:   242359.122   242398.122   242436.122   242465.122   242502.122
  1875:   242533.122   242574.122   242604.722   242604.920   242604.901
  1880:   242604.092   242904.902   244904.910   244906.611   245906.621
  1885:   245907.711   246081.121   246120.121   246159.121   246196.121
  1890:   246234.121   246264.121   246303.121   246340.121   246373.121
  1895:   246411.121   246444.121   246482.121   246513.121   246549.121
  1900:   246579.121   246616.121   246653.121   246686.121   246722.121
  1905:   246753.121   246789.121   246819.121   246857.121   246887.121
  1910:   246923.721   246923.920   246923.901   246923.091   247223.902
  1915:   249223.910   249225.613   251175.623   251176.713   251332.123
  1920:   251369.123   251411.123   251708.123   251792.123   252487.123
  1925:   252528.123   252709.123   252741.123   252797.123   252831.123
  1930:   252869.123   252910.123   252945.123   252980.123   253010.123
  1935:   253044.123   253079.123   253116.123   253153.723   253153.920
  1940:   253153.901   253153.093   253453.902   255453.910   255455.615
  1945:   259305.625   259306.715   286132.725   286132.920   286132.901
  1950:   286132.095   286432.902   288432.910   288434.611   289434.621
  1955:   289435.711   289925.121   289958.121   289992.121   290030.121
  1960:   290069.121   290107.121   290144.121   290184.121   290225.121
  1965:   290258.121   290296.121   290329.121   290364.121   290405.121
  1970:   290448.721   290448.920   290448.901   290448.091   290748.902
  1975:   292748.910   292750.612   294150.622   294151.712   294290.122
  1980:   294329.122   294365.122   294408.122   294444.122   294481.122
  1985:   294520.122   294552.122   294603.122   294643.122   294677.122
  1990:   294714.122   294751.122   294787.122   294827.122   294952.122
  1995:   294982.122   295015.122   295048.122   295076.122   295110.122
  2000:   295142.122   295179.122   295209.122   295251.122   295287.122
  2005:   295322.122   295352.122   295388.122   295416.122   295450.122
  2010:   295478.122   295514.122   295542.122   295578.722   295578.920
  2015:   295578.901   295578.092   295878.902   297878.910   297880.615
  2020:   301730.625   301731.715   301945.125   301999.125   302033.125
  2025:   302068.125   302105.125   302144.125   302176.125   302217.125
  2030:   302254.125   302286.125   302326.125   302365.125   302397.125
  2035:   302439.125   302481.125   302574.125   302607.125   302637.125
  2040:   302668.125   302700.125   302734.125   302768.125   302781.125
  2045:   302816.125   302847.125   302883.125   302913.125   302952.125
  2050:   302979.125   303018.125   303044.125   303081.125   303108.125
  2055:   303145.125   303172.125   303209.125   303235.125   303272.125
  2060:   303305.125   303341.125   303367.125   303403.125   303428.125
  2065:   303466.125   303495.125   303532.125   303560.125   303598.125
  2070:   303610.125   303646.125   303675.125   303713.125   303741.125
  2075:   303790.125   303824.125   303866.125   303895.125   303931.125
  2080:   303959.125   303996.125   304023.125   304061.125   304073.125
  2085:   304105.125   304137.125   304176.125   304189.125   304222.125
  2090:   304251.125   304287.125   304314.125   304353.125   304366.125
  2095:   304400.125   304435.125   304472.125   304501.125   304542.125
  2100:   304553.125   304589.125   304617.125   304656.125   304672.125
  2105:   304709.125   304745.125   304775.125   304815.125   304827.125
  2110:   304862.125   304890.125   304930.125   304957.125   304994.125
  2115:   305006.125   305041.125   305057.125   305094.125   305122.125
  2120:   305163.125   305191.125   305230.125   305260.125   305291.125
  2125:   305327.125   305340.125   305372.125   305399.125   305437.125
  2130:   305465.125   305504.125   305516.125   305551.125   305582.725
  2135:   305582.920   305582.901   305582.095   305882.902   307882.910
  2140:   307884.613   309834.623   309835.713   310091.123   310128.123
  2145:   310168.123   310207.123   310249.123   310288.123   310320.123
  2150:   310356.123   310391.123   310422.123   310459.123   310496.123
  2155:   310534.123   310568.123   310605.123   310642.123   310683.123
  2160:   310722.123   310752.123   310790.123   310858.123   310909.123
  2165:   310959.123   311006.123   311050.123   311131.123   311162.123
  2170:   311196.123   311226.123   311265.123   311294.123   311331.123
  2175:   311362.123   311400.123   311429.123   311467.123   311499.123
  2180:   311535.123   311564.123   311598.123   311627.123   311662.123
  2185:   311689.123   311728.123   311756.123   311789.723   311789.920
  2190:   311789.901   311789.093   312089.902   314089.910   314091.612
  2195:   315491.622   315492.712   315655.122   315694.122   315732.122
  2200:   315770.122   315804.122   315843.122   315879.122   315917.122
  2205:   315954.122   315988.122   316024.122   316055.122   316094.122
  2210:   316127.122   316166.122   316199.122   316241.122   316273.122
  2215:   316308.122   316340.122   316376.122   316409.122   316445.122
  2220:   316477.122   316513.122   316544.122   316581.122   316593.122
  2225:   316629.122   316660.122   316698.122   316726.122   316766.122
  2230:   316797.122   316838.122   316875.122   316909.722   316909.920
  2235:   316909.901   316909.092   317209.902   319209.910   319211.614
  2240:   321961.624   321962.714   322266.124   322654.124   322690.124
  2245:   322727.124   323367.124   323575.124   323610.124   323643.124
  2250:   323829.124   323865.124   323903.124   323938.124   323984.124
  2255:   324018.124   324049.124   324085.124   324118.124   324151.124
  2260:   324189.124   324223.124   324252.124   324287.124   324322.124
  2265:   324362.124   324394.124   324430.124   324464.124   324499.124
  2270:   324528.124   324564.124   324601.124   324638.124   324667.124
  2275:   324702.124   324731.724   324731.920   324731.901   324731.094
  2280:   325031.902   327031.910   327033.613   328983.623   328984.713
  2285:   329092.123   329133.123   329171.123   329210.123   329242.123
  2290:   329282.123   329319.123   329350.123   329390.123   329424.123
  2295:   329463.123   329500.123   329537.123   329568.123   329606.123
  2300:   329638.123   329677.123   329709.123   329746.123   329779.123
  2305:   329812.123   329843.123   329883.123   329914.123   329951.123
  2310:   329982.123   330017.123   330031.123   330064.123   330095.123
  2315:   330132.123   330161.123   330200.123   330220.123   330262.123
  2320:   330294.123   330332.123   330364.123   330401.123   330413.123
  2325:   330446.123   330476.123   330513.123   330527.123   330560.123
  2330:   330590.123   330626.123   330639.123   330674.123   330711.123
  2335:   330747.123   330777.123   330817.123   330830.123   330868.123
  2340:   330902.123   330938.723   330938.920   330938.901   330938.093
  2345:   331238.902   333238.910   333240.613   335190.623   335191.713
  2350:   335371.123   335411.123   335454.123   335855.123   336172.123
  2355:   336207.123   336393.123   336430.123   336464.123   336508.123
  2360:   336548.123   336585.123   336621.123   336654.123   336692.123
  2365:   336725.123   336759.123   336794.123   336829.123   336858.123
  2370:   336894.123   336928.123   336964.123   336997.123   337031.123
  2375:   337060.123   337096.123   337126.123   337163.723   337163.920
  2380:   337163.901   337163.093   337463.902   339463.910   339465.615
  2385:   343315.625   343316.715   343606.125   343644.125   343684.125
  2390:   343725.125   343766.125   343804.125   343844.125   343888.125
  2395:   344072.125   344793.125   344974.125   345150.125   345190.125
  2400:   345230.125   345401.125   345435.125   345467.125   345499.125
  2405:   345537.125   345576.125   345606.125   345644.125   345673.125
  2410:   345706.125   345738.125   345780.125   345812.125   345846.125
  2415:   345879.125   345919.125   345951.125   345991.125   346022.125
  2420:   346061.125   346095.125   346134.125   346165.125   346202.125
  2425:   346214.125   346248.125   346278.125   346330.125   346366.125
  2430:   346397.125   346437.125   346450.125   346485.125   346521.125
  2435:   346554.125   346580.125   346615.125   346628.125   346661.125
  2440:   346692.125   346729.125   346758.125   346793.125   346806.125
  2445:   346840.125   346873.125   346909.125   346927.125   346963.125
  2450:   346996.125   347030.125   347042.125   347076.125   347103.125
  2455:   347137.125   347152.125   347187.725   347187.920   347187.901
  2460:   347187.095   347487.902   349487.910   349489.613   351439.623
  2465:   351440.713   351584.123   351623.123   351661.123   351701.123
  2470:   351732.123   351769.123   351807.123   351844.123   351876.123
  2475:   351916.123   351946.123   351984.123   352018.123   352055.123
  2480:   352098.123   352135.123   352169.123   352205.123   352237.123
  2485:   352274.123   352303.123   352341.123   352371.123   352409.123
  2490:   352441.123   352478.123   352507.123   352547.123   352579.123
  2495:   352614.123   352643.123   352681.123   352711.123   352749.123
  2500:   352775.123   352811.123   352827.123   352864.123   352898.123
  2505:   352935.123   352950.123   352989.123   353024.123   353062.123
  2510:   353074.123   353107.123   353137.123   353173.123   353185.123
  2515:   353219.123   353249.123   353285.123   353297.123   353331.123
  2520:   353363.123   353402.723   353402.920   353402.901   353402.093
  2525:   353702.902   355702.910   355704.614   358454.624   358455.714
  2530:   358709.124   358755.124   358793.124   358835.124   358875.124
  2535:   358912.124   358941.124   358980.124   359018.124   359048.124
  2540:   359089.124   359119.124   359155.124   359189.124   359234.124
  2545:   359275.124   359316.124   359357.124   359391.124   359427.124
  2550:   359458.124   359495.124   359524.124   359562.124   359594.124
  2555:   359632.124   359665.124   359701.124   359732.124   359767.124
  2560:   359799.124   359838.124   359871.124   359908.124   359939.124
  2565:   359976.124   360008.124   360046.124   360076.124   360116.124
  2570:   360131.124   360165.124   360198.124   360235.124   360265.124
  2575:   360302.124   360315.124   360347.124   360380.124   360418.124
  2580:   360447.124   360486.124   360514.124   360552.124   360566.124
  2585:   360603.124   360635.124   360675.124   360688.124   360721.124
  2590:   360753.124   360790.124   360802.124   360838.124   360872.124
  2595:   360907.124   360924.124   360959.124   360995.124   361031.124
  2600:   361044.124   361077.124   361095.124   361134.124   361165.124
  2605:   361202.124   361236.724   361236.920   361236.901   361236.094
  2610:   361536.902   363536.910   363538.611   364538.621   364539.711
  2615:   364684.121   364725.121   364764.121   364802.121   364841.121
  2620:   364880.121   364911.121   364951.121   364983.121   365027.121
  2625:   365064.121   365097.121   365135.121   365170.121   365208.121
  2630:   365242.121   365281.121   365311.121   365352.121   365385.121
  2635:   365416.121   365453.121   365486.121   365524.121   365559.721
  2640:   365559.920   365559.901   365559.091   365859.902   367859.910
  2645:   367861.613   369811.623   369812.713   369954.123   369994.123
  2650:   370036.123   370076.123   370109.123   370144.123   370183.123
  2655:   370213.123   370251.123   370289.123   370331.123   370368.123
  2660:   370402.123   370441.123   370474.123   370512.123   370544.123
  2665:   370580.123   370612.123   370646.123   370679.123   370720.123
  2670:   370765.123   370799.123   370834.123   370866.123   370901.123
  2675:   370930.123   370967.123   370996.123   371031.123   371061.123
  2680:   371103.123   371132.123   371169.123   371204.123   371241.123
  2685:   371269.123   371308.123   371340.123   371379.123   371391.123
  2690:   371424.123   371454.123   371492.123   371518.123   371556.123
  2695:   371585.123   371622.123   371654.123   371694.123   371726.123
  2700:   371760.123   371789.723   371789.920   371789.901   371789.093
  2705:   372089.902   374089.910   374091.614   376841.624   376842.714
  2710:   377562.124   377602.124   377645.124   377681.124   377721.124
  2715:   377758.124   377791.124   377829.124   377859.124   377896.124
  2720:   377928.124   377967.124   378007.124   378043.124   378178.124
  2725:   378377.124   378414.124   378446.124   378475.124   378502.124
  2730:   378531.124   378564.124   378596.124   378636.124   378674.124
  2735:   378710.124   378744.124   378780.124   378820.124   378925.124
  2740:   378954.124   378980.124   379013.124   379042.124   379080.124
  2745:   379116.124   379156.124   379196.124   379297.124   379332.124
  2750:   379431.124   379463.124   379495.124   379515.124   379547.124
  2755:   379579.124   379612.724   379612.920   379612.901   379612.094
  2760:   379912.902   381912.910   381914.615   385764.625   385765.715
  2765:   386591.125   386862.125   387347.125   387513.125   387548.125
  2770:   387580.125   387613.125   387650.125   387680.125   387715.125
  2775:   387745.125   387783.125   387815.125   387850.125   387883.125
  2780:   387923.125   387954.125   387990.125   388022.125   388057.125
  2785:   388085.125   388122.125   388153.125   388187.125   388208.125
  2790:   388244.125   388275.125   388311.125   388342.125   388377.125
  2795:   388396.125   388436.125   388471.125   388551.125   388584.125
  2800:   388617.125   388649.125   388665.125   388696.125   388739.125
  2805:   388774.125   388786.125   388820.125   388847.125   388880.125
  2810:   388892.125   388924.125   388956.125   388990.125   389002.125
  2815:   389036.125   389068.125   389102.125   389116.125   389146.125
  2820:   389176.125   389213.125   389227.125   389260.125   389294.125
  2825:   389331.125   389360.125   389396.125   389408.125   389441.125
  2830:   389454.125   389487.125   389520.125   389560.125   389602.125
  2835:   389639.725   389639.920   389639.901   389639.095   389939.902
  2840:   391939.910   391941.614   394691.624   394692.714   394824.124
  2845:   394862.124   395576.124   395618.124   395647.124   395680.124
  2850:   395716.124   395749.124   395907.124   395940.124   395970.124
  2855:   396240.124   396397.124   396669.124   396705.124   396801.124
  2860:   396837.124   396926.124   396961.124   396997.124   397044.124
  2865:   397080.124   397113.124   397142.124   397180.124   397215.124
  2870:   397250.124   397279.124   397315.124   397343.124   397380.124
  2875:   397408.124   397439.124   397466.724   397466.920   397466.901
  2880:   397466.094   397766.902   399766.910   399768.614   402518.624
  2885:   402519.714   402671.124   402710.124   403207.124   403437.124
  2890:   403886.124   403916.124   403947.124   403979.124   404014.124
  2895:   404045.124   404079.124   404118.124   404154.124   404192.124
  2900:   404224.124   404264.124   404296.124   404329.124   404360.124
  2905:   404403.124   404446.124   404482.124   404559.124   404588.124
  2910:   404616.124   404647.124   404682.124   404718.124   404750.124
  2915:   404788.124   404861.124   404960.124   404987.124   405017.124
  2920:   405049.124   405081.124   405111.124   405145.124   405156.124
  2925:   405189.124   405223.124   405258.124   405289.724   405289.920
  2930:   405289.901   405289.094   405589.902   407589.910   407591.611
  2935:   408591.621   408592.711   408687.121   408722.121   408761.121
  2940:   408796.121   408835.121   408873.121   408908.121   408945.121
  2945:   408976.121   409012.121   409050.121   409081.121   409118.121
  2950:   409148.121   409186.121   409219.121   409257.121   409290.121
  2955:   409329.121   409360.121   409398.121   409429.121   409469.121
  2960:   409503.121   409541.121   409571.121   409608.721   409608.920
  2965:   409608.901   409608.091   409908.902   411908.910   411910.612
  2970:   413310.622   413311.712   413680.122   413719.122   413759.122
  2975:   413797.122   413838.122   413877.122   413916.122   413947.122
  2980:   413987.122   414016.122   414058.122   414091.122   414131.122
  2985:   414162.122   414202.122   414236.122   414277.122   414311.122
  2990:   414348.122   414377.122   414414.122   414446.122   414487.122
  2995:   414516.122   414558.122   414587.122   414625.122   414656.122
  3000:   414690.122   414722.722   414722.920   414722.901   414722.092
  3005:   415022.902   417022.910   417024.613   418974.623   418975.713
  3010:   419125.123   419159.123   419187.123   419223.123   419381.123
  3015:   419413.123   419444.123   419480.123   419513.123   419552.123
  3020:   419586.123   419623.123   419653.123   419691.123   419729.123
  3025:   419763.123   419801.123   419840.123   419874.123   419909.123
  3030:   419944.123   419979.123   420011.123   420048.123   420081.123
  3035:   420116.123   420144.123   420180.123   420196.123   420231.123
  3040:   420262.123   420301.123   420331.123   420366.123   420380.123
  3045:   420414.123   420446.123   420482.123   420512.123   420548.123
  3050:   420576.123   420611.123   420640.123   420675.123   420703.123
  3055:   420740.123   420766.123   420802.123   420818.123   420853.123
  3060:   420886.123   420924.123   420952.723   420952.920   420952.901
  3065:   420952.093   421252.902   423252.910   423254.615   427104.625
  3070:   427105.715   429576.125   429611.125   429651.125   429685.125
  3075:   429724.125   430037.125   430442.125   430480.125   430513.125
  3080:   430805.125   431032.725   431032.920   431032.901   431032.095
  3085:   431332.902   433332.910   433334.615   437184.625   437185.715
  3090:   437521.125   437561.125   437598.125   438934.125   439270.125
  3095:   439612.125   439647.125   439754.125   439818.125   439854.125
  3100:   439890.125   439930.125   439963.125   440064.125   440189.125
  3105:   440274.125   440301.125   440333.125   440361.125   440387.125
  3110:   440417.125   440436.125   440465.125   440495.125   440528.125
  3115:   440558.125   440589.125   440616.125   440647.125   440681.125
  3120:   440711.125   440742.125   440770.125   440799.125   440828.125
  3125:   440858.125   440898.125   440927.125   440956.125   440970.125
  3130:   440996.125   441023.125   441053.725   441053.920   441053.901
  3135:   441053.095   441353.902   443353.910   443355.611   444355.621
  3140:   444356.711   444526.121   444557.121   444594.121   444627.121
  3145:   444659.121   444692.121   444728.121   444763.121   444798.121
  3150:   444827.121   444861.121   444930.121   444958.121   444993.121
  3155:   445022.121   445056.121   445083.121   445118.121   445146.121
  3160:   445177.121   445208.121   445242.121   445270.121   445304.121
  3165:   445332.121   445364.721   445364.920   445364.901   445364.091
  3170:   445664.902   447664.910   447666.611   448666.621   448667.711
  3175:   448800.121   448868.121   448899.121   448931.121   448995.121
  3180:   449029.121   449091.121   449120.121   449153.121   449182.121
  3185:   449218.121   449248.121   449284.121   449313.121   449350.121
  3190:   449379.121   449411.121   449439.121   449499.121   449533.121
  3195:   449546.121   449579.121   449646.121   449674.721   449674.920
  3200:   449674.901   449674.091   449974.902   451974.910   451976.612
  3205:   453376.622   453377.712   453627.122   453660.122   453698.122
  3210:   453734.122   453763.122   453796.122   453822.122   453857.122
  3215:   453886.122   453921.122   453953.122   453987.122   454019.122
  3220:   454053.122   454082.122   454116.122   454145.122   454182.122
  3225:   454244.122   454274.122   454307.122   454339.122   454373.122
  3230:   454406.122   454438.122   454474.122   454502.122   454540.122
  3235:   454567.122   454601.122   454658.122   454670.122   454699.122
  3240:   454728.122   454791.722   454791.920   454791.901   454791.092
  3245:   455091.902   457091.910   457093.613   459043.623   459044.713
  3250:   459258.123   459295.123   459328.123   459364.123   459432.123
  3255:   459463.123   459494.123   459528.123   459559.123   459591.123
  3260:   459625.123   459657.123   459692.123   459730.123   459764.123
  3265:   459799.123   459831.123   459865.123   459902.123   459931.123
  3270:   459967.123   459996.123   460030.123   460058.123   460091.123
  3275:   460120.123   460154.123   460182.123   460218.123   460245.123
  3280:   460279.123   460305.123   460338.123   460353.123   460415.123
  3285:   460449.123   460477.123   460507.123   460543.123   460554.123
  3290:   460585.123   460648.123   460659.123   460692.123   460723.123
  3295:   460758.123   460771.123   460802.123   460831.123   460880.123
  3300:   460941.123   460977.123   461003.723   461003.920   461003.901
  3305:   461003.093   461303.902   463303.910   463305.615   467155.625
  3310:   467156.715   467638.125   467674.125   468903.125   469159.125
  3315:   469190.125   469247.125   469274.125   469303.125   469336.125
  3320:   469367.125   469397.125   469430.125   469458.125   469490.125
  3325:   469519.125   469550.125   469579.125   469610.125   469638.125
  3330:   469668.125   469696.125   469725.125   469755.125   469782.125
  3335:   469812.125   469843.125   469859.125   469890.125   469919.125
  3340:   469952.125   469980.125   470011.125   470042.125   470074.125
  3345:   470105.125   470156.125   470190.125   470220.125   470251.125
  3350:   470292.125   470321.125   470354.125   470379.125   470414.125
  3355:   470442.125   470474.125   470486.125   470516.125   470546.125
  3360:   470579.125   470605.125   470638.125   470668.125   470700.125
  3365:   470712.125   470742.125   470770.125   470803.125   470815.125
  3370:   470847.125   470879.125   470910.125   470922.125   470955.125
  3375:   470983.125   471016.725   471016.920   471016.901   471016.095
  3380:   471316.902   473316.910   473318.614   476068.624   476069.714
  3385:   476194.124   476224.124   476259.124   476464.124   476502.124
  3390:   476746.124   476959.124   476996.124   477088.124   477236.124
  3395:   477295.124   477322.124   477353.124   477378.124   477409.124
  3400:   477439.124   477473.124   477503.124   477534.124   477565.124
  3405:   477594.124   477625.124   477655.124   477668.124   477699.124
  3410:   477728.124   477761.124   477790.124   477822.124   477838.124
  3415:   477868.124   477896.124   477927.124   477955.124   477987.124
  3420:   478033.124   478063.124   478095.124   478122.124   478154.124
  3425:   478166.124   478197.124   478227.124   478259.124   478270.124
  3430:   478301.124   478314.124   478346.124   478380.124   478412.124
  3435:   478425.124   478458.124   478490.124   478525.124   478553.124
  3440:   478585.124   478596.124   478625.124   478652.124   478686.124
  3445:   478697.124   478754.124   478791.124   478807.124   478839.724
  3450:   478839.920   478839.901   478839.094   479139.902   481139.910
  3455:   481141.612   482541.622   482542.712   482762.122   482798.122
  3460:   482869.122   482898.122   482928.122   482964.122   482991.122
  3465:   483021.122   483054.122   483085.122   483117.122   483145.122
  3470:   483178.122   483204.122   483239.122   483270.122   483305.122
  3475:   483334.122   483366.122   483391.122   483425.122   483455.122
  3480:   483487.122   483514.122   483547.122   483577.122   483609.122
  3485:   483637.122   483668.122   483694.122   483730.122   483758.122
  3490:   483795.122   483822.122   483855.122   483882.122   483915.122
  3495:   483941.122   483976.722   483976.920   483976.901   483976.092
  3500:   484276.902   486276.910   486278.613   488228.623   488229.713
  3505:   488407.123   488443.123   488478.123   488512.123   488543.123
  3510:   488577.123   488607.123   488639.123   488675.123   488704.123
  3515:   488739.123   488771.123   488806.123   488837.123   488888.123
  3520:   488999.123   489030.123   489057.123   489089.123   489116.123
  3525:   489151.123   489183.123   489217.123   489247.123   489282.123
  3530:   489309.123   489343.123   489371.123   489407.123   489436.123
  3535:   489466.123   489496.123   489541.123   489572.123   489605.123
  3540:   489641.123   489668.123   489702.123   489725.123   489759.123
  3545:   489788.123   489821.123   489846.123   489882.123   489910.123
  3550:   489968.123   490005.123   490016.123   490049.123   490075.123
  3555:   490110.123   490125.123   490157.123   490187.723   490187.920
  3560:   490187.901   490187.093   490487.902   492487.910   492489.614
  3565:   495239.624   495240.714   495375.124   495413.124   495455.124
  3570:   495951.124   496024.124   496239.124   496271.124   496305.124
  3575:   496340.124   496372.124   496406.124   496438.124   496475.124
  3580:   496511.124   496541.124   496578.124   496611.124   496646.124
  3585:   496683.124   496715.124   496748.124   496778.124   496811.124
  3590:   496844.124   496873.124   496907.124   496936.124   496966.124
  3595:   496997.124   497030.124   497059.124   497088.124   497114.124
  3600:   497144.124   497171.124   497202.124   497213.124   497271.124
  3605:   497302.124   497314.124   497376.124   497408.124   497420.124
  3610:   497454.124   497515.124   497537.124   497570.124   497595.124
  3615:   497626.124   497639.124   497670.124   497702.124   497747.124
  3620:   497813.124   497844.124   497856.124   497887.124   497918.124
  3625:   497950.124   497963.124   497993.724   497993.920   497993.901
  3630:   497993.094   498293.902   500293.910   500295.613   502245.623
  3635:   502246.713   502367.123   502401.123   502434.123   502466.123
  3640:   502498.123   502533.123   502568.123   502602.123   502637.123
  3645:   502674.123   502703.123   502737.123   502769.123   502803.123
  3650:   502837.123   502879.123   502918.123   502960.123   502999.123
  3655:   503036.123   503067.123   503101.123   503135.123   503164.123
  3660:   503196.123   503226.123   503260.123   503294.123   503327.123
  3665:   503356.123   503388.123   503401.123   503434.123   503465.123
  3670:   503496.123   503522.123   503557.123   503583.123   503616.123
  3675:   503639.123   503675.123   503686.123   503720.123   503749.123
  3680:   503784.123   503810.123   503843.123   503857.123   503890.123
  3685:   503922.123   503955.123   503982.123   504019.123   504030.123
  3690:   504063.123   504124.123   504166.123   504197.723   504197.920
  3695:   504197.901   504197.093   504497.902   506497.910   506499.612
  3700:   507899.622   507900.712   508151.122   508184.122   508220.122
  3705:   508255.122   508288.122   508324.122   508359.122   508395.122
  3710:   508431.122   508529.122   508562.122   508590.122   508624.122
  3715:   508650.122   508683.122   508712.122   508746.122   508771.122
  3720:   508831.122   508866.122   508892.122   508929.122   508957.122
  3725:   509018.122   509051.122   509064.122   509096.122   509125.122
  3730:   509158.122   509219.122   509244.122   509283.122   509316.722
  3735:   509316.920   509316.901   509316.092   509616.902   511616.910
  3740:   511618.615   515468.625   515469.715   515587.125   515622.125
  3745:   515659.125   515688.125   515719.125   515752.125   516660.125
  3750:   516697.125   516784.125   516818.125   516854.125   516887.125
  3755:   516918.125   516953.125   516985.125   517018.125   517086.125
  3760:   517122.125   517155.125   517184.125   517214.125   517244.125
  3765:   517275.125   517304.125   517335.125   517363.125   517393.125
  3770:   517456.125   517469.125   517501.125   517537.125   517595.125
  3775:   517629.125   517660.125   517694.125   517727.125   517753.125
  3780:   517786.125   517867.125   517898.125   517926.125   517959.125
  3785:   518003.125   518028.125   518061.125   518106.125   518142.125
  3790:   518174.125   518199.125   518229.125   518240.125   518274.125
  3795:   518308.125   518348.125   518386.125   518415.125   518446.125
  3800:   518470.125   518503.125   518515.125   518544.125   518572.125
  3805:   518605.125   518631.125   518666.125   518697.125   518729.125
  3810:   518740.125   518767.125   518778.125   518808.125   518824.125
  3815:   518856.125   518885.125   518917.125   518927.125   518955.125
  3820:   519022.125   519052.125   519062.125   519133.125   519162.125
  3825:   519197.125   519210.125   519242.125   519253.125   519286.125
  3830:   519311.125   519370.725   519370.920   519370.901   519370.095
  3835:   519670.902   521670.910   521672.612   523072.622   523073.712
  3840:   523200.122   523228.122   523260.122   523295.122   523328.122
  3845:   523363.122   523392.122   523426.122   523460.122   523496.122
  3850:   523590.122   523629.122   523658.122   523691.122   523753.122
  3855:   523787.122   523819.122   523847.122   523908.122   523940.122
  3860:   523968.122   524000.122   524026.122   524058.122   524091.122
  3865:   524121.122   524148.122   524179.122   524210.122   524241.122
  3870:   524252.122   524282.122   524309.122   524341.122   524353.122
  3875:   524411.122   524441.122   524482.722   524482.920   524482.901
  3880:   524482.092   524782.902   524782.902   524782.005   524782.006
  3885:   524782.007   524782.020
D:
     0:        0.000        0.000        0.000        0.000        0.000
     5:        0.000        0.000        0.000        0.000        0.000
    10:        0.000        0.000        0.000        0.000        0.000
    15:        0.000        0.000        0.000        0.000        0.000
    20:        0.000        0.000        0.000        0.000        0.000
    25:        0.000        0.000        0.000        0.000        0.000
    30:        0.000        0.000        0.000        0.000        0.000
    35:        0.000
F:
     0:       10.000       14.000       19.500       27.500       38.500
     5:       10.000       14.000       19.500       27.500       38.500
    10:       10.000       14.000       19.500       27.500       38.500
    15:       10.000       14.000       19.500       27.500       38.500
    20:       10.000       14.000       19.500       27.500       38.500
    25:       10.000       14.000       19.500       27.500       38.500
    30:       10.000       14.000       19.500       27.500       38.500
    35:       10.000       14.000       19.500       27.500       38.500
    40:       10.000       14.000       19.500       27.500       38.500
    45:       10.000       14.000       19.500       27.500       38.500
    50:       10.000       14.000       19.500       27.500       38.500
    55:       10.000       14.000       19.500       27.500       38.500
    60:       10.000       14.000       19.500       27.500       38.500
    65:       10.000       14.000       19.500       27.500       38.500
    70:       10.000       14.000       19.500       27.500       38.500
I:
     0:       75.000        0.000        0.000
M:
     0:       15.000       15.000       15.000       15.000       15.000
     5:        0.000        0.000        0.000        0.000        0.000
    10:        0.000
N:
     0:       15.000       15.000       15.000       15.000       15.000
     5:        0.000
Q:
     0:       15.000       15.000       15.000       15.000       15.000
     5:        0.000
V:
     0:        0.000        0.000        0.000        0.000        0.000
     5:      355.000      523.000      687.000      713.000     1003.000
    10:        0.000        0.000        0.000        0.000        0.000
    15:        0.000
