File: C:\MED-PC IV\DATA\ENTR_IF25P002


Start Date: 07/30/17
End Date: 07/30/17
Subject: P002
Experiment: ENTRENAMIENTO
Group: 0
Box: 5
Start Time: 10:43:50
End Time: 12:08:16
MSN: ENTRENAMIFs
B:       0.000
C:       0.000
E:    2520.000
G:      27.500
H:    2750.000
J:       0.000
K:       0.000
L:       0.000
O:       0.000
P:       0.000
R:       0.000
S:       0.000
T:  503149.000
U:       0.000
W:       0.000
X:       0.000
Y:       0.000
Z:       0.000
A:
     0:        0.010      500.910      502.612     1902.622     1903.712
     5:     2095.122     2153.122     2785.122     2826.122     2864.122
    10:     2901.122     2941.122     3031.122     3063.122     3100.122
    15:     3155.122     3230.122     3262.122     3361.722     3361.920
    20:     3361.901     3361.092     3661.902     5661.910     5663.613
    25:     7613.623     7614.713     7712.123     7817.123     7852.123
    30:     7890.123     7926.123     7964.123     7996.123     8065.123
    35:     8098.123     8140.123     8175.123     8208.123     8283.123
    40:     8317.123     8357.123     8391.123     8476.123     8514.123
    45:     8607.123     8643.123     8734.123     8777.123     8813.123
    50:     8849.123     8923.123     9001.123     9043.123     9125.123
    55:     9163.123     9197.123     9274.123     9308.123     9348.123
    60:     9383.123     9462.123     9496.123     9534.123     9569.723
    65:     9569.920     9569.901     9569.093     9869.902    11869.910
    70:    11871.613    13821.623    13822.713    13925.123    13997.123
    75:    14171.123    14203.123    14263.123    14294.123    14406.123
    80:    14436.123    14538.123    14614.123    14646.123    14725.123
    85:    14806.123    14840.123    14881.123    14913.123    14989.123
    90:    15067.123    15104.123    15148.123    15181.123    15283.123
    95:    15359.123    15394.123    15430.123    15511.123    15551.123
   100:    15587.123    15621.123    15700.123    15737.123    15806.723
   105:    15806.920    15806.901    15806.093    16106.902    18106.910
   110:    18108.615    21958.625    21959.715    22337.125    22784.125
   115:    22818.125    22947.125    23017.125    23092.125    23182.125
   120:    23300.125    23331.125    23513.125    23615.125    23660.125
   125:    23735.125    23808.125    23883.125    23916.125    23989.125
   130:    24021.125    24054.125    24129.125    24168.125    24357.125
   135:    24392.125    24470.125    24504.125    24571.125    24604.125
   140:    24639.125    24672.125    24712.125    24746.125    24817.125
   145:    24919.125    24996.125    25029.125    25106.125    25176.125
   150:    25248.125    25326.125    25358.125    25395.125    25430.125
   155:    25467.125    25505.125    25586.125    25660.125    25734.125
   160:    25767.125    25848.725    25848.920    25848.901    25848.095
   165:    26148.902    28148.910    28150.613    30100.623    30101.713
   170:    30402.123    30625.123    30695.123    30815.123    30918.123
   175:    30956.123    31024.123    31094.123    31122.123    31215.123
   180:    31297.123    31343.123    31417.123    31460.123    31497.123
   185:    31580.123    31665.123    31732.123    31823.123    31866.123
   190:    31901.123    32084.723    32084.920    32084.901    32084.093
   195:    32384.902    34384.910    34386.611    35386.621    35387.711
   200:    35471.121    35543.121    35705.121    35858.121    35930.121
   205:    35962.121    35991.121    36019.121    36093.121    36125.121
   210:    36235.121    36314.121    36388.721    36388.920    36388.901
   215:    36388.091    36688.902    38688.910    38690.614    41440.624
   220:    41441.714    42081.124    42110.124    42182.124    42226.124
   225:    42331.124    42484.124    42568.124    42598.124    42667.124
   230:    42706.124    42785.124    42857.124    42891.124    42970.124
   235:    43002.124    43113.124    43150.124    43183.124    43307.124
   240:    43346.124    43379.124    43461.124    43537.124    43609.124
   245:    43650.124    43686.124    43765.124    43802.124    43835.124
   250:    43917.124    43950.124    44031.124    44109.124    44140.124
   255:    44221.724    44221.920    44221.901    44221.094    44521.902
   260:    46521.910    46523.615    50373.625    50374.715    51486.125
   265:    51553.125    51932.125    51961.125    52071.125    52208.125
   270:    52348.125    52383.125    52419.125    52490.125    52633.125
   275:    52776.125    52810.125    52874.125    52976.125    53046.125
   280:    53078.125    53154.125    53260.125    53301.125    53333.125
   285:    53411.125    53491.125    53531.125    53612.125    53718.125
   290:    53800.125    53876.125    53913.125    53990.125    54072.125
   295:    54153.125    54185.125    54342.725    54342.920    54342.901
   300:    54342.095    54642.902    56642.910    56644.614    59394.624
   305:    59395.714    60233.124    60479.124    60550.124    60588.124
   310:    60703.124    60733.124    60813.124    60892.124    60929.124
   315:    61005.124    61078.124    61156.124    61279.124    61361.124
   320:    61398.124    61478.124    61520.124    61588.124    61671.124
   325:    61749.124    61829.124    61858.124    61945.124    61985.124
   330:    62023.124    62139.124    62179.724    62179.920    62179.901
   335:    62179.094    62479.902    64479.910    64481.612    65881.622
   340:    65882.712    65951.122    65983.122    66065.122    66296.122
   345:    66364.122    66399.122    66495.122    66617.122    66656.122
   350:    66702.122    66781.122    66855.122    66918.122    66950.122
   355:    67028.122    67106.122    67188.122    67226.122    67311.722
   360:    67311.920    67311.901    67311.092    67611.902    69611.910
   365:    69613.615    73463.625    73464.715    74320.125    74389.125
   370:    74512.125    74661.125    74778.125    74812.125    74886.125
   375:    75050.125    75202.125    75235.125    75317.125    75414.125
   380:    75549.125    75594.125    75628.125    75692.125    75778.125
   385:    75863.125    75942.125    75976.125    76053.125    76135.125
   390:    76166.125    76257.125    76336.125    76417.125    76497.125
   395:    76577.125    76617.125    76658.125    76741.125    76818.125
   400:    76858.125    76902.125    76931.125    77012.125    77050.125
   405:    77192.125    77382.725    77382.920    77382.901    77382.095
   410:    77682.902    79682.910    79684.615    83534.625    83535.715
   415:    84491.125    84703.125    84905.125    84940.125    84992.125
   420:    85029.125    85111.125    85189.125    85305.125    85345.125
   425:    85428.125    85508.125    85591.125    85697.125    85783.125
   430:    85875.125    85922.125    85998.125    86097.125    86163.125
   435:    86202.125    86292.125    86338.125    86395.125    86472.125
   440:    86560.125    86648.125    86690.125    86740.125    86783.125
   445:    86841.125    86882.125    86916.125    87012.125    87055.125
   450:    87147.125    87236.125    87283.125    87361.125    87454.725
   455:    87454.920    87454.901    87454.095    87754.902    89754.910
   460:    89756.613    91706.623    91707.713    91817.123    91964.123
   465:    92005.123    92385.123    92425.123    92550.123    92596.123
   470:    92634.123    92779.123    92855.123    92896.123    92942.123
   475:    92973.123    93058.123    93139.123    93223.123    93308.123
   480:    93350.123    93439.123    93489.123    93578.123    93626.123
   485:    93709.723    93709.920    93709.901    93709.093    94009.902
   490:    96009.910    96011.613    97961.623    97962.713    98065.123
   495:    98320.123    98493.123    98687.123    98924.123    98981.123
   500:    99061.123    99155.123    99200.123    99268.123    99356.123
   505:    99400.123    99442.123    99484.123    99576.123    99663.123
   510:    99746.123    99792.123    99880.123    99928.723    99928.920
   515:    99928.901    99928.093   100228.902   102228.910   102230.615
   520:   106080.625   106081.715   106356.125   106676.125   106707.125
   525:   106782.125   106886.125   106960.125   107085.125   107155.125
   530:   107190.125   107334.125   107407.125   107500.125   107547.125
   535:   107629.125   107669.125   107751.125   107793.125   107939.125
   540:   108021.125   108152.125   108199.125   108292.125   108332.125
   545:   108416.125   108459.125   108527.125   108690.125   108733.125
   550:   108781.125   108868.125   108907.125   108993.125   109074.125
   555:   109119.125   109156.125   109230.125   109297.125   109378.125
   560:   109465.125   109549.125   109593.125   109718.125   109763.125
   565:   109848.125   109932.725   109932.920   109932.901   109932.095
   570:   110232.902   112232.910   112234.611   113234.621   113235.711
   575:   113346.121   113413.121   113620.121   113662.121   113785.121
   580:   113815.121   113901.121   113975.121   114012.121   114089.121
   585:   114168.121   114203.121   114245.721   114245.920   114245.901
   590:   114245.091   114545.902   116545.910   116547.611   117547.621
   595:   117548.711   117651.121   117686.121   117731.121   117778.121
   600:   117810.121   117851.121   117887.121   117934.121   117965.121
   605:   118008.121   118047.121   118085.121   118158.121   118232.121
   610:   118267.121   118329.121   118363.121   118407.121   118479.121
   615:   118518.121   118560.721   118560.920   118560.901   118560.091
   620:   118860.902   120860.910   120862.614   123612.624   123613.714
   625:   124535.124   124609.124   124638.124   124790.124   124926.124
   630:   125065.124   125093.124   125165.124   125231.124   125480.124
   635:   125532.124   125610.124   125650.124   125768.124   125808.124
   640:   125877.124   125919.124   125997.124   126073.124   126107.124
   645:   126188.124   126227.124   126312.124   126390.724   126390.920
   650:   126390.901   126390.094   126690.902   128690.910   128692.613
   655:   130642.623   130643.713   130734.123   130774.123   130817.123
   660:   130974.123   131025.123   131136.123   131182.123   131266.123
   665:   131347.123   131423.123   131569.123   131640.123   131678.123
   670:   131716.123   131754.123   131791.123   131831.123   131953.123
   675:   132032.123   132066.123   132154.123   132193.123   132272.123
   680:   132315.123   132395.123   132477.123   132520.123   132609.723
   685:   132609.920   132609.901   132609.093   132909.902   134909.910
   690:   134911.614   137661.624   137662.714   138116.124   138513.124
   695:   138683.124   138808.124   138847.124   138928.124   139004.124
   700:   139077.124   139112.124   139148.124   139183.124   139230.124
   705:   139266.124   139332.124   139368.124   139399.124   139447.124
   710:   139480.124   139526.124   139649.124   139705.124   139754.124
   715:   139795.124   139834.124   139920.124   139965.124   140008.124
   720:   140153.124   140244.124   140321.124   140402.124   140445.724
   725:   140445.920   140445.901   140445.094   140745.902   142745.910
   730:   142747.612   144147.622   144148.712   144273.122   144402.122
   735:   144480.122   144636.122   144677.122   144714.122   144792.122
   740:   144833.122   144868.122   144905.122   144944.122   145022.122
   745:   145060.122   145158.122   145238.122   145279.122   145364.122
   750:   145404.122   145483.122   145522.122   145562.722   145562.920
   755:   145562.901   145562.092   145862.902   147862.910   147864.611
   760:   148864.621   148865.711   148958.121   148990.121   149026.121
   765:   149113.121   149144.121   149183.121   149304.121   149344.121
   770:   149386.121   149422.121   149460.121   149493.121   149532.121
   775:   149607.121   149646.121   149687.121   149723.121   149804.121
   780:   149882.721   149882.920   149882.901   149882.091   150182.902
   785:   152182.910   152184.612   153584.622   153585.712   153705.122
   790:   153735.122   153828.122   153963.122   153997.122   154044.122
   795:   154086.122   154122.122   154206.122   154258.122   154292.122
   800:   154405.122   154482.122   154521.122   154603.122   154642.122
   805:   154676.122   154756.122   154835.122   154910.122   154989.722
   810:   154989.920   154989.901   154989.092   155289.902   157289.910
   815:   157291.612   158691.622   158692.712   158758.122   158789.122
   820:   158824.122   158910.122   158994.122   159027.122   159180.122
   825:   159215.122   159252.122   159295.122   159339.122   159381.122
   830:   159427.122   159517.122   159552.122   159593.122   159689.122
   835:   159777.122   159823.122   159865.122   159899.122   159982.122
   840:   160069.122   160111.722   160111.920   160111.901   160111.092
   845:   160411.902   162411.910   162413.614   165163.624   165164.714
   850:   165581.124   166069.124   166124.124   166163.124   166213.124
   855:   166257.124   166291.124   166330.124   166385.124   166429.124
   860:   166509.124   166548.124   166633.124   166722.124   166808.124
   865:   166843.124   166934.124   166985.124   167074.124   167119.124
   870:   167200.124   167298.124   167343.124   167432.124   167528.124
   875:   167573.124   167655.124   167740.124   167785.124   167877.124
   880:   167967.724   167967.920   167967.901   167967.094   168267.902
   885:   170267.910   170269.615   174119.625   174120.715   174516.125
   890:   174754.125   174881.125   175156.125   175193.125   175328.125
   895:   175412.125   175463.125   175504.125   175553.125   175647.125
   900:   175873.125   175956.125   176045.125   176089.125   176134.125
   905:   176168.125   176256.125   176297.125   176335.125   176440.125
   910:   176494.125   176541.125   176605.125   176638.125   176679.125
   915:   176722.125   176811.125   176852.125   176895.125   176931.125
   920:   176992.125   177031.125   177084.125   177130.125   177224.125
   925:   177258.125   177346.125   177399.125   177448.125   177493.125
   930:   177540.125   177637.125   177723.125   177816.125   177914.125
   935:   177966.125   178063.725   178063.920   178063.901   178063.095
   940:   178363.902   180363.910   180365.611   181365.621   181366.711
   945:   181458.121   181499.121   181543.121   181593.121   181689.121
   950:   181748.121   181786.121   181877.121   181920.121   182009.121
   955:   182092.121   182135.121   182221.121   182312.121   182404.721
   960:   182404.920   182404.901   182404.091   182704.902   184704.910
   965:   184706.612   186106.622   186107.712   186367.122   186474.122
   970:   186513.122   186557.122   186646.122   186679.122   186722.122
   975:   186807.122   186855.122   186893.122   186974.122   187015.122
   980:   187111.122   187157.122   187201.122   187287.122   187335.122
   985:   187421.122   187506.122   187592.722   187592.920   187592.901
   990:   187592.092   187892.902   189892.910   189894.615   193744.625
   995:   193745.715   193876.125   194076.125   194515.125   194689.125
  1000:   194724.125   194813.125   194852.125   194891.125   194939.125
  1005:   194984.125   195029.125   195072.125   195161.125   195249.125
  1010:   195308.125   195395.125   195473.125   195524.125   195563.125
  1015:   195668.125   195749.125   195821.125   195900.125   195977.125
  1020:   196024.125   196058.125   196152.125   196193.125   196234.125
  1025:   196283.125   196329.125   196369.125   196420.125   196466.125
  1030:   196512.125   196558.125   196645.125   196738.125   196830.125
  1035:   196960.125   197045.125   197085.125   197122.125   197218.125
  1040:   197313.125   197405.125   197491.125   197582.125   197657.725
  1045:   197657.920   197657.901   197657.095   197957.902   199957.910
  1050:   199959.612   201359.622   201360.712   201597.122   201732.122
  1055:   201845.122   201882.122   201928.122   201997.122   202046.122
  1060:   202079.122   202164.122   202254.122   202301.122   202389.122
  1065:   202481.122   202603.122   202644.122   202733.122   202776.722
  1070:   202776.920   202776.901   202776.092   203076.902   205076.910
  1075:   205078.613   207028.623   207029.713   207127.123   207166.123
  1080:   207407.123   207447.123   207490.123   207529.123   207565.123
  1085:   207655.123   207741.123   207778.123   207817.123   207899.123
  1090:   207988.123   208032.123   208137.123   208221.123   208306.123
  1095:   208394.123   208440.123   208575.123   208659.123   208705.123
  1100:   208830.123   208917.123   209007.723   209007.920   209007.901
  1105:   209007.093   209307.902   211307.910   211309.612   212709.622
  1110:   212710.712   212782.122   212818.122   212917.122   212965.122
  1115:   213058.122   213096.122   213176.122   213252.122   213329.122
  1120:   213367.122   213403.122   213483.122   213517.122   213683.122
  1125:   213761.122   213847.122   213925.122   213963.122   214002.122
  1130:   214039.122   214122.722   214122.920   214122.901   214122.092
  1135:   214422.902   216422.910   216424.613   218374.623   218375.713
  1140:   218496.123   218536.123   218609.123   218734.123   218773.123
  1145:   218886.123   218918.123   218956.123   219044.123   219120.123
  1150:   219161.123   219189.123   219232.123   219275.123   219315.123
  1155:   219351.123   219388.123   219419.123   219452.123   219533.123
  1160:   219656.123   219696.123   219774.123   219818.123   219903.123
  1165:   219950.123   220031.123   220146.123   220224.123   220315.123
  1170:   220472.723   220472.920   220472.901   220472.093   220772.902
  1175:   222772.910   222774.614   225524.624   225525.714   226695.124
  1180:   226928.124   227109.124   227308.124   227343.124   227483.124
  1185:   227558.124   227594.124   227708.124   227742.124   227822.124
  1190:   227860.124   227893.124   227969.124   228034.124   228122.124
  1195:   228163.124   228239.124   228316.724   228316.920   228316.901
  1200:   228316.094   228616.902   230616.910   230618.611   231618.621
  1205:   231619.711   231768.121   231852.121   231895.121   231987.121
  1210:   232048.121   232127.121   232168.121   232252.121   232356.121
  1215:   232394.121   232441.121   232526.121   232564.121   232641.721
  1220:   232641.920   232641.901   232641.091   232941.902   234941.910
  1225:   234943.612   236343.622   236344.712   236439.122   236538.122
  1230:   236638.122   236671.122   236755.122   236852.122   236883.122
  1235:   236958.122   236999.122   237035.122   237067.122   237105.122
  1240:   237184.122   237225.122   237305.122   237348.122   237447.122
  1245:   237525.122   237558.122   237640.122   237718.122   237799.722
  1250:   237799.920   237799.901   237799.092   238099.902   240099.910
  1255:   240101.615   243951.625   243952.715   245174.125   245374.125
  1260:   245592.125   245924.125   246119.125   246152.125   246239.125
  1265:   246357.125   246446.125   246522.125   246614.125   246747.125
  1270:   246789.125   246868.125   246921.125   246954.125   247027.125
  1275:   247078.125   247159.125   247194.125   247241.125   247325.125
  1280:   247408.125   247501.125   247584.125   247656.125   247701.125
  1285:   247810.725   247810.920   247810.901   247810.095   248110.902
  1290:   250110.910   250112.611   251112.621   251113.711   251208.121
  1295:   251243.121   251281.121   251323.121   251403.121   251501.121
  1300:   251591.121   251672.121   251711.121   251751.121   251790.121
  1305:   251829.121   251908.121   251996.121   252083.121   252162.721
  1310:   252162.920   252162.901   252162.091   252462.902   254462.910
  1315:   254464.612   255864.622   255865.712   255976.122   256064.122
  1320:   256225.122   256267.122   256358.122   256395.122   256434.122
  1325:   256482.122   256517.122   256556.122   256596.122   256626.122
  1330:   256712.122   256746.122   256817.122   256899.122   256975.122
  1335:   257016.122   257052.122   257090.122   257123.122   257204.122
  1340:   257283.722   257283.920   257283.901   257283.092   257583.902
  1345:   259583.910   259585.614   262335.624   262336.714   262806.124
  1350:   263000.124   263165.124   263232.124   263277.124   263381.124
  1355:   263474.124   263507.124   263588.124   263672.124   263708.124
  1360:   263833.124   263865.124   263954.124   264053.124   264169.124
  1365:   264213.124   264282.124   264315.124   264363.124   264440.124
  1370:   264522.124   264602.124   264677.124   264717.124   264762.124
  1375:   264795.124   264922.124   265007.124   265092.724   265092.920
  1380:   265092.901   265092.094   265392.902   267392.910   267394.612
  1385:   268794.622   268795.712   268898.122   269048.122   269091.122
  1390:   269142.122   269181.122   269251.122   269289.122   269332.122
  1395:   269364.122   269415.122   269468.122   269502.122   269594.122
  1400:   269635.122   269678.122   269717.122   269755.122   269833.122
  1405:   269920.122   269963.122   270060.122   270150.122   270233.722
  1410:   270233.920   270233.901   270233.092   270533.902   272533.910
  1415:   272535.611   273535.621   273536.711   273665.121   273746.121
  1420:   274025.121   274058.121   274121.121   274232.121   274268.121
  1425:   274344.121   274378.121   274495.121   274573.721   274573.920
  1430:   274573.901   274573.091   274873.902   276873.910   276875.611
  1435:   277875.621   277876.711   277939.121   277975.121   278020.121
  1440:   278066.121   278096.121   278178.121   278214.121   278249.121
  1445:   278280.121   278318.121   278369.121   278404.121   278436.121
  1450:   278467.121   278498.121   278532.121   278609.121   278724.121
  1455:   278806.121   278843.121   279026.721   279026.920   279026.901
  1460:   279026.091   279326.902   281326.910   281328.612   282728.622
  1465:   282729.712   282846.122   282892.122   282973.122   283057.122
  1470:   283115.122   283148.122   283195.122   283229.122   283269.122
  1475:   283301.122   283335.122   283409.122   283480.122   283519.122
  1480:   283600.122   283638.122   283726.122   283806.122   283844.122
  1485:   283924.122   284008.122   284044.122   284380.722   284380.920
  1490:   284380.901   284380.092   284680.902   286680.910   286682.611
  1495:   287682.621   287683.711   287765.121   287796.121   287835.121
  1500:   287901.121   287932.121   287967.121   288006.121   288047.121
  1505:   288094.121   288135.121   288212.121   288249.121   288288.121
  1510:   288408.121   288439.121   288514.121   288548.121   288588.121
  1515:   288644.121   288726.721   288726.920   288726.901   288726.091
  1520:   289026.902   291026.910   291028.611   292028.621   292029.711
  1525:   292126.121   292169.121   292253.121   292295.121   292337.121
  1530:   292418.121   292451.121   292494.121   292530.121   292566.121
  1535:   292637.121   292673.121   292753.121   292833.121   292909.121
  1540:   292984.121   293066.721   293066.920   293066.901   293066.091
  1545:   293366.902   295366.910   295368.615   299218.625   299219.715
  1550:   299309.125   299800.125   300177.125   300241.125   300451.125
  1555:   300568.125   300617.125   300729.125   300878.125   300920.125
  1560:   301000.125   301121.125   301188.125   301273.125   301366.125
  1565:   301395.125   301520.125   301595.125   301638.125   301717.125
  1570:   301846.125   301891.125   302059.125   302091.125   302178.125
  1575:   302302.125   302374.125   302422.125   302501.125   302590.125
  1580:   302636.125   302705.125   302743.125   302911.125   302946.125
  1585:   303032.125   303113.725   303113.920   303113.901   303113.095
  1590:   303413.902   305413.910   305415.613   307365.623   307366.713
  1595:   308094.123   308129.123   308214.123   308388.123   308425.123
  1600:   308470.123   308551.123   308674.123   308756.123   308833.123
  1605:   308881.123   308961.123   309006.123   309046.123   309086.123
  1610:   309121.123   309202.123   309242.123   309284.123   309366.723
  1615:   309366.920   309366.901   309366.093   309666.902   311666.910
  1620:   311668.613   313618.623   313619.713   313930.123   314333.123
  1625:   314411.123   314497.123   314533.123   314619.123   314690.123
  1630:   314771.123   314808.123   314896.123   314937.123   315020.123
  1635:   315062.123   315147.123   315228.123   315270.123   315352.123
  1640:   315392.123   315425.123   315595.723   315595.920   315595.901
  1645:   315595.093   315895.902   317895.910   317897.611   318897.621
  1650:   318898.711   318981.121   319017.121   319115.121   319203.121
  1655:   319238.121   319306.121   319349.121   319387.121   319484.121
  1660:   319519.121   319556.121   319591.121   319635.121   319670.121
  1665:   319713.121   319742.121   319850.121   319890.121   319976.721
  1670:   319976.920   319976.901   319976.091   320276.902   322276.910
  1675:   322278.615   326128.625   326129.715   326217.125   327361.125
  1680:   327452.125   327699.125   328051.125   328181.125   328426.125
  1685:   328464.125   328556.125   328639.125   328691.125   328776.125
  1690:   328863.125   328898.125   328990.125   329037.125   329086.125
  1695:   329130.125   329164.125   329252.125   329347.125   329429.125
  1700:   329518.125   329601.125   329688.125   329773.125   329862.125
  1705:   329901.125   329965.125   330063.725   330063.920   330063.901
  1710:   330063.095   330363.902   332363.910   332365.614   335115.624
  1715:   335116.714   335920.124   336097.124   336237.124   336317.124
  1720:   336366.124   336449.124   336567.124   336608.124   336653.124
  1725:   336700.124   336782.124   336842.124   336884.124   336974.124
  1730:   337064.124   337106.124   337199.124   337286.124   337323.124
  1735:   337375.124   337457.124   337548.124   337584.124   337673.124
  1740:   337767.124   337804.124   337900.724   337900.920   337900.901
  1745:   337900.094   338200.902   340200.910   340202.614   342952.624
  1750:   342953.714   343838.124   344044.124   344080.124   344205.124
  1755:   344275.124   344363.124   344454.124   344534.124   344579.124
  1760:   344610.124   344646.124   344689.124   344766.124   344814.124
  1765:   344904.124   344996.124   345043.124   345131.124   345221.124
  1770:   345305.124   345394.124   345488.124   345580.124   345662.124
  1775:   345755.724   345755.920   345755.901   345755.094   346055.902
  1780:   348055.910   348057.611   349057.621   349058.711   349152.121
  1785:   349247.121   349338.121   349387.121   349492.121   349526.121
  1790:   349577.121   349626.121   349665.121   349710.121   349752.121
  1795:   349782.121   349817.121   349855.121   349891.121   349929.121
  1800:   350006.121   350042.121   350129.721   350129.920   350129.901
  1805:   350129.091   350429.902   352429.910   352431.614   355181.624
  1810:   355182.714   355267.124   355539.124   355576.124   355612.124
  1815:   355764.124   355797.124   355967.124   356130.124   356168.124
  1820:   356217.124   356272.124   356310.124   356406.124   356493.124
  1825:   356530.124   356620.124   356670.124   356754.124   356799.124
  1830:   356835.124   356887.124   356935.124   357028.124   357074.124
  1835:   357187.124   357233.124   357324.124   357373.124   357470.124
  1840:   357513.124   357608.124   357698.124   357787.124   357823.124
  1845:   357875.124   357914.124   357989.724   357989.920   357989.901
  1850:   357989.094   358289.902   360289.910   360291.613   362241.623
  1855:   362242.713   362329.123   362374.123   362566.123   362685.123
  1860:   362736.123   362769.123   362885.123   362921.123   362959.123
  1865:   363072.123   363110.123   363155.123   363259.123   363292.123
  1870:   363331.123   363377.123   363422.123   363471.123   363505.123
  1875:   363587.123   363672.123   363710.123   363754.123   363842.123
  1880:   363939.123   363988.123   364078.123   364164.123   364257.723
  1885:   364257.920   364257.901   364257.093   364557.902   366557.910
  1890:   366559.614   369309.624   369310.714   370154.124   371018.124
  1895:   371213.124   371375.124   371453.124   371523.124   371597.124
  1900:   371642.124   371714.124   371755.124   371831.124   371902.124
  1905:   371977.124   372097.724   372097.920   372097.901   372097.094
  1910:   372397.902   374397.910   374399.613   376349.623   376350.713
  1915:   376561.123   376823.123   377044.123   377086.123   377123.123
  1920:   377211.123   377285.123   377332.123   377475.123   377510.123
  1925:   377538.123   377582.123   377623.123   377662.123   377745.123
  1930:   377818.123   377861.123   377909.123   377995.123   378040.123
  1935:   378118.123   378201.123   378237.123   378319.723   378319.920
  1940:   378319.901   378319.093   378619.902   380619.910   380621.615
  1945:   384471.625   384472.715   385003.125   385090.125   385453.125
  1950:   385662.125   385774.125   385891.125   385958.125   386368.125
  1955:   386405.125   386511.125   386585.125   386705.125   386784.125
  1960:   386820.125   386857.125   386942.125   386981.125   387060.125
  1965:   387171.125   387242.125   387357.125   387433.125   387513.125
  1970:   387633.125   387707.125   387863.125   387901.125   387973.125
  1975:   388050.125   388210.125   388289.125   388364.725   388364.920
  1980:   388364.901   388364.095   388664.902   390664.910   390666.611
  1985:   391666.621   391667.711   391867.121   391905.121   391990.121
  1990:   392029.121   392066.121   392139.121   392178.121   392221.121
  1995:   392256.121   392294.121   392324.121   392397.121   392473.121
  2000:   392511.121   392632.121   392674.721   392674.920   392674.901
  2005:   392674.091   392974.902   394974.910   394976.615   398826.625
  2010:   398827.715   399555.125   399730.125   399918.125   399988.125
  2015:   400185.125   400296.125   400366.125   400544.125   400622.125
  2020:   400732.125   400812.125   400861.125   400905.125   401009.125
  2025:   401094.125   401314.125   401344.125   401434.125   401512.125
  2030:   401589.125   401629.125   401788.125   401819.125   401910.125
  2035:   401952.125   402034.125   402073.125   402204.125   402286.125
  2040:   402362.125   402489.125   402572.125   402657.125   402700.725
  2045:   402700.920   402700.901   402700.095   403000.902   405000.910
  2050:   405002.611   406002.621   406003.711   406123.121   406206.121
  2055:   406246.121   406323.121   406358.121   406456.121   406487.121
  2060:   406521.121   406550.121   406578.121   406606.121   406681.121
  2065:   406755.121   406791.121   406871.121   406907.121   406945.121
  2070:   407120.721   407120.920   407120.901   407120.091   407420.902
  2075:   409420.910   409422.614   412172.624   412173.714   412429.124
  2080:   412470.124   412674.124   412864.124   413058.124   413301.124
  2085:   413334.124   413407.124   413526.124   413560.124   413700.124
  2090:   413767.124   413807.124   413876.124   413957.124   414031.124
  2095:   414071.124   414149.124   414192.124   414262.124   414337.124
  2100:   414418.124   414453.124   414535.124   414573.124   414692.124
  2105:   414859.124   414952.724   414952.920   414952.901   414952.094
  2110:   415252.902   417252.910   417254.613   419204.623   419205.713
  2115:   419287.123   419413.123   419870.123   420017.123   420052.123
  2120:   420085.123   420129.123   420200.123   420245.123   420338.123
  2125:   420372.123   420415.123   420451.123   420532.123   420613.123
  2130:   420700.123   420809.123   420890.123   420925.123   421020.123
  2135:   421113.123   421204.723   421204.920   421204.901   421204.093
  2140:   421504.902   423504.910   423506.615   427356.625   427357.715
  2145:   429315.125   429353.125   429431.125   429514.125   429545.125
  2150:   429606.125   429636.125   429679.125   429723.125   429830.125
  2155:   429877.125   429965.125   430047.125   430142.125   430284.125
  2160:   430329.125   430372.125   430466.125   430522.125   430560.125
  2165:   430604.125   430691.125   430724.125   430818.125   430850.125
  2170:   430930.125   431040.125   431136.125   431221.725   431221.920
  2175:   431221.901   431221.095   431521.902   433521.910   433523.613
  2180:   435473.623   435474.713   435546.123   435586.123   435686.123
  2185:   435844.123   436109.123   436193.123   436272.123   436357.123
  2190:   436395.123   436528.123   436568.123   436644.123   436696.123
  2195:   436739.123   436790.123   436833.123   436919.123   436953.123
  2200:   437080.123   437171.123   437260.123   437311.123   437403.123
  2205:   437502.723   437502.920   437502.901   437502.093   437802.902
  2210:   439802.910   439804.614   442554.624   442555.714   443387.124
  2215:   443540.124   443657.124   443729.124   443859.124   443939.124
  2220:   444015.124   444057.124   444101.124   444141.124   444259.124
  2225:   444337.124   444388.124   444468.124   444516.124   444601.124
  2230:   444649.124   444722.124   444813.124   444906.124   444994.124
  2235:   445083.124   445171.124   445266.124   445357.724   445357.920
  2240:   445357.901   445357.094   445657.902   447657.910   447659.613
  2245:   449609.623   449610.713   449678.123   449711.123   449852.123
  2250:   449923.123   450014.123   450050.123   450115.123   450149.123
  2255:   450192.123   450276.123   450317.123   450362.123   450436.123
  2260:   450529.123   450608.123   450645.123   450688.123   450775.123
  2265:   450808.123   450927.123   451018.123   451157.123   451276.123
  2270:   451383.123   451426.123   451516.123   451605.723   451605.920
  2275:   451605.901   451605.093   451905.902   453905.910   453907.612
  2280:   455307.622   455308.712   455395.122   455430.122   455473.122
  2285:   455517.122   455638.122   455687.122   455729.122   455771.122
  2290:   455815.122   455848.122   455942.122   455976.122   456025.122
  2295:   456066.122   456153.122   456191.122   456231.122   456278.122
  2300:   456358.122   456459.122   456550.122   456678.122   456768.722
  2305:   456768.920   456768.901   456768.092   457068.902   459068.910
  2310:   459070.615   462920.625   462921.715   463763.125   464238.125
  2315:   464309.125   464486.125   464659.125   464706.125   464799.125
  2320:   464837.125   464918.125   464961.125   465047.125   465090.125
  2325:   465161.125   465253.125   465294.125   465378.125   465423.125
  2330:   465513.125   465557.125   465645.125   465687.125   465783.125
  2335:   465834.125   465927.125   466054.125   466089.125   466179.125
  2340:   466229.125   466323.125   466405.125   466454.125   466545.125
  2345:   466583.125   466705.125   466796.725   466796.920   466796.901
  2350:   466796.095   467096.902   469096.910   469098.614   471848.624
  2355:   471849.714   471955.124   472171.124   472607.124   472921.124
  2360:   472995.124   473110.124   473151.124   473229.124   473279.124
  2365:   473368.124   473411.124   473489.124   473539.124   473583.124
  2370:   473664.124   473749.124   473835.124   473912.124   474001.124
  2375:   474044.124   474130.124   474224.124   474306.124   474375.124
  2380:   474463.124   474558.124   474598.124   474647.724   474647.920
  2385:   474647.901   474647.094   474947.902   476947.910   476949.612
  2390:   478349.622   478350.712   478516.122   478563.122   478638.122
  2395:   478738.122   478775.122   478889.122   478927.122   479017.122
  2400:   479053.122   479126.122   479171.122   479260.122   479307.122
  2405:   479387.122   479475.122   479572.122   479660.122   479708.122
  2410:   479799.722   479799.920   479799.901   479799.092   480099.902
  2415:   482099.910   482101.615   485951.625   485952.715   487262.125
  2420:   487481.125   487529.125   487680.125   487840.125   487949.125
  2425:   487993.125   488027.125   488111.125   488148.125   488222.125
  2430:   488302.125   488369.125   488442.125   488521.125   488599.125
  2435:   488638.125   488731.125   488803.125   488927.125   489010.125
  2440:   489088.125   489174.125   489253.125   489397.125   489484.125
  2445:   489567.125   489650.125   489736.125   489814.725   489814.920
  2450:   489814.901   489814.095   490114.902   492114.910   492116.612
  2455:   493516.622   493517.712   493654.122   493722.122   493752.122
  2460:   493877.122   493906.122   493939.122   494101.122   494185.122
  2465:   494267.122   494302.122   494379.122   494415.122   494492.122
  2470:   494539.122   494608.122   494669.122   494742.122   494819.122
  2475:   494895.122   495018.722   495018.920   495018.901   495018.092
  2480:   495318.902   497318.910   497320.614   500070.624   500071.714
  2485:   500378.124   500715.124   500800.124   501157.124   501226.124
  2490:   501303.124   501395.124   501475.124   501538.124   501658.124
  2495:   501742.124   501774.124   501850.124   501936.124   502013.124
  2500:   502097.124   502179.124   502259.124   502301.124   502390.124
  2505:   502424.124   502456.124   502541.124   502681.124   502765.124
  2510:   502849.724   502849.920   502849.901   502849.094   503149.902
  2515:   503149.902   503149.005   503149.006   503149.007   503149.020
D:
     0:        0.000        0.000        0.000        0.000        0.000
     5:        0.000        0.000        0.000        0.000        0.000
    10:        0.000        0.000        0.000        0.000        0.000
    15:        0.000        0.000        0.000        0.000        0.000
    20:        0.000        0.000        0.000        0.000        0.000
    25:        0.000        0.000        0.000        0.000        0.000
    30:        0.000        0.000        0.000        0.000        0.000
    35:        0.000
F:
     0:       10.000       14.000       19.500       27.500       38.500
     5:       10.000       14.000       19.500       27.500       38.500
    10:       10.000       14.000       19.500       27.500       38.500
    15:       10.000       14.000       19.500       27.500       38.500
    20:       10.000       14.000       19.500       27.500       38.500
    25:       10.000       14.000       19.500       27.500       38.500
    30:       10.000       14.000       19.500       27.500       38.500
    35:       10.000       14.000       19.500       27.500       38.500
    40:       10.000       14.000       19.500       27.500       38.500
    45:       10.000       14.000       19.500       27.500       38.500
    50:       10.000       14.000       19.500       27.500       38.500
    55:       10.000       14.000       19.500       27.500       38.500
    60:       10.000       14.000       19.500       27.500       38.500
    65:       10.000       14.000       19.500       27.500       38.500
    70:       10.000       14.000       19.500       27.500       38.500
I:
     0:       75.000        0.000        0.000
M:
     0:       15.000       15.000       15.000       15.000       15.000
     5:        0.000        0.000        0.000        0.000        0.000
    10:        0.000
N:
     0:       15.000       15.000       15.000       15.000       15.000
     5:        0.000
Q:
     0:       15.000       15.000       15.000       15.000       15.000
     5:        0.000
V:
     0:        0.000        0.000        0.000        0.000        0.000
     5:      252.000      310.000      385.000      408.000      559.000
    10:        0.000        0.000        0.000        0.000        0.000
    15:        0.000
