File: C:\MED-PC IV\DATA\ENTR_IF20P105


Start Date: 07/25/17
End Date: 07/25/17
Subject: P105
Experiment: ENTRENAMIENTO
Group: 0
Box: 6
Start Time: 10:29:48
End Time: 11:54:07
MSN: ENTRENAMIFs
B:       0.000
C:       0.000
E:    2751.000
G:      10.000
H:    1000.000
J:       0.000
K:       0.000
L:       0.000
O:       0.000
P:       0.000
R:       0.000
S:       0.000
T:  503290.000
U:       0.000
W:       0.000
X:       0.000
Y:       0.000
Z:       0.000
A:
     0:        0.010      500.910      502.615     4352.625     4353.715
     5:     4795.125     4836.125     4928.125     4971.125     5046.125
    10:     5088.125     5177.125     5359.125     5472.125     5571.125
    15:     5740.125     5780.125     5827.125     5957.125     5995.125
    20:     6157.125     6230.125     6313.125     6456.125     6497.125
    25:     6537.125     6641.125     6671.125     6876.125     7076.125
    30:     7212.125     7361.125     7447.125     7581.125     7689.125
    35:     7732.125     7776.125     7823.125     7829.125     8060.125
    40:     8147.125     8306.725     8306.920     8306.901     8306.095
    45:     8606.902    10606.910    10608.614    13358.624    13359.714
    50:    13741.124    13788.124    13975.124    14015.124    14406.124
    55:    14448.124    14491.124    14532.124    14634.124    14827.124
    60:    14877.124    14961.124    15164.124    15206.124    15244.124
    65:    15337.124    15571.124    15608.124    15651.124    15697.124
    70:    15742.124    15794.124    15874.124    15973.124    16082.124
    75:    16124.724    16124.920    16124.901    16124.094    16424.902
    80:    18424.910    18426.611    19426.621    19427.711    19608.121
    85:    19652.121    19751.121    19825.121    19860.121    19896.121
    90:    19937.121    19971.121    20013.121    20056.121    20095.121
    95:    20175.121    20208.121    20284.121    20321.121    20356.121
   100:    20389.121    20465.721    20465.920    20465.901    20465.091
   105:    20765.902    22765.910    22767.613    24717.623    24718.713
   110:    24835.123    24873.123    24907.123    24947.123    25151.123
   115:    25214.123    25250.123    25287.123    25325.123    25359.123
   120:    25411.123    25473.123    25505.123    25541.123    25575.123
   125:    25654.123    25689.123    25733.123    25771.123    25816.123
   130:    25854.123    25891.123    25969.123    26010.123    26052.123
   135:    26093.123    26130.123    26193.123    26232.123    26268.123
   140:    26304.123    26446.123    26484.123    26519.123    26557.123
   145:    26605.123    26658.123    26732.723    26732.920    26732.901
   150:    26732.093    27032.902    29032.910    29034.611    30034.621
   155:    30035.711    30319.121    30362.121    30437.121    30474.121
   160:    30510.121    30547.121    30591.121    30628.121    30661.121
   165:    30746.121    30781.121    30817.121    30853.121    30889.121
   170:    30937.121    30976.121    31016.121    31057.721    31057.920
   175:    31057.901    31057.091    31357.902    33357.910    33359.613
   180:    35309.623    35310.713    35425.123    35503.123    35733.123
   185:    35768.123    35803.123    35847.123    35886.123    35923.123
   190:    35959.123    35992.123    36027.123    36066.123    36110.123
   195:    36181.123    36219.123    36256.123    36273.123    36311.123
   200:    36350.123    36386.123    36406.123    36443.123    36481.123
   205:    36518.123    36558.123    36599.123    36624.123    36762.123
   210:    36839.123    36876.123    36916.123    36955.123    36996.123
   215:    37037.123    37071.123    37114.123    37208.123    37249.123
   220:    37292.723    37292.920    37292.901    37292.093    37592.902
   225:    39592.910    39594.614    42344.624    42345.714    42864.124
   230:    42898.124    42932.124    42972.124    43007.124    43049.124
   235:    43083.124    43121.124    43160.124    43198.124    43270.124
   240:    43325.124    43360.124    43399.124    43474.124    43511.124
   245:    43552.124    43597.124    43628.124    43672.124    43707.124
   250:    43744.124    43819.124    43859.124    43902.124    43945.124
   255:    43985.124    44103.124    44142.124    44178.124    44198.124
   260:    44242.124    44286.124    44324.124    44360.124    44398.124
   265:    44444.124    44484.124    44499.124    44524.124    44605.124
   270:    44642.124    44680.124    44744.124    44753.124    44786.124
   275:    44978.124    45020.124    45062.124    45188.724    45188.920
   280:    45188.901    45188.094    45488.902    47488.910    47490.615
   285:    51340.625    51341.715    51559.125    51859.125    51899.125
   290:    52134.125    52251.125    52291.125    52340.125    52423.125
   295:    52460.125    52505.125    52548.125    52635.125    52689.125
   300:    52852.125    52932.125    52972.125    53086.125    53125.125
   305:    53200.125    53242.125    53318.125    53356.125    53396.125
   310:    53435.125    53472.125    53512.125    53552.125    53594.125
   315:    53630.125    53668.125    53881.125    53921.125    54006.125
   320:    54047.125    54089.125    54129.125    54173.125    54218.125
   325:    54258.125    54300.125    54343.125    54387.125    54429.125
   330:    54472.125    54515.125    54558.125    54598.125    54638.125
   335:    54683.125    54771.125    54808.125    54853.125    54955.125
   340:    54993.125    55030.125    55069.125    55199.725    55199.920
   345:    55199.901    55199.095    55499.902    57499.910    57501.614
   350:    60251.624    60252.714    60365.124    60420.124    60461.124
   355:    60697.124    60737.124    60781.124    60819.124    60909.124
   360:    60948.124    60991.124    61036.124    61143.124    61252.124
   365:    61371.124    61467.124    61520.124    61561.124    61602.124
   370:    61766.124    61845.124    61923.124    61967.124    62002.124
   375:    62040.124    62116.124    62155.124    62200.124    62248.124
   380:    62288.124    62332.124    62372.124    62419.124    62469.124
   385:    62508.124    62552.124    62594.124    62633.124    62671.124
   390:    62719.124    62802.124    62840.124    62877.124    62907.124
   395:    62951.124    62989.124    63032.724    63032.920    63032.901
   400:    63032.094    63332.902    65332.910    65334.615    69184.625
   405:    69185.715    69605.125    70237.125    70280.125    70329.125
   410:    70375.125    70461.125    70694.125    70743.125    70782.125
   415:    70825.125    70870.125    70916.125    70965.125    71056.125
   420:    71094.125    71183.125    71253.125    71306.125    71434.125
   425:    71539.125    71684.125    71732.125    71919.125    71966.125
   430:    72008.125    72107.125    72235.125    72278.125    72325.125
   435:    72379.125    72484.125    72522.125    72682.125    72728.125
   440:    72775.125    72886.125    72929.125    72975.125    73014.125
   445:    73098.725    73098.920    73098.901    73098.095    73398.902
   450:    75398.910    75400.613    77350.623    77351.713    77486.123
   455:    77836.123    77885.123    78445.123    78484.123    78527.123
   460:    78575.123    78626.123    78670.123    78778.123    78817.123
   465:    78866.123    79197.123    79242.123    79484.723    79484.920
   470:    79484.901    79484.093    79784.902    81784.910    81786.612
   475:    83186.622    83187.712    83304.122    83350.122    83396.122
   480:    83511.122    83549.122    83603.122    83727.122    83768.122
   485:    83841.122    83882.122    83925.122    84041.122    84116.122
   490:    84204.122    84245.122    84360.122    84532.122    84685.722
   495:    84685.920    84685.901    84685.092    84985.902    86985.910
   500:    86987.612    88387.622    88388.712    88481.122    88652.122
   505:    88835.122    88909.122    88974.122    89068.122    89139.122
   510:    89185.122    89243.122    89282.122    89329.122    89372.122
   515:    89417.122    89461.122    89507.122    89614.122    89651.122
   520:    89694.122    89734.122    89775.122    89824.722    89824.920
   525:    89824.901    89824.092    90124.902    92124.910    92126.613
   530:    94076.623    94077.713    94206.123    94256.123    94295.123
   535:    94377.123    94799.123    95042.123    95131.123    95182.123
   540:    95230.123    95429.123    95563.123    95644.123    95747.123
   545:    95813.123    96002.123    96042.723    96042.920    96042.901
   550:    96042.093    96342.902    98342.910    98344.611    99344.621
   555:    99345.711    99432.121    99474.121    99517.121    99559.121
   560:    99598.121    99638.121    99697.121    99742.121    99825.121
   565:    99868.121    99908.121    99972.121   100092.121   100173.121
   570:   100213.121   100252.121   100293.121   100334.121   100374.721
   575:   100374.920   100374.901   100374.091   100674.902   102674.910
   580:   102676.612   104076.622   104077.712   104221.122   104267.122
   585:   104312.122   104356.122   104404.122   104443.122   104505.122
   590:   104607.122   104649.122   104687.122   104724.122   104763.122
   595:   104805.122   104845.122   104881.122   104922.122   104966.122
   600:   105007.122   105048.122   105094.122   105198.122   105236.122
   605:   105277.122   105317.122   105361.122   105404.122   105445.122
   610:   105488.722   105488.920   105488.901   105488.092   105788.902
   615:   107788.910   107790.614   110540.624   110541.714   110623.124
   620:   111251.124   111300.124   111345.124   111567.124   111613.124
   625:   111659.124   111705.124   111749.124   111797.124   111880.124
   630:   112029.124   112072.124   112164.124   112216.124   112323.124
   635:   112485.124   112564.124   112608.124   112649.124   112724.124
   640:   112763.124   112802.124   112843.124   112886.124   112927.124
   645:   112966.124   113003.124   113047.124   113087.124   113129.124
   650:   113167.124   113209.124   113253.124   113295.724   113295.920
   655:   113295.901   113295.094   113595.902   115595.910   115597.612
   660:   116997.622   116998.712   117115.122   117393.122   117435.122
   665:   117473.122   117517.122   117557.122   117601.122   117649.122
   670:   117691.122   117730.122   117822.122   117900.122   117939.122
   675:   117978.122   118019.122   118061.122   118104.122   118142.122
   680:   118186.122   118225.122   118267.122   118308.122   118346.122
   685:   118386.122   118425.722   118425.920   118425.901   118425.092
   690:   118725.902   120725.910   120727.612   122127.622   122128.712
   695:   122257.122   122305.122   122464.122   122542.122   122586.122
   700:   122629.122   122669.122   122706.122   122761.122   122797.122
   705:   122844.122   122888.122   122924.122   122984.122   123024.122
   710:   123074.122   123116.122   123156.122   123195.122   123232.122
   715:   123272.122   123312.122   123355.122   123400.122   123442.122
   720:   123480.122   123524.122   123572.722   123572.920   123572.901
   725:   123572.092   123872.902   125872.910   125874.615   129724.625
   730:   129725.715   130857.125   130898.125   130949.125   130993.125
   735:   131035.125   131455.125   131588.125   131633.125   131686.125
   740:   131729.125   131770.125   131815.125   131865.125   131915.125
   745:   131959.125   132126.125   132172.125   132218.125   132266.125
   750:   132316.125   132401.125   132435.125   132477.125   132637.125
   755:   132700.125   132721.125   132760.125   132847.125   133017.125
   760:   133125.125   133161.125   133307.125   133347.125   133397.125
   765:   133439.125   133482.125   133525.125   133568.125   133612.725
   770:   133612.920   133612.901   133612.095   133912.902   135912.910
   775:   135914.613   137864.623   137865.713   138043.123   138087.123
   780:   138593.123   138633.123   138679.123   138721.123   138762.123
   785:   138799.123   138839.123   138881.123   139012.123   139124.123
   790:   139170.123   139224.123   139412.123   139453.123   139530.123
   795:   139648.123   139690.123   139798.123   139837.723   139837.920
   800:   139837.901   139837.093   140137.902   142137.910   142139.613
   805:   144089.623   144090.713   144229.123   144629.123   144670.123
   810:   144714.123   144758.123   144801.123   144846.123   144894.123
   815:   144938.123   144984.123   145022.123   145066.123   145110.123
   820:   145152.123   145198.123   145235.123   145274.123   145317.123
   825:   145357.123   145398.123   145440.123   145477.123   145517.123
   830:   145559.123   145597.123   145637.123   145678.123   145718.123
   835:   145760.123   145804.123   145841.123   145881.123   145925.123
   840:   145971.123   146013.123   146055.723   146055.920   146055.901
   845:   146055.093   146355.902   148355.910   148357.615   152207.625
   850:   152208.715   153065.125   154237.125   154278.125   154323.125
   855:   154369.125   154413.125   154456.125   154676.125   154721.125
   860:   154766.125   154816.125   154858.125   154899.125   154905.125
   865:   154943.125   154988.125   155032.125   155080.125   155127.125
   870:   155170.125   155211.125   155343.125   155384.125   155464.125
   875:   155641.125   155786.125   155833.125   155880.125   155916.125
   880:   155958.125   156001.125   156046.125   156092.725   156092.920
   885:   156092.901   156092.095   156392.902   158392.910   158394.614
   890:   161144.624   161145.714   162094.124   162676.124   162719.124
   895:   162764.124   162807.124   162854.124   163279.124   163323.124
   900:   163365.124   163610.124   163650.124   163692.124   163739.124
   905:   163781.124   163826.124   163869.124   163911.724   163911.920
   910:   163911.901   163911.094   164211.902   166211.910   166213.613
   915:   168163.623   168164.713   168641.123   169049.123   169091.123
   920:   169130.123   169169.123   169205.123   169264.123   169308.123
   925:   169352.123   169493.123   169537.123   169618.123   169782.123
   930:   169833.123   169876.123   169918.123   169959.123   170008.123
   935:   170051.123   170101.123   170282.723   170282.920   170282.901
   940:   170282.093   170582.902   172582.910   172584.615   176434.625
   945:   176435.715   177400.125   177440.125   177479.125   177504.125
   950:   177541.125   177585.125   177626.125   177670.125   177760.125
   955:   177808.125   177855.125   177979.125   178142.125   178270.125
   960:   178345.125   178535.125   178557.125   178721.125   178763.125
   965:   178813.125   178856.125   178901.125   178953.125   178998.125
   970:   179247.125   179285.125   179373.125   179461.125   179498.125
   975:   179542.125   179583.125   179625.125   179673.125   179714.125
   980:   179757.125   179839.125   179877.125   179924.125   179962.125
   985:   180002.125   180040.125   180129.125   180172.125   180209.125
   990:   180294.725   180294.920   180294.901   180294.095   180594.902
   995:   182594.910   182596.613   184546.623   184547.713   184662.123
  1000:   184710.123   184757.123   185098.123   185138.123   185180.123
  1005:   185225.123   185268.123   185313.123   185356.123   185497.123
  1010:   185535.123   185581.123   185624.123   185666.123   185709.123
  1015:   185750.123   185788.123   185828.123   185874.123   185913.123
  1020:   185950.123   185997.123   186092.123   186134.123   186178.123
  1025:   186200.123   186240.123   186278.123   186320.123   186364.123
  1030:   186411.123   186453.123   186493.123   186541.723   186541.920
  1035:   186541.901   186541.093   186841.902   188841.910   188843.611
  1040:   189843.621   189844.711   189953.121   189989.121   190025.121
  1045:   190064.121   190098.121   190138.121   190179.121   190236.121
  1050:   190271.121   190309.121   190350.121   190383.121   190419.121
  1055:   190499.121   190539.121   190615.121   190651.121   190776.121
  1060:   190812.121   190849.721   190849.920   190849.901   190849.091
  1065:   191149.902   193149.910   193151.613   195101.623   195102.713
  1070:   195651.123   195729.123   195773.123   195810.123   195850.123
  1075:   195895.123   195971.123   196056.123   196089.123   196132.123
  1080:   196166.123   196200.123   196247.123   196303.123   196339.123
  1085:   196374.123   196410.123   196444.123   196478.123   196516.123
  1090:   196558.123   196596.123   196645.123   196683.123   196705.123
  1095:   196742.123   196774.123   196832.123   196907.123   196969.123
  1100:   197029.123   197066.723   197066.920   197066.901   197066.093
  1105:   197366.902   199366.910   199368.614   202118.624   202119.714
  1110:   202234.124   202582.124   202627.124   202946.124   202987.124
  1115:   203553.124   203590.124   203629.124   203666.124   203711.124
  1120:   203750.124   203793.124   203838.124   203877.124   203912.124
  1125:   203951.124   203992.124   204038.124   204118.124   204317.124
  1130:   204405.124   204444.124   204515.124   204553.124   204593.124
  1135:   204669.124   204708.124   204749.124   204785.124   204825.124
  1140:   204864.124   204905.724   204905.920   204905.901   204905.094
  1145:   205205.902   207205.910   207207.612   208607.622   208608.712
  1150:   208731.122   208817.122   208855.122   208897.122   208939.122
  1155:   208981.122   209049.122   209118.122   209152.122   209272.122
  1160:   209345.122   209382.122   209420.122   209458.122   209529.122
  1165:   209609.122   209644.122   209686.122   209760.122   209840.122
  1170:   209985.122   210062.722   210062.920   210062.901   210062.092
  1175:   210362.902   212362.910   212364.615   216214.625   216215.715
  1180:   216708.125   217197.125   217236.125   217554.125   217593.125
  1185:   217636.125   217683.125   217816.125   217934.125   218012.125
  1190:   218060.125   218106.125   218174.125   218311.125   218504.125
  1195:   218543.125   218588.125   218990.125   219131.125   219173.125
  1200:   219214.125   219263.125   219351.125   219390.125   219428.125
  1205:   219544.125   219585.125   219632.125   219671.125   219710.125
  1210:   219785.125   219822.125   219857.125   219905.125   219983.125
  1215:   220096.725   220096.920   220096.901   220096.095   220396.902
  1220:   222396.910   222398.612   223798.622   223799.712   223931.122
  1225:   224006.122   224139.122   224259.122   224294.122   224334.122
  1230:   224376.122   224420.122   224467.122   224502.122   224644.122
  1235:   224677.122   224782.122   224819.122   224856.122   224895.122
  1240:   224930.122   224966.122   225004.122   225078.122   225116.122
  1245:   225151.122   225190.122   225269.722   225269.920   225269.901
  1250:   225269.092   225569.902   227569.910   227571.614   230321.624
  1255:   230322.714   230554.124   231113.124   231150.124   231189.124
  1260:   231225.124   231262.124   231495.124   231536.124   231616.124
  1265:   231657.124   231785.124   231825.124   231872.124   231905.124
  1270:   231945.124   231987.124   232048.124   232090.124   232175.124
  1275:   232289.124   232328.124   232401.124   232430.124   232467.124
  1280:   232504.124   232539.124   232571.124   232808.124   232842.124
  1285:   232881.124   232918.124   232955.124   232992.124   233126.724
  1290:   233126.920   233126.901   233126.094   233426.902   235426.910
  1295:   235428.611   236428.621   236429.711   236496.121   236535.121
  1300:   236575.121   236616.121   236683.121   236716.121   236749.121
  1305:   236817.121   236855.121   236891.121   236964.121   236997.121
  1310:   237029.121   237065.121   237104.121   237141.121   237213.121
  1315:   237285.121   237321.121   237358.121   237397.121   237434.721
  1320:   237434.920   237434.901   237434.091   237734.902   239734.910
  1325:   239736.614   242486.624   242487.714   242627.124   242687.124
  1330:   242729.124   242814.124   243134.124   243175.124   243214.124
  1335:   243260.124   243305.124   243602.124   243681.124   243720.124
  1340:   243759.124   243817.124   244032.124   244298.124   244385.124
  1345:   244582.124   244617.124   244727.124   244764.124   244800.124
  1350:   244886.124   244920.124   244960.124   244995.124   245071.124
  1355:   245113.124   245154.124   245202.124   245279.724   245279.920
  1360:   245279.901   245279.094   245579.902   247579.910   247581.611
  1365:   248581.621   248582.711   248850.121   248887.121   248923.121
  1370:   248957.121   248996.121   249034.121   249068.121   249103.121
  1375:   249137.121   249173.121   249209.121   249242.121   249277.121
  1380:   249311.121   249344.121   249379.121   249414.121   249452.121
  1385:   249485.121   249520.121   249553.121   249590.721   249590.920
  1390:   249590.901   249590.091   249890.902   251890.910   251892.612
  1395:   253292.622   253293.712   253408.122   253451.122   253492.122
  1400:   253531.122   253572.122   253691.122   253721.122   253758.122
  1405:   253789.122   253863.122   253897.122   253936.122   253967.122
  1410:   254005.122   254040.122   254076.122   254123.122   254171.122
  1415:   254210.122   254252.122   254348.122   254580.122   254737.722
  1420:   254737.920   254737.901   254737.092   255037.902   257037.910
  1425:   257039.611   258039.621   258040.711   258146.121   258185.121
  1430:   258226.121   258265.121   258308.121   258432.121   258475.121
  1435:   258506.121   258545.121   258583.121   258740.121   258819.121
  1440:   258888.121   258965.121   259002.121   259074.721   259074.920
  1445:   259074.901   259074.091   259374.902   261374.910   261376.613
  1450:   263326.623   263327.713   263429.123   263466.123   263501.123
  1455:   263543.123   263612.123   263681.123   263717.123   263753.123
  1460:   263785.123   263827.123   263876.123   263907.123   263947.123
  1465:   263986.123   264019.123   264055.123   264078.123   264111.123
  1470:   264147.123   264181.123   264216.123   264254.123   264356.123
  1475:   264395.123   264432.123   264471.123   264509.123   264545.123
  1480:   264585.123   264625.123   264662.123   264702.123   264738.123
  1485:   264779.123   264817.123   264859.123   264950.123   264987.123
  1490:   265040.123   265185.123   265225.123   265366.723   265366.920
  1495:   265366.901   265366.093   265666.902   267666.910   267668.612
  1500:   269068.622   269069.712   269220.122   269257.122   269291.122
  1505:   269325.122   269405.122   269438.122   269464.122   269501.122
  1510:   269535.122   269566.122   269642.122   269678.122   269713.122
  1515:   269746.122   269783.122   269820.122   269888.122   269964.122
  1520:   269999.122   270038.122   270074.122   270132.122   270166.122
  1525:   270202.122   270241.122   270281.122   270322.122   270363.122
  1530:   270403.122   270447.122   270488.722   270488.920   270488.901
  1535:   270488.092   270788.902   272788.910   272790.611   273790.621
  1540:   273791.711   273874.121   273910.121   273948.121   274021.121
  1545:   274053.121   274086.121   274121.121   274151.121   274185.121
  1550:   274218.121   274297.121   274326.121   274361.121   274394.121
  1555:   274430.121   274472.121   274511.121   274546.121   274582.121
  1560:   274618.121   274691.121   274773.121   274814.721   274814.920
  1565:   274814.901   274814.091   275114.902   277114.910   277116.614
  1570:   279866.624   279867.714   280296.124   280371.124   280409.124
  1575:   280453.124   280772.124   280813.124   280851.124   281039.124
  1580:   281082.124   281089.124   281236.124   281281.124   281321.124
  1585:   281415.124   281519.124   281713.124   281865.124   281910.124
  1590:   282040.124   282209.124   282248.124   282401.124   282444.124
  1595:   282543.124   282589.124   282639.724   282639.920   282639.901
  1600:   282639.094   282939.902   284939.910   284941.615   288791.625
  1605:   288792.715   289854.125   290120.125   290170.125   290325.125
  1610:   290482.125   290633.125   290688.125   290732.125   290785.125
  1615:   291029.125   291071.125   291272.125   291313.125   291365.125
  1620:   291410.125   291456.125   291509.125   291605.125   291647.125
  1625:   291814.125   291858.125   291900.125   292078.125   292298.125
  1630:   292377.125   292500.125   292666.725   292666.920   292666.901
  1635:   292666.095   292966.902   294966.910   294968.611   295968.621
  1640:   295969.711   296034.121   296076.121   296114.121   296152.121
  1645:   296190.121   296225.121   296260.121   296300.121   296342.121
  1650:   296386.121   296426.121   296463.121   296504.121   296542.121
  1655:   296580.121   296620.121   296662.121   296697.121   296737.121
  1660:   296777.121   296817.121   296856.121   296892.121   296933.121
  1665:   296975.721   296975.920   296975.901   296975.091   297275.902
  1670:   299275.910   299277.614   302027.624   302028.714   302132.124
  1675:   302256.124   302299.124   302422.124   302514.124   302571.124
  1680:   302676.124   302716.124   302768.124   302885.124   302893.124
  1685:   302983.124   303042.124   303084.124   303130.124   303236.124
  1690:   303276.124   303315.124   303346.124   303387.124   303432.124
  1695:   303530.124   303578.124   303619.124   303659.124   303700.124
  1700:   303817.124   303861.124   303902.124   303942.124   303980.124
  1705:   304021.124   304058.124   304100.124   304140.124   304194.124
  1710:   304237.124   304281.124   304319.124   304369.124   304408.124
  1715:   304453.124   304492.124   304528.124   304568.124   304610.124
  1720:   304655.124   304694.124   304737.124   304781.724   304781.920
  1725:   304781.901   304781.094   305081.902   307081.910   307083.615
  1730:   310933.625   310934.715   312481.125   313273.125   313486.125
  1735:   313528.125   313912.125   313954.125   313998.125   314229.125
  1740:   314310.125   314598.125   314638.125   314682.125   314891.725
  1745:   314891.920   314891.901   314891.095   315191.902   317191.910
  1750:   317193.613   319143.623   319144.713   319946.123   319990.123
  1755:   320031.123   320073.123   320221.123   320304.123   320346.123
  1760:   320387.123   320424.123   320467.123   320513.123   320552.123
  1765:   320595.123   320642.123   320754.123   320895.123   320936.123
  1770:   320995.123   321036.123   321076.123   321115.723   321115.920
  1775:   321115.901   321115.093   321415.902   323415.910   323417.611
  1780:   324417.621   324418.711   324546.121   324587.121   324633.121
  1785:   324674.121   324718.121   324762.121   324801.121   324837.121
  1790:   324870.121   324907.121   324948.121   324983.121   325024.121
  1795:   325061.121   325102.121   325138.121   325185.121   325229.121
  1800:   325297.121   325397.121   325516.721   325516.920   325516.901
  1805:   325516.091   325816.902   327816.910   327818.612   329218.622
  1810:   329219.712   329341.122   329381.122   329425.122   329471.122
  1815:   329512.122   329548.122   329584.122   329624.122   329665.122
  1820:   329734.122   329771.122   329885.122   329924.122   329969.122
  1825:   330049.122   330093.122   330178.122   330221.122   330263.122
  1830:   330300.122   330339.122   330379.122   330425.122   330584.122
  1835:   330698.722   330698.920   330698.901   330698.092   330998.902
  1840:   332998.910   333000.613   334950.623   334951.713   335066.123
  1845:   335110.123   335164.123   335195.123   335234.123   335272.123
  1850:   335313.123   335393.123   335431.123   335478.123   335515.123
  1855:   335550.123   335590.123   335631.123   335672.123   335710.123
  1860:   335764.123   335895.123   336011.123   336062.123   336100.123
  1865:   336143.123   336184.123   336225.123   336265.123   336307.123
  1870:   336347.123   336392.123   336433.123   336473.123   336512.123
  1875:   336554.123   336601.123   336640.123   336681.123   336724.123
  1880:   336765.123   336817.123   336856.123   336966.723   336966.920
  1885:   336966.901   336966.093   337266.902   339266.910   339268.614
  1890:   342018.624   342019.714   344427.124   344848.724   344848.920
  1895:   344848.901   344848.094   345148.902   347148.910   347150.615
  1900:   351000.625   351001.715   351263.125   351517.125   351913.125
  1905:   351956.125   351998.125   352053.125   352182.125   352338.125
  1910:   352385.125   352428.125   352500.125   352540.125   352615.125
  1915:   352700.125   352789.125   352835.125   352941.125   353064.125
  1920:   353104.125   353153.125   353203.125   353330.125   353436.125
  1925:   353519.125   353538.125   353579.125   353620.125   353667.125
  1930:   353776.125   353872.125   353917.125   353961.125   354126.125
  1935:   354167.125   354206.125   354257.125   354305.125   354343.125
  1940:   354398.125   354442.125   354489.125   354535.125   354578.125
  1945:   354655.125   354700.125   354747.125   354792.125   354831.125
  1950:   354874.725   354874.920   354874.901   354874.095   355174.902
  1955:   357174.910   357176.612   358576.622   358577.712   358708.122
  1960:   358758.122   358804.122   358843.122   358879.122   358916.122
  1965:   358951.122   359024.122   359061.122   359102.122   359180.122
  1970:   359201.122   359237.122   359276.122   359296.122   359340.122
  1975:   359381.122   359574.122   359612.122   359655.122   359736.122
  1980:   359803.122   359841.122   360008.722   360008.920   360008.901
  1985:   360008.092   360308.902   362308.910   362310.613   364260.623
  1990:   364261.713   364388.123   364569.123   364615.123   364755.123
  1995:   364798.123   364924.123   364979.123   365059.123   365187.123
  2000:   365231.123   365269.123   365311.123   365358.123   365403.123
  2005:   365465.123   365508.123   365582.123   365639.123   365675.123
  2010:   365698.123   365736.123   365848.123   365928.123   366029.123
  2015:   366083.123   366128.123   366168.123   366209.123   366249.723
  2020:   366249.920   366249.901   366249.093   366549.902   368549.910
  2025:   368551.615   372401.625   372402.715   373460.125   373505.125
  2030:   373555.125   373866.125   373924.125   373967.125   374016.125
  2035:   374061.125   374103.125   374146.125   374310.125   374358.125
  2040:   374419.125   374474.125   374628.125   374713.125   374901.125
  2045:   374949.125   374993.125   375041.125   375089.125   375137.125
  2050:   375186.125   375279.125   375385.125   375428.125   375472.125
  2055:   375740.125   375785.125   375936.125   376046.125   376090.125
  2060:   376146.125   376189.125   376278.725   376278.920   376278.901
  2065:   376278.095   376578.902   378578.910   378580.615   382430.625
  2070:   382431.715   383289.125   383623.125   383960.225   384173.125
  2075:   384216.125   384559.125   384601.125   384644.125   384693.125
  2080:   384748.125   384989.125   385036.125   385076.125   385121.125
  2085:   385164.125   385206.125   385252.125   385298.125   385435.125
  2090:   385536.125   385675.125   385786.125   385806.125   385923.125
  2095:   385965.125   386008.125   386049.125   386089.125   386129.125
  2100:   386168.125   386208.125   386244.125   386282.725   386282.920
  2105:   386282.901   386282.095   386582.902   388582.910   388584.615
  2110:   392434.625   392435.715   392552.125   393213.125   393255.125
  2115:   393301.125   393340.125   393379.125   393414.125   393525.125
  2120:   393559.125   393596.125   393636.125   393734.125   393774.125
  2125:   393812.125   393846.125   393881.125   393924.125   393976.125
  2130:   394083.125   394129.125   394169.125   394207.125   394247.125
  2135:   394288.125   394321.125   394342.125   394416.125   394461.125
  2140:   394500.125   394519.125   394557.125   394601.125   394639.125
  2145:   394682.125   394732.125   394779.125   394966.125   395032.125
  2150:   395069.125   395114.125   395196.125   395241.125   395293.125
  2155:   395335.125   395379.125   395459.125   395502.125   395541.125
  2160:   395583.125   395624.125   395664.125   395704.125   395746.125
  2165:   395796.125   395838.125   395896.125   395940.125   395987.125
  2170:   396030.125   396071.125   396121.125   396203.125   396247.125
  2175:   396289.725   396289.920   396289.901   396289.095   396589.902
  2180:   398589.910   398591.613   400541.623   400542.713   400724.123
  2185:   400760.123   400797.123   400874.123   400909.123   400949.123
  2190:   400968.123   401047.123   401088.123   401130.123   401168.123
  2195:   401207.123   401246.123   401286.123   401326.123   401365.123
  2200:   401401.123   401442.123   401484.123   401525.123   401571.123
  2205:   401612.123   401652.123   401692.123   401733.123   401775.123
  2210:   401815.123   401853.123   401890.123   401930.123   401973.123
  2215:   402012.123   402055.123   402097.123   402135.123   402181.123
  2220:   402265.123   402351.123   402395.123   402435.123   402480.123
  2225:   402736.723   402736.920   402736.901   402736.093   403036.902
  2230:   405036.910   405038.611   406038.621   406039.711   406200.121
  2235:   406234.121   406274.121   406285.121   406318.121   406355.121
  2240:   406391.121   406446.121   406488.121   406524.121   406567.121
  2245:   406604.121   406643.121   406697.121   406776.121   406817.121
  2250:   406856.121   406905.121   407038.121   407250.721   407250.920
  2255:   407250.901   407250.091   407550.902   409550.910   409552.614
  2260:   412302.624   412303.714   412457.124   412533.124   412617.124
  2265:   412675.124   412773.124   412959.124   413002.124   413043.124
  2270:   413183.124   413227.124   413403.124   413447.124   413572.124
  2275:   413713.124   413755.124   413876.124   413913.124   413963.124
  2280:   414193.124   414313.124   414375.124   414545.124   414587.124
  2285:   414680.124   414783.124   414954.124   415078.724   415078.920
  2290:   415078.901   415078.094   415378.902   417378.910   417380.612
  2295:   418780.622   418781.712   418921.122   418966.122   419130.122
  2300:   419171.122   419241.122   419281.122   419393.122   419435.122
  2305:   419473.122   419562.122   419602.122   419640.122   419727.122
  2310:   419856.122   419944.122   419991.122   420031.122   420075.122
  2315:   420270.722   420270.920   420270.901   420270.092   420570.902
  2320:   422570.910   422572.614   425322.624   425323.714   425539.124
  2325:   425642.124   425682.124   425725.124   425808.124   425996.124
  2330:   426079.124   426205.124   426313.124   426362.124   426462.124
  2335:   426595.124   426645.124   426681.124   426720.124   426833.124
  2340:   427018.124   427059.124   427098.124   427139.124   427185.124
  2345:   427228.124   427273.124   427393.124   427548.124   427661.124
  2350:   427704.124   427818.124   427895.124   427936.124   427985.124
  2355:   428082.724   428082.920   428082.901   428082.094   428382.902
  2360:   430382.910   430384.615   434234.625   434235.715   434326.125
  2365:   434372.125   434411.125   434451.125   434539.125   434579.125
  2370:   435760.125   435807.125   435954.125   436065.125   436109.125
  2375:   436247.125   436294.125   436335.125   436375.125   436514.125
  2380:   436642.125   436685.125   436723.125   436865.125   436908.125
  2385:   436953.125   437053.125   437170.125   437269.125   437307.125
  2390:   437344.125   437385.125   437424.125   437462.125   437500.125
  2395:   437541.125   437635.125   437681.125   437765.125   437819.125
  2400:   437927.125   438025.125   438072.125   438177.725   438177.920
  2405:   438177.901   438177.095   438477.902   440477.910   440479.611
  2410:   441479.621   441480.711   441650.121   441696.121   441743.121
  2415:   441789.121   441905.121   441949.121   442073.121   442109.121
  2420:   442226.121   442269.121   442332.121   442467.121   442523.721
  2425:   442523.920   442523.901   442523.091   442823.902   444823.910
  2430:   444825.614   447575.624   447576.714   447731.124   447932.124
  2435:   448117.124   448155.124   448204.124   448283.124   448349.124
  2440:   448676.124   448942.124   448983.124   449296.124   449355.124
  2445:   449587.124   449672.124   449713.124   449753.124   449796.124
  2450:   449838.124   449875.124   449927.124   450047.124   450092.124
  2455:   450210.124   450316.124   450353.724   450353.920   450353.901
  2460:   450353.094   450653.902   452653.910   452655.611   453655.621
  2465:   453656.711   453735.121   453777.121   453814.121   453852.121
  2470:   453892.121   453929.121   453962.121   454000.121   454036.121
  2475:   454112.121   454190.121   454231.121   454269.121   454290.121
  2480:   454409.121   454448.121   454504.121   454705.721   454705.920
  2485:   454705.901   454705.091   455005.902   457005.910   457007.612
  2490:   458407.622   458408.712   458636.122   458684.122   458726.122
  2495:   458774.122   458806.122   458882.122   458921.122   458963.122
  2500:   459002.122   459043.122   459113.122   459197.122   459239.122
  2505:   459286.122   459478.122   459521.122   459564.122   459611.122
  2510:   459652.122   459691.122   459728.122   459769.122   459805.122
  2515:   459849.722   459849.920   459849.901   459849.092   460149.902
  2520:   462149.910   462151.611   463151.621   463152.711   463258.121
  2525:   463303.121   463344.121   463389.121   463433.121   463468.121
  2530:   463513.121   463546.121   463579.121   463621.121   463652.121
  2535:   463777.121   463872.121   463909.121   463945.121   464023.121
  2540:   464058.121   464096.121   464134.121   464171.721   464171.920
  2545:   464171.901   464171.091   464471.902   466471.910   466473.613
  2550:   468423.623   468424.713   468651.123   468692.123   468821.123
  2555:   469100.123   469195.123   469234.123   469308.123   469351.123
  2560:   469392.123   469565.123   469637.123   469696.123   469840.123
  2565:   470078.123   470120.123   470231.123   470403.723   470403.920
  2570:   470403.901   470403.093   470703.902   472703.910   472705.614
  2575:   475455.624   475456.714   475603.124   475642.124   476089.124
  2580:   476137.124   476204.124   476419.124   476456.124   476495.124
  2585:   476579.124   476620.124   476713.124   476822.124   476864.124
  2590:   477017.124   477074.124   477165.124   477210.124   477313.124
  2595:   477360.124   477404.124   477444.124   477562.124   477603.124
  2600:   477943.124   478027.124   478047.124   478089.124   478144.124
  2605:   478181.124   478275.724   478275.920   478275.901   478275.094
  2610:   478575.902   480575.910   480577.615   484427.625   484428.715
  2615:   484599.125   484652.125   485083.125   485124.125   485164.125
  2620:   485203.125   485240.125   485374.125   485553.125   485635.125
  2625:   485672.125   485708.125   485748.125   485850.125   485933.125
  2630:   485999.125   486063.125   486397.125   486438.125   486525.125
  2635:   486598.125   486638.125   486717.125   486758.125   486794.125
  2640:   486971.125   487008.125   487041.125   487082.125   487198.125
  2645:   487335.125   487372.125   487414.125   487496.125   487551.125
  2650:   487589.125   487631.125   487718.125   487752.125   487828.125
  2655:   487948.125   488049.125   488086.125   488122.125   488168.125
  2660:   488202.125   488284.725   488284.920   488284.901   488284.095
  2665:   488584.902   490584.910   490586.612   491986.622   491987.712
  2670:   492080.122   492118.122   492149.122   492189.122   492236.122
  2675:   492272.122   492363.122   492432.122   492466.122   492532.122
  2680:   492572.122   492737.122   492894.122   492913.122   492946.122
  2685:   492989.122   493123.122   493161.122   493275.122   493314.122
  2690:   493359.122   493509.722   493509.920   493509.901   493509.092
  2695:   493809.902   495809.910   495811.612   497211.622   497212.712
  2700:   497289.122   497365.122   497474.122   497514.122   497549.122
  2705:   497589.122   497624.122   497719.122   497784.122   497810.122
  2710:   497871.122   497905.122   497943.122   498084.122   498124.122
  2715:   498199.122   498246.122   498282.122   498371.122   498524.122
  2720:   498636.722   498636.920   498636.901   498636.092   498936.902
  2725:   500936.910   500938.611   501938.621   501939.711   502132.121
  2730:   502163.121   502209.121   502320.121   502421.121   502462.121
  2735:   502532.121   502713.121   502756.121   502791.121   502833.121
  2740:   502868.121   502990.721   502990.920   502990.901   502990.091
  2745:   503290.902   503290.902   503290.005   503290.006   503290.007
  2750:   503290.020
D:
     0:        0.000        0.000        0.000        0.000        0.000
     5:        0.000        0.000        0.000        0.000        0.000
    10:        0.000        0.000        0.000        0.000        0.000
    15:        0.000        0.000        0.000        0.000        0.000
    20:        1.000        0.000        0.000        0.000        0.000
    25:        0.000        0.000        0.000        0.000        0.000
    30:        0.000        0.000        0.000        0.000        0.000
    35:        0.000
F:
     0:       10.000       14.000       19.500       27.500       38.500
     5:       10.000       14.000       19.500       27.500       38.500
    10:       10.000       14.000       19.500       27.500       38.500
    15:       10.000       14.000       19.500       27.500       38.500
    20:       10.000       14.000       19.500       27.500       38.500
    25:       10.000       14.000       19.500       27.500       38.500
    30:       10.000       14.000       19.500       27.500       38.500
    35:       10.000       14.000       19.500       27.500       38.500
    40:       10.000       14.000       19.500       27.500       38.500
    45:       10.000       14.000       19.500       27.500       38.500
    50:       10.000       14.000       19.500       27.500       38.500
    55:       10.000       14.000       19.500       27.500       38.500
    60:       10.000       14.000       19.500       27.500       38.500
    65:       10.000       14.000       19.500       27.500       38.500
    70:       10.000       14.000       19.500       27.500       38.500
I:
     0:       75.000        0.000        0.000
M:
     0:       15.000       15.000       15.000       15.000       15.000
     5:        0.000        0.000        0.000        0.000        0.000
    10:        0.000
N:
     0:       15.000       15.000       15.000       15.000       15.000
     5:        0.000
Q:
     0:       15.000       15.000       15.000       15.000       15.000
     5:        0.000
V:
     0:        0.000        0.000        0.000        0.000        0.000
     5:      288.000      355.000      444.000      463.000      594.000
    10:        0.000        0.000        0.000        0.000        0.000
    15:        0.000
