File: C:\MED-PC IV\DATA\ENTR_IF15P002


Start Date: 07/20/17
End Date: 07/20/17
Subject: P002
Experiment: ENTRENAMIENTO
Group: 0
Box: 5
Start Time: 10:33:23
End Time: 11:58:21
MSN: ENTRENAMIFs
B:       0.000
C:       0.000
E:    1836.000
G:      10.000
H:    1000.000
J:       0.000
K:       0.000
L:       0.000
O:       0.000
P:       0.000
R:       0.000
S:       0.000
T:  505883.000
U:       0.000
W:       0.000
X:       0.000
Y:       0.000
Z:       0.000
A:
     0:        0.010      500.910      502.612     1902.622     1903.712
     5:     1980.122     2124.122     2212.122     2363.122     2397.122
    10:     2568.122     2645.122     2743.122     2779.122     3010.122
    15:     3128.122     3224.122     3259.122     3341.722     3341.920
    20:     3341.901     3341.092     3641.902     5641.910     5643.612
    25:     7043.622     7044.712     7262.122     7706.122     7807.122
    30:     7930.122     8045.122     8084.122     8275.122     8469.722
    35:     8469.920     8469.901     8469.092     8769.902    10769.910
    40:    10771.612    12171.622    12172.712    12829.122    12862.122
    45:    12946.122    13052.122    13136.122    13177.122    13264.122
    50:    13299.122    13482.122    13731.722    13731.920    13731.901
    55:    13731.092    14031.902    16031.910    16033.615    19883.625
    60:    19884.715    20782.125    20980.125    21083.125    21392.125
    65:    21541.125    21688.125    21802.125    21834.125    22462.125
    70:    22701.125    22857.125    22894.125    22972.125    23009.125
    75:    23043.125    23051.125    23113.125    23146.125    23258.125
    80:    23292.125    23633.125    23666.125    23759.725    23759.920
    85:    23759.901    23759.095    24059.902    26059.910    26061.612
    90:    27461.622    27462.712    27763.122    28196.122    28236.122
    95:    28390.122    28430.122    28467.122    28552.122    28587.122
   100:    28719.122    28773.122    28852.122    28914.722    28914.920
   105:    28914.901    28914.092    29214.902    31214.910    31216.613
   110:    33166.623    33167.713    33315.123    33777.123    34139.123
   115:    34298.123    34336.123    34407.123    34437.123    35108.123
   120:    35142.723    35142.920    35142.901    35142.093    35442.902
   125:    37442.910    37444.615    41294.625    41295.715    42580.125
   130:    42931.125    43139.125    43261.125    43296.125    43625.125
   135:    43841.125    43879.125    44047.125    44083.125    44249.125
   140:    44361.125    44450.125    44486.125    44521.125    44736.125
   145:    44769.125    44931.125    45033.125    45116.125    45363.725
   150:    45363.920    45363.901    45363.095    45663.902    47663.910
   155:    47665.614    50415.624    50416.714    52164.124    52508.124
   160:    52540.124    52577.124    52774.124    52868.124    53087.124
   165:    53208.724    53208.920    53208.901    53208.094    53508.902
   170:    55508.910    55510.615    59360.625    59361.715    60419.125
   175:    60590.125    60815.125    61115.125    61216.125    61382.125
   180:    61625.125    61824.125    62050.125    62056.125    62267.125
   185:    62512.125    62597.125    62805.125    62844.125    62963.125
   190:    63049.125    63318.725    63318.920    63318.901    63318.095
   195:    63618.902    65618.910    65620.613    67570.623    67571.713
   200:    68235.123    68279.123    68402.123    68441.123    68714.123
   205:    69072.123    69157.123    69256.123    69462.123    69570.723
   210:    69570.920    69570.901    69570.093    69870.902    71870.910
   215:    71872.611    72872.621    72873.711    73259.121    73543.121
   220:    73579.121    73987.721    73987.920    73987.901    73987.091
   225:    74287.902    76287.910    76289.611    77289.621    77290.711
   230:    77651.121    77842.121    77885.121    77929.121    77970.121
   235:    78060.121    78196.121    78278.121    78410.721    78410.920
   240:    78410.901    78410.091    78710.902    80710.910    80712.611
   245:    81712.621    81713.711    81788.121    81822.121    81856.121
   250:    81887.121    81963.121    82116.121    82154.121    82246.121
   255:    82338.121    82514.121    82635.121    82881.721    82881.920
   260:    82881.901    82881.091    83181.902    85181.910    85183.614
   265:    87933.624    87934.714    88782.124    88816.124    89288.124
   270:    89485.124    89568.124    89963.124    90009.124    90109.124
   275:    90422.124    90464.124    90499.124    91041.724    91041.920
   280:    91041.901    91041.094    91341.902    93341.910    93343.612
   285:    94743.622    94744.712    95044.122    95223.122    95297.122
   290:    95399.122    95622.122    95728.122    95823.122    95906.122
   295:    96220.722    96220.920    96220.901    96220.092    96520.902
   300:    98520.910    98522.613   100472.623   100473.713   101287.123
   305:   101319.123   101398.123   101760.123   101996.123   102075.123
   310:   102205.123   102235.123   102399.123   102673.723   102673.920
   315:   102673.901   102673.093   102973.902   104973.910   104975.612
   320:   106375.622   106376.712   108988.722   108988.920   108988.901
   325:   108988.092   109288.902   111288.910   111290.615   115140.625
   330:   115141.715   115918.125   116206.125   116392.125   116836.125
   335:   116988.125   117073.125   117251.125   117389.125   117476.125
   340:   117627.125   117757.125   117803.125   117906.125   117983.125
   345:   118257.125   118292.125   118329.125   118357.125   118438.125
   350:   118676.125   118711.125   118753.125   118886.125   118924.125
   355:   119039.725   119039.920   119039.901   119039.095   119339.902
   360:   121339.910   121341.615   125191.625   125192.715   126268.125
   365:   126641.125   126826.125   127159.125   127193.125   127281.125
   370:   127383.125   127528.125   127604.125   127731.125   127811.125
   375:   127944.125   128023.125   128118.125   128159.125   128240.125
   380:   128318.125   128382.125   128423.125   128457.125   128561.125
   385:   128644.125   128680.125   128758.125   128862.125   128943.125
   390:   129029.125   129093.725   129093.920   129093.901   129093.095
   395:   129393.902   131393.910   131395.614   134145.624   134146.714
   400:   134789.124   134827.124   134867.124   134913.124   134954.124
   405:   134997.124   135093.124   135456.124   135767.124   135975.124
   410:   136188.124   136382.124   136531.124   136620.124   136662.124
   415:   136787.124   136939.724   136939.920   136939.901   136939.094
   420:   137239.902   139239.910   139241.614   141991.624   141992.714
   425:   142187.124   142584.124   142752.124   143179.124   143427.124
   430:   143465.124   143498.124   143580.124   143609.124   143701.124
   435:   143748.124   143876.124   144150.124   144190.124   144464.124
   440:   144498.124   144536.124   144614.124   144652.124   144880.724
   445:   144880.920   144880.901   144880.094   145180.902   147180.910
   450:   147182.612   148582.622   148583.712   149152.122   149397.122
   455:   149438.122   149719.122   149848.122   149926.122   150025.722
   460:   150025.920   150025.901   150025.092   150325.902   152325.910
   465:   152327.615   156177.625   156178.715   157122.125   157212.125
   470:   157410.125   157519.125   157628.125   157819.125   158002.125
   475:   158353.125   158391.125   158431.125   158615.125   158706.125
   480:   158822.125   158862.125   158912.125   158997.125   159038.125
   485:   159075.125   159143.125   159178.125   159257.125   159347.125
   490:   159391.125   159473.125   159557.125   159669.125   159712.125
   495:   159797.125   159833.125   159875.125   159912.125   160000.125
   500:   160080.725   160080.920   160080.901   160080.095   160380.902
   505:   162380.910   162382.612   163782.622   163783.712   163930.122
   510:   164250.122   164402.122   164446.122   164550.122   164648.122
   515:   164726.122   164833.122   164872.122   164922.122   164987.122
   520:   165022.122   165063.122   165107.122   165146.122   165193.722
   525:   165193.920   165193.901   165193.092   165493.902   167493.910
   530:   167495.611   168495.621   168496.711   168589.121   168623.121
   535:   169091.121   169165.121   169204.121   169239.121   169361.121
   540:   169427.121   169466.121   169504.721   169504.920   169504.901
   545:   169504.091   169804.902   171804.910   171806.614   174556.624
   550:   174557.714   175301.124   175461.124   175580.124   175875.124
   555:   175907.124   176024.124   176064.124   176145.124   176226.124
   560:   176441.124   176676.124   176771.124   176894.124   177059.124
   565:   177186.124   177228.124   177344.724   177344.920   177344.901
   570:   177344.094   177644.902   179644.910   179646.613   181596.623
   575:   181597.713   182132.123   183002.123   183324.123   183556.723
   580:   183556.920   183556.901   183556.093   183856.902   185856.910
   585:   185858.612   187258.622   187259.712   187872.122   187982.122
   590:   188082.122   188656.122   188757.722   188757.920   188757.901
   595:   188757.092   189057.902   191057.910   191059.613   193009.623
   600:   193010.713   193809.123   193900.123   193991.123   194318.123
   605:   194431.123   194580.123   194838.123   194913.123   195058.723
   610:   195058.920   195058.901   195058.093   195358.902   197358.910
   615:   197360.615   201210.625   201211.715   201677.125   202223.125
   620:   202828.125   203100.125   203385.125   203496.125   203610.125
   625:   203727.125   203869.125   203907.125   204090.125   204128.125
   630:   204222.125   204262.125   204360.125   204397.125   204514.125
   635:   204602.125   204733.125   204877.125   204921.125   204957.125
   640:   204997.125   205048.125   205095.725   205095.920   205095.901
   645:   205095.095   205395.902   207395.910   207397.611   208397.621
   650:   208398.711   208477.121   208511.121   209067.121   209161.121
   655:   209252.121   209296.121   209379.121   209424.721   209424.920
   660:   209424.901   209424.091   209724.902   211724.910   211726.612
   665:   213126.622   213127.712   214574.722   214574.920   214574.901
   670:   214574.092   214874.902   216874.910   216876.613   218826.623
   675:   218827.713   219369.123   219624.123   219704.123   219792.123
   680:   219887.123   220029.123   220234.123   220632.123   220676.123
   685:   220721.123   220917.723   220917.920   220917.901   220917.093
   690:   221217.902   223217.910   223219.611   224219.621   224220.711
   695:   224373.121   224575.121   224657.121   224702.121   224821.121
   700:   224899.121   225066.121   225165.121   225205.121   225245.721
   705:   225245.920   225245.901   225245.091   225545.902   227545.910
   710:   227547.614   230297.624   230298.714   230697.124   231075.124
   715:   231223.124   231325.124   231415.124   231554.124   231652.124
   720:   231838.124   231876.124   231960.124   232090.124   232171.124
   725:   232330.124   232418.124   232457.124   232500.124   232538.124
   730:   232623.124   232706.124   232925.124   233003.124   233092.724
   735:   233092.920   233092.901   233092.094   233392.902   235392.910
   740:   235394.612   236794.622   236795.712   237184.122   237329.122
   745:   237416.122   237511.122   237557.122   237659.122   237769.122
   750:   237809.122   237855.122   237898.122   237939.122   237979.122
   755:   238069.122   238116.122   238154.122   238204.722   238204.920
   760:   238204.901   238204.092   238504.902   240504.910   240506.615
   765:   244356.625   244357.715   244979.125   245124.125   245243.125
   770:   245631.125   245798.125   245947.125   246141.125   246238.125
   775:   246327.125   246439.125   246618.125   246826.125   246899.125
   780:   246940.125   247035.125   247081.125   247281.125   247318.125
   785:   247448.125   247523.125   247611.125   247682.125   247752.125
   790:   247829.125   247870.125   247907.125   247990.125   248035.125
   795:   248123.125   248164.125   248292.725   248292.920   248292.901
   800:   248292.095   248592.902   250592.910   250594.614   253344.624
   805:   253345.714   253861.124   253968.124   254109.124   254269.124
   810:   254517.124   254587.124   254685.124   254867.124   254948.124
   815:   254986.124   255120.124   255204.124   255298.124   255421.124
   820:   255518.124   255569.124   255617.124   255654.124   255783.124
   825:   255873.124   255915.124   256008.124   256048.124   256148.724
   830:   256148.920   256148.901   256148.094   256448.902   258448.910
   835:   258450.613   260400.623   260401.713   260526.123   260560.123
   840:   260689.123   261225.123   261314.123   261360.123   261392.123
   845:   261430.123   261483.123   261573.123   261662.123   261789.123
   850:   261872.123   261912.123   261949.123   261988.123   262096.123
   855:   262178.123   262218.123   262303.123   262341.123   262385.723
   860:   262385.920   262385.901   262385.093   262685.902   264685.910
   865:   264687.614   267437.624   267438.714   268457.124   268831.124
   870:   269283.124   269389.124   269480.124   269646.124   269870.124
   875:   269907.124   270094.124   270223.724   270223.920   270223.901
   880:   270223.094   270523.902   272523.910   272525.614   275275.624
   885:   275276.714   275962.124   276140.124   276444.124   276545.124
   890:   276660.124   276811.124   276843.124   277054.124   277311.124
   895:   277392.124   277430.124   277517.124   277556.124   277600.124
   900:   277719.124   277815.124   277851.124   277944.124   278095.724
   905:   278095.920   278095.901   278095.094   278395.902   280395.910
   910:   280397.613   282347.623   282348.713   282442.123   282754.123
   915:   282785.123   282819.123   282912.123   282991.123   283083.123
   920:   283123.123   283216.123   283255.123   283300.123   283340.123
   925:   283425.123   283512.123   283734.123   283827.123   283873.123
   930:   283962.123   284011.123   284108.123   284194.123   284280.123
   935:   284322.723   284322.920   284322.901   284322.093   284622.902
   940:   286622.910   286624.615   290474.625   290475.715   291471.125
   945:   291863.125   291977.125   292158.125   292205.125   292285.125
   950:   292323.125   292410.125   292447.125   292570.125   292616.125
   955:   292658.125   292783.125   292830.125   292905.125   293076.125
   960:   293199.125   293248.125   293335.125   293471.125   293556.125
   965:   293675.125   293719.125   293755.125   293836.125   293882.125
   970:   293963.125   294043.125   294126.125   294195.125   294222.125
   975:   294256.125   294344.725   294344.920   294344.901   294344.095
   980:   294644.902   296644.910   296646.611   297646.621   297647.711
   985:   297894.121   298023.121   298145.121   298186.121   298244.121
   990:   298274.121   298309.121   298342.121   298421.121   298456.121
   995:   298536.121   298581.121   298694.721   298694.920   298694.901
  1000:   298694.091   298994.902   300994.910   300996.613   302946.623
  1005:   302947.713   303659.123   304026.123   304276.123   304311.123
  1010:   304707.123   304739.123   305046.723   305046.920   305046.901
  1015:   305046.093   305346.902   307346.910   307348.611   308348.621
  1020:   308349.711   308642.121   308763.121   308802.121   308843.121
  1025:   308975.121   309013.121   309055.121   309140.121   309227.121
  1030:   309320.121   309365.721   309365.920   309365.901   309365.091
  1035:   309665.902   311665.910   311667.613   313617.623   313618.713
  1040:   313703.123   313820.123   314173.123   314318.123   314358.123
  1045:   314397.123   314433.123   314520.123   314562.123   314605.123
  1050:   314694.123   314783.123   314832.123   314919.123   315002.123
  1055:   315048.123   315095.123   315209.123   315307.123   315345.123
  1060:   315425.123   315519.123   315563.123   315661.723   315661.920
  1065:   315661.901   315661.093   315961.902   317961.910   317963.614
  1070:   320713.624   320714.714   321200.124   321532.124   321707.124
  1075:   321822.124   322103.124   322145.124   322225.124   322306.124
  1080:   322389.124   322431.124   322506.124   322578.124   322628.124
  1085:   322871.124   322945.124   323073.124   323143.124   323178.124
  1090:   323254.124   323308.124   323411.124   323478.724   323478.920
  1095:   323478.901   323478.094   323778.902   325778.910   325780.615
  1100:   329630.625   329631.715   330418.125   330712.125   330891.125
  1105:   331070.125   331268.125   331308.125   331481.125   331574.125
  1110:   331690.125   331730.125   331771.125   331823.125   331880.125
  1115:   331972.125   332043.125   332121.125   332247.125   332332.125
  1120:   332366.125   332405.125   332446.125   332534.125   332574.125
  1125:   332660.125   332713.125   332751.125   332833.125   332922.125
  1130:   332961.125   332997.125   333084.125   333221.125   333354.125
  1135:   333450.125   333525.725   333525.920   333525.901   333525.095
  1140:   333825.902   335825.910   335827.615   339677.625   339678.715
  1145:   340125.125   340274.125   340894.125   340928.125   340962.125
  1150:   341113.125   341217.125   341313.125   341404.125   341443.125
  1155:   341569.125   341924.125   342103.125   342195.125   342295.125
  1160:   342333.125   342422.125   342522.125   342560.125   342657.125
  1165:   342709.125   342800.125   342837.125   342972.125   343147.125
  1170:   343187.125   343277.125   343321.125   343410.125   343496.125
  1175:   343530.725   343530.920   343530.901   343530.095   343830.902
  1180:   345830.910   345832.615   349682.625   349683.715   349810.125
  1185:   350315.125   350347.125   350618.125   350654.125   350685.125
  1190:   350727.125   350852.125   350951.125   351073.125   351115.125
  1195:   351303.125   351416.125   351504.125   351552.125   351593.125
  1200:   351635.125   351762.125   351853.125   351899.125   352019.125
  1205:   352098.125   352191.125   352272.125   352369.125   352445.125
  1210:   352486.125   352524.125   352622.125   352666.125   352715.125
  1215:   352860.125   352942.125   353039.125   353212.125   353245.125
  1220:   353287.125   353376.125   353469.125   353511.125   353549.725
  1225:   353549.920   353549.901   353549.095   353849.902   355849.910
  1230:   355851.612   357251.622   357252.712   357324.122   357358.122
  1235:   357624.122   357657.122   357690.122   357769.122   357799.122
  1240:   357882.122   357920.122   358009.122   358039.122   358077.122
  1245:   358113.122   358146.122   358226.122   358264.122   358395.122
  1250:   358522.122   358675.722   358675.920   358675.901   358675.092
  1255:   358975.902   360975.910   360977.611   361977.621   361978.711
  1260:   362109.121   362342.121   362461.121   362565.121   362669.121
  1265:   362751.121   362790.121   362833.121   362917.121   362955.121
  1270:   362992.721   362992.920   362992.901   362992.091   363292.902
  1275:   365292.910   365294.611   366294.621   366295.711   366888.121
  1280:   367149.121   367366.721   367366.920   367366.901   367366.091
  1285:   367666.902   369666.910   369668.614   372418.624   372419.714
  1290:   373507.124   373588.124   373634.124   373776.124   373816.124
  1295:   373860.124   373899.124   373942.124   374049.124   374092.124
  1300:   374138.124   374204.124   374282.124   374373.124   374422.124
  1305:   374685.124   374822.124   374957.124   375005.124   375223.724
  1310:   375223.920   375223.901   375223.094   375523.902   377523.910
  1315:   377525.615   381375.625   381376.715   381686.125   381766.125
  1320:   382038.125   382275.125   382316.125   382352.125   382391.125
  1325:   382466.125   382513.125   382548.125   382583.125   382680.125
  1330:   382778.125   382869.125   382943.125   383023.125   383223.125
  1335:   383304.125   383348.125   383433.125   383468.125   383507.125
  1340:   383552.125   383687.125   383723.125   383759.125   383844.125
  1345:   383883.125   383958.125   384067.125   384159.125   384239.125
  1350:   384280.125   384317.125   384409.125   384470.125   384554.125
  1355:   384684.125   384858.125   384940.125   384981.125   385030.125
  1360:   385113.125   385152.125   385192.125   385291.725   385291.920
  1365:   385291.901   385291.095   385591.902   387591.910   387593.614
  1370:   390343.624   390344.714   390580.124   391250.124   391502.124
  1375:   392434.124   392569.124   392681.124   392821.124   392852.124
  1380:   393023.124   393055.124   393128.724   393128.920   393128.901
  1385:   393128.094   393428.902   395428.910   395430.613   397380.623
  1390:   397381.713   397716.123   397959.123   397995.123   398038.123
  1395:   398075.123   398181.123   398264.123   398392.123   398532.123
  1400:   398571.123   398611.123   398713.123   398810.123   399017.123
  1405:   399105.123   399398.723   399398.920   399398.901   399398.093
  1410:   399698.902   401698.910   401700.611   402700.621   402701.711
  1415:   403359.121   403434.121   403621.121   403886.721   403886.920
  1420:   403886.901   403886.091   404186.902   406186.910   406188.614
  1425:   408938.624   408939.714   409237.124   410157.124   410190.124
  1430:   410503.124   410616.124   410720.124   411032.124   411115.124
  1435:   411232.124   411317.124   411469.124   411579.124   411692.724
  1440:   411692.920   411692.901   411692.094   411992.902   413992.910
  1445:   413994.611   414994.621   414995.711   415591.121   415623.121
  1450:   415885.121   415931.121   415970.121   416013.721   416013.920
  1455:   416013.901   416013.091   416313.902   418313.910   418315.613
  1460:   420265.623   420266.713   420637.123   421654.123   421688.123
  1465:   421875.123   422553.723   422553.920   422553.901   422553.093
  1470:   422853.902   424853.910   424855.615   428705.625   428706.715
  1475:   429107.125   429143.125   429391.125   429596.125   429627.125
  1480:   430077.125   430116.125   430254.125   430506.125   430593.125
  1485:   431264.125   431459.125   431545.125   431624.125   431715.125
  1490:   431755.125   431832.125   431876.125   431948.125   432066.125
  1495:   432104.125   432179.125   432343.125   432421.125   432456.125
  1500:   432540.125   432575.725   432575.920   432575.901   432575.095
  1505:   432875.902   434875.910   434877.611   435877.621   435878.711
  1510:   436042.121   436112.121   436143.121   436256.121   436299.121
  1515:   436344.121   436385.121   436472.121   436565.121   436606.121
  1520:   436653.121   436781.121   436875.121   436912.721   436912.920
  1525:   436912.901   436912.091   437212.902   439212.910   439214.612
  1530:   440614.622   440615.712   440737.122   440839.122   441185.122
  1535:   441388.122   441469.122   441551.122   441810.122   441901.122
  1540:   441992.122   442147.722   442147.920   442147.901   442147.092
  1545:   442447.902   444447.910   444449.615   448299.625   448300.715
  1550:   448739.125   449003.125   449148.125   449262.125   449375.125
  1555:   449410.125   449501.125   449537.125   449708.125   449755.125
  1560:   449961.125   449993.125   450085.125   450118.125   450241.125
  1565:   450277.125   450566.125   450604.125   450730.125   450809.125
  1570:   450854.125   450897.125   450938.125   450979.125   451060.125
  1575:   451147.125   451271.125   451307.125   451345.125   451464.125
  1580:   451536.125   451570.125   451654.125   451744.125   451780.125
  1585:   451827.125   451899.125   451938.125   451986.125   452029.125
  1590:   452069.125   452133.125   452224.725   452224.920   452224.901
  1595:   452224.095   452524.902   454524.910   454526.613   456476.623
  1600:   456477.713   457138.123   457200.123   457238.123   457275.123
  1605:   457315.123   457355.123   457479.123   457564.123   457603.123
  1610:   457706.123   457745.123   457871.123   457938.123   458100.123
  1615:   458144.123   458193.123   458235.123   458346.123   458386.123
  1620:   458431.723   458431.920   458431.901   458431.093   458731.902
  1625:   460731.910   460733.612   462133.622   462134.712   462218.122
  1630:   462414.122   462748.122   462787.122   462827.122   462904.122
  1635:   462938.122   462972.122   463005.122   463037.122   463071.122
  1640:   463107.122   463192.122   463230.122   463264.122   463302.122
  1645:   463386.122   463470.122   463513.122   463550.722   463550.920
  1650:   463550.901   463550.092   463850.902   465850.910   465852.614
  1655:   468602.624   468603.714   469313.124   469341.124   469373.124
  1660:   469406.124   469448.124   469676.124   469710.124   469750.124
  1665:   469789.124   469877.124   470070.124   470155.124   470192.124
  1670:   470231.124   470316.124   470399.124   470439.124   470481.124
  1675:   470519.124   470565.124   470653.124   470736.124   470830.124
  1680:   470909.124   471053.124   471141.124   471233.124   471309.124
  1685:   471426.724   471426.920   471426.901   471426.094   471726.902
  1690:   473726.910   473728.613   475678.623   475679.713   475931.123
  1695:   476069.123   476189.123   476279.123   476317.123   476364.123
  1700:   476475.123   476585.123   476631.123   476718.123   476839.123
  1705:   476935.123   477045.123   477135.123   477244.123   477284.123
  1710:   477327.123   477371.123   477416.123   477461.123   477522.123
  1715:   477562.123   477658.723   477658.920   477658.901   477658.093
  1720:   477958.902   479958.910   479960.612   481360.622   481361.712
  1725:   481696.122   481807.122   481848.122   481950.122   482067.122
  1730:   482116.122   482156.122   482250.122   482295.122   482394.122
  1735:   482434.122   482487.122   482563.122   482601.122   482699.122
  1740:   482738.122   482782.722   482782.920   482782.901   482782.092
  1745:   483082.902   485082.910   485084.611   486084.621   486085.711
  1750:   486331.121   486373.121   486417.121   486455.121   486556.121
  1755:   486607.121   486649.121   486698.121   486740.121   486790.121
  1760:   486834.121   486927.121   486976.121   487031.121   487070.121
  1765:   487117.721   487117.920   487117.901   487117.091   487417.902
  1770:   489417.910   489419.613   491369.623   491370.713   491991.123
  1775:   492567.123   492608.123   492961.123   493182.123   493347.723
  1780:   493347.920   493347.901   493347.093   493647.902   495647.910
  1785:   495649.614   498399.624   498400.714   499239.124   499279.124
  1790:   499311.124   499962.124   500132.124   500310.124   500488.124
  1795:   500657.124   500759.124   500938.124   501019.124   501110.124
  1800:   501257.724   501257.920   501257.901   501257.094   501557.902
  1805:   503557.910   503559.611   504559.621   504560.711   504655.121
  1810:   504694.121   504727.121   504765.121   504805.121   504844.121
  1815:   504924.121   504960.121   504999.121   505043.121   505084.121
  1820:   505126.121   505221.121   505264.121   505358.121   505453.121
  1825:   505499.121   505583.721   505583.920   505583.901   505583.091
  1830:   505883.902   505883.902   505883.005   505883.006   505883.007
  1835:   505883.020
D:
     0:        0.000        0.000        0.000        0.000        0.000
     5:        0.000        0.000        0.000        0.000        0.000
    10:        0.000        0.000        0.000        0.000        0.000
    15:        0.000        0.000        0.000        0.000        0.000
    20:        0.000        0.000        0.000        0.000        0.000
    25:        0.000        0.000        0.000        0.000        0.000
    30:        0.000        0.000        0.000        0.000        0.000
    35:        0.000
F:
     0:       10.000       14.000       19.500       27.500       38.500
     5:       10.000       14.000       19.500       27.500       38.500
    10:       10.000       14.000       19.500       27.500       38.500
    15:       10.000       14.000       19.500       27.500       38.500
    20:       10.000       14.000       19.500       27.500       38.500
    25:       10.000       14.000       19.500       27.500       38.500
    30:       10.000       14.000       19.500       27.500       38.500
    35:       10.000       14.000       19.500       27.500       38.500
    40:       10.000       14.000       19.500       27.500       38.500
    45:       10.000       14.000       19.500       27.500       38.500
    50:       10.000       14.000       19.500       27.500       38.500
    55:       10.000       14.000       19.500       27.500       38.500
    60:       10.000       14.000       19.500       27.500       38.500
    65:       10.000       14.000       19.500       27.500       38.500
    70:       10.000       14.000       19.500       27.500       38.500
I:
     0:       75.000        0.000        0.000
M:
     0:       15.000       15.000       15.000       15.000       15.000
     5:        0.000        0.000        0.000        0.000        0.000
    10:        0.000
N:
     0:       15.000       15.000       15.000       15.000       15.000
     5:        0.000
Q:
     0:       15.000       15.000       15.000       15.000       15.000
     5:        0.000
V:
     0:        0.000        0.000        0.000        0.000        0.000
     5:      149.000      165.000      199.000      257.000      460.000
    10:        0.000        0.000        0.000        0.000        0.000
    15:        0.000
