File: C:\MED-PC IV\DATA\ENTR_IF13P003


Start Date: 07/19/17
End Date: 07/19/17
Subject: P003
Experiment: ENTRENAMIENTO
Group: 0
Box: 7
Start Time: 10:38:25
End Time: 12:02:28
MSN: ENTRENAMIFs
B:       0.000
C:       0.000
E:    3638.000
G:      38.500
H:    3850.000
J:       0.000
K:       0.000
L:       0.000
O:       0.000
P:       0.000
R:       0.000
S:       0.000
T:  502530.000
U:       0.000
W:       0.000
X:       0.000
Y:       0.000
Z:       0.000
A:
     0:        0.010      500.910      502.614     3252.624     3253.714
     5:     3356.124     3390.124     3425.124     3459.124     3491.124
    10:     3566.124     3600.124     3640.124     3673.124     3784.124
    15:     3823.124     3860.124     3903.124     3943.124     4017.124
    20:     4054.124     4092.124     4214.124     4251.124     4287.124
    25:     4366.124     4438.124     4483.124     4519.124     4556.124
    30:     4590.124     4626.124     4664.124     4700.124     4740.124
    35:     4778.124     4813.124     4822.124     4855.124     4866.124
    40:     4901.124     4939.124     4975.124     5008.124     5043.124
    45:     5079.124     5115.124     5152.124     5185.124     5223.124
    50:     5259.124     5302.124     5336.124     5369.124     5404.124
    55:     5439.124     5474.124     5511.124     5558.124     5594.124
    60:     5630.124     5710.124     5747.124     5788.124     5823.124
    65:     5859.124     5895.124     5929.124     5998.124     6037.724
    70:     6037.920     6037.901     6037.094     6337.902     8337.910
    75:     8339.612     9739.622     9740.712     9808.122     9925.122
    80:     9957.122     9992.122    10025.122    10056.122    10088.122
    85:    10120.122    10155.122    10190.122    10222.122    10258.122
    90:    10295.122    10328.122    10362.122    10394.122    10427.122
    95:    10461.122    10498.122    10535.122    10568.122    10602.122
   100:    10713.122    10750.122    10785.122    10829.122    10864.122
   105:    10899.122    10934.122    10970.122    11006.122    11040.122
   110:    11075.122    11117.122    11151.722    11151.920    11151.901
   115:    11151.092    11451.902    13451.910    13453.611    14453.621
   120:    14454.711    14513.121    14548.121    14581.121    14613.121
   125:    14647.121    14677.121    14707.121    14742.121    14777.121
   130:    14816.121    14849.121    14880.121    14913.121    14948.121
   135:    14983.121    15015.121    15078.121    15152.121    15183.121
   140:    15217.121    15249.121    15318.121    15355.121    15391.121
   145:    15427.121    15463.721    15463.920    15463.901    15463.091
   150:    15763.902    17763.910    17765.614    20515.624    20516.714
   155:    20683.124    20712.124    20780.124    20850.124    20917.124
   160:    20947.124    20980.124    21019.124    21093.124    21167.124
   165:    21279.124    21317.124    21392.124    21430.124    21465.124
   170:    21575.124    21654.124    21690.124    21730.124    21763.124
   175:    21836.124    21867.124    21901.124    21941.124    21986.124
   180:    22021.124    22052.124    22060.124    22096.124    22137.124
   185:    22182.124    22187.124    22226.124    22262.124    22331.124
   190:    22344.124    22376.124    22413.124    22452.124    22487.124
   195:    22522.124    22555.124    22605.124    22642.124    22677.124
   200:    22685.124    22717.124    22756.124    22790.124    22826.124
   205:    22832.124    22870.124    22905.124    22913.124    22947.124
   210:    22983.124    23016.124    23053.124    23090.124    23126.124
   215:    23170.124    23207.124    23248.124    23288.724    23288.920
   220:    23288.901    23288.094    23588.902    25588.910    25590.613
   225:    27540.623    27541.713    27592.123    27637.123    27675.123
   230:    27748.123    27781.123    27851.123    27884.123    27918.123
   235:    27955.123    27999.123    28031.123    28070.123    28107.123
   240:    28150.123    28160.123    28196.123    28236.123    28314.123
   245:    28347.123    28389.123    28429.123    28467.123    28478.123
   250:    28511.123    28547.123    28581.123    28618.123    28653.123
   255:    28687.123    28719.123    28729.123    28797.123    28833.123
   260:    28871.123    28911.123    28946.123    28953.123    28991.123
   265:    29030.123    29062.123    29100.123    29136.123    29171.123
   270:    29204.123    29236.123    29271.123    29305.123    29339.123
   275:    29376.123    29410.123    29445.123    29478.123    29512.723
   280:    29512.920    29512.901    29512.093    29812.902    31812.910
   285:    31814.614    34564.624    34565.714    34764.124    34800.124
   290:    34860.124    34895.124    34935.124    35005.124    35251.124
   295:    35283.124    35319.124    35425.124    35501.124    35536.124
   300:    35571.124    35611.124    35686.124    35727.124    35763.124
   305:    35912.124    35947.124    36022.124    36057.124    36092.124
   310:    36163.124    36195.124    36203.124    36237.124    36270.124
   315:    36304.124    36312.124    36347.124    36426.124    36461.124
   320:    36494.124    36529.124    36562.124    36596.124    36632.124
   325:    36669.124    36704.124    36740.124    36773.124    36808.124
   330:    36844.124    36879.124    36914.124    36948.124    36980.124
   335:    37013.124    37047.124    37080.124    37115.124    37149.124
   340:    37186.124    37219.124    37256.124    37291.124    37328.724
   345:    37328.920    37328.901    37328.094    37628.902    39628.910
   350:    39630.611    40630.621    40631.711    40718.121    40754.121
   355:    40798.121    40836.121    40910.121    40982.121    41055.121
   360:    41093.121    41127.121    41162.121    41197.121    41236.121
   365:    41272.121    41311.121    41345.121    41377.121    41410.121
   370:    41444.121    41477.121    41510.121    41542.121    41576.121
   375:    41611.121    41683.721    41683.920    41683.901    41683.091
   380:    41983.902    43983.910    43985.611    44985.621    44986.711
   385:    45066.121    45105.121    45180.121    45262.121    45296.121
   390:    45329.121    45366.121    45401.121    45431.121    45463.121
   395:    45496.121    45527.121    45557.121    45588.121    45622.121
   400:    45654.121    45685.121    45718.121    45751.121    45785.121
   405:    45815.121    45847.121    45881.121    45913.121    45946.121
   410:    45978.121    46077.721    46077.920    46077.901    46077.091
   415:    46377.902    48377.910    48379.613    50329.623    50330.713
   420:    50516.123    50593.123    50623.123    50655.123    50689.123
   425:    50719.123    50758.123    50789.123    50822.123    50888.123
   430:    50921.123    50955.123    50990.123    51024.123    51094.123
   435:    51129.123    51163.123    51200.123    51238.123    51273.123
   440:    51312.123    51346.123    51418.123    51491.123    51526.123
   445:    51562.123    51598.123    51672.123    51705.123    51743.123
   450:    51781.123    51853.123    51889.123    51925.123    51963.123
   455:    52000.123    52039.123    52078.123    52118.123    52158.123
   460:    52196.123    52231.123    52268.123    52301.723    52301.920
   465:    52301.901    52301.093    52601.902    54601.910    54603.615
   470:    58453.625    58454.715    58507.125    58541.125    58575.125
   475:    58648.125    58679.125    58721.125    58763.125    58841.125
   480:    58919.125    58959.125    59060.125    59145.125    59182.125
   485:    59260.125    59298.125    59381.125    59418.125    59498.125
   490:    59537.125    59620.125    59698.125    59781.125    59820.125
   495:    59856.125    59896.125    59935.125    60017.125    60057.125
   500:    60095.125    60133.125    60173.125    60216.125    60253.125
   505:    60339.125    60376.125    60412.125    60423.125    60463.125
   510:    60505.125    60543.125    60582.125    60622.125    60659.125
   515:    60695.125    60735.125    60773.125    60811.125    60846.125
   520:    60885.125    60923.125    60965.125    61003.125    61043.125
   525:    61085.125    61126.125    61169.125    61204.125    61243.125
   530:    61286.125    61322.125    61359.125    61396.125    61469.125
   535:    61515.125    61560.125    61602.125    61638.125    61679.125
   540:    61724.125    61763.125    61800.125    61839.125    61879.125
   545:    61915.125    61951.125    61988.125    62023.125    62059.125
   550:    62094.125    62131.125    62169.125    62204.125    62237.125
   555:    62271.125    62305.725    62305.920    62305.901    62305.095
   560:    62605.902    64605.910    64607.614    67357.624    67358.714
   565:    67487.124    67522.124    67590.124    67625.124    67661.124
   570:    67697.124    67768.124    67801.124    67875.124    67993.124
   575:    68026.124    68062.124    68137.124    68172.124    68209.124
   580:    68251.124    68286.124    68364.124    68445.124    68569.124
   585:    68606.124    68644.124    68686.124    68720.124    68760.124
   590:    68841.124    68902.124    68935.124    68969.124    69009.124
   595:    69088.124    69124.124    69161.124    69199.124    69283.124
   600:    69315.124    69350.124    69386.124    69422.124    69460.124
   605:    69496.124    69533.124    69571.124    69605.124    69641.124
   610:    69675.124    69744.124    69783.124    69818.124    69853.124
   615:    69887.124    69920.124    69955.124    69992.124    70027.124
   620:    70062.124    70098.124    70133.724    70133.920    70133.901
   625:    70133.094    70433.902    72433.910    72435.611    73435.621
   630:    73436.711    73552.121    73722.121    74028.121    74058.121
   635:    74096.121    74133.121    74169.121    74204.121    74242.121
   640:    74281.121    74318.121    74355.121    74390.121    74426.121
   645:    74462.721    74462.920    74462.901    74462.091    74762.902
   650:    76762.910    76764.612    78164.622    78165.712    78305.122
   655:    78390.122    78420.122    78455.122    78491.122    78505.122
   660:    78539.122    78573.122    78610.122    78652.122    78683.122
   665:    78721.122    78755.122    78830.122    78868.122    78913.122
   670:    78951.122    78985.122    79064.122    79145.122    79179.122
   675:    79212.122    79251.122    79292.122    79325.122    79361.122
   680:    79393.122    79515.122    79595.722    79595.920    79595.901
   685:    79595.092    79895.902    81895.910    81897.615    85747.625
   690:    85748.715    85883.125    85920.125    85956.125    86207.125
   695:    86238.125    86273.125    86348.125    86385.125    86421.125
   700:    86453.125    86523.125    86557.125    86591.125    86722.125
   705:    86758.125    86792.125    86828.125    86867.125    86910.125
   710:    86950.125    86988.125    87062.125    87130.125    87204.125
   715:    87289.125    87329.125    87444.125    87485.125    87499.125
   720:    87535.125    87610.125    87687.125    87725.125    87760.125
   725:    87839.125    87881.125    87922.125    87956.125    88036.125
   730:    88072.125    88080.125    88116.125    88157.125    88195.125
   735:    88304.125    88337.125    88372.125    88406.125    88441.125
   740:    88478.125    88556.125    88598.125    88641.125    88717.125
   745:    88761.125    88804.125    88840.125    88877.125    88920.125
   750:    88960.125    89002.125    89085.125    89126.125    89222.125
   755:    89255.125    89337.125    89382.125    89424.125    89471.125
   760:    89513.125    89594.125    89630.725    89630.920    89630.901
   765:    89630.095    89930.902    91930.910    91932.613    93882.623
   770:    93883.713    94021.123    94058.123    94090.123    94104.123
   775:    94137.123    94170.123    94243.123    94277.123    94436.123
   780:    94516.123    94549.123    94583.123    94664.123    94697.123
   785:    94735.123    94772.123    94809.123    94885.123    94916.123
   790:    94954.123    94968.123    95006.123    95046.123    95088.123
   795:    95128.123    95210.123    95245.123    95278.123    95316.123
   800:    95393.123    95429.123    95464.123    95538.123    95572.123
   805:    95615.123    95655.123    95693.123    95728.123    95764.123
   810:    95843.723    95843.920    95843.901    95843.093    96143.902
   815:    98143.910    98145.615   101995.625   101996.715   102170.125
   820:   102205.125   102238.125   102281.125   102313.125   102347.125
   825:   102384.125   102416.125   102493.125   102564.125   102596.125
   830:   102642.125   102672.125   102774.125   103027.125   103059.125
   835:   103125.125   103193.125   103261.125   103342.125   103411.125
   840:   103504.125   103537.125   103571.125   103605.125   103676.125
   845:   103771.125   103802.125   103831.125   103901.125   103975.125
   850:   104048.125   104083.125   104120.125   104154.125   104225.125
   855:   104385.125   104421.125   104457.125   104496.125   104533.125
   860:   104619.125   104654.125   104767.125   104801.125   104837.125
   865:   104914.125   104951.125   104985.125   105020.125   105056.125
   870:   105090.125   105126.125   105166.125   105201.125   105314.125
   875:   105350.125   105385.125   105422.125   105460.125   105538.125
   880:   105683.125   105763.125   105802.125   105839.125   105916.725
   885:   105916.920   105916.901   105916.095   106216.902   108216.910
   890:   108218.611   109218.621   109219.711   109420.121   109453.121
   895:   109571.121   109607.121   109642.121   109678.121   109709.121
   900:   109744.121   109788.121   109829.121   109866.121   109906.121
   905:   109943.121   109983.121   110016.121   110056.121   110212.121
   910:   110247.721   110247.920   110247.901   110247.091   110547.902
   915:   112547.910   112549.613   114499.623   114500.713   114591.123
   920:   114624.123   114695.123   114730.123   114765.123   114798.123
   925:   114836.123   114984.123   115019.123   115054.123   115089.123
   930:   115126.123   115166.123   115199.123   115238.123   115319.123
   935:   115393.123   115426.123   115461.123   115578.123   115612.123
   940:   115648.123   115686.123   115722.123   115772.123   115808.123
   945:   115843.123   115883.123   115920.123   115959.123   116039.123
   950:   116074.123   116111.123   116148.123   116223.123   116261.123
   955:   116295.123   116335.123   116377.123   116416.123   116487.723
   960:   116487.920   116487.901   116487.093   116787.902   118787.910
   965:   118789.613   120739.623   120740.713   120873.123   120975.123
   970:   121117.123   121146.123   121180.123   121257.123   121292.123
   975:   121329.123   121368.123   121407.123   121443.123   121485.123
   980:   121519.123   121595.123   121637.123   121712.123   121748.123
   985:   121786.123   121828.123   121902.123   121935.123   122005.123
   990:   122044.123   122158.123   122235.123   122274.123   122310.123
   995:   122401.123   122516.123   122555.123   122600.123   122679.123
  1000:   122718.723   122718.920   122718.901   122718.093   123018.902
  1005:   125018.910   125020.615   128870.625   128871.715   129271.125
  1010:   129301.125   129336.125   129373.125   129553.125   129589.125
  1015:   129630.125   129867.125   129899.125   129968.125   130000.125
  1020:   130165.125   130197.125   130228.125   130262.125   130292.125
  1025:   130325.125   130363.125   130403.125   130437.125   130590.125
  1030:   130690.125   130727.125   130762.125   130798.125   130881.125
  1035:   130919.125   131005.125   131091.125   131129.125   131212.125
  1040:   131295.125   131330.125   131402.125   131441.125   131478.125
  1045:   131511.125   131583.125   131622.125   131709.125   131749.125
  1050:   131785.125   131822.125   131908.125   131944.125   131985.125
  1055:   132028.125   132107.125   132146.125   132187.125   132267.125
  1060:   132311.125   132347.125   132432.125   132516.125   132555.125
  1065:   132590.125   132631.125   132679.125   132716.125   132759.725
  1070:   132759.920   132759.901   132759.095   133059.902   135059.910
  1075:   135061.615   138911.625   138912.715   139105.125   139137.125
  1080:   139164.125   139365.125   139395.125   139562.125   139648.125
  1085:   139682.125   139716.125   139747.125   139782.125   139812.125
  1090:   139843.125   139881.125   139916.125   139946.125   140080.125
  1095:   140219.125   140255.125   140286.125   140319.125   140353.125
  1100:   140369.125   140400.125   140437.125   140477.125   140513.125
  1105:   140586.125   140656.125   140786.125   140821.125   140857.125
  1110:   140891.125   140924.125   140963.125   141034.125   141073.125
  1115:   141211.125   141303.125   141370.125   141442.125   141479.125
  1120:   141552.125   141588.125   141670.125   141703.125   141783.125
  1125:   141865.125   141902.125   141917.125   141952.125   142035.125
  1130:   142071.125   142157.125   142193.125   142274.125   142307.125
  1135:   142346.125   142424.125   142462.125   142496.125   142533.125
  1140:   142616.125   142649.125   142736.125   142819.725   142819.920
  1145:   142819.901   142819.095   143119.902   145119.910   145121.612
  1150:   146521.622   146522.712   146733.122   146769.122   146803.122
  1155:   146834.122   146870.122   146984.122   147087.122   147197.122
  1160:   147224.122   147257.122   147293.122   147335.122   147378.122
  1165:   147421.122   147495.122   147543.122   147576.122   147608.122
  1170:   147648.122   147688.122   147730.122   147743.122   147818.122
  1175:   147863.122   147945.722   147945.920   147945.901   147945.092
  1180:   148245.902   150245.910   150247.611   151247.621   151248.711
  1185:   151358.121   151395.121   151455.121   151487.121   151523.121
  1190:   151607.121   151648.121   151682.121   151760.121   151803.121
  1195:   151837.121   151874.121   151916.121   151950.121   151984.121
  1200:   152020.121   152059.121   152098.121   152139.121   152173.121
  1205:   152210.121   152247.121   152288.721   152288.920   152288.901
  1210:   152288.091   152588.902   154588.910   154590.614   157340.624
  1215:   157341.714   157424.124   157482.124   157517.124   157549.124
  1220:   157582.124   157614.124   157651.124   157720.124   157759.124
  1225:   157799.124   157830.124   157866.124   157898.124   157940.124
  1230:   157976.124   158010.124   158046.124   158082.124   158118.124
  1235:   158151.124   158193.124   158229.124   158239.124   158276.124
  1240:   158317.124   158388.124   158467.124   158501.124   158652.124
  1245:   158691.124   158726.124   158809.124   158845.124   158886.124
  1250:   158966.124   159006.124   159050.124   159134.124   159205.124
  1255:   159247.124   159317.124   159388.124   159423.124   159459.124
  1260:   159495.124   159533.124   159570.124   159608.124   159674.124
  1265:   159722.124   159767.124   159843.124   159878.124   159920.124
  1270:   160055.124   160102.724   160102.920   160102.901   160102.094
  1275:   160402.902   162402.910   162404.614   165154.624   165155.714
  1280:   165430.124   165468.124   166785.124   166816.124   166846.124
  1285:   166880.124   166909.124   166944.124   166976.124   167010.124
  1290:   167043.124   167077.124   167114.124   167252.124   167282.124
  1295:   167314.124   167326.124   167393.124   167427.124   167464.124
  1300:   167497.124   167573.124   167608.124   167737.124   167770.124
  1305:   167782.124   167818.124   167853.124   167863.124   167897.124
  1310:   167930.724   167930.920   167930.901   167930.094   168230.902
  1315:   170230.910   170232.614   172982.624   172983.714   173129.124
  1320:   173171.124   173202.124   173238.124   173272.124   173307.124
  1325:   173407.124   173435.124   173465.124   173527.124   173562.124
  1330:   173594.124   173627.124   173667.124   173709.124   173743.124
  1335:   173773.124   173809.124   173845.124   173918.124   173950.124
  1340:   174022.124   174052.124   174094.124   174126.124   174169.124
  1345:   174204.124   174244.124   174280.124   174357.124   174394.124
  1350:   174425.124   174496.124   174527.124   174563.124   174601.124
  1355:   174616.124   174648.124   174695.124   174728.124   174737.124
  1360:   174771.124   174838.124   174911.124   174949.124   174990.124
  1365:   175024.124   175058.124   175135.124   175171.124   175255.124
  1370:   175332.124   175371.124   175417.124   175450.124   175486.124
  1375:   175523.124   175566.124   175633.124   175671.124   175717.124
  1380:   175754.724   175754.920   175754.901   175754.094   176054.902
  1385:   178054.910   178056.612   179456.622   179457.712   179594.122
  1390:   179632.122   179665.122   179700.122   179736.122   179771.122
  1395:   179806.122   179876.122   179915.122   179949.122   179984.122
  1400:   180020.122   180058.122   180101.122   180137.122   180176.122
  1405:   180211.122   180254.122   180289.122   180324.122   180366.122
  1410:   180403.122   180442.122   180484.122   180566.122   180600.122
  1415:   180647.122   180686.122   180725.122   180769.122   180806.122
  1420:   180849.122   180890.722   180890.920   180890.901   180890.092
  1425:   181190.902   183190.910   183192.614   185942.624   185943.714
  1430:   186472.124   186541.124   186606.124   186636.124   186710.124
  1435:   186745.124   186781.124   186816.124   186853.124   186883.124
  1440:   186918.124   186954.124   187038.124   187100.124   187138.124
  1445:   187172.124   187215.124   187314.124   187342.124   187381.124
  1450:   187416.124   187459.124   187534.124   187575.124   187616.124
  1455:   187664.124   187706.124   187739.124   187776.124   187857.124
  1460:   187888.124   187935.124   187967.124   187996.124   188037.124
  1465:   188110.124   188151.124   188193.124   188267.124   188303.124
  1470:   188384.124   188415.124   188427.124   188507.124   188582.124
  1475:   188666.124   188754.724   188754.920   188754.901   188754.094
  1480:   189054.902   191054.910   191056.613   193006.623   193007.713
  1485:   193318.123   193351.123   193387.123   193418.123   193482.123
  1490:   193515.123   193587.123   193688.123   193724.123   193758.123
  1495:   193792.123   193900.123   193934.123   193976.123   194012.123
  1500:   194050.123   194085.123   194130.123   194170.123   194213.123
  1505:   194252.123   194290.123   194331.123   194372.123   194409.123
  1510:   194493.123   194534.123   194578.123   194699.123   194733.123
  1515:   194770.123   194848.123   194882.123   194967.723   194967.920
  1520:   194967.901   194967.093   195267.902   197267.910   197269.613
  1525:   199219.623   199220.713   199420.123   199456.123   199488.123
  1530:   199522.123   199550.123   199583.123   199616.123   199651.123
  1535:   199689.123   199725.123   199759.123   199867.123   199902.123
  1540:   199939.123   199980.123   200024.123   200056.123   200133.123
  1545:   200170.123   200214.123   200228.123   200344.123   200379.123
  1550:   200423.123   200462.123   200503.123   200544.123   200583.123
  1555:   200626.123   200663.123   200705.123   200742.123   200780.123
  1560:   200824.123   200872.123   200946.123   200981.123   201021.123
  1565:   201065.123   201145.123   201182.723   201182.920   201182.901
  1570:   201182.093   201482.902   203482.910   203484.615   207334.625
  1575:   207335.715   207419.125   207452.125   207538.125   207570.125
  1580:   207602.125   207633.125   207666.125   207677.125   207710.125
  1585:   207742.125   207816.125   207850.125   207877.125   207910.125
  1590:   207939.125   207970.125   208005.125   208042.125   208150.125
  1595:   208181.125   208245.125   208282.125   208375.125   208406.125
  1600:   208474.125   208509.125   208543.125   208577.125   208618.125
  1605:   208656.125   208703.125   208779.125   208815.125   208853.125
  1610:   208888.125   208961.125   209004.125   209042.125   209079.125
  1615:   209163.125   209203.125   209244.125   209291.125   209373.125
  1620:   209408.125   209448.125   209490.125   209536.125   209547.125
  1625:   209590.125   209627.125   209668.125   209791.125   209838.125
  1630:   209880.125   209924.125   209958.125   209999.125   210038.125
  1635:   210077.125   210119.125   210153.125   210194.125   210244.125
  1640:   210283.125   210365.125   210449.125   210487.125   210555.125
  1645:   210593.125   210641.125   210684.125   210725.125   210813.125
  1650:   210854.125   210897.125   210934.125   210980.125   211016.125
  1655:   211139.125   211259.725   211259.920   211259.901   211259.095
  1660:   211559.902   213559.910   213561.613   215511.623   215512.713
  1665:   215737.123   215801.123   215834.123   215866.123   215897.123
  1670:   215931.123   215961.123   216040.123   216076.123   216142.123
  1675:   216170.123   216204.123   216235.123   216269.123   216304.123
  1680:   216345.123   216416.123   216450.123   216518.123   216547.123
  1685:   216596.123   216745.123   216773.123   216808.123   216854.123
  1690:   216891.123   216922.123   216959.123   216991.123   217027.123
  1695:   217067.123   217102.123   217144.123   217219.123   217252.123
  1700:   217291.123   217446.123   217566.723   217566.920   217566.901
  1705:   217566.093   217866.902   219866.910   219868.613   221818.623
  1710:   221819.713   221953.123   222095.123   222129.123   222165.123
  1715:   222201.123   222235.123   222270.123   222304.123   222339.123
  1720:   222374.123   222407.123   222450.123   222488.123   222525.123
  1725:   222564.123   222604.123   222644.123   222721.123   222756.123
  1730:   222834.123   222871.123   222910.123   222952.123   222992.123
  1735:   223035.123   223077.123   223117.123   223154.123   223192.123
  1740:   223235.123   223280.123   223320.123   223369.123   223408.123
  1745:   223448.123   223490.123   223530.123   223571.123   223613.123
  1750:   223716.123   223759.123   223839.723   223839.920   223839.901
  1755:   223839.093   224139.902   226139.910   226141.613   228091.623
  1760:   228092.713   229021.123   229055.123   229094.123   229123.123
  1765:   229156.123   229215.123   229248.123   229282.123   229319.123
  1770:   229352.123   229385.123   229396.123   229428.123   229461.123
  1775:   229543.123   229570.123   229677.123   229707.123   229738.123
  1780:   229802.123   229834.123   229867.123   229903.123   229946.123
  1785:   230013.123   230060.723   230060.920   230060.901   230060.093
  1790:   230360.902   232360.910   232362.613   234312.623   234313.713
  1795:   234457.123   234486.123   234518.123   234557.123   234631.123
  1800:   234672.123   234707.123   234737.123   234804.123   234881.123
  1805:   234967.123   235025.123   235105.123   235138.123   235173.123
  1810:   235206.123   235242.123   235316.123   235349.123   235418.123
  1815:   235457.123   235494.123   235568.123   235608.123   235650.123
  1820:   235688.123   235701.123   235735.123   235814.123   235848.123
  1825:   235885.123   235961.123   235996.123   236029.123   236064.123
  1830:   236102.123   236144.123   236186.123   236221.123   236291.723
  1835:   236291.920   236291.901   236291.093   236591.902   238591.910
  1840:   238593.612   239993.622   239994.712   240181.122   240255.122
  1845:   240427.122   240459.122   240493.122   240556.122   240586.122
  1850:   240656.122   240693.122   240731.122   240762.122   240799.122
  1855:   240835.122   240871.122   240905.122   240946.122   240983.122
  1860:   241058.122   241096.122   241133.122   241278.122   241315.122
  1865:   241354.122   241395.722   241395.920   241395.901   241395.092
  1870:   241695.902   243695.910   243697.615   247547.625   247548.715
  1875:   247882.125   247919.125   247952.125   248023.125   248048.125
  1880:   248060.125   248092.125   248126.125   248159.125   248192.125
  1885:   248227.125   248263.125   248298.125   248343.125   248375.125
  1890:   248441.125   248476.125   248505.125   248516.125   248553.125
  1895:   248589.125   248666.125   248702.125   248772.125   248876.125
  1900:   248911.125   248986.125   249019.125   249056.125   249133.125
  1905:   249173.125   249252.125   249289.125   249330.125   249367.125
  1910:   249407.125   249447.125   249485.125   249563.125   249603.125
  1915:   249681.125   249756.125   249789.125   249872.125   249907.125
  1920:   249951.125   249994.125   250035.125   250111.125   250149.125
  1925:   250183.125   250219.125   250260.125   250340.125   250377.125
  1930:   250411.125   250451.125   250522.125   250562.125   250647.125
  1935:   250719.125   250767.125   250805.125   250881.125   250917.125
  1940:   250956.125   250995.125   251030.125   251136.125   251178.125
  1945:   251219.125   251260.125   251298.125   251337.125   251405.725
  1950:   251405.920   251405.901   251405.095   251705.902   253705.910
  1955:   253707.614   256457.624   256458.714   257139.124   257172.124
  1960:   257231.124   257289.124   257562.124   257602.124   257641.124
  1965:   257712.124   257744.124   257774.124   257815.124   257851.124
  1970:   257886.124   258069.124   258152.124   258224.124   258304.124
  1975:   258346.124   258423.124   258467.124   258506.124   258545.124
  1980:   258661.124   258698.124   258771.124   258884.124   258919.124
  1985:   258960.124   259039.124   259112.124   259149.124   259202.124
  1990:   259239.724   259239.920   259239.901   259239.094   259539.902
  1995:   261539.910   261541.614   264291.624   264292.714   264881.124
  2000:   265016.124   265048.124   265131.124   265199.124   265230.124
  2005:   265269.124   265310.124   265346.124   265379.124   265504.124
  2010:   265540.124   265573.124   265606.124   265641.124   265672.124
  2015:   265708.124   265788.124   265851.124   265881.124   265918.124
  2020:   265953.124   265993.124   266042.124   266077.124   266111.124
  2025:   266153.124   266189.124   266224.124   266303.124   266343.124
  2030:   266384.124   266464.124   266544.124   266577.124   266619.124
  2035:   266660.124   266737.124   266772.124   266805.124   266843.124
  2040:   266934.124   266969.124   267008.124   267091.724   267091.920
  2045:   267091.901   267091.094   267391.902   269391.910   269393.614
  2050:   269548.114   272143.624   272144.714   272391.124   272468.124
  2055:   272630.124   272659.124   272690.124   272719.124   272753.124
  2060:   272825.124   272856.124   272884.124   272921.124   272955.124
  2065:   273070.124   273107.124   273138.124   273169.124   273203.124
  2070:   273238.124   273271.124   273338.124   273369.124   273406.124
  2075:   273442.124   273514.124   273574.124   273616.124   273664.124
  2080:   273704.124   273739.124   273773.124   273815.124   273963.124
  2085:   273997.124   274077.124   274112.124   274149.124   274193.124
  2090:   274279.124   274315.124   274356.124   274395.124   274430.124
  2095:   274470.124   274511.124   274544.124   274584.124   274619.124
  2100:   274660.124   274696.124   274731.124   274778.124   274823.124
  2105:   274867.124   274915.724   274915.920   274915.901   274915.094
  2110:   275215.902   277215.910   277217.615   281067.625   281068.715
  2115:   281353.125   281465.125   281554.125   281642.125   281688.125
  2120:   281863.125   281894.125   281921.125   281958.125   281996.125
  2125:   282040.125   282085.125   282116.125   282195.125   282238.125
  2130:   282278.125   282321.125   282361.125   282402.125   282438.125
  2135:   282518.125   282558.125   282592.125   282638.125   282675.125
  2140:   282719.125   282757.125   282838.125   282920.125   282963.125
  2145:   283052.125   283092.125   283133.125   283177.125   283219.125
  2150:   283268.125   283350.125   283393.125   283434.125   283472.125
  2155:   283512.125   283551.125   283595.125   283634.125   283676.125
  2160:   283718.125   283760.125   283802.125   283891.125   283929.125
  2165:   283973.125   284017.125   284105.125   284150.125   284227.125
  2170:   284270.125   284350.125   284391.125   284468.125   284506.125
  2175:   284588.125   284671.125   284791.125   284833.125   284921.725
  2180:   284921.920   284921.901   284921.095   285221.902   287221.910
  2185:   287223.612   288623.622   288624.712   288810.122   288841.122
  2190:   288872.122   288905.122   288942.122   289008.122   289044.122
  2195:   289082.122   289120.122   289157.122   289281.122   289319.122
  2200:   289358.122   289395.122   289482.122   289519.122   289558.122
  2205:   289597.122   289642.122   289680.122   289715.122   289762.122
  2210:   289800.122   289838.122   289879.122   289921.122   289967.122
  2215:   290008.122   290049.722   290049.920   290049.901   290049.092
  2220:   290349.902   292349.910   292351.615   296201.625   296202.715
  2225:   296352.125   296531.125   296798.125   297068.125   297103.125
  2230:   297136.125   297166.125   297197.125   297232.125   297262.125
  2235:   297294.125   297329.125   297361.125   297400.125   297609.125
  2240:   297786.125   297817.125   297851.125   297882.125   297917.125
  2245:   297949.125   297982.125   297997.125   298060.125   298100.125
  2250:   298134.125   298173.125   298205.125   298365.125   298400.125
  2255:   298433.125   298470.125   298483.125   298526.125   298558.125
  2260:   298675.125   298714.125   298787.125   298821.125   298863.125
  2265:   298930.125   298977.125   299077.125   299152.125   299235.125
  2270:   299274.125   299341.125   299416.125   299454.125   299532.125
  2275:   299569.125   299709.125   299786.125   299820.125   299859.125
  2280:   299896.125   299930.125   300009.125   300051.125   300124.725
  2285:   300124.920   300124.901   300124.095   300424.902   302424.910
  2290:   302426.612   303826.622   303827.712   304011.122   304045.122
  2295:   304075.122   304143.122   304173.122   304205.122   304237.122
  2300:   304270.122   304309.122   304379.122   304447.122   304479.122
  2305:   304516.122   304549.122   304586.122   304623.122   304659.122
  2310:   304696.122   304734.122   304773.122   304810.122   304883.122
  2315:   304958.122   304990.122   305028.122   305060.122   305097.122
  2320:   305177.122   305212.122   305253.722   305253.920   305253.901
  2325:   305253.092   305553.902   307553.910   307555.612   308955.622
  2330:   308956.712   309120.122   309156.122   309189.122   309225.122
  2335:   309256.122   309325.122   309357.122   309395.122   309429.122
  2340:   309466.122   309498.122   309535.122   309606.122   309643.122
  2345:   309713.122   309747.122   309779.122   309814.122   309854.122
  2350:   309892.122   309927.122   309964.122   309998.122   310078.122
  2355:   310113.122   310187.122   310223.122   310257.122   310297.122
  2360:   310339.122   310377.722   310377.920   310377.901   310377.092
  2365:   310677.902   312677.910   312679.614   315429.624   315430.714
  2370:   316157.124   316735.124   316764.124   316838.124   316867.124
  2375:   316902.124   316935.124   316972.124   317004.124   317032.124
  2380:   317045.124   317077.124   317109.124   317182.124   317273.124
  2385:   317305.124   317348.124   317408.124   317441.124   317507.124
  2390:   317539.124   317574.124   317644.124   317679.124   317750.124
  2395:   317784.124   317825.124   317855.124   317934.124   317970.124
  2400:   318013.124   318138.124   318177.124   318254.724   318254.920
  2405:   318254.901   318254.094   318554.902   320554.910   320556.614
  2410:   323306.624   323307.714   323841.124   323879.124   323976.124
  2415:   324008.124   324047.124   324365.124   324392.124   324420.124
  2420:   324453.124   324480.124   324512.124   324543.124   324576.124
  2425:   324586.124   324619.124   324651.124   324683.124   324719.124
  2430:   324752.124   324787.124   324821.124   324860.124   324895.124
  2435:   325075.124   325112.124   325186.124   325259.124   325295.124
  2440:   325330.124   325344.124   325382.124   325417.124   325453.124
  2445:   325531.124   325570.124   325607.124   325641.124   325680.124
  2450:   325754.124   325788.124   325825.124   325939.124   325971.124
  2455:   326004.124   326083.724   326083.920   326083.901   326083.094
  2460:   326383.902   328383.910   328385.615   332235.625   332236.715
  2465:   332305.125   332339.125   332380.125   332410.125   332439.125
  2470:   332474.125   332508.125   332540.125   332575.125   332610.125
  2475:   332643.125   332709.125   332739.125   332809.125   332843.125
  2480:   332937.125   333037.125   333067.125   333097.125   333132.125
  2485:   333163.125   333228.125   333260.125   333336.125   333364.125
  2490:   333399.125   333501.125   333574.125   333649.125   333689.125
  2495:   333757.125   333791.125   333865.125   333898.125   333933.125
  2500:   334029.125   334063.125   334101.125   334166.125   334208.125
  2505:   334240.125   334273.125   334350.125   334384.125   334420.125
  2510:   334498.125   334531.125   334568.125   334691.125   334724.125
  2515:   334802.125   334841.125   334919.125   334957.125   334995.125
  2520:   335074.125   335116.125   335151.125   335188.125   335301.125
  2525:   335342.125   335349.125   335388.125   335458.125   335494.125
  2530:   335534.125   335599.125   335676.125   335761.125   335803.125
  2535:   335840.125   335916.125   335995.125   336073.125   336190.725
  2540:   336190.920   336190.901   336190.095   336490.902   338490.910
  2545:   338492.611   339492.621   339493.711   339594.121   339666.121
  2550:   339700.121   339736.121   339773.121   339807.121   339843.121
  2555:   339888.121   339961.121   340039.121   340082.121   340117.121
  2560:   340156.121   340194.121   340232.121   340271.121   340307.121
  2565:   340342.121   340376.121   340420.121   340455.121   340494.721
  2570:   340494.920   340494.901   340494.091   340794.902   342794.910
  2575:   342796.615   346646.625   346647.715   347040.125   347076.125
  2580:   347111.125   348120.125   348150.125   348180.125   348210.125
  2585:   348248.125   348282.125   348319.125   348353.125   348422.125
  2590:   348461.125   348533.125   348562.125   348598.125   348637.125
  2595:   348677.125   348816.125   348851.125   348888.125   348931.125
  2600:   348966.125   349054.125   349087.125   349121.125   349159.125
  2605:   349197.125   349236.125   349277.125   349286.125   349319.125
  2610:   349362.125   349405.125   349440.125   349483.125   349521.125
  2615:   349562.125   349601.125   349646.125   349683.125   349731.125
  2620:   349773.125   349806.125   349892.125   349929.125   349966.125
  2625:   350006.125   350095.125   350135.125   350218.125   350254.125
  2630:   350334.125   350417.125   350458.125   350498.725   350498.920
  2635:   350498.901   350498.095   350798.902   352798.910   352800.614
  2640:   355550.624   355551.714   356510.124   356557.124   356592.124
  2645:   356628.124   356663.124   356898.124   356932.124   356964.124
  2650:   357002.124   357104.124   357172.124   357205.124   357236.124
  2655:   357268.124   357300.124   357338.124   357375.124   357408.124
  2660:   357446.124   357542.124   357658.124   357693.124   357757.124
  2665:   357793.124   357831.124   357980.124   358018.124   358063.124
  2670:   358105.124   358143.124   358182.124   358224.124   358262.124
  2675:   358310.724   358310.920   358310.901   358310.094   358610.902
  2680:   360610.910   360612.615   364462.625   364463.715   364856.125
  2685:   364900.125   364948.125   364993.125   365068.125   365113.125
  2690:   365389.125   365421.125   365454.125   365489.125   365519.125
  2695:   365554.125   365589.125   365632.125   365703.125   365736.125
  2700:   365774.125   365813.125   365848.125   365921.125   365954.125
  2705:   365988.125   366025.125   366065.125   366105.125   366138.125
  2710:   366257.125   366297.125   366337.125   366375.125   366423.125
  2715:   366459.125   366499.125   366584.125   366627.125   366672.125
  2720:   366709.125   366747.125   366786.125   366830.125   366874.125
  2725:   366916.125   366954.125   366999.125   367038.125   367080.125
  2730:   367125.125   367165.125   367209.125   367244.125   367286.125
  2735:   367330.125   367371.125   367457.125   367496.125   367541.125
  2740:   367579.125   367617.125   367658.125   367697.125   367741.125
  2745:   367826.125   367865.125   367914.125   367960.125   368003.125
  2750:   368047.125   368088.125   368178.125   368216.125   368255.125
  2755:   368291.125   368332.725   368332.920   368332.901   368332.095
  2760:   368632.902   370632.910   370634.612   372034.622   372035.712
  2765:   372133.122   372213.122   372247.122   372281.122   372318.122
  2770:   372352.122   372388.122   372424.122   372495.122   372533.122
  2775:   372570.122   372618.122   372653.122   372690.122   372725.122
  2780:   372763.122   372801.122   372843.122   372882.122   372920.122
  2785:   372960.122   373006.122   373043.122   373083.122   373122.122
  2790:   373162.122   373198.122   373238.122   373282.122   373319.122
  2795:   373360.122   373404.122   373442.722   373442.920   373442.901
  2800:   373442.092   373742.902   375742.910   375744.613   377694.623
  2805:   377695.713   377912.123   377943.123   377989.123   378032.123
  2810:   378067.123   378102.123   378134.123   378168.123   378205.123
  2815:   378239.123   378277.123   378316.123   378353.123   378391.123
  2820:   378425.123   378466.123   378503.123   378540.123   378578.123
  2825:   378621.123   378652.123   378692.123   378738.123   378773.123
  2830:   378814.123   378852.123   378891.123   378964.123   379000.123
  2835:   379054.123   379090.123   379131.123   379169.123   379208.123
  2840:   379247.123   379333.123   379372.123   379409.123   379448.123
  2845:   379491.123   379535.123   379571.123   379611.123   379646.723
  2850:   379646.920   379646.901   379646.093   379946.902   381946.910
  2855:   381948.615   385798.625   385799.715   386954.125   386986.125
  2860:   387022.125   387059.125   387098.125   387137.125   387179.125
  2865:   387255.125   387290.125   387324.125   387366.125   387400.125
  2870:   387413.125   387450.125   387523.125   387561.125   387639.125
  2875:   387675.125   387818.125   387851.125   387888.125   387926.125
  2880:   388040.125   388075.125   388113.125   388148.125   388221.125
  2885:   388338.125   388371.125   388380.125   388417.125   388454.125
  2890:   388490.125   388531.125   388571.125   388610.125   388652.125
  2895:   388689.125   388738.125   388818.125   388856.125   388893.125
  2900:   388930.125   388967.125   389007.125   389049.125   389088.125
  2905:   389128.125   389216.125   389256.125   389293.125   389335.125
  2910:   389378.125   389468.125   389510.125   389549.125   389589.125
  2915:   389629.125   389700.725   389700.920   389700.901   389700.095
  2920:   390000.902   392000.910   392002.611   393002.621   393003.711
  2925:   393117.121   393157.121   393198.121   393237.121   393273.121
  2930:   393311.121   393349.121   393384.121   393421.121   393458.121
  2935:   393536.121   393573.121   393653.121   393689.121   393736.121
  2940:   393775.121   393818.121   393853.121   393888.121   393933.121
  2945:   393969.121   394011.721   394011.920   394011.901   394011.091
  2950:   394311.902   396311.910   396313.611   397313.621   397314.711
  2955:   397397.121   397431.121   397473.121   397511.121   397547.121
  2960:   397588.121   397625.121   397665.121   397702.121   397741.121
  2965:   397815.121   397852.121   397891.121   397930.121   397967.121
  2970:   398006.121   398046.121   398085.121   398130.121   398138.121
  2975:   398172.121   398206.121   398241.121   398279.121   398315.721
  2980:   398315.920   398315.901   398315.091   398615.902   400615.910
  2985:   400617.612   402017.622   402018.712   402126.122   402202.122
  2990:   402234.122   402267.122   402300.122   402372.122   402443.122
  2995:   402475.122   402553.122   402633.122   402670.122   402712.122
  3000:   402746.122   402783.122   402819.122   402859.122   402901.122
  3005:   402936.122   402974.122   403011.122   403051.122   403087.122
  3010:   403125.122   403160.122   403197.122   403235.122   403272.122
  3015:   403311.122   403347.122   403385.122   403426.722   403426.920
  3020:   403426.901   403426.092   403726.902   405726.910   405728.613
  3025:   407678.623   407679.713   408021.123   408762.123   408796.123
  3030:   408830.123   408863.123   408909.123   409152.123   409185.123
  3035:   409219.123   409253.123   409287.123   409320.123   409360.123
  3040:   409396.123   409434.123   409469.123   409552.123   409595.123
  3045:   409630.723   409630.920   409630.901   409630.093   409930.902
  3050:   411930.910   411932.613   413882.623   413883.713   414329.123
  3055:   414372.123   414411.123   414443.123   414477.123   414518.123
  3060:   414552.123   414581.123   414630.123   414666.123   414699.123
  3065:   414730.123   414767.123   414779.123   414813.123   414887.123
  3070:   414925.123   415008.123   415044.123   415087.123   415122.123
  3075:   415159.123   415194.123   415233.123   415270.123   415313.123
  3080:   415356.123   415394.123   415432.123   415470.123   415525.123
  3085:   415562.123   415664.123   415737.123   415778.123   415813.123
  3090:   415851.723   415851.920   415851.901   415851.093   416151.902
  3095:   418151.910   418153.611   419153.621   419154.711   419436.121
  3100:   419469.121   419500.121   419534.121   419571.121   419605.121
  3105:   419644.121   419682.121   419716.121   419755.121   419790.121
  3110:   419914.121   419953.121   419989.121   420024.121   420060.121
  3115:   420093.121   420129.121   420165.721   420165.920   420165.901
  3120:   420165.091   420465.902   422465.910   422467.611   423467.621
  3125:   423468.711   423657.121   423694.121   423729.121   423764.121
  3130:   423802.121   423839.121   423875.121   423914.121   423950.121
  3135:   423987.121   424028.121   424069.121   424103.121   424138.121
  3140:   424254.121   424290.121   424325.121   424359.121   424397.121
  3145:   424434.121   424475.721   424475.920   424475.901   424475.091
  3150:   424775.902   426775.910   426777.611   427777.621   427778.711
  3155:   427861.121   427897.121   427970.121   428003.121   428037.121
  3160:   428076.121   428146.121   428180.121   428218.121   428254.121
  3165:   428287.121   428297.121   428330.121   428364.121   428402.121
  3170:   428438.121   428477.121   428512.121   428548.121   428585.121
  3175:   428622.121   428661.121   428706.121   428745.121   428790.721
  3180:   428790.920   428790.901   428790.091   429090.902   431090.910
  3185:   431092.611   432092.621   432093.711   432438.121   432473.121
  3190:   432508.121   432541.121   432581.121   432617.121   432653.121
  3195:   432689.121   432727.121   432758.121   432793.121   432829.121
  3200:   432863.121   432905.121   432984.121   433020.121   433033.121
  3205:   433067.121   433105.721   433105.920   433105.901   433105.091
  3210:   433405.902   435405.910   435407.612   436807.622   436808.712
  3215:   436889.122   436925.122   436959.122   437002.122   437040.122
  3220:   437054.122   437088.122   437126.122   437160.122   437196.122
  3225:   437230.122   437265.122   437301.122   437335.122   437370.122
  3230:   437405.122   437441.122   437483.122   437517.122   437554.122
  3235:   437588.122   437624.122   437663.122   437698.122   437738.122
  3240:   437776.122   437814.122   437852.122   437895.122   437936.122
  3245:   438014.122   438050.122   438059.122   438097.122   438132.122
  3250:   438172.122   438241.722   438241.920   438241.901   438241.092
  3255:   438541.902   440541.910   440543.611   441543.621   441544.711
  3260:   442413.121   442500.121   442532.121   442567.721   442567.920
  3265:   442567.901   442567.091   442867.902   444867.910   444869.612
  3270:   446269.622   446270.712   446387.122   446421.122   446458.122
  3275:   446497.122   446564.122   446599.122   446704.122   446778.122
  3280:   446810.122   446850.122   446884.122   446896.122   446930.122
  3285:   446965.122   447006.122   447040.122   447074.122   447107.122
  3290:   447143.122   447216.122   447296.122   447344.122   447378.122
  3295:   447414.122   447458.122   447625.122   447665.122   447702.722
  3300:   447702.920   447702.901   447702.092   448002.902   450002.910
  3305:   450004.612   451404.622   451405.712   451534.122   451571.122
  3310:   451612.122   451649.122   451691.122   451733.122   451814.122
  3315:   451927.122   451959.122   451990.122   452026.122   452038.122
  3320:   452072.122   452107.122   452141.122   452177.122   452216.122
  3325:   452257.122   452291.122   452326.122   452362.122   452398.122
  3330:   452437.122   452471.122   452507.122   452544.122   452583.122
  3335:   452623.122   452679.122   452716.122   452783.122   452862.722
  3340:   452862.920   452862.901   452862.092   453162.902   455162.910
  3345:   455164.615   459014.625   459015.715   461517.125   461953.125
  3350:   462133.125   462166.125   462212.125   463507.725   463507.920
  3355:   463507.901   463507.095   463807.902   465807.910   465809.612
  3360:   467209.622   467210.712   467724.122   467863.122   467898.122
  3365:   467993.122   468054.122   468087.122   468119.122   468151.122
  3370:   468185.122   468219.122   468290.122   468322.122   468354.122
  3375:   468394.122   468435.122   468467.122   468497.122   468532.122
  3380:   468563.122   468600.122   468632.722   468632.920   468632.901
  3385:   468632.092   468932.902   470932.910   470934.614   473684.624
  3390:   473685.714   473872.124   473899.124   473931.124   473968.124
  3395:   473982.124   474013.124   474048.124   474082.124   474120.124
  3400:   474226.124   474257.124   474348.124   474379.124   474446.124
  3405:   474548.124   474623.124   474660.124   474691.124   474722.124
  3410:   474754.124   474785.124   474862.124   474899.124   474932.124
  3415:   474964.124   475036.124   475071.124   475104.124   475202.124
  3420:   475243.124   475277.124   475319.124   475357.124   475398.124
  3425:   475480.124   475521.124   475560.124   475638.124   475678.124
  3430:   475779.124   475813.124   475891.124   475925.124   475959.124
  3435:   475996.124   476029.124   476171.124   476205.124   476311.124
  3440:   476389.124   476426.124   476464.724   476464.920   476464.901
  3445:   476464.094   476764.902   478764.910   478766.613   480716.623
  3450:   480717.713   481508.123   481536.123   481602.123   481636.123
  3455:   481668.123   481767.123   481798.123   481825.123   481858.123
  3460:   481956.123   481986.123   482025.123   482058.123   482091.123
  3465:   482126.123   482159.123   482191.123   482228.123   482259.123
  3470:   482293.123   482330.123   482364.123   482400.123   482436.123
  3475:   482474.123   482550.123   482592.123   482628.123   482662.123
  3480:   482698.723   482698.920   482698.901   482698.093   482998.902
  3485:   484998.910   485000.612   486400.622   486401.712   486629.122
  3490:   486660.122   486692.122   486730.122   486765.122   486795.122
  3495:   486831.122   486860.122   486894.122   486929.122   486966.122
  3500:   487031.122   487070.122   487146.122   487184.122   487218.122
  3505:   487256.122   487333.122   487366.122   487400.122   487435.122
  3510:   487472.122   487506.122   487589.122   487623.122   487657.122
  3515:   487692.122   487730.122   487768.122   487809.722   487809.920
  3520:   487809.901   487809.092   488109.902   490109.910   490111.611
  3525:   491111.621   491112.711   491278.121   491307.121   491343.121
  3530:   491375.121   491408.121   491442.121   491473.121   491538.121
  3535:   491572.121   491603.121   491633.121   491663.121   491698.121
  3540:   491762.121   491799.121   491831.121   491868.121   491902.121
  3545:   491931.121   492002.121   492037.121   492070.121   492103.121
  3550:   492138.721   492138.920   492138.901   492138.091   492438.902
  3555:   494438.910   494440.615   498290.625   498291.715   498638.125
  3560:   498670.125   498712.125   498746.125   498778.125   498809.125
  3565:   498841.125   498947.125   498982.125   499013.125   499079.125
  3570:   499195.125   499225.125   499256.125   499294.125   499395.125
  3575:   499424.125   499460.125   499493.125   499523.125   499592.125
  3580:   499624.125   499665.125   499701.125   499738.125   499775.125
  3585:   499809.125   499850.125   499886.125   499920.125   499952.125
  3590:   500022.125   500059.125   500093.125   500158.125   500192.125
  3595:   500225.125   500261.125   500297.125   500331.125   500367.125
  3600:   500429.125   500464.125   500601.125   500638.125   500737.125
  3605:   500772.125   500848.125   500923.125   500979.125   500989.125
  3610:   501021.125   501093.125   501132.125   501168.125   501319.125
  3615:   501353.125   501387.125   501522.125   501595.125   501635.125
  3620:   501712.125   501788.125   501831.125   501872.125   501952.125
  3625:   501991.125   502070.125   502109.125   502230.725   502230.920
  3630:   502230.901   502230.095   502530.902   502530.902   502530.005
  3635:   502530.006   502530.007   502530.020
D:
     0:        0.000        0.000        0.000        0.000        0.000
     5:        0.000        0.000        0.000        0.000        0.000
    10:        0.000        0.000        0.000        0.000        0.000
    15:        0.000        0.000        0.000        0.000        0.000
    20:        0.000        0.000        0.000        0.000        0.000
    25:        0.000        0.000        0.000        0.000        0.000
    30:        0.000        0.000        0.000        0.000        0.000
    35:        0.000
F:
     0:       10.000       14.000       19.500       27.500       38.500
     5:       10.000       14.000       19.500       27.500       38.500
    10:       10.000       14.000       19.500       27.500       38.500
    15:       10.000       14.000       19.500       27.500       38.500
    20:       10.000       14.000       19.500       27.500       38.500
    25:       10.000       14.000       19.500       27.500       38.500
    30:       10.000       14.000       19.500       27.500       38.500
    35:       10.000       14.000       19.500       27.500       38.500
    40:       10.000       14.000       19.500       27.500       38.500
    45:       10.000       14.000       19.500       27.500       38.500
    50:       10.000       14.000       19.500       27.500       38.500
    55:       10.000       14.000       19.500       27.500       38.500
    60:       10.000       14.000       19.500       27.500       38.500
    65:       10.000       14.000       19.500       27.500       38.500
    70:       10.000       14.000       19.500       27.500       38.500
I:
     0:       75.000        0.000        0.000
M:
     0:       15.000       15.000       15.000       15.000       15.000
     5:        0.000        0.000        0.000        0.000        0.000
    10:        0.000
N:
     0:       15.000       15.000       15.000       15.000       15.000
     5:        0.000
Q:
     0:       15.000       15.000       15.000       15.000       15.000
     5:        0.000
V:
     0:        0.000        0.000        0.000        1.000        0.000
     5:      314.000      448.000      562.000      737.000      970.000
    10:        0.000        0.000        0.000        0.000        0.000
    15:        0.000
