File: C:\MED-PC IV\DATA\ENTR_IF23P875


Start Date: 07/28/17
End Date: 07/28/17
Subject: P875
Experiment: ENTRENAMIENTO
Group: 0
Box: 8
Start Time: 10:32:32
End Time: 11:56:11
MSN: ENTRENAMIFs
B:       0.000
C:       0.000
E:    4094.000
G:      19.500
H:    1950.000
J:       0.000
K:       0.000
L:       0.000
O:       0.000
P:       0.000
R:       0.000
S:       0.000
T:  501579.000
U:       0.000
W:       0.000
X:       0.000
Y:       0.000
Z:       0.000
A:
     0:        0.010      500.910      502.614     3252.624     3253.714
     5:     4079.124     4235.124     4359.124     4396.124     4423.124
    10:     4461.124     4579.124     4615.124     4684.124     4783.124
    15:     4816.124     4843.124     4936.124     4971.124     5005.124
    20:     5105.124     5137.124     5166.124     5195.124     5229.124
    25:     5256.124     5395.124     5425.124     5453.124     5484.124
    30:     5511.124     5543.124     5570.124     5602.124     5631.124
    35:     5660.124     5692.124     5721.124     5753.124     5780.124
    40:     5809.124     5838.124     5873.124     5903.124     5930.124
    45:     5959.124     5991.124     6004.724     6004.920     6004.901
    50:     6004.094     6304.902     8304.910     8306.612     9706.622
    55:     9707.712     9846.122     9882.122     9921.122     9957.122
    60:     9993.122    10025.122    10065.122    10100.122    10143.122
    65:    10229.122    10294.122    10324.122    10347.122    10376.122
    70:    10406.122    10439.122    10465.122    10498.122    10526.122
    75:    10559.122    10587.122    10622.122    10647.122    10681.122
    80:    10707.122    10738.122    10767.122    10802.122    10836.122
    85:    10865.122    10898.122    10923.122    10957.122    10986.122
    90:    11020.122    11056.122    11085.122    11117.722    11117.920
    95:    11117.901    11117.092    11417.902    13417.910    13419.613
   100:    15369.623    15370.713    15544.123    15579.123    15616.123
   105:    15654.123    15729.123    15765.123    15799.123    15832.123
   110:    15868.123    15906.123    15936.123    15974.123    16004.123
   115:    16038.123    16065.123    16101.123    16126.123    16159.123
   120:    16186.123    16220.123    16250.123    16277.123    16311.123
   125:    16336.123    16369.123    16397.123    16436.123    16478.123
   130:    16506.123    16540.123    16567.123    16601.123    16629.123
   135:    16661.123    16687.123    16721.123    16792.123    16819.123
   140:    16879.123    16917.123    16944.123    16976.123    17002.123
   145:    17036.123    17061.123    17121.123    17154.123    17181.123
   150:    17215.123    17241.123    17279.123    17304.123    17343.723
   155:    17343.920    17343.901    17343.093    17643.902    19643.910
   160:    19645.613    21595.623    21596.713    21736.123    21811.123
   165:    21852.123    21880.123    21949.123    21981.123    22017.123
   170:    22053.123    22083.123    22148.123    22183.123    22211.123
   175:    22250.123    22286.123    22316.123    22348.123    22377.123
   180:    22416.123    22446.123    22478.123    22504.123    22541.123
   185:    22570.123    22599.123    22634.123    22663.123    22706.123
   190:    22741.123    22780.123    22822.123    22853.123    22880.123
   195:    22907.123    22942.123    22969.123    22995.123    23031.123
   200:    23057.123    23121.123    23153.123    23178.123    23214.123
   205:    23240.123    23295.123    23328.123    23350.123    23387.123
   210:    23424.123    23453.123    23488.123    23514.123    23543.123
   215:    23568.723    23568.920    23568.901    23568.093    23868.902
   220:    25868.910    25870.613    27820.623    27821.713    29198.123
   225:    29234.123    29266.123    29329.123    29395.123    29425.123
   230:    29457.123    29493.123    29526.123    29555.123    29593.123
   235:    29689.123    29719.123    29747.123    29780.723    29780.920
   240:    29780.901    29780.093    30080.902    32080.910    32082.615
   245:    35932.625    35933.715    36188.125    36220.125    36254.125
   250:    36282.125    36317.125    36351.125    36384.125    36413.125
   255:    36445.125    36480.125    36517.125    36592.125    36622.125
   260:    36655.125    36744.125    36803.125    36828.125    36862.125
   265:    36891.125    36986.125    37018.125    37047.125    37119.125
   270:    37152.125    37182.125    37211.125    37271.125    37307.125
   275:    37332.125    37371.125    37399.125    37432.125    37477.125
   280:    37504.125    37538.125    37569.125    37636.125    37670.125
   285:    37701.125    37736.125    37763.125    37792.125    37828.125
   290:    37864.125    37893.125    37930.125    37958.125    37994.125
   295:    38021.125    38055.125    38082.125    38118.125    38146.125
   300:    38184.125    38219.125    38246.125    38286.125    38315.125
   305:    38355.125    38385.125    38421.125    38448.125    38482.125
   310:    38511.125    38570.125    38606.125    38634.125    38668.125
   315:    38735.125    38761.125    38824.125    38862.125    38950.125
   320:    38987.125    39014.125    39048.125    39076.125    39113.125
   325:    39127.125    39158.125    39187.125    39218.125    39248.125
   330:    39281.125    39297.125    39326.125    39354.125    39405.125
   335:    39441.125    39468.125    39503.125    39528.125    39562.125
   340:    39588.125    39625.125    39652.125    39687.125    39714.125
   345:    39752.125    39777.125    39811.725    39811.920    39811.901
   350:    39811.095    40111.902    42111.910    42113.614    44863.624
   355:    44864.714    45551.124    45589.124    45625.124    45658.124
   360:    45693.124    45729.124    45845.124    45882.124    45993.124
   365:    46022.124    46053.124    46124.124    46238.124    46311.124
   370:    46372.124    46398.124    46427.124    46455.124    46487.124
   375:    46514.124    46548.124    46578.124    46615.124    46652.124
   380:    46683.124    46711.124    46769.124    46807.124    46835.124
   385:    46870.124    46914.124    46927.124    46956.124    46982.124
   390:    47018.124    47047.124    47085.124    47112.124    47144.124
   395:    47162.124    47198.124    47226.124    47259.124    47288.124
   400:    47323.124    47350.124    47411.124    47426.124    47455.124
   405:    47483.124    47523.124    47555.124    47586.124    47621.724
   410:    47621.920    47621.901    47621.094    47921.902    49921.910
   415:    49923.611    50923.621    50924.711    51823.121    51858.121
   420:    51896.121    51931.721    51931.920    51931.901    51931.091
   425:    52231.902    54231.910    54233.612    55633.622    55634.712
   430:    55837.122    55871.122    55938.122    56005.122    56044.122
   435:    56086.122    56116.122    56154.122    56196.122    56230.122
   440:    56269.122    56304.122    56336.122    56378.122    56405.122
   445:    56440.122    56467.122    56503.122    56528.122    56565.122
   450:    56590.122    56620.122    56658.122    56687.122    56724.122
   455:    56754.122    56794.122    56822.122    56856.122    56884.122
   460:    56919.122    56949.122    56988.122    57019.122    57058.722
   465:    57058.920    57058.901    57058.092    57358.902    59358.910
   470:    59360.614    62110.624    62111.714    62311.124    62348.124
   475:    62382.124    62414.124    62454.124    62495.124    62536.124
   480:    62564.124    62601.124    62639.124    62841.124    62977.124
   485:    63011.124    63043.124    63077.124    63103.124    63136.124
   490:    63161.124    63195.124    63221.124    63256.124    63324.124
   495:    63354.124    63390.124    63421.124    63455.124    63483.124
   500:    63523.124    63550.124    63586.124    63654.124    63683.124
   505:    63711.124    63746.124    63775.124    63809.124    63840.124
   510:    63882.124    63913.124    63976.124    64006.124    64044.124
   515:    64070.124    64107.124    64134.124    64175.124    64211.124
   520:    64286.124    64314.124    64348.124    64376.124    64413.124
   525:    64437.124    64467.124    64496.124    64530.124    64556.124
   530:    64619.124    64654.124    64668.124    64701.124    64763.124
   535:    64789.124    64825.124    64855.124    64892.724    64892.920
   540:    64892.901    64892.094    65192.902    67192.910    67194.614
   545:    69944.624    69945.714    70188.124    70227.124    70261.124
   550:    70299.124    70336.124    70375.124    70417.124    70457.124
   555:    70530.124    70568.124    70601.124    70642.124    70677.124
   560:    70717.124    70839.124    70872.124    70910.124    70940.124
   565:    70976.124    71005.124    71043.124    71074.124    71110.124
   570:    71142.124    71182.124    71220.124    71257.124    71301.124
   575:    71331.124    71371.124    71404.124    71444.124    71471.124
   580:    71507.124    71540.124    71579.124    71610.124    71645.124
   585:    71678.124    71717.124    71752.124    71788.124    71820.124
   590:    71860.124    71896.124    71938.124    71970.124    72001.124
   595:    72036.124    72064.124    72102.124    72129.124    72169.124
   600:    72198.124    72237.124    72272.124    72311.124    72346.124
   605:    72377.124    72418.124    72447.124    72485.124    72501.124
   610:    72539.124    72582.124    72614.124    72652.124    72681.124
   615:    72715.724    72715.920    72715.901    72715.094    73015.902
   620:    75015.910    75017.614    77767.624    77768.714    77872.124
   625:    77918.124    77956.124    77995.124    78030.124    78067.124
   630:    78109.124    78150.124    78192.124    78277.124    78379.124
   635:    78416.124    78448.124    78486.124    78520.124    78618.124
   640:    78649.124    78676.124    78710.124    78741.124    78776.124
   645:    78806.124    78842.124    78872.124    78910.124    78941.124
   650:    78980.124    79011.124    79048.124    79081.124    79120.124
   655:    79175.124    79209.124    79243.124    79284.124    79316.124
   660:    79353.124    79382.124    79421.124    79458.124    79496.124
   665:    79527.124    79564.124    79603.124    79643.124    79677.124
   670:    79717.124    79757.124    79791.124    79831.124    79858.124
   675:    79897.124    79926.124    79964.124    79993.124    80032.124
   680:    80062.124    80098.124    80132.124    80173.124    80189.124
   685:    80224.124    80265.124    80300.124    80346.124    80379.124
   690:    80420.124    80450.124    80485.124    80513.124    80551.724
   695:    80551.920    80551.901    80551.094    80851.902    82851.910
   700:    82853.614    85603.624    85604.714    87207.124    87689.124
   705:    87888.124    87929.124    88073.124    88099.124    88278.124
   710:    88316.124    88480.724    88480.920    88480.901    88480.094
   715:    88780.902    90780.910    90782.612    92182.622    92183.712
   720:    92373.122    92412.122    92453.122    92495.122    92541.122
   725:    92575.122    92617.122    92658.122    92693.122    92736.122
   730:    92774.122    92808.122    92846.122    92878.122    92917.122
   735:    92948.122    92989.122    93022.122    93064.122    93105.122
   740:    93141.122    93182.122    93218.122    93261.122    93299.122
   745:    93356.122    93396.122    93428.122    93467.122    93520.122
   750:    93560.122    93591.722    93591.920    93591.901    93591.092
   755:    93891.902    95891.910    95893.615    99743.625    99744.715
   760:   100372.125   101496.125   101531.125   101568.125   101601.125
   765:   101638.125   101677.125   101711.125   101748.125   101789.125
   770:   101925.125   101988.125   102024.125   102056.125   102097.125
   775:   102203.125   102231.125   102309.125   102341.125   102380.125
   780:   102416.125   102444.125   102486.125   102528.125   102580.125
   785:   102696.125   102732.125   102765.125   102801.125   102837.125
   790:   102882.125   102932.125   102969.125   103005.125   103044.125
   795:   103076.125   103122.125   103165.125   103209.125   103239.125
   800:   103278.125   103292.125   103326.125   103357.125   103397.125
   805:   103433.125   103472.125   103503.125   103539.125   103571.125
   810:   103609.725   103609.920   103609.901   103609.095   103909.902
   815:   105909.910   105911.611   106911.621   106912.711   107062.121
   820:   107105.121   107145.121   107183.121   107227.121   107264.121
   825:   107303.121   107336.121   107373.121   107406.121   107449.121
   830:   107480.121   107521.121   107554.121   107595.121   107628.121
   835:   107668.121   107701.121   107739.121   107770.121   107810.121
   840:   107842.121   107880.121   107949.721   107949.920   107949.901
   845:   107949.091   108249.902   110249.910   110251.614   113001.624
   850:   113002.714   113185.124   113219.124   113257.124   113293.124
   855:   113330.124   113369.124   113405.124   113443.124   113475.124
   860:   113516.124   113557.124   113591.124   113627.124   113660.124
   865:   113698.124   113738.124   113772.124   113803.124   113839.124
   870:   113869.124   113908.124   113938.124   113975.124   114005.124
   875:   114042.124   114072.124   114112.124   114146.124   114186.124
   880:   114216.124   114253.124   114272.124   114308.124   114337.124
   885:   114374.124   114424.124   114459.124   114500.124   114530.124
   890:   114568.124   114602.124   114641.124   114673.124   114710.124
   895:   114737.124   114778.124   114810.124   114850.124   114882.124
   900:   114934.124   115162.124   115195.124   115229.124   115265.124
   905:   115298.124   115333.124   115368.124   115409.124   115446.124
   910:   115479.124   115515.124   115544.124   115590.124   115649.124
   915:   115688.124   115880.724   115880.920   115880.901   115880.094
   920:   116180.902   118180.910   118182.611   119182.621   119183.711
   925:   119394.121   119443.121   119485.121   119526.121   119567.121
   930:   119602.121   119643.121   119675.121   119721.121   119763.121
   935:   119797.121   119836.121   119872.121   119907.121   119945.121
   940:   119976.121   120021.121   120053.121   120089.121   120120.121
   945:   120160.121   120189.721   120189.920   120189.901   120189.091
   950:   120489.902   122489.910   122491.615   126341.625   126342.715
   955:   126525.125   126564.125   126612.125   126649.125   126687.125
   960:   126721.125   126762.125   126797.125   126843.125   126931.125
   965:   127167.125   127207.125   127322.125   127587.125   127623.125
   970:   127878.125   127913.125   127948.125   127983.125   128019.125
   975:   128057.125   128090.125   128130.125   128238.125   128271.125
   980:   128305.125   128348.125   128447.125   128481.125   128515.125
   985:   128552.125   128730.125   128763.125   128794.125   128833.125
   990:   128863.125   128898.125   128928.125   128966.125   128982.125
   995:   129017.125   129049.125   129087.125   129116.125   129155.125
  1000:   129184.125   129227.125   129256.125   129293.125   129322.125
  1005:   129365.125   129382.125   129420.125   129456.125   129507.125
  1010:   129539.125   129575.125   129604.125   129640.125   129658.125
  1015:   129693.125   129725.125   129763.125   129790.125   129828.125
  1020:   129857.125   129894.125   129922.125   129960.125   129974.125
  1025:   130008.125   130023.125   130058.125   130091.125   130128.125
  1030:   130155.125   130194.725   130194.920   130194.901   130194.095
  1035:   130494.902   132494.910   132496.612   133896.622   133897.712
  1040:   134410.122   134447.122   134483.122   134522.122   134554.122
  1045:   134591.122   134627.122   134664.122   134709.122   134743.122
  1050:   134784.122   134815.122   134851.122   134883.122   134922.122
  1055:   134954.122   134993.122   135024.122   135063.122   135094.122
  1060:   135131.122   135161.122   135200.122   135232.122   135268.122
  1065:   135339.722   135339.920   135339.901   135339.092   135639.902
  1070:   137639.910   137641.611   138641.621   138642.711   138906.121
  1075:   138950.121   138989.121   139028.121   139103.121   139143.121
  1080:   139177.121   139217.121   139248.121   139291.121   139326.121
  1085:   139373.121   139403.121   139443.121   139476.121   139515.121
  1090:   139548.121   139586.121   139618.121   139658.721   139658.920
  1095:   139658.901   139658.091   139958.902   141958.910   141960.612
  1100:   143360.622   143361.712   143488.122   143532.122   143571.122
  1105:   143610.122   143648.122   143685.122   143723.122   143755.122
  1110:   143795.122   143838.122   143872.122   143912.122   143944.122
  1115:   143983.122   144017.122   144059.122   144090.122   144130.122
  1120:   144164.122   144202.122   144238.122   144271.122   144316.122
  1125:   144345.122   144383.122   144414.122   144450.122   144481.122
  1130:   144519.122   144552.122   144584.122   144624.122   144653.122
  1135:   144691.122   144721.122   144763.722   144763.920   144763.901
  1140:   144763.092   145063.902   147063.910   147065.613   149015.623
  1145:   149016.713   149380.123   149417.123   149454.123   149488.123
  1150:   149526.123   149565.123   149605.123   149645.123   149686.123
  1155:   149892.123   149929.123   149962.123   150001.123   150289.123
  1160:   150323.123   150355.123   150390.123   150420.123   150455.123
  1165:   150487.123   150522.123   150556.123   150595.123   150629.123
  1170:   150668.123   150697.123   150734.123   150770.123   150812.123
  1175:   150848.123   150899.123   151020.723   151020.920   151020.901
  1180:   151020.093   151320.902   153320.910   153322.612   154722.622
  1185:   154723.712   154849.122   154888.122   154926.122   154961.122
  1190:   155002.122   155043.122   155117.122   155223.122   155258.122
  1195:   155293.122   155332.122   155364.122   155401.122   155432.122
  1200:   155469.122   155512.122   155543.122   155580.122   155611.122
  1205:   155648.122   155679.122   155719.122   155752.122   155790.122
  1210:   155821.122   155859.122   155888.122   155928.122   155965.122
  1215:   156005.122   156039.122   156077.122   156107.122   156142.722
  1220:   156142.920   156142.901   156142.092   156442.902   158442.910
  1225:   158444.611   159444.621   159445.711   159572.121   159611.121
  1230:   159651.121   159697.121   159739.121   159781.121   159822.121
  1235:   159860.121   159899.121   159930.121   159969.121   160001.121
  1240:   160046.121   160083.121   160116.121   160157.121   160187.121
  1245:   160228.121   160260.121   160300.121   160335.121   160384.121
  1250:   160413.121   160450.721   160450.920   160450.901   160450.091
  1255:   160750.902   162750.910   162752.615   166602.625   166603.715
  1260:   166796.125   166842.125   167753.125   167792.125   167831.125
  1265:   167910.125   168263.125   168309.125   168350.125   168387.125
  1270:   168421.125   168451.125   168528.125   168560.125   168589.125
  1275:   168629.125   168666.125   168716.125   168791.125   168866.125
  1280:   168897.125   168914.125   168950.125   168990.125   169085.125
  1285:   169115.125   169143.125   169179.125   169225.125   169260.125
  1290:   169291.125   169330.125   169360.125   169399.125   169430.125
  1295:   169478.125   169508.125   169549.125   169579.125   169618.125
  1300:   169649.125   169690.125   169721.125   169763.125   169794.125
  1305:   169835.125   169873.125   169914.125   169943.125   169976.125
  1310:   170004.125   170044.125   170073.125   170113.125   170142.125
  1315:   170175.125   170204.125   170244.125   170258.125   170292.125
  1320:   170320.125   170356.125   170373.125   170409.125   170449.125
  1325:   170482.725   170482.920   170482.901   170482.095   170782.902
  1330:   172782.910   172784.615   176634.625   176635.715   177483.125
  1335:   177524.125   177744.125   178011.125   178223.125   178261.125
  1340:   178373.125   178410.125   178689.125   178722.125   178755.125
  1345:   178782.125   178861.125   178899.125   178939.125   178982.125
  1350:   179030.125   179064.125   179103.125   179143.125   179226.125
  1355:   179258.125   179304.125   179342.125   179374.125   179423.125
  1360:   179462.125   179497.125   179524.125   179568.125   179604.125
  1365:   179633.125   179670.125   179699.125   179728.125   179768.125
  1370:   179797.125   179837.125   179870.125   179901.125   179950.125
  1375:   179986.125   180024.125   180057.125   180096.125   180126.125
  1380:   180164.125   180178.125   180212.125   180249.125   180265.125
  1385:   180300.125   180338.125   180366.125   180403.125   180431.125
  1390:   180471.125   180514.725   180514.920   180514.901   180514.095
  1395:   180814.902   182814.910   182816.613   184766.623   184767.713
  1400:   184904.123   184941.123   184984.123   185015.123   185056.123
  1405:   185096.123   185133.123   185170.123   185210.123   185251.123
  1410:   185292.123   185326.123   185367.123   185412.123   185444.123
  1415:   185486.123   185518.123   185555.123   185595.123   185629.123
  1420:   185669.123   185699.123   185735.123   185766.123   185804.123
  1425:   185836.123   185878.123   185913.123   185946.123   185985.123
  1430:   186017.123   186058.123   186089.123   186130.123   186162.123
  1435:   186192.123   186228.123   186257.123   186297.123   186324.123
  1440:   186361.123   186376.123   186411.123   186446.123   186482.123
  1445:   186499.123   186538.123   186573.123   186612.123   186641.123
  1450:   186681.123   186715.123   186753.723   186753.920   186753.901
  1455:   186753.093   187053.902   189053.910   189055.611   190055.621
  1460:   190056.711   190169.121   190218.121   190256.121   190296.121
  1465:   190334.121   190373.121   190404.121   190444.121   190476.121
  1470:   190513.121   190548.121   190589.121   190619.121   190655.121
  1475:   190687.121   190729.121   190763.121   190800.121   190831.121
  1480:   190871.121   190909.121   190942.121   190980.121   191011.121
  1485:   191049.121   191079.721   191079.920   191079.901   191079.091
  1490:   191379.902   193379.910   193381.611   194381.621   194382.711
  1495:   195583.721   195583.920   195583.901   195583.091   195883.902
  1500:   197883.910   197885.614   200635.624   200636.714   200751.124
  1505:   200800.124   200844.124   201178.124   201251.124   201291.124
  1510:   201329.124   201369.124   201404.124   201445.124   201521.124
  1515:   201588.124   201621.124   201650.124   201686.124   201841.124
  1520:   201871.124   201906.124   201939.124   201972.124   202000.124
  1525:   202039.124   202077.124   202123.124   202195.124   202225.124
  1530:   202254.124   202290.124   202324.124   202360.124   202391.124
  1535:   202465.124   202500.124   202529.124   202566.124   202602.124
  1540:   202630.124   202668.124   202698.124   202734.124   202769.124
  1545:   202806.124   202840.124   202875.124   202904.124   202942.124
  1550:   202971.124   203010.124   203040.124   203069.124   203106.124
  1555:   203135.124   203177.124   203208.124   203246.124   203275.124
  1560:   203313.124   203342.124   203384.124   203413.724   203413.920
  1565:   203413.901   203413.094   203713.902   205713.910   205715.615
  1570:   209565.625   209566.715   209898.125   209933.125   209973.125
  1575:   210173.125   210204.125   210240.125   210279.125   210318.125
  1580:   210355.125   210391.125   210565.125   210592.125   210621.125
  1585:   210653.125   210686.125   210714.125   210749.125   210780.125
  1590:   210815.125   210851.125   210885.125   210923.125   211035.125
  1595:   211070.125   211111.125   211291.125   211327.125   211360.125
  1600:   211408.125   211454.125   211489.125   211519.125   211552.125
  1605:   211585.125   211634.125   211683.125   211718.125   211734.125
  1610:   211766.125   211798.125   211836.125   211870.125   211909.125
  1615:   211941.125   211968.125   212003.125   212021.125   212057.125
  1620:   212093.125   212129.125   212154.125   212190.125   212221.125
  1625:   212257.125   212273.125   212307.125   212342.125   212382.125
  1630:   212414.125   212453.125   212481.125   212518.125   212548.125
  1635:   212587.125   212616.125   212655.125   212684.125   212724.125
  1640:   212754.125   212791.125   212806.125   212848.125   212880.125
  1645:   212910.125   212948.125   212976.125   213023.125   213055.125
  1650:   213093.125   213108.125   213146.125   213179.125   213218.125
  1655:   213247.125   213286.125   213314.125   213355.125   213387.125
  1660:   213421.725   213421.920   213421.901   213421.095   213721.902
  1665:   215721.910   215723.612   217123.622   217124.712   217346.122
  1670:   217388.122   217425.122   217463.122   217502.122   217537.122
  1675:   217577.122   217610.122   217649.122   217687.122   217728.122
  1680:   217762.122   217801.122   217835.122   217873.122   217906.122
  1685:   217943.122   217974.122   218012.122   218041.122   218082.122
  1690:   218113.122   218151.122   218180.122   218218.122   218250.122
  1695:   218286.122   218318.122   218356.122   218389.122   218429.122
  1700:   218465.122   218504.122   218533.722   218533.920   218533.901
  1705:   218533.092   218833.902   220833.910   220835.612   222235.622
  1710:   222236.712   223290.122   223325.122   223363.122   223402.122
  1715:   223439.122   223478.122   223511.122   223550.122   223591.122
  1720:   223628.122   223665.722   223665.920   223665.901   223665.092
  1725:   223965.902   225965.910   225967.613   227917.623   227918.713
  1730:   228404.123   228440.123   228483.123   228518.123   228559.123
  1735:   228596.123   228633.123   228667.123   228705.123   228737.123
  1740:   228776.123   228807.123   228851.123   228891.123   228924.123
  1745:   228955.123   228996.123   229028.123   229059.123   229098.123
  1750:   229131.123   229170.123   229198.123   229238.123   229274.123
  1755:   229306.123   229346.123   229376.123   229413.123   229444.123
  1760:   229485.123   229525.123   229559.123   229600.123   229647.123
  1765:   229683.123   229714.123   229752.123   229782.123   229818.123
  1770:   229849.123   229887.723   229887.920   229887.901   229887.093
  1775:   230187.902   232187.910   232189.612   233589.622   233590.712
  1780:   233783.122   233819.122   233858.122   233894.122   233932.122
  1785:   233968.122   234000.122   234038.122   234083.122   234116.122
  1790:   234156.122   234188.122   234229.122   234261.122   234302.122
  1795:   234333.122   234371.122   234400.122   234438.122   234467.122
  1800:   234507.122   234535.122   234573.122   234600.122   234638.122
  1805:   234669.122   234707.122   234737.122   234777.122   234807.122
  1810:   234843.122   234872.122   234907.122   234937.122   234977.122
  1815:   235004.722   235004.920   235004.901   235004.092   235304.902
  1820:   237304.910   237306.611   238306.621   238307.711   238507.121
  1825:   238549.121   238629.121   238700.121   238742.121   238779.121
  1830:   238818.121   238859.121   238899.121   238938.121   238968.121
  1835:   239006.121   239039.121   239076.121   239108.121   239143.121
  1840:   239176.121   239213.121   239245.121   239281.121   239314.721
  1845:   239314.920   239314.901   239314.091   239614.902   241614.910
  1850:   241616.613   243566.623   243567.713   244112.123   244149.123
  1855:   244187.123   244224.123   244257.123   244296.123   244334.123
  1860:   244373.123   244410.123   244453.123   244492.123   244523.123
  1865:   244561.123   244602.123   244648.123   244678.123   244712.123
  1870:   244743.123   244778.123   244808.123   244844.123   244876.123
  1875:   244913.123   244945.123   244984.123   245014.123   245051.123
  1880:   245083.123   245122.123   245154.123   245195.123   245229.123
  1885:   245277.123   245309.123   245345.123   245360.123   245396.123
  1890:   245430.123   245462.123   245500.123   245528.723   245528.920
  1895:   245528.901   245528.093   245828.902   247828.910   247830.612
  1900:   249230.622   249231.712   249351.122   249385.122   249419.122
  1905:   249457.122   249492.122   249532.122   249565.122   249602.122
  1910:   249636.122   249674.122   249709.122   249746.122   249784.122
  1915:   249821.122   249856.122   249895.122   249925.122   249962.122
  1920:   249991.122   250029.122   250060.122   250101.122   250134.122
  1925:   250173.122   250206.122   250244.122   250275.122   250313.122
  1930:   250344.122   250382.122   250415.122   250453.122   250485.122
  1935:   250523.122   250556.122   250588.122   250625.122   250652.722
  1940:   250652.920   250652.901   250652.092   250952.902   252952.910
  1945:   252954.615   256804.625   256805.715   257071.125   257111.125
  1950:   257152.125   257193.125   257880.125   257918.125   258202.125
  1955:   258239.125   258266.125   258299.125   258330.125   258364.125
  1960:   258396.125   258437.125   258471.125   258507.125   258550.125
  1965:   258586.125   258616.125   258652.125   258685.125   258722.125
  1970:   258753.125   258794.125   258830.125   258869.125   258901.125
  1975:   258940.125   258973.125   259053.125   259156.125   259187.125
  1980:   259222.125   259251.125   259285.125   259318.125   259355.125
  1985:   259384.125   259421.125   259451.125   259490.125   259519.125
  1990:   259554.125   259569.125   259605.125   259643.125   259679.125
  1995:   259710.125   259748.125   259778.125   259821.125   259855.125
  2000:   259900.125   259933.125   259971.125   260002.125   260041.125
  2005:   260070.125   260109.125   260137.125   260173.125   260189.125
  2010:   260220.125   260252.125   260291.125   260319.125   260359.125
  2015:   260392.125   260432.125   260462.125   260501.125   260530.125
  2020:   260567.125   260593.125   260633.125   260661.725   260661.920
  2025:   260661.901   260661.095   260961.902   262961.910   262963.614
  2030:   265713.624   265714.714   265927.124   265981.124   266016.124
  2035:   266056.124   266099.124   266138.124   266184.124   266220.124
  2040:   266249.124   266288.124   266371.124   266407.124   266437.124
  2045:   266472.124   266503.124   266545.124   266584.124   266624.124
  2050:   266657.124   266694.124   266729.124   266768.124   266797.124
  2055:   266833.124   266853.124   266888.124   266921.124   266957.124
  2060:   266987.124   267025.124   267053.124   267090.124   267126.124
  2065:   267162.124   267189.124   267226.124   267256.124   267294.124
  2070:   267324.124   267363.124   267392.124   267429.124   267459.124
  2075:   267498.124   267529.124   267567.124   267585.124   267618.124
  2080:   267651.124   267690.124   267717.124   267757.124   267775.124
  2085:   267812.124   267840.124   267880.124   267910.124   267948.124
  2090:   267975.124   268013.124   268042.124   268080.124   268097.124
  2095:   268138.124   268174.124   268203.124   268241.124   268270.124
  2100:   268310.124   268338.124   268377.124   268404.124   268445.124
  2105:   268474.724   268474.920   268474.901   268474.094   268774.902
  2110:   270774.910   270776.613   272726.623   272727.713   272818.123
  2115:   272858.123   272897.123   272935.123   272970.123   273005.123
  2120:   273042.123   273075.123   273113.123   273142.123   273180.123
  2125:   273212.123   273252.123   273284.123   273323.123   273358.123
  2130:   273397.123   273428.123   273469.123   273503.123   273542.123
  2135:   273575.123   273613.123   273643.123   273679.123   273711.123
  2140:   273749.123   273775.123   273812.123   273843.123   273882.123
  2145:   273919.123   273958.123   273986.123   274025.123   274059.123
  2150:   274097.123   274129.123   274169.123   274195.123   274232.123
  2155:   274249.123   274286.123   274325.123   274365.123   274394.123
  2160:   274433.123   274462.123   274505.123   274535.123   274567.123
  2165:   274595.123   274635.123   274665.123   274710.723   274710.920
  2170:   274710.901   274710.093   275010.902   277010.910   277012.611
  2175:   278012.621   278013.711   278141.121   278178.121   278218.121
  2180:   278252.121   278290.121   278329.121   278368.121   278401.121
  2185:   278439.121   278472.121   278510.121   278542.121   278583.121
  2190:   278614.121   278655.121   278701.121   278738.121   278775.121
  2195:   278807.121   278845.121   278874.121   278912.121   278942.121
  2200:   278982.121   279015.721   279015.920   279015.901   279015.091
  2205:   279315.902   281315.910   281317.611   282317.621   282318.711
  2210:   282541.121   282572.121   282608.121   282647.121   282686.121
  2215:   282723.121   282765.121   282806.121   282846.121   282882.121
  2220:   282921.121   282956.121   282991.121   283022.121   283061.121
  2225:   283093.121   283134.121   283167.121   283204.121   283240.121
  2230:   283274.121   283311.121   283341.721   283341.920   283341.901
  2235:   283341.091   283641.902   285641.910   285643.613   287593.623
  2240:   287594.713   287709.123   287761.123   287794.123   287831.123
  2245:   287865.123   287904.123   287939.123   288136.123   288169.123
  2250:   288201.123   288236.123   288270.123   288306.123   288337.123
  2255:   288371.123   288407.123   288451.123   288487.123   288524.123
  2260:   288562.123   288601.123   288670.123   288732.123   288762.123
  2265:   288795.123   288828.123   288862.123   288893.123   288928.123
  2270:   288958.123   288994.123   289024.123   289063.123   289093.123
  2275:   289131.123   289161.123   289198.123   289226.123   289266.123
  2280:   289298.123   289335.123   289366.123   289405.123   289436.123
  2285:   289474.123   289504.123   289559.723   289559.920   289559.901
  2290:   289559.093   289859.902   291859.910   291861.614   294611.624
  2295:   294612.714   294788.124   294824.124   294862.124   294904.124
  2300:   294944.124   295089.124   295255.124   295287.124   295321.124
  2305:   295353.124   295384.124   295420.124   295451.124   295486.124
  2310:   295517.124   295554.124   295586.124   295675.124   295988.124
  2315:   296027.124   296299.124   296334.124   296587.124   296627.124
  2320:   296660.124   296734.124   296767.124   296795.124   296833.124
  2325:   296864.124   296899.124   296932.124   296967.124   296981.124
  2330:   297011.124   297045.124   297083.124   297114.124   297151.124
  2335:   297166.124   297199.124   297229.124   297268.124   297296.124
  2340:   297333.124   297368.724   297368.920   297368.901   297368.094
  2345:   297668.902   299668.910   299670.614   302420.624   302421.714
  2350:   302530.124   302573.124   302616.124   302659.124   302888.124
  2355:   303372.124   303408.124   303446.124   303478.124   303512.124
  2360:   303541.124   303578.124   303610.124   303645.124   303678.124
  2365:   303712.124   303744.124   303780.124   303811.124   303848.124
  2370:   303879.124   303917.124   303948.124   303985.124   304014.124
  2375:   304050.124   304079.124   304115.124   304147.124   304184.124
  2380:   304198.124   304236.124   304273.124   304310.124   304335.124
  2385:   304378.124   304418.124   304446.124   304479.124   304495.124
  2390:   304528.124   304562.124   304598.124   304627.124   304664.124
  2395:   304681.124   304718.124   304752.124   304791.124   304819.124
  2400:   304860.124   304889.124   304928.124   304950.124   304988.124
  2405:   305005.124   305042.124   305078.124   305115.124   305143.124
  2410:   305177.724   305177.920   305177.901   305177.094   305477.902
  2415:   307477.910   307479.613   309429.623   309430.713   309805.123
  2420:   310204.123   310241.123   310278.123   310316.123   310351.123
  2425:   310382.123   310422.123   310460.123   310493.123   310531.123
  2430:   310564.123   310601.123   310632.123   310671.123   310700.123
  2435:   310739.123   310777.123   310817.123   310853.123   310887.123
  2440:   310922.123   310954.123   310991.123   311025.123   311060.123
  2445:   311093.123   311131.123   311163.123   311199.123   311213.123
  2450:   311244.123   311275.123   311310.123   311339.123   311378.123
  2455:   311407.723   311407.920   311407.901   311407.093   311707.902
  2460:   313707.910   313709.613   315659.623   315660.713   315799.123
  2465:   315836.123   315874.123   315914.123   316136.123   316189.123
  2470:   316221.123   316251.123   316287.123   316320.123   316356.123
  2475:   316391.123   316425.123   316465.123   316499.123   316534.123
  2480:   316563.123   316601.123   316638.123   316674.123   316703.123
  2485:   316743.123   316778.123   316816.123   316846.123   316883.123
  2490:   316911.123   316948.123   316978.123   317018.123   317049.123
  2495:   317088.123   317122.123   317161.123   317190.123   317229.123
  2500:   317259.123   317297.123   317328.123   317367.123   317399.123
  2505:   317439.123   317477.123   317493.123   317530.123   317561.123
  2510:   317602.123   317639.723   317639.920   317639.901   317639.093
  2515:   317939.902   319939.910   319941.612   321341.622   321342.712
  2520:   321428.122   321460.122   321501.122   321541.122   321583.122
  2525:   321621.122   321752.122   321780.122   321814.122   321846.122
  2530:   321884.122   321918.122   321953.122   321989.122   322026.122
  2535:   322058.122   322093.122   322125.122   322162.122   322195.122
  2540:   322232.122   322262.122   322299.122   322327.122   322366.122
  2545:   322398.122   322435.122   322464.122   322501.122   322530.122
  2550:   322570.122   322600.122   322639.122   322669.122   322706.122
  2555:   322735.122   322775.722   322775.920   322775.901   322775.092
  2560:   323075.902   325075.910   325077.615   328927.625   328928.715
  2565:   329067.125   329105.125   329146.125   329183.125   329223.125
  2570:   329333.125   329369.125   329403.125   329441.125   329479.125
  2575:   329688.125   329724.125   329768.125   329811.125   329841.125
  2580:   329869.125   329904.125   329935.125   329973.125   330007.125
  2585:   330044.125   330077.125   330119.125   330158.125   330238.125
  2590:   330272.125   330302.125   330335.125   330367.125   330400.125
  2595:   330434.125   330473.125   330507.125   330543.125   330578.125
  2600:   330593.125   330626.125   330656.125   330697.125   330733.125
  2605:   330766.125   330801.125   330830.125   330867.125   330898.125
  2610:   330936.125   330968.125   331005.125   331044.125   331076.125
  2615:   331113.125   331146.125   331185.125   331213.125   331253.125
  2620:   331282.125   331322.125   331362.125   331394.125   331432.125
  2625:   331459.125   331497.125   331524.125   331565.125   331596.125
  2630:   331638.125   331676.125   331714.125   331746.125   331782.125
  2635:   331812.125   331850.125   331869.125   331907.125   331939.125
  2640:   331975.125   332002.125   332040.125   332055.125   332091.125
  2645:   332123.125   332163.125   332192.125   332234.125   332263.125
  2650:   332303.125   332334.125   332375.125   332401.125   332441.125
  2655:   332455.125   332490.125   332519.125   332561.125   332593.125
  2660:   332629.125   332658.125   332698.125   332726.125   332764.125
  2665:   332811.725   332811.920   332811.901   332811.095   333111.902
  2670:   335111.910   335113.611   336113.621   336114.711   336250.121
  2675:   336293.121   336334.121   336375.121   336408.121   336445.121
  2680:   336477.121   336517.121   336549.121   336589.121   336621.121
  2685:   336661.121   336693.121   336733.121   336766.121   336804.121
  2690:   336832.121   336872.121   336902.121   336941.121   336973.121
  2695:   337013.121   337041.121   337078.121   337111.121   337149.721
  2700:   337149.920   337149.901   337149.091   337449.902   339449.910
  2705:   339451.615   343301.625   343302.715   343789.125   343821.125
  2710:   343856.125   343886.125   343984.125   344102.125   344305.125
  2715:   344339.125   344376.125   344406.125   344437.125   344471.125
  2720:   344503.125   344686.125   344746.125   344777.125   344806.125
  2725:   344838.125   344869.125   344926.125   344955.125   344987.125
  2730:   345016.125   345047.125   345075.125   345141.125   345171.125
  2735:   345203.125   345232.125   345268.125   345317.125   345389.125
  2740:   345424.125   345449.125   345484.125   345515.125   345548.125
  2745:   345609.125   345636.125   345669.125   345698.125   345734.125
  2750:   345762.125   345795.125   345826.125   345897.125   345960.125
  2755:   345995.125   346023.125   346088.125   346124.125   346183.125
  2760:   346210.125   346248.125   346260.125   346290.125   346321.125
  2765:   346358.125   346384.125   346420.125   346445.125   346479.125
  2770:   346506.125   346540.125   346566.125   346602.125   346633.125
  2775:   346694.125   346731.125   346756.125   346792.125   346806.125
  2780:   346841.125   346875.125   346904.125   346939.125   347002.125
  2785:   347027.125   347061.125   347075.125   347108.125   347123.125
  2790:   347157.725   347157.920   347157.901   347157.095   347457.902
  2795:   349457.910   349459.614   352209.624   352210.714   352634.124
  2800:   352992.124   353022.124   353055.124   353239.124   353269.124
  2805:   353332.124   353366.124   353396.124   353429.124   353458.124
  2810:   353493.124   353528.124   353561.124   353600.124   353636.124
  2815:   353667.124   353701.124   353728.124   353762.124   353791.124
  2820:   353823.124   353853.124   353884.124   353908.124   353944.124
  2825:   353972.124   354008.124   354038.124   354073.124   354090.124
  2830:   354124.124   354157.124   354193.124   354221.124   354254.124
  2835:   354316.124   354343.124   354380.124   354409.124   354443.124
  2840:   354470.124   354506.124   354532.124   354567.124   354595.124
  2845:   354630.124   354652.124   354689.124   354725.124   354757.124
  2850:   354793.124   354853.124   354879.124   354913.124   354944.124
  2855:   354982.724   354982.920   354982.901   354982.094   355282.902
  2860:   357282.910   357284.611   358284.621   358285.711   358388.121
  2865:   358425.121   358452.121   358488.121   358523.121   358557.121
  2870:   358585.121   358621.121   358651.121   358688.121   358719.121
  2875:   358757.121   358784.121   358818.121   358846.121   358882.121
  2880:   358910.121   358976.121   359009.121   359041.121   359075.121
  2885:   359102.121   359136.121   359162.121   359197.121   359256.121
  2890:   359282.121   359316.721   359316.920   359316.901   359316.091
  2895:   359616.902   361616.910   361618.612   363018.622   363019.712
  2900:   363793.122   363829.122   363863.122   363898.122   363934.122
  2905:   363972.122   364009.122   364040.122   364078.122   364144.122
  2910:   364174.122   364210.122   364243.122   364275.122   364308.122
  2915:   364343.122   364373.122   364409.122   364439.722   364439.920
  2920:   364439.901   364439.092   364739.902   366739.910   366741.612
  2925:   368141.622   368142.712   368480.122   368518.122   368552.122
  2930:   368589.122   368626.122   368656.122   368689.122   368718.122
  2935:   368753.122   368780.122   368816.122   368843.122   368877.122
  2940:   368905.122   368941.122   368966.122   369001.122   369030.122
  2945:   369064.122   369093.122   369127.122   369156.122   369218.122
  2950:   369257.122   369290.122   369325.122   369390.122   369417.122
  2955:   369449.122   369486.122   369521.122   369561.722   369561.920
  2960:   369561.901   369561.092   369861.902   371861.910   371863.611
  2965:   372863.621   372864.711   372941.121   372979.121   373050.121
  2970:   373091.121   373127.121   373160.121   373194.121   373225.121
  2975:   373260.121   373298.121   373336.121   373367.121   373402.121
  2980:   373430.121   373465.121   373494.121   373529.121   373556.121
  2985:   373592.121   373622.121   373656.121   373683.121   373719.121
  2990:   373744.121   373778.121   373805.121   373842.121   373872.721
  2995:   373872.920   373872.901   373872.091   374172.902   376172.910
  3000:   376174.612   377574.622   377575.712   377674.122   377713.122
  3005:   377748.122   377789.122   377826.122   377858.122   377891.122
  3010:   377920.122   377954.122   377984.122   378017.122   378055.122
  3015:   378088.122   378118.122   378152.122   378181.122   378216.122
  3020:   378249.122   378282.122   378310.122   378344.122   378371.122
  3025:   378407.122   378438.122   378506.122   378542.122   378568.122
  3030:   378604.122   378671.122   378697.122   378731.122   378760.122
  3035:   378796.122   378820.122   378856.122   378885.122   378948.122
  3040:   378984.722   378984.920   378984.901   378984.092   379284.902
  3045:   381284.910   381286.615   385136.625   385137.715   385235.125
  3050:   385302.125   385734.125   385804.125   385837.125   385869.125
  3055:   385896.125   385948.125   385981.125   386137.125   386188.125
  3060:   386220.125   386250.125   386279.125   386313.125   386473.125
  3065:   386507.125   386536.125   386566.125   386599.125   386619.125
  3070:   386652.125   386681.125   386748.125   386817.125   386849.125
  3075:   386878.125   386906.125   386978.125   387008.125   387019.125
  3080:   387050.125   387077.125   387108.125   387140.125   387173.125
  3085:   387208.125   387242.125   387259.125   387293.125   387370.125
  3090:   387404.125   387438.125   387467.125   387503.125   387518.125
  3095:   387550.125   387578.125   387613.125   387643.125   387680.125
  3100:   387704.125   387742.125   387771.125   387807.125   387838.125
  3105:   387900.125   387914.125   387948.125   387979.125   388016.125
  3110:   388043.125   388080.125   388124.125   388138.125   388170.125
  3115:   388196.125   388257.125   388297.125   388332.125   388361.125
  3120:   388398.125   388425.125   388464.125   388493.125   388530.125
  3125:   388556.125   388590.125   388603.125   388637.125   388647.125
  3130:   388679.125   388705.125   388740.125   388756.125   388787.125
  3135:   388803.125   388834.125   388865.125   388901.125   388931.125
  3140:   389028.725   389028.920   389028.901   389028.095   389328.902
  3145:   391328.910   391330.615   395180.625   395181.715   395311.125
  3150:   395386.125   395737.125   395767.125   395798.125   395830.125
  3155:   395861.125   395888.125   395922.125   395950.125   395985.125
  3160:   396019.125   396097.125   396171.125   396201.125   396233.125
  3165:   396273.125   396398.125   396425.125   396450.125   396480.125
  3170:   396541.125   396569.125   396629.125   396662.125   396704.125
  3175:   396733.125   396767.125   396799.125   396834.125   396862.125
  3180:   396895.125   396940.125   397004.125   397035.125   397069.125
  3185:   397105.125   397144.125   397176.125   397202.125   397263.125
  3190:   397297.125   397312.125   397341.125   397375.125   397412.125
  3195:   397442.125   397479.125   397505.125   397535.125   397549.125
  3200:   397582.125   397611.125   397648.125   397660.125   397718.125
  3205:   397755.125   397780.125   397818.125   397847.125   397882.125
  3210:   397909.125   397948.125   397974.125   398012.125   398040.125
  3215:   398075.125   398102.125   398137.125   398161.125   398214.125
  3220:   398250.125   398277.125   398311.125   398338.125   398375.125
  3225:   398388.125   398422.125   398437.125   398471.125   398501.125
  3230:   398535.125   398560.125   398597.125   398610.125   398644.125
  3235:   398672.125   398710.125   398735.125   398771.125   398796.125
  3240:   398833.125   398850.125   398886.125   398912.125   398948.125
  3245:   398973.125   399011.125   399024.125   399055.725   399055.920
  3250:   399055.901   399055.095   399355.902   401355.910   401357.614
  3255:   404107.624   404108.714   404858.124   404886.124   404922.124
  3260:   404949.124   404982.124   405009.124   405043.124   405071.124
  3265:   405107.124   405138.124   405235.124   405299.124   405370.124
  3270:   405403.124   405494.124   405520.124   405552.124   405585.124
  3275:   405685.124   405715.124   405747.124   405775.124   405854.124
  3280:   405932.124   405962.124   405991.124   406027.124   406088.124
  3285:   406115.124   406147.124   406162.124   406192.124   406221.124
  3290:   406259.124   406286.124   406323.124   406350.124   406381.124
  3295:   406412.124   406447.124   406476.124   406511.124   406538.124
  3300:   406576.124   406640.124   406666.124   406701.124   406745.124
  3305:   406780.124   406812.124   406856.124   406886.724   406886.920
  3310:   406886.901   406886.094   407186.902   409186.910   409188.611
  3315:   410188.621   410189.711   410346.121   410378.121   410413.121
  3320:   410452.121   410527.121   410561.121   410597.121   410634.121
  3325:   410710.121   410742.121   410776.121   410803.121   410840.121
  3330:   410869.121   410905.121   410935.121   410971.121   410998.121
  3335:   411034.121   411103.121   411131.121   411166.121   411193.721
  3340:   411193.920   411193.901   411193.091   411493.902   413493.910
  3345:   413495.614   416245.624   416246.714   416360.124   416400.124
  3350:   416649.124   416678.124   416754.124   416788.124   416821.124
  3355:   416850.124   416976.124   417001.124   417032.124   417061.124
  3360:   417104.124   417297.124   417325.124   417359.124   417389.124
  3365:   417422.124   417468.124   417535.124   417562.124   417596.124
  3370:   417698.124   417730.124   417756.124   417788.124   417831.124
  3375:   417859.124   417893.124   417924.124   417959.124   417984.124
  3380:   418022.124   418089.124   418116.124   418159.124   418236.124
  3385:   418269.124   418303.124   418334.124   418380.124   418406.124
  3390:   418440.124   418464.124   418495.124   418526.124   418589.124
  3395:   418625.124   418652.124   418686.124   418729.124   418761.124
  3400:   418793.124   418836.124   418866.124   418903.124   418929.124
  3405:   418969.124   418993.124   419027.724   419027.920   419027.901
  3410:   419027.094   419327.902   421327.910   421329.615   425179.625
  3415:   425180.715   425267.125   425651.125   426129.125   426155.125
  3420:   426188.125   426217.125   426253.125   426677.125   426707.125
  3425:   426736.125   426773.125   426809.125   426842.125   426911.125
  3430:   426947.125   426987.125   427066.125   427193.125   427228.125
  3435:   427315.125   427399.125   427429.125   427464.125   427498.125
  3440:   427640.125   427671.125   427701.125   427736.125   427763.125
  3445:   427799.125   427809.125   427840.125   427860.125   427894.125
  3450:   427922.125   427957.125   427990.125   428029.125   428065.125
  3455:   428103.125   428136.125   428164.125   428201.125   428213.125
  3460:   428247.125   428314.125   428387.125   428456.125   428522.125
  3465:   428591.125   428625.125   428639.125   428672.125   428700.125
  3470:   428737.125   428752.125   428782.125   428812.125   428848.125
  3475:   428874.125   428912.125   428939.125   428976.125   429038.725
  3480:   429038.920   429038.901   429038.095   429338.902   431338.910
  3485:   431340.613   433290.623   433291.713   433888.123   433920.123
  3490:   433951.123   433987.123   434018.123   434054.123   434086.123
  3495:   434121.123   434154.123   434188.123   434220.123   434255.123
  3500:   434287.123   434360.123   434396.123   434431.123   434496.123
  3505:   434531.123   434569.123   434600.123   434638.123   434669.123
  3510:   434713.123   434792.123   434829.123   434861.123   434900.123
  3515:   434935.123   435004.123   435014.123   435028.123   435060.123
  3520:   435096.123   435127.123   435163.123   435194.123   435232.123
  3525:   435259.723   435259.920   435259.901   435259.093   435559.902
  3530:   437559.910   437561.615   441411.625   441412.715   441720.125
  3535:   442129.125   442160.125   442199.125   442240.125   442632.125
  3540:   442671.125   442779.125   442882.125   442925.125   442969.125
  3545:   443037.125   443160.125   443189.125   443220.125   443254.125
  3550:   443302.125   443347.125   443395.125   443489.125   443664.125
  3555:   443697.125   443882.125   443916.125   443948.125   443978.125
  3560:   444017.125   444053.125   444103.125   444144.125   444185.125
  3565:   444218.125   444313.125   444346.125   444385.125   444419.125
  3570:   444453.125   444487.125   444514.125   444554.125   444582.125
  3575:   444619.125   444646.125   444690.125   444724.125   444764.125
  3580:   444800.125   444817.125   444855.125   444886.125   444925.125
  3585:   444958.125   444996.125   445008.125   445042.125   445076.125
  3590:   445115.125   445144.125   445187.125   445225.125   445254.125
  3595:   445294.725   445294.920   445294.901   445294.095   445594.902
  3600:   447594.910   447596.612   448996.622   448997.712   449132.122
  3605:   449169.122   449202.122   449239.122   449270.122   449307.122
  3610:   449342.122   449381.122   449414.122   449451.122   449486.122
  3615:   449524.122   449559.122   449597.122   449628.122   449664.122
  3620:   449698.122   449735.122   449768.122   449806.122   449840.122
  3625:   449880.122   449918.122   449950.122   449987.122   450016.122
  3630:   450053.122   450072.122   450112.122   450142.122   450181.122
  3635:   450210.122   450252.122   450284.122   450324.122   450354.122
  3640:   450386.122   450427.722   450427.920   450427.901   450427.092
  3645:   450727.902   452727.910   452729.613   454679.623   454680.713
  3650:   454813.123   454853.123   454889.123   454924.123   454961.123
  3655:   455001.123   455036.123   455072.123   455106.123   455143.123
  3660:   455179.123   455216.123   455246.123   455283.123   455315.123
  3665:   455352.123   455382.123   455419.123   455450.123   455491.123
  3670:   455525.123   455556.123   455592.123   455628.123   455664.123
  3675:   455695.123   455732.123   455764.123   455803.123   455832.123
  3680:   455868.123   455900.123   455939.123   455966.123   456007.123
  3685:   456022.123   456058.123   456092.123   456128.123   456155.123
  3690:   456194.123   456227.123   456271.123   456308.123   456326.123
  3695:   456363.123   456396.123   456434.123   456461.123   456500.123
  3700:   456513.123   456549.123   456598.123   456628.123   456666.723
  3705:   456666.920   456666.901   456666.093   456966.902   458966.910
  3710:   458968.614   461718.624   461719.714   461833.124   461864.124
  3715:   462334.124   462368.124   462395.124   462430.124   462460.124
  3720:   462499.124   462541.124   462800.124   462838.124   462875.124
  3725:   462912.124   462946.124   462968.124   463001.124   463030.124
  3730:   463063.124   463095.124   463132.124   463161.124   463200.124
  3735:   463235.124   463302.124   463385.124   463415.124   463448.124
  3740:   463523.124   463556.124   463584.124   463621.124   463649.124
  3745:   463685.124   463720.124   463756.124   463771.124   463801.124
  3750:   463831.124   463869.124   463883.124   463916.124   463930.124
  3755:   463963.124   463978.124   464012.124   464044.124   464082.124
  3760:   464100.124   464137.124   464163.124   464199.124   464234.124
  3765:   464271.124   464301.124   464342.124   464369.124   464408.124
  3770:   464447.124   464484.724   464484.920   464484.901   464484.094
  3775:   464784.902   466784.910   466786.615   470636.625   470637.715
  3780:   471058.125   471092.125   471129.125   471165.125   471352.125
  3785:   471715.125   471751.125   471789.125   472262.125   472298.125
  3790:   472333.125   472368.125   472397.125   472435.125   472467.125
  3795:   472505.125   472539.125   472582.125   472612.125   472644.125
  3800:   472683.125   472716.125   472831.125   472863.125   472899.125
  3805:   472931.125   473026.125   473056.125   473091.125   473174.125
  3810:   473209.125   473307.125   473340.125   473371.125   473408.125
  3815:   473444.125   473477.125   473515.125   473550.125   473578.125
  3820:   473617.125   473654.125   473725.125   473758.125   473793.125
  3825:   473806.125   473839.125   473870.125   473913.125   473943.125
  3830:   473980.125   473995.125   474031.125   474068.125   474082.125
  3835:   474123.125   474163.125   474197.125   474235.125   474263.125
  3840:   474299.125   474346.125   474383.125   474396.125   474433.125
  3845:   474462.125   474500.725   474500.920   474500.901   474500.095
  3850:   474800.902   476800.910   476802.615   480652.625   480653.715
  3855:   480757.125   480789.125   481470.125   481505.125   481944.125
  3860:   481978.125   482013.125   482048.125   482079.125   482116.125
  3865:   482148.125   482185.125   482219.125   482260.125   482291.125
  3870:   482570.125   482604.125   482847.125   482880.125   482915.125
  3875:   482946.125   482980.125   483010.125   483044.125   483077.125
  3880:   483114.125   483145.125   483183.125   483215.125   483258.125
  3885:   483291.125   483328.125   483357.125   483395.125   483423.125
  3890:   483462.125   483489.125   483525.125   483541.125   483573.125
  3895:   483606.125   483642.125   483658.125   483692.125   483728.125
  3900:   483764.125   483778.125   483811.125   483842.125   483882.125
  3905:   483918.125   483948.125   483986.125   483998.125   484034.125
  3910:   484050.125   484086.125   484119.125   484159.125   484172.125
  3915:   484205.125   484235.125   484270.125   484306.125   484354.125
  3920:   484391.125   484423.125   484462.125   484508.725   484508.920
  3925:   484508.901   484508.095   484808.902   486808.910   486810.613
  3930:   488760.623   488761.713   488922.123   488957.123   488991.123
  3935:   489023.123   489060.123   489090.123   489136.123   489166.123
  3940:   489201.123   489234.123   489266.123   489312.123   489347.123
  3945:   489380.123   489406.123   489481.123   489520.123   489562.123
  3950:   489601.123   489643.123   489687.123   489733.123   489765.123
  3955:   489792.123   489825.123   489857.123   489892.123   489924.123
  3960:   489963.123   489997.123   490032.123   490053.123   490090.123
  3965:   490121.123   490158.123   490192.123   490227.123   490258.123
  3970:   490295.123   490311.123   490346.123   490360.123   490393.123
  3975:   490426.123   490467.123   490503.123   490517.123   490553.123
  3980:   490585.123   490625.123   490652.123   490691.123   490703.123
  3985:   490739.723   490739.920   490739.901   490739.093   491039.902
  3990:   493039.910   493041.611   494041.621   494042.711   494153.121
  3995:   494188.121   494227.121   494264.121   494304.121   494339.121
  4000:   494382.121   494421.121   494455.121   494493.121   494526.121
  4005:   494562.121   494596.121   494634.121   494668.121   494706.121
  4010:   494735.121   494774.121   494806.121   494844.121   494876.121
  4015:   494915.121   494947.121   494989.121   495020.121   495058.721
  4020:   495058.920   495058.901   495058.091   495358.902   497358.910
  4025:   497360.613   499310.623   499311.713   499436.123   499471.123
  4030:   499509.123   499542.123   499577.123   499609.123   499646.123
  4035:   499675.123   499714.123   499744.123   499781.123   499812.123
  4040:   499850.123   499882.123   499919.123   499947.123   499986.123
  4045:   500015.123   500055.123   500088.123   500126.123   500156.123
  4050:   500195.123   500232.123   500269.123   500294.123   500334.123
  4055:   500360.123   500400.123   500435.123   500470.123   500498.123
  4060:   500536.123   500568.123   500606.123   500635.123   500673.123
  4065:   500700.123   500739.123   500752.123   500787.123   500807.123
  4070:   500843.123   500857.123   500894.123   500927.123   500965.123
  4075:   500993.123   501033.123   501061.123   501099.123   501126.123
  4080:   501165.123   501192.123   501232.123   501245.123   501279.723
  4085:   501279.920   501279.901   501279.093   501579.902   501579.902
  4090:   501579.005   501579.006   501579.007   501579.020
D:
     0:        0.000        0.000        0.000        0.000        0.000
     5:        0.000        0.000        0.000        0.000        0.000
    10:        0.000        0.000        0.000        0.000        0.000
    15:        0.000        0.000        0.000        0.000        0.000
    20:        0.000        0.000        0.000        0.000        0.000
    25:        0.000        0.000        0.000        0.000        0.000
    30:        0.000        0.000        0.000        0.000        0.000
    35:        0.000
F:
     0:       10.000       14.000       19.500       27.500       38.500
     5:       10.000       14.000       19.500       27.500       38.500
    10:       10.000       14.000       19.500       27.500       38.500
    15:       10.000       14.000       19.500       27.500       38.500
    20:       10.000       14.000       19.500       27.500       38.500
    25:       10.000       14.000       19.500       27.500       38.500
    30:       10.000       14.000       19.500       27.500       38.500
    35:       10.000       14.000       19.500       27.500       38.500
    40:       10.000       14.000       19.500       27.500       38.500
    45:       10.000       14.000       19.500       27.500       38.500
    50:       10.000       14.000       19.500       27.500       38.500
    55:       10.000       14.000       19.500       27.500       38.500
    60:       10.000       14.000       19.500       27.500       38.500
    65:       10.000       14.000       19.500       27.500       38.500
    70:       10.000       14.000       19.500       27.500       38.500
I:
     0:       75.000        0.000        0.000
M:
     0:       15.000       15.000       15.000       15.000       15.000
     5:        0.000        0.000        0.000        0.000        0.000
    10:        0.000
N:
     0:       15.000       15.000       15.000       15.000       15.000
     5:        0.000
Q:
     0:       15.000       15.000       15.000       15.000       15.000
     5:        0.000
V:
     0:        0.000        0.000        0.000        0.000        0.000
     5:      321.000      484.000      680.000      847.000     1156.000
    10:        0.000        0.000        0.000        0.000        0.000
    15:        0.000
