File: C:\MED-PC IV\DATA\ENTR_IF25P003


Start Date: 07/30/17
End Date: 07/30/17
Subject: P003
Experiment: ENTRENAMIENTO
Group: 0
Box: 7
Start Time: 10:44:10
End Time: 12:08:05
MSN: ENTRENAMIFs
B:       0.000
C:       0.000
E:    3570.000
G:      19.500
H:    1950.000
J:       0.000
K:       0.000
L:       0.000
O:       0.000
P:       0.000
R:       0.000
S:       0.000
T:  501983.000
U:       0.000
W:       0.000
X:       0.000
Y:       0.000
Z:       0.000
A:
     0:        0.010      500.910      502.613     2452.623     2453.713
     5:     2545.123     2582.123     2616.123     2657.123     2689.123
    10:     2724.123     2789.123     2825.123     2860.123     2898.123
    15:     2932.123     2963.123     2997.123     3031.123     3071.123
    20:     3105.123     3178.123     3216.123     3259.123     3297.123
    25:     3336.123     3372.123     3417.123     3457.123     3493.123
    30:     3531.123     3568.123     3604.123     3645.123     3680.123
    35:     3720.123     3765.123     3803.123     3836.123     3874.123
    40:     3911.123     3948.123     4052.123     4092.123     4165.123
    45:     4201.123     4241.123     4282.123     4318.123     4422.723
    50:     4422.920     4422.901     4422.093     4722.902     6722.910
    55:     6724.613     8674.623     8675.713     8812.123     8850.123
    60:     8890.123     8924.123     8959.123     8989.123     9023.123
    65:     9058.123     9094.123     9161.123     9201.123     9240.123
    70:     9278.123     9315.123     9385.123     9418.123     9455.123
    75:     9493.123     9532.123     9569.123     9604.123     9641.123
    80:     9674.123     9709.123     9753.123     9843.123     9880.123
    85:     9918.123     9951.123     9986.123    10020.123    10055.123
    90:    10089.123    10126.123    10160.123    10198.123    10233.123
    95:    10307.123    10344.123    10380.123    10417.123    10453.123
   100:    10487.123    10558.123    10596.123    10633.723    10633.920
   105:    10633.901    10633.093    10933.902    12933.910    12935.613
   110:    14885.623    14886.713    15030.123    15104.123    15178.123
   115:    15208.123    15247.123    15281.123    15317.123    15351.123
   120:    15384.123    15418.123    15451.123    15483.123    15516.123
   125:    15548.123    15581.123    15649.123    15682.123    15716.123
   130:    15753.123    15824.123    15860.123    15894.123    15930.123
   135:    15964.123    15997.123    16033.123    16069.123    16106.123
   140:    16182.123    16218.123    16283.123    16320.123    16362.123
   145:    16400.123    16435.123    16476.123    16514.123    16549.123
   150:    16587.123    16626.123    16666.123    16704.123    16743.123
   155:    16782.123    16819.123    16893.723    16893.920    16893.901
   160:    16893.093    17193.902    19193.910    19195.615    23045.625
   165:    23046.715    23305.125    23337.125    23369.125    23409.125
   170:    23442.125    23479.125    23513.125    23546.125    23581.125
   175:    23611.125    23645.125    23749.125    23786.125    23823.125
   180:    23866.125    23903.125    23976.125    24010.125    24088.125
   185:    24135.125    24175.125    24215.125    24321.125    24356.125
   190:    24395.125    24435.125    24475.125    24553.125    24599.125
   195:    24638.125    24675.125    24711.125    24720.125    24757.125
   200:    24796.125    24832.125    24867.125    24904.125    24941.125
   205:    24983.125    25024.125    25064.125    25102.125    25138.125
   210:    25179.125    25254.125    25323.125    25363.125    25401.125
   215:    25408.125    25449.125    25488.125    25564.125    25603.125
   220:    25644.125    25681.125    25719.125    25755.125    25790.125
   225:    25827.125    25862.125    25900.125    25935.125    25970.125
   230:    26004.125    26038.125    26075.125    26110.125    26145.125
   235:    26179.125    26216.125    26249.125    26289.125    26331.125
   240:    26365.125    26402.125    26437.125    26478.125    26513.125
   245:    26551.125    26585.125    26621.125    26660.125    26694.125
   250:    26733.125    26768.125    26803.125    26874.125    26909.725
   255:    26909.920    26909.901    26909.095    27209.902    29209.910
   260:    29211.614    31961.624    31962.714    32157.124    32196.124
   265:    32232.124    32269.124    32307.124    32342.124    32403.124
   270:    32437.124    32472.124    32509.124    32551.124    32585.124
   275:    32618.124    32650.124    32683.124    32749.124    32784.124
   280:    32818.124    32854.124    32891.124    32928.124    32969.124
   285:    33007.124    33043.124    33078.124    33110.124    33144.124
   290:    33177.124    33212.124    33246.124    33281.124    33315.124
   295:    33358.124    33396.124    33431.124    33467.124    33502.124
   300:    33539.124    33580.124    33615.124    33651.124    33688.124
   305:    33726.124    33770.124    33806.124    33883.124    33919.124
   310:    33957.124    33993.124    34028.124    34066.124    34104.124
   315:    34143.124    34183.124    34220.124    34295.124    34328.124
   320:    34363.124    34432.124    34469.124    34507.124    34544.124
   325:    34580.124    34617.124    34654.124    34690.124    34722.724
   330:    34722.920    34722.901    34722.094    35022.902    37022.910
   335:    37024.615    40874.625    40875.715    41508.125    41544.125
   340:    41584.125    41621.125    41656.125    41728.125    41767.125
   345:    41805.125    41934.125    41966.125    42007.125    42076.125
   350:    42109.125    42141.125    42177.125    42212.125    42256.125
   355:    42333.125    42374.125    42414.125    42450.125    42488.125
   360:    42521.125    42555.125    42593.125    42661.125    42696.125
   365:    42742.125    42776.125    42852.125    42890.125    42937.125
   370:    42978.125    43015.125    43053.125    43089.125    43127.125
   375:    43165.125    43205.125    43243.125    43283.125    43408.125
   380:    43444.125    43484.125    43519.125    43555.125    43592.125
   385:    43628.125    43668.125    43706.125    43749.125    43789.125
   390:    43831.125    43872.125    43941.125    43977.125    44019.125
   395:    44060.125    44127.125    44165.125    44245.125    44283.125
   400:    44317.125    44378.125    44416.125    44495.125    44531.125
   405:    44570.125    44605.125    44640.125    44678.125    44717.125
   410:    44754.725    44754.920    44754.901    44754.095    45054.902
   415:    47054.910    47056.611    48056.621    48057.711    48201.121
   420:    48251.121    48289.121    48325.121    48366.121    48403.121
   425:    48436.121    48470.121    48504.121    48571.121    48605.121
   430:    48641.121    48677.121    48714.121    48753.121    48829.121
   435:    48895.121    48931.121    48973.121    49012.121    49050.121
   440:    49089.721    49089.920    49089.901    49089.091    49389.902
   445:    51389.910    51391.614    54141.624    54142.714    54252.124
   450:    54290.124    54363.124    54399.124    54434.124    54466.124
   455:    54497.124    54532.124    54565.124    54604.124    54644.124
   460:    54682.124    54719.124    54758.124    54792.124    54828.124
   465:    54868.124    54904.124    54940.124    54975.124    55013.124
   470:    55050.124    55088.124    55122.124    55159.124    55197.124
   475:    55237.124    55306.124    55342.124    55381.124    55457.124
   480:    55496.124    55534.124    55601.124    55680.124    55719.124
   485:    55793.124    55830.124    55867.124    55934.124    55976.124
   490:    56016.124    56091.124    56130.124    56137.124    56252.124
   495:    56289.124    56326.124    56361.124    56398.124    56433.124
   500:    56505.124    56539.124    56580.124    56619.124    56658.124
   505:    56695.124    56736.124    56774.124    56811.124    56848.124
   510:    56886.124    56923.724    56923.920    56923.901    56923.094
   515:    57223.902    59223.910    59225.612    60625.622    60626.712
   520:    60834.122    60907.122    60946.122    60984.122    61060.122
   525:    61092.122    61124.122    61163.122    61200.122    61234.122
   530:    61271.122    61308.122    61345.122    61382.122    61414.122
   535:    61450.122    61488.122    61524.122    61558.122    61633.122
   540:    61676.122    61754.122    61793.122    61833.122    61877.122
   545:    61925.122    61965.122    62009.122    62080.722    62080.920
   550:    62080.901    62080.092    62380.902    64380.910    64382.611
   555:    65382.621    65383.711    65631.121    65674.121    65713.121
   560:    65755.121    65792.121    65827.121    65862.121    65933.121
   565:    65968.121    66002.121    66039.121    66074.121    66110.121
   570:    66148.121    66183.121    66220.121    66265.121    66303.121
   575:    66342.121    66417.721    66417.920    66417.901    66417.091
   580:    66717.902    68717.910    68719.613    70669.623    70670.713
   585:    70952.123    70995.123    71039.123    71083.123    71119.123
   590:    71185.123    71225.123    71303.123    71340.123    71374.123
   595:    71439.123    71513.123    71550.123    71619.123    71658.123
   600:    71693.123    71734.123    71770.123    71805.123    71840.123
   605:    71878.123    71919.123    71956.123    71996.123    72058.123
   610:    72094.123    72129.123    72167.123    72277.123    72317.123
   615:    72359.123    72405.123    72441.123    72482.123    72521.123
   620:    72559.123    72598.123    72608.123    72651.723    72651.920
   625:    72651.901    72651.093    72951.902    74951.910    74953.613
   630:    76903.623    76904.713    77137.123    77173.123    77205.123
   635:    77246.123    77286.123    77327.123    77444.123    77480.123
   640:    77512.123    77618.123    77651.123    77689.123    77724.123
   645:    77756.123    77788.123    77821.123    77853.123    77886.123
   650:    77918.123    77957.123    78004.123    78041.123    78108.123
   655:    78176.123    78215.123    78259.123    78329.123    78364.123
   660:    78481.123    78517.123    78552.123    78587.123    78627.123
   665:    78664.123    78699.123    78737.123    78777.123    78856.723
   670:    78856.920    78856.901    78856.093    79156.902    81156.910
   675:    81158.611    82158.621    82159.711    82424.121    82460.121
   680:    82537.121    82574.121    82611.121    82646.121    82680.121
   685:    82712.121    82750.121    82786.121    82824.121    82860.121
   690:    82894.121    82930.121    82969.121    83008.121    83045.121
   695:    83080.121    83119.121    83158.121    83196.721    83196.920
   700:    83196.901    83196.091    83496.902    85496.910    85498.614
   705:    88248.624    88249.714    88485.124    88527.124    88568.124
   710:    88780.124    88827.124    88867.124    88972.124    89012.124
   715:    89049.124    89087.124    89124.124    89163.124    89202.124
   720:    89241.124    89281.124    89320.124    89359.124    89397.124
   725:    89436.124    89476.124    89512.124    89556.124    89600.124
   730:    89640.124    89678.124    89718.124    89758.124    89773.124
   735:    89817.124    89871.124    89909.124    89951.124    89994.124
   740:    90073.124    90115.124    90159.124    90206.124    90251.124
   745:    90297.124    90338.124    90381.124    90424.124    90465.124
   750:    90512.124    90555.124    90598.124    90642.124    90735.124
   755:    90785.124    90832.124    90876.124    90926.124    90972.124
   760:    91018.724    91018.920    91018.901    91018.094    91318.902
   765:    93318.910    93320.613    95270.623    95271.713    95539.123
   770:    95580.123    95621.123    95661.123    95701.123    95739.123
   775:    95776.123    95814.123    95862.123    95906.123    95943.123
   780:    95981.123    96018.123    96055.123    96098.123    96138.123
   785:    96175.123    96217.123    96259.123    96300.123    96341.123
   790:    96383.123    96425.123    96471.123    96515.123    96559.123
   795:    96606.123    96725.123    96767.123    96809.123    96853.123
   800:    96895.123    96941.123    96986.123    97028.123    97072.123
   805:    97120.123    97164.123    97210.123    97250.723    97250.920
   810:    97250.901    97250.093    97550.902    99550.910    99552.614
   815:   102302.624   102303.714   102444.124   102634.124   102668.124
   820:   102703.124   102744.124   102870.124   102906.124   102944.124
   825:   102982.124   103017.124   103052.124   103092.124   103135.124
   830:   103177.124   103217.124   103260.124   103298.124   103339.124
   835:   103384.124   103428.124   103469.124   103543.124   103585.124
   840:   103626.124   103669.124   103712.124   103756.124   103799.124
   845:   103840.124   103917.124   103959.124   104028.124   104073.124
   850:   104114.124   104153.124   104333.124   104398.124   104437.124
   855:   104473.124   104511.124   104584.124   104626.124   104667.124
   860:   104735.124   104775.124   104811.124   104851.124   104892.124
   865:   104931.124   104969.124   105010.124   105052.124   105119.724
   870:   105119.920   105119.901   105119.094   105419.902   107419.910
   875:   107421.614   110171.624   110172.714   110482.124   110525.124
   880:   110560.124   110599.124   110635.124   110672.124   110710.124
   885:   110789.124   110826.124   110872.124   110935.124   110974.124
   890:   111016.124   111056.124   111096.124   111135.124   111175.124
   895:   111212.124   111248.124   111348.124   111385.124   111422.124
   900:   111461.124   111500.124   111540.124   111635.124   111673.124
   905:   111712.124   111752.124   111789.124   111910.124   111951.124
   910:   111994.124   112041.124   112082.124   112125.124   112210.124
   915:   112289.124   112334.124   112376.124   112417.124   112458.124
   920:   112540.124   112578.124   112622.124   112690.124   112768.124
   925:   112918.124   112959.724   112959.920   112959.901   112959.094
   930:   113259.902   115259.910   115261.615   119111.625   119112.715
   935:   119193.125   119371.125   119404.125   119442.125   119631.125
   940:   119667.125   119741.125   119781.125   119915.125   119951.125
   945:   119986.125   120021.125   120098.125   120138.125   120180.125
   950:   120256.125   120296.125   120341.125   120417.125   120466.125
   955:   120532.125   120566.125   120601.125   120644.125   120772.125
   960:   120809.125   120854.125   120897.125   120970.125   121010.125
   965:   121048.125   121089.125   121171.125   121241.125   121280.125
   970:   121320.125   121401.125   121471.125   121513.125   121557.125
   975:   121598.125   121605.125   121644.125   121714.125   121755.125
   980:   121795.125   121835.125   121871.125   121910.125   121954.125
   985:   122023.125   122069.125   122111.125   122148.125   122184.125
   990:   122225.125   122270.125   122380.125   122420.125   122458.125
   995:   122502.125   122635.125   122670.125   122708.125   122750.125
  1000:   122796.125   122839.125   122876.125   122917.125   122961.125
  1005:   123004.725   123004.920   123004.901   123004.095   123304.902
  1010:   125304.910   125306.614   128056.624   128057.714   128448.124
  1015:   128537.124   128569.124   128604.124   128642.124   128674.124
  1020:   128723.124   128798.124   128842.124   128883.124   128931.124
  1025:   129012.124   129049.124   129170.124   129207.124   129241.124
  1030:   129384.124   129421.124   129495.124   129530.124   129569.124
  1035:   129611.124   129651.124   129693.124   129773.124   129814.124
  1040:   129854.124   129937.124   129976.124   130016.124   130058.124
  1045:   130101.124   130143.124   130184.124   130225.124   130264.124
  1050:   130306.124   130376.124   130421.124   130463.124   130503.124
  1055:   130544.124   130584.124   130652.124   130691.124   130729.124
  1060:   130772.124   130815.724   130815.920   130815.901   130815.094
  1065:   131115.902   133115.910   133117.615   136967.625   136968.715
  1070:   137150.125   137273.125   137318.125   137509.125   137550.125
  1075:   137584.125   137801.125   137834.125   137869.125   138043.125
  1080:   138078.125   138117.125   138157.125   138201.125   138238.125
  1085:   138383.125   138451.125   138541.125   138581.125   138709.125
  1090:   138753.125   138795.125   138871.125   138913.125   138987.125
  1095:   139027.125   139070.125   139114.125   139253.125   139293.125
  1100:   139364.125   139405.125   139447.125   139490.125   139534.125
  1105:   139543.125   139612.125   139660.125   139705.125   139743.125
  1110:   139783.125   139848.125   139888.125   139959.125   139998.125
  1115:   140040.125   140085.125   140228.125   140268.125   140306.125
  1120:   140349.125   140388.125   140511.125   140550.125   140593.125
  1125:   140632.125   140670.125   140708.125   140748.125   140792.125
  1130:   140835.725   140835.920   140835.901   140835.095   141135.902
  1135:   143135.910   143137.615   146987.625   146988.715   147340.125
  1140:   147385.125   147576.125   147608.125   147693.125   147732.125
  1145:   147882.125   147916.125   147947.125   147979.125   148089.125
  1150:   148130.125   148175.125   148231.125   148501.125   148544.125
  1155:   148649.125   148684.125   148759.125   148828.125   148871.125
  1160:   148936.125   148972.125   149008.125   149048.125   149125.125
  1165:   149162.125   149203.125   149248.125   149291.125   149359.125
  1170:   149401.125   149496.125   149537.125   149603.125   149647.125
  1175:   149753.125   149795.125   149836.125   149876.125   149919.125
  1180:   149958.125   150000.125   150043.125   150084.125   150160.125
  1185:   150200.125   150266.125   150310.125   150378.125   150422.125
  1190:   150460.125   150549.125   150589.125   150627.125   150667.125
  1195:   150705.125   150746.125   150791.125   150829.125   150870.725
  1200:   150870.920   150870.901   150870.095   151170.902   153170.910
  1205:   153172.612   154572.622   154573.712   154754.122   154791.122
  1210:   154831.122   154871.122   154910.122   154945.122   154986.122
  1215:   155021.122   155059.122   155096.122   155134.122   155170.122
  1220:   155203.122   155237.122   155272.122   155346.122   155427.122
  1225:   155467.122   155577.122   155620.122   155662.122   155705.122
  1230:   155746.122   155753.122   155821.122   155864.122   155908.122
  1235:   155949.122   155990.722   155990.920   155990.901   155990.092
  1240:   156290.902   158290.910   158292.615   162142.625   162143.715
  1245:   163119.125   164028.125   164064.125   164103.125   164150.125
  1250:   164273.125   164460.125   164496.125   164587.125   164678.125
  1255:   164794.125   164832.125   164875.125   165001.125   165044.125
  1260:   165089.125   165146.125   165232.125   165318.125   165397.125
  1265:   165438.125   165531.125   165640.125   165682.125   165721.125
  1270:   165757.125   165796.125   165835.125   165874.125   165919.125
  1275:   165967.125   166081.725   166081.920   166081.901   166081.095
  1280:   166381.902   168381.910   168383.614   171133.624   171134.714
  1285:   171303.124   171345.124   171494.124   171532.124   171628.124
  1290:   171672.124   171708.124   171741.124   171779.124   171982.124
  1295:   172020.124   172055.124   172092.124   172138.124   172176.124
  1300:   172219.124   172259.124   172299.124   172343.124   172383.124
  1305:   172426.124   172467.124   172503.124   172540.124   172579.124
  1310:   172616.124   172655.124   172737.124   172782.124   172823.124
  1315:   172865.124   172937.124   172981.124   173024.124   173068.124
  1320:   173114.124   173159.124   173204.124   173242.124   173283.124
  1325:   173326.124   173372.124   173464.124   173511.124   173560.124
  1330:   173605.124   173647.124   173691.124   173736.124   173784.124
  1335:   173832.124   173883.124   173954.724   173954.920   173954.901
  1340:   173954.094   174254.902   176254.910   176256.613   178206.623
  1345:   178207.713   178387.123   178460.123   178537.123   178623.123
  1350:   178740.123   178778.123   178822.123   178859.123   178896.123
  1355:   178932.123   178970.123   179007.123   179047.123   179088.123
  1360:   179129.123   179170.123   179211.123   179255.123   179297.123
  1365:   179340.123   179383.123   179429.123   179474.123   179517.123
  1370:   179560.123   179604.123   179681.123   179724.123   179768.123
  1375:   179814.123   179858.123   179904.123   179959.123   180007.123
  1380:   180050.123   180094.123   180137.123   180178.723   180178.920
  1385:   180178.901   180178.093   180478.902   182478.910   182480.615
  1390:   186330.625   186331.715   186844.125   186930.125   187116.125
  1395:   187151.125   187195.125   187237.125   187373.125   187412.125
  1400:   187453.125   187605.125   187645.125   187773.125   187821.125
  1405:   187863.125   187943.125   187988.125   188033.125   188073.125
  1410:   188115.125   188153.125   188187.125   188225.125   188334.125
  1415:   188443.125   188481.125   188582.125   188621.125   188696.125
  1420:   188829.125   188875.125   188923.125   188963.125   189005.125
  1425:   189046.125   189085.125   189124.125   189168.125   189208.125
  1430:   189253.125   189303.125   189355.125   189401.125   189445.125
  1435:   189484.125   189528.125   189606.125   189652.125   189699.125
  1440:   189745.125   189791.125   189836.125   189883.125   189959.125
  1445:   190005.125   190056.125   190101.125   190145.125   190186.725
  1450:   190186.920   190186.901   190186.095   190486.902   192486.910
  1455:   192488.615   196338.625   196339.715   196765.125   196960.125
  1460:   196999.125   197039.125   197126.125   197283.125   197322.125
  1465:   197362.125   197482.125   197525.125   197634.125   197675.125
  1470:   197716.125   197756.125   197791.125   197828.125   197864.125
  1475:   197903.125   197949.125   198025.125   198134.125   198171.125
  1480:   198259.125   198303.125   198387.125   198488.125   198529.125
  1485:   198618.125   198663.125   198707.125   198746.125   198759.125
  1490:   198845.125   198950.125   198988.125   199035.125   199077.125
  1495:   199115.125   199152.125   199189.125   199229.125   199271.125
  1500:   199282.125   199324.125   199371.125   199414.125   199461.125
  1505:   199540.125   199584.125   199631.125   199670.125   199710.125
  1510:   199748.125   199790.125   199830.125   199880.125   199925.125
  1515:   199974.125   200026.125   200068.125   200111.125   200158.125
  1520:   200205.725   200205.920   200205.901   200205.095   200505.902
  1525:   202505.910   202507.612   203907.622   203908.712   204219.122
  1530:   204260.122   204302.122   204412.122   204458.122   204492.122
  1535:   204535.122   204574.122   204587.122   204624.122   204660.122
  1540:   204695.122   204730.122   204766.122   204813.122   204856.122
  1545:   204898.122   204936.122   204973.122   205011.122   205051.122
  1550:   205172.122   205212.122   205253.122   205291.122   205343.722
  1555:   205343.920   205343.901   205343.092   205643.902   207643.910
  1560:   207645.612   209045.622   209046.712   209204.122   209313.122
  1565:   209356.122   209403.122   209442.122   209481.122   209518.122
  1570:   209554.122   209597.122   209632.122   209670.122   209708.122
  1575:   209747.122   209790.122   209828.122   209866.122   209907.122
  1580:   209948.122   209994.122   210044.122   210087.122   210129.122
  1585:   210172.122   210216.122   210259.122   210304.122   210350.122
  1590:   210391.122   210438.122   210486.722   210486.920   210486.901
  1595:   210486.092   210786.902   212786.910   212788.615   216638.625
  1600:   216639.715   217103.125   217551.125   217974.125   218021.125
  1605:   218194.125   218257.125   218296.125   218494.125   218526.125
  1610:   218594.125   218631.125   218816.125   218849.125   218880.125
  1615:   218913.125   218944.125   218953.125   218987.125   219022.125
  1620:   219066.125   219101.125   219137.125   219145.125   219188.125
  1625:   219238.125   219279.125   219316.125   219353.125   219389.125
  1630:   219453.125   219523.125   219557.125   219591.125   219636.125
  1635:   219675.125   219717.125   219754.125   219804.125   219846.125
  1640:   219915.125   219962.125   219998.125   220037.125   220080.125
  1645:   220123.125   220160.125   220201.125   220211.125   220250.125
  1650:   220334.125   220371.125   220530.725   220530.920   220530.901
  1655:   220530.095   220830.902   222830.910   222832.611   223832.621
  1660:   223833.711   224214.121   224250.121   224296.121   224332.121
  1665:   224369.121   224401.121   224440.121   224475.121   224509.121
  1670:   224542.121   224578.121   224618.121   224656.121   224691.121
  1675:   224728.121   224764.121   224798.121   224834.721   224834.920
  1680:   224834.901   224834.091   225134.902   227134.910   227136.613
  1685:   229086.623   229087.713   229332.123   229401.123   229438.123
  1690:   229512.123   229548.123   229582.123   229622.123   229654.123
  1695:   229687.123   229720.123   229758.123   229794.123   229828.123
  1700:   229863.123   229899.123   229936.123   229976.123   230014.123
  1705:   230056.123   230095.123   230177.123   230215.123   230263.123
  1710:   230303.123   230342.123   230384.123   230431.123   230478.123
  1715:   230515.123   230556.123   230595.123   230633.123   230702.123
  1720:   230747.123   230789.123   230829.123   230869.123   230908.123
  1725:   230986.123   231019.123   231054.723   231054.920   231054.901
  1730:   231054.093   231354.902   233354.910   233356.611   234356.621
  1735:   234357.711   234665.121   234699.121   234734.121   234764.121
  1740:   234826.121   234858.121   234887.121   234927.121   234961.121
  1745:   234993.121   235027.121   235060.121   235095.121   235130.121
  1750:   235167.121   235209.121   235280.121   235320.121   235359.721
  1755:   235359.920   235359.901   235359.091   235659.902   237659.910
  1760:   237661.613   239611.623   239612.713   239983.123   240032.123
  1765:   240070.123   240108.123   240146.123   240192.123   240228.123
  1770:   240260.123   240297.123   240340.123   240377.123   240412.123
  1775:   240445.123   240480.123   240516.123   240593.123   240628.123
  1780:   240734.123   240772.123   240856.123   240888.123   240924.123
  1785:   240960.123   241000.123   241085.123   241142.123   241178.123
  1790:   241218.123   241261.123   241388.123   241428.123   241466.123
  1795:   241502.123   241544.123   241579.723   241579.920   241579.901
  1800:   241579.093   241879.902   243879.910   243881.612   245281.622
  1805:   245282.712   245602.122   245762.122   245808.122   245845.122
  1810:   245875.122   245906.122   245940.122   245980.122   246014.122
  1815:   246048.122   246080.122   246116.122   246156.122   246194.122
  1820:   246281.122   246326.122   246362.122   246401.122   246438.122
  1825:   246478.122   246552.122   246586.122   246621.122   246656.122
  1830:   246692.722   246692.920   246692.901   246692.092   246992.902
  1835:   248992.910   248994.613   250944.623   250945.713   251208.123
  1840:   251349.123   251382.123   251420.123   251502.123   251612.123
  1845:   251643.123   251688.123   251723.123   251753.123   251785.123
  1850:   251823.123   251856.123   251891.123   251923.123   251963.123
  1855:   252013.123   252155.123   252194.123   252294.123   252332.123
  1860:   252368.123   252406.123   252446.123   252542.123   252576.123
  1865:   252685.123   252720.123   252791.123   252836.123   252874.123
  1870:   252911.723   252911.920   252911.901   252911.093   253211.902
  1875:   255211.910   255213.611   256213.621   256214.711   256652.121
  1880:   256689.121   256725.121   256865.121   256899.121   256931.121
  1885:   256961.121   256995.121   257031.121   257066.121   257100.121
  1890:   257138.121   257178.121   257248.721   257248.920   257248.901
  1895:   257248.091   257548.902   259548.910   259550.612   260950.622
  1900:   260951.712   261287.122   261325.122   261484.122   261634.122
  1905:   261666.122   261698.122   261728.122   261759.122   261803.122
  1910:   261837.122   261873.122   261908.122   261943.122   261978.122
  1915:   262018.122   262056.122   262093.122   262129.122   262200.122
  1920:   262235.122   262277.122   262318.122   262389.722   262389.920
  1925:   262389.901   262389.092   262689.902   264689.910   264691.615
  1930:   268541.625   268542.715   268839.125   269131.125   269167.125
  1935:   269357.125   269394.125   269438.125   269596.125   269633.125
  1940:   269672.125   269706.125   269741.125   269781.125   269887.125
  1945:   269925.125   269971.125   270011.125   270059.125   270161.125
  1950:   270199.125   270238.125   270323.125   270360.125   270402.125
  1955:   270443.125   270482.125   270517.125   270555.125   270589.125
  1960:   270626.125   270662.125   270743.125   270783.125   270821.125
  1965:   270899.125   270935.125   271014.125   271048.125   271091.125
  1970:   271128.125   271175.125   271216.125   271260.125   271305.125
  1975:   271348.125   271391.125   271430.125   271481.125   271523.125
  1980:   271573.125   271624.125   271669.125   271716.125   271764.125
  1985:   271804.125   271845.125   271884.125   272016.125   272101.125
  1990:   272143.125   272187.125   272230.125   272270.125   272307.125
  1995:   272348.125   272390.125   272435.725   272435.920   272435.901
  2000:   272435.095   272735.902   274735.910   274737.614   277487.624
  2005:   277488.714   277826.124   277988.124   278022.124   278061.124
  2010:   278136.124   278179.124   278216.124   278317.124   278441.124
  2015:   278487.124   278528.124   278632.124   278674.124   278711.124
  2020:   278843.124   278878.124   278954.124   278990.124   279032.124
  2025:   279067.124   279104.124   279191.124   279232.124   279314.124
  2030:   279353.124   279391.124   279428.124   279467.124   279546.124
  2035:   279588.124   279663.124   279705.124   279745.124   279782.124
  2040:   279816.124   279854.124   279888.124   279964.124   280003.124
  2045:   280042.124   280078.124   280128.124   280168.124   280205.124
  2050:   280245.724   280245.920   280245.901   280245.094   280545.902
  2055:   282545.910   282547.613   284497.623   284498.713   284979.123
  2060:   285016.123   285064.123   285258.123   285334.123   285413.123
  2065:   285537.123   285602.123   285644.123   285784.123   285820.123
  2070:   285851.123   285884.123   286027.123   286061.123   286134.123
  2075:   286242.123   286282.123   286375.123   286409.123   286517.723
  2080:   286517.920   286517.901   286517.093   286817.902   288817.910
  2085:   288819.611   289819.621   289820.711   290039.121   290073.121
  2090:   290113.121   290155.121   290203.121   290239.121   290273.121
  2095:   290311.121   290348.121   290384.121   290418.121   290453.121
  2100:   290485.121   290520.121   290555.121   290594.121   290630.121
  2105:   290664.121   290698.121   290734.121   290766.121   290800.121
  2110:   290834.721   290834.920   290834.901   290834.091   291134.902
  2115:   293134.910   293136.611   294136.621   294137.711   294282.121
  2120:   294352.121   294387.121   294420.121   294451.121   294544.121
  2125:   294575.121   294609.121   294644.121   294681.121   294714.121
  2130:   294749.121   294782.121   294815.121   294847.121   294882.121
  2135:   294916.121   294924.121   294961.121   295000.121   295038.121
  2140:   295076.121   295113.121   295186.721   295186.920   295186.901
  2145:   295186.091   295486.902   297486.910   297488.614   300238.624
  2150:   300239.714   300793.124   300844.124   300884.124   300924.124
  2155:   301057.124   301088.124   301118.124   301145.124   301179.124
  2160:   301215.124   301390.124   301425.124   301498.124   301536.124
  2165:   301616.124   301649.124   301684.124   301716.124   301750.124
  2170:   301814.124   301887.124   301926.124   301965.124   301998.124
  2175:   302033.124   302066.124   302103.124   302137.124   302173.124
  2180:   302210.124   302246.124   302286.124   302321.124   302366.124
  2185:   302410.124   302449.124   302484.124   302523.124   302562.124
  2190:   302599.124   302634.124   302684.124   302722.124   302761.124
  2195:   302798.124   302927.124   302965.124   303005.724   303005.920
  2200:   303005.901   303005.094   303305.902   305305.910   305307.615
  2205:   309157.625   309158.715   309560.125   309692.125   309773.125
  2210:   309810.125   309956.125   309997.125   310043.125   310081.125
  2215:   310127.125   310160.125   310197.125   310236.125   310284.125
  2220:   310321.125   310351.125   310384.125   310419.125   310452.125
  2225:   310484.125   310615.125   310754.125   310791.125   310826.125
  2230:   310865.125   310907.125   310944.125   310981.125   311018.125
  2235:   311056.125   311096.125   311140.125   311178.125   311213.125
  2240:   311249.125   311293.125   311327.125   311374.125   311414.125
  2245:   311453.125   311489.125   311525.125   311562.125   311601.125
  2250:   311638.125   311673.125   311710.125   311752.125   311791.125
  2255:   311808.125   311844.125   311880.125   311919.125   311957.125
  2260:   311969.125   312004.125   312044.125   312085.125   312123.125
  2265:   312161.125   312204.125   312245.125   312289.125   312330.125
  2270:   312414.125   312450.125   312498.125   312533.125   312571.125
  2275:   312610.125   312647.125   312694.125   312736.125   312774.125
  2280:   312817.125   312865.125   312933.125   312970.125   313009.725
  2285:   313009.920   313009.901   313009.095   313309.902   315309.910
  2290:   315311.611   316311.621   316312.711   316675.121   316713.121
  2295:   316751.121   316784.121   316820.121   316852.121   316889.121
  2300:   316922.121   316959.121   316994.121   317027.121   317058.121
  2305:   317090.121   317124.121   317159.121   317195.121   317232.121
  2310:   317269.121   317307.121   317387.721   317387.920   317387.901
  2315:   317387.091   317687.902   319687.910   319689.612   321089.622
  2320:   321090.712   321414.122   321449.122   321479.122   321510.122
  2325:   321551.122   321586.122   321615.122   321650.122   321681.122
  2330:   321716.122   321747.122   321780.122   321811.122   321841.122
  2335:   321906.122   321941.122   321975.122   322048.122   322130.122
  2340:   322166.122   322199.122   322236.122   322273.122   322314.122
  2345:   322349.122   322388.122   322425.122   322463.122   322500.722
  2350:   322500.920   322500.901   322500.092   322800.902   324800.910
  2355:   324802.612   326202.622   326203.712   326476.122   326520.122
  2360:   326557.122   326592.122   326626.122   326668.122   326710.122
  2365:   326746.122   326782.122   326818.122   326852.122   326888.122
  2370:   326929.122   326963.122   326999.122   327038.122   327075.122
  2375:   327111.122   327151.122   327192.122   327238.122   327273.122
  2380:   327310.122   327348.122   327388.122   327434.122   327470.122
  2385:   327512.122   327554.122   327599.122   327641.722   327641.920
  2390:   327641.901   327641.092   327941.902   329941.910   329943.612
  2395:   331343.622   331344.712   331761.122   331798.122   331912.122
  2400:   331953.122   331998.122   332030.122   332069.122   332147.122
  2405:   332181.122   332216.122   332256.122   332292.122   332326.122
  2410:   332362.122   332398.122   332432.122   332471.122   332524.122
  2415:   332628.122   332669.122   332709.122   332800.722   332800.920
  2420:   332800.901   332800.092   333100.902   335100.910   335102.611
  2425:   336102.621   336103.711   336288.121   336383.121   336420.121
  2430:   336452.121   336489.121   336528.121   336561.121   336596.121
  2435:   336634.121   336668.121   336703.121   336742.121   336779.121
  2440:   336821.121   336859.121   336894.121   336929.121   336964.121
  2445:   336999.121   337039.121   337077.121   337114.721   337114.920
  2450:   337114.901   337114.091   337414.902   339414.910   339416.611
  2455:   340416.621   340417.711   340574.121   340612.121   340653.121
  2460:   340691.121   340732.121   340817.121   340852.121   340886.121
  2465:   340927.121   341012.121   341050.121   341085.121   341121.121
  2470:   341159.121   341194.121   341230.121   341264.121   341306.121
  2475:   341343.121   341378.121   341415.121   341459.721   341459.920
  2480:   341459.901   341459.091   341759.902   343759.910   343761.611
  2485:   344761.621   344762.711   344989.121   345024.121   345063.121
  2490:   345101.121   345136.121   345171.121   345206.121   345242.121
  2495:   345280.121   345369.121   345406.121   345440.121   345479.121
  2500:   345520.121   345606.121   345651.121   345694.121   345736.121
  2505:   345823.721   345823.920   345823.901   345823.091   346123.902
  2510:   348123.910   348125.614   350875.624   350876.714   351313.124
  2515:   351614.124   351651.124   351692.124   351731.124   351813.124
  2520:   351856.124   351906.124   351954.124   352070.124   352105.124
  2525:   352143.124   352295.124   352330.124   352368.124   352407.124
  2530:   352449.124   352491.124   352537.124   352576.124   352612.124
  2535:   352651.124   352687.124   352720.124   352757.124   352795.124
  2540:   352833.124   352882.124   352922.124   352963.124   353005.124
  2545:   353047.124   353084.124   353126.124   353172.124   353245.124
  2550:   353287.124   353357.124   353398.124   353442.124   353485.124
  2555:   353528.124   353569.124   353646.724   353646.920   353646.901
  2560:   353646.094   353946.902   355946.910   355948.611   356948.621
  2565:   356949.711   357173.121   357213.121   357261.121   357301.121
  2570:   357336.121   357370.121   357407.121   357447.121   357481.121
  2575:   357525.121   357567.121   357605.121   357640.121   357677.121
  2580:   357715.121   357752.121   357798.121   357840.121   357877.121
  2585:   357914.121   357954.721   357954.920   357954.901   357954.091
  2590:   358254.902   360254.910   360256.612   361656.622   361657.712
  2595:   362218.122   362259.122   362293.122   362340.122   362413.122
  2600:   362452.122   362491.122   362529.122   362568.122   362606.122
  2605:   362643.122   362678.122   362714.122   362758.122   362796.122
  2610:   362836.122   362876.122   362960.122   363003.122   363046.122
  2615:   363115.722   363115.920   363115.901   363115.092   363415.902
  2620:   365415.910   365417.613   367367.623   367368.713   367597.123
  2625:   367851.123   367903.123   367939.123   367970.123   368047.123
  2630:   368138.123   368183.123   368283.123   368383.123   368421.123
  2635:   368457.123   368488.123   368519.123   368620.123   368655.123
  2640:   368731.123   368851.123   368893.123   368931.123   368967.123
  2645:   369035.123   369042.123   369082.123   369119.123   369193.123
  2650:   369268.123   369311.123   369345.723   369345.920   369345.901
  2655:   369345.093   369645.902   371645.910   371647.615   375497.625
  2660:   375498.715   375881.125   375976.125   376071.125   376251.125
  2665:   376282.125   376495.125   376540.125   376637.125   376717.125
  2670:   376877.125   376908.125   376938.125   376981.125   377085.125
  2675:   377124.125   377193.125   377234.125   377280.125   377313.125
  2680:   377346.125   377414.125   377574.125   377610.125   377681.125
  2685:   377720.125   377755.125   377789.125   377824.125   377858.125
  2690:   377891.125   377939.125   378017.125   378055.125   378095.125
  2695:   378133.125   378169.125   378205.125   378243.125   378280.125
  2700:   378316.125   378355.125   378395.125   378436.125   378485.125
  2705:   378555.125   378639.125   378680.125   378720.125   378757.125
  2710:   378797.125   378930.125   378968.125   379007.125   379101.125
  2715:   379141.125   379182.125   379248.125   379289.125   379330.125
  2720:   379370.725   379370.920   379370.901   379370.095   379670.902
  2725:   381670.910   381672.613   383622.623   383623.713   384140.123
  2730:   384180.123   384213.123   384283.123   384397.123   384428.123
  2735:   384464.123   384502.123   384539.123   384569.123   384613.123
  2740:   384661.123   384693.123   384728.123   384768.123   384803.123
  2745:   384835.123   384870.123   384960.123   384995.123   385029.123
  2750:   385064.123   385097.123   385130.123   385167.123   385204.123
  2755:   385238.123   385280.123   385319.123   385356.123   385402.123
  2760:   385441.123   385479.123   385548.123   385588.723   385588.920
  2765:   385588.901   385588.093   385888.902   387888.910   387890.615
  2770:   391740.625   391741.715   392290.125   392334.125   392405.125
  2775:   392579.125   392748.125   392819.125   392848.125   392986.125
  2780:   393026.125   393066.125   393214.125   393286.125   393366.125
  2785:   393433.125   393471.125   393510.125   393544.125   393576.125
  2790:   393612.125   393649.125   393684.125   393761.125   393800.125
  2795:   393872.125   393909.125   393949.125   393994.125   394035.125
  2800:   394073.125   394110.125   394146.125   394181.125   394216.125
  2805:   394255.125   394294.125   394327.125   394360.125   394395.125
  2810:   394432.125   394472.125   394510.125   394556.125   394594.125
  2815:   394634.125   394676.125   394717.125   394757.125   394845.125
  2820:   394880.125   394918.125   394953.125   394992.125   395072.125
  2825:   395161.125   395243.125   395280.125   395318.125   395361.125
  2830:   395401.125   395443.125   395549.125   395618.725   395618.920
  2835:   395618.901   395618.095   395918.902   397918.910   397920.612
  2840:   399320.622   399321.712   399555.122   399591.122   399623.122
  2845:   399660.122   399697.122   399770.122   399807.122   399845.122
  2850:   399878.122   399912.122   399952.122   399991.122   400026.122
  2855:   400066.122   400099.122   400137.122   400172.122   400216.122
  2860:   400251.122   400288.122   400325.122   400360.122   400398.122
  2865:   400433.122   400476.122   400514.122   400548.122   400584.122
  2870:   400657.122   400698.122   400769.722   400769.920   400769.901
  2875:   400769.092   401069.902   403069.910   403071.613   405021.623
  2880:   405022.713   405293.123   405443.123   405488.123   405528.123
  2885:   405558.123   405602.123   405642.123   405675.123   405743.123
  2890:   405783.123   405887.123   405957.123   405991.123   406023.123
  2895:   406052.123   406083.123   406117.123   406157.123   406190.123
  2900:   406268.123   406315.123   406407.123   406439.123   406472.123
  2905:   406503.123   406535.123   406570.123   406607.123   406676.123
  2910:   406709.123   406754.123   406789.123   406823.123   406860.123
  2915:   406902.123   406938.123   407003.723   407003.920   407003.901
  2920:   407003.093   407303.902   409303.910   409305.612   410705.622
  2925:   410706.712   411137.122   411215.122   411253.122   411429.122
  2930:   411511.122   411551.122   411593.122   411639.122   411713.122
  2935:   411786.122   411826.122   411894.122   411963.122   412041.122
  2940:   412088.122   412127.722   412127.920   412127.901   412127.092
  2945:   412427.902   414427.910   414429.615   418279.625   418280.715
  2950:   418895.125   418962.125   419363.125   419398.125   419501.125
  2955:   419535.125   419718.125   419749.125   419810.125   419915.125
  2960:   419957.125   420044.125   420086.125   420132.125   420232.125
  2965:   420265.125   420311.125   420352.125   420438.125   420508.125
  2970:   420594.125   420632.125   420673.125   420940.125   420978.125
  2975:   421016.125   421061.125   421105.125   421141.125   421186.125
  2980:   421222.125   421260.125   421306.125   421354.125   421396.125
  2985:   421436.125   421477.125   421524.125   421568.125   421613.125
  2990:   421658.125   421706.125   421750.125   421794.125   421837.125
  2995:   421878.125   421929.125   421977.125   422048.125   422091.125
  3000:   422181.725   422181.920   422181.901   422181.095   422481.902
  3005:   424481.910   424483.612   425883.622   425884.712   426229.122
  3010:   426266.122   426349.122   426386.122   426478.122   426515.122
  3015:   426563.122   426602.122   426635.122   426669.122   426718.122
  3020:   426799.122   426834.122   426876.122   426910.122   426947.122
  3025:   426987.122   427029.122   427068.122   427107.122   427143.122
  3030:   427179.122   427216.122   427266.122   427322.722   427322.920
  3035:   427322.901   427322.092   427622.902   429622.910   429624.614
  3040:   432374.624   432375.714   433071.124   433169.124   433289.124
  3045:   433329.124   433441.124   433542.124   433585.124   433619.124
  3050:   433653.124   433728.124   433764.124   433797.124   433837.124
  3055:   433876.124   433910.124   433958.124   434003.124   434016.124
  3060:   434054.124   434092.124   434133.124   434175.124   434214.124
  3065:   434250.124   434288.124   434327.124   434363.124   434413.124
  3070:   434454.124   434490.124   434531.124   434574.124   434610.124
  3075:   434623.124   434669.124   434706.124   434753.124   434793.124
  3080:   434840.124   434884.124   434922.124   434964.124   435000.124
  3085:   435036.124   435081.124   435124.124   435172.724   435172.920
  3090:   435172.901   435172.094   435472.902   437472.910   437474.615
  3095:   441324.625   441325.715   441740.125   441838.125   442003.125
  3100:   442125.125   442166.125   442199.125   442243.125   442287.125
  3105:   442363.125   442453.125   442509.125   442554.125   442600.125
  3110:   442694.125   442734.125   442776.125   442815.125   442891.125
  3115:   443000.125   443043.125   443128.125   443176.125   443264.125
  3120:   443313.125   443359.125   443398.125   443439.125   443476.125
  3125:   443515.125   443555.125   443592.125   443633.125   443671.125
  3130:   443709.125   443745.125   443783.125   443823.125   443862.125
  3135:   443904.125   443947.125   443987.125   444030.125   444079.125
  3140:   444157.125   444200.125   444252.125   444301.125   444348.125
  3145:   444391.125   444434.125   444473.125   444515.125   444552.125
  3150:   444598.125   444642.125   444686.125   444728.125   444772.125
  3155:   444817.125   444864.125   444910.125   444957.125   445001.125
  3160:   445047.125   445092.125   445140.125   445216.725   445216.920
  3165:   445216.901   445216.095   445516.902   447516.910   447518.614
  3170:   450268.624   450269.714   450875.124   451405.124   451448.124
  3175:   451502.124   451601.124   451636.124   451672.124   451717.124
  3180:   451759.124   451965.124   451973.124   452013.124   452045.124
  3185:   452085.124   452186.124   452222.124   452257.124   452297.124
  3190:   452333.124   452366.124   452406.124   452420.124   452457.124
  3195:   452491.124   452529.124   452576.124   452615.124   452731.124
  3200:   452763.124   452800.124   452845.124   452857.124   452889.124
  3205:   452931.124   452966.124   453004.124   453042.724   453042.920
  3210:   453042.901   453042.094   453342.902   455342.910   455344.612
  3215:   456744.622   456745.712   457010.122   457122.122   457174.122
  3220:   457210.122   457248.122   457291.122   457325.122   457359.122
  3225:   457407.122   457440.122   457474.122   457506.122   457544.122
  3230:   457581.122   457624.122   457658.122   457704.122   457741.122
  3235:   457779.122   457818.122   457855.122   457899.122   457914.122
  3240:   457951.122   457991.122   458034.122   458075.122   458114.122
  3245:   458157.722   458157.920   458157.901   458157.092   458457.902
  3250:   460457.910   460459.612   461859.622   461860.712   462319.122
  3255:   462356.122   462400.122   462440.122   462475.122   462510.122
  3260:   462545.122   462583.122   462622.122   462659.122   462698.122
  3265:   462732.122   462769.122   462810.122   462846.122   462883.122
  3270:   462918.122   462954.122   462992.122   463030.122   463067.122
  3275:   463104.122   463139.122   463180.122   463219.122   463257.122
  3280:   463299.722   463299.920   463299.901   463299.092   463599.902
  3285:   465599.910   465601.611   466601.621   466602.711   466787.121
  3290:   466825.121   466867.121   466905.121   466940.121   466978.121
  3295:   467017.121   467051.121   467083.121   467090.121   467131.121
  3300:   467167.121   467205.121   467240.121   467279.121   467314.121
  3305:   467350.121   467389.121   467425.121   467460.121   467494.121
  3310:   467531.121   467569.121   467607.721   467607.920   467607.901
  3315:   467607.091   467907.902   469907.910   469909.614   472659.624
  3320:   472660.714   472993.124   473082.124   473159.124   473203.124
  3325:   473242.124   473281.124   473323.124   473356.124   473391.124
  3330:   473428.124   473464.124   473504.124   473539.124   473579.124
  3335:   473621.124   473655.124   473691.124   473727.124   473766.124
  3340:   473807.124   473853.124   473892.124   473931.124   473969.124
  3345:   474009.124   474053.124   474095.124   474171.124   474214.124
  3350:   474260.124   474300.124   474367.124   474406.124   474447.124
  3355:   474488.124   474527.124   474562.124   474603.124   474649.124
  3360:   474689.124   474726.124   474770.124   474813.124   474851.124
  3365:   474893.124   474931.124   475002.124   475046.124   475087.124
  3370:   475123.124   475160.124   475201.124   475241.124   475284.124
  3375:   475322.124   475367.124   475408.124   475456.724   475456.920
  3380:   475456.901   475456.094   475756.902   477756.910   477758.611
  3385:   478758.621   478759.711   478983.121   479029.121   479074.121
  3390:   479110.121   479142.121   479179.121   479214.121   479251.121
  3395:   479286.121   479321.121   479358.121   479397.121   479439.121
  3400:   479478.121   479515.121   479553.121   479593.121   479632.121
  3405:   479670.121   479707.121   479744.121   479782.721   479782.920
  3410:   479782.901   479782.091   480082.902   482082.910   482084.614
  3415:   484834.624   484835.714   485749.124   485791.124   485830.124
  3420:   485862.124   485895.124   485960.124   486028.124   486067.124
  3425:   486136.124   486174.124   486205.124   486239.124   486331.124
  3430:   486375.124   486411.124   486450.124   486483.124   486524.124
  3435:   486561.124   486626.124   486693.124   486725.124   486756.124
  3440:   486792.124   486823.124   486854.124   486889.124   486925.124
  3445:   486958.124   487071.124   487109.124   487142.124   487174.124
  3450:   487209.124   487242.124   487275.124   487310.124   487388.124
  3455:   487428.124   487465.124   487500.124   487539.124   487578.124
  3460:   487614.724   487614.920   487614.901   487614.094   487914.902
  3465:   489914.910   489916.614   492666.624   492667.714   493060.124
  3470:   493305.124   493339.124   493372.124   493445.124   493478.124
  3475:   493510.124   493608.124   493653.124   493691.124   493815.124
  3480:   493822.124   493853.124   493888.124   493917.124   493950.124
  3485:   493983.124   494020.124   494054.124   494096.124   494129.124
  3490:   494165.124   494195.124   494229.124   494270.124   494353.124
  3495:   494394.124   494427.124   494461.124   494494.124   494507.124
  3500:   494541.124   494574.124   494608.124   494640.124   494715.124
  3505:   494753.124   494787.124   494857.124   494891.124   494931.124
  3510:   494965.124   494998.124   495033.124   495071.124   495109.124
  3515:   495184.124   495229.124   495267.124   495305.124   495346.124
  3520:   495392.124   495465.724   495465.920   495465.901   495465.094
  3525:   495765.902   497765.910   497767.613   499717.623   499718.713
  3530:   500098.123   500272.123   500342.123   500475.123   500511.123
  3535:   500544.123   500578.123   500614.123   500648.123   500682.123
  3540:   500772.123   500812.123   500892.123   500973.123   501007.123
  3545:   501040.123   501073.123   501205.123   501244.123   501279.123
  3550:   501310.123   501343.123   501376.123   501416.123   501453.123
  3555:   501491.123   501528.123   501570.123   501609.123   501647.123
  3560:   501683.723   501683.920   501683.901   501683.093   501983.902
  3565:   501983.902   501983.005   501983.006   501983.007   501983.020
D:
     0:        0.000        0.000        0.000        0.000        0.000
     5:        0.000        0.000        0.000        0.000        0.000
    10:        0.000        0.000        0.000        0.000        0.000
    15:        0.000        0.000        0.000        0.000        0.000
    20:        0.000        0.000        0.000        0.000        0.000
    25:        0.000        0.000        0.000        0.000        0.000
    30:        0.000        0.000        0.000        0.000        0.000
    35:        0.000
F:
     0:       10.000       14.000       19.500       27.500       38.500
     5:       10.000       14.000       19.500       27.500       38.500
    10:       10.000       14.000       19.500       27.500       38.500
    15:       10.000       14.000       19.500       27.500       38.500
    20:       10.000       14.000       19.500       27.500       38.500
    25:       10.000       14.000       19.500       27.500       38.500
    30:       10.000       14.000       19.500       27.500       38.500
    35:       10.000       14.000       19.500       27.500       38.500
    40:       10.000       14.000       19.500       27.500       38.500
    45:       10.000       14.000       19.500       27.500       38.500
    50:       10.000       14.000       19.500       27.500       38.500
    55:       10.000       14.000       19.500       27.500       38.500
    60:       10.000       14.000       19.500       27.500       38.500
    65:       10.000       14.000       19.500       27.500       38.500
    70:       10.000       14.000       19.500       27.500       38.500
I:
     0:       75.000        0.000        0.000
M:
     0:       15.000       15.000       15.000       15.000       15.000
     5:        0.000        0.000        0.000        0.000        0.000
    10:        0.000
N:
     0:       15.000       15.000       15.000       15.000       15.000
     5:        0.000
Q:
     0:       15.000       15.000       15.000       15.000       15.000
     5:        0.000
V:
     0:        0.000        0.000        0.000        0.000        0.000
     5:      311.000      393.000      553.000      763.000      944.000
    10:        0.000        0.000        0.000        0.000        0.000
    15:        0.000
