File: C:\MED-PC IV\DATA\ENTR_IF9P002


Start Date: 07/14/17
End Date: 07/14/17
Subject: P002
Experiment: ENTRENAMIENTO
Group: 0
Box: 5
Start Time: 10:34:17
End Time: 11:59:20
MSN: ENTRENAMIFs
B:       0.000
C:       0.000
E:    2320.000
G:      19.500
H:    1950.000
J:       0.000
K:       0.000
L:       0.000
O:       0.000
P:       0.000
R:       0.000
S:       0.000
T:  505774.000
U:       0.000
W:       0.000
X:       0.000
Y:       0.000
Z:       0.000
A:
     0:        0.010      500.910      502.615     4352.625     4353.715
     5:     4402.125     4437.125     4506.125     4673.125     4883.125
    10:     5115.125     5154.125     5196.125     5287.125     5327.125
    15:     5485.125     5822.125     6085.125     6173.125     6278.125
    20:     6389.125     6787.125     6850.125     6888.125     7074.125
    25:     7128.125     7315.125     7446.125     7568.125     7656.125
    30:     7809.125     7848.125     8141.125     8432.725     8432.920
    35:     8432.901     8432.095     8732.902    10732.910    10734.613
    40:    12684.623    12685.713    12787.123    12821.123    13013.123
    45:    13265.123    13664.123    13944.123    14406.123    15145.723
    50:    15145.920    15145.901    15145.093    15445.902    17445.910
    55:    17447.612    18847.622    18848.712    19462.122    19835.122
    60:    19871.122    19901.122    20017.122    20429.722    20429.920
    65:    20429.901    20429.092    20729.902    22729.910    22731.612
    70:    24131.622    24132.712    24721.122    24875.122    25062.122
    75:    25220.122    25261.122    25378.122    25415.122    25817.722
    80:    25817.920    25817.901    25817.092    26117.902    28117.910
    85:    28119.611    29119.621    29120.711    29562.121    29599.121
    90:    29697.121    29856.121    29956.121    30036.121    30236.721
    95:    30236.920    30236.901    30236.091    30536.902    32536.910
   100:    32538.613    34488.623    34489.713    35004.123    35170.123
   105:    35293.123    35327.123    35409.123    35446.123    35485.123
   110:    35525.123    35567.123    35606.123    35691.123    35730.123
   115:    35768.123    35853.123    35895.123    35934.123    36006.123
   120:    36603.723    36603.920    36603.901    36603.093    36903.902
   125:    38903.910    38905.611    39905.621    39906.711    40202.121
   130:    40238.121    40377.121    40673.121    40712.121    40819.121
   135:    40897.121    40936.721    40936.920    40936.901    40936.091
   140:    41236.902    43236.910    43238.613    45188.623    45189.713
   145:    45852.123    45888.123    46080.123    46197.123    46235.123
   150:    46315.123    46350.123    46386.123    46470.123    46724.123
   155:    46848.123    46890.123    47001.123    47075.123    47231.723
   160:    47231.920    47231.901    47231.093    47531.902    49531.910
   165:    49533.613    51483.623    51484.713    52100.123    52227.123
   170:    52263.123    52301.123    52385.123    52510.123    52597.123
   175:    52636.123    52715.123    52947.123    53175.123    53216.123
   180:    53256.123    53560.723    53560.920    53560.901    53560.093
   185:    53860.902    55860.910    55862.614    58612.624    58613.714
   190:    58925.124    59286.124    59327.124    59373.124    59543.124
   195:    59582.124    59631.124    59676.124    59717.124    59765.124
   200:    59985.124    60310.124    60396.124    60533.124    60571.124
   205:    60708.124    60752.124    60835.124    60924.124    60963.124
   210:    61006.124    61087.124    61340.124    61379.724    61379.920
   215:    61379.901    61379.094    61679.902    63679.910    63681.612
   220:    65081.622    65082.712    65974.122    66114.122    66198.122
   225:    66329.122    66403.122    66486.722    66486.920    66486.901
   230:    66486.092    66786.902    68786.910    68788.614    71538.624
   235:    71539.714    72382.124    72423.124    72476.124    72568.124
   240:    72658.124    72752.124    72855.124    72948.124    73164.124
   245:    73257.124    73383.124    73471.124    73524.124    73663.124
   250:    73807.124    73933.124    73979.124    74014.124    74056.124
   255:    74141.124    74184.124    74550.724    74550.920    74550.901
   260:    74550.094    74850.902    76850.910    76852.611    77852.621
   265:    77853.711    78255.121    78298.121    78393.121    78437.121
   270:    78480.121    78525.121    78642.121    78690.121    78730.121
   275:    78774.121    78824.121    78868.721    78868.920    78868.901
   280:    78868.091    79168.902    81168.910    81170.615    85020.625
   285:    85021.715    85722.125    85960.125    86024.125    86169.125
   290:    86643.125    87368.125    87707.125    88360.125    88758.125
   295:    88804.125    89131.725    89131.920    89131.901    89131.095
   300:    89431.902    91431.910    91433.614    94183.624    94184.714
   305:    94376.124    95733.124    96178.124    96507.124    96552.124
   310:    96651.124    96830.124    96875.124    96969.724    96969.920
   315:    96969.901    96969.094    97269.902    99269.910    99271.615
   320:   103121.625   103122.715   103285.125   104615.125   104790.125
   325:   105035.125   105229.125   105549.125   105730.125   105767.125
   330:   105813.125   105863.125   105905.125   106093.125   106350.125
   335:   106435.125   106610.125   106659.125   106704.125   106747.125
   340:   106793.125   106904.125   106950.125   107162.725   107162.920
   345:   107162.901   107162.095   107462.902   109462.910   109464.611
   350:   110464.621   110465.711   111007.121   111179.121   111267.121
   355:   111371.121   111414.121   111457.121   111504.721   111504.920
   360:   111504.901   111504.091   111804.902   113804.910   113806.611
   365:   114806.621   114807.711   115092.121   115123.121   115157.121
   370:   115196.121   115482.121   115568.121   115658.121   115691.121
   375:   116241.721   116241.920   116241.901   116241.091   116541.902
   380:   118541.910   118543.612   119943.622   119944.712   120489.122
   385:   120783.122   121000.122   121132.122   121239.122   121285.122
   390:   121328.122   121477.722   121477.920   121477.901   121477.092
   395:   121777.902   123777.910   123779.613   125729.623   125730.713
   400:   126014.123   126055.123   126143.123   126481.123   126524.123
   405:   126611.123   126659.123   126749.123   126870.123   126909.123
   410:   127040.123   127087.123   127218.123   127266.123   127353.123
   415:   127443.123   127526.123   127615.123   127662.123   127757.723
   420:   127757.920   127757.901   127757.093   128057.902   130057.910
   425:   130059.613   132009.623   132010.713   132842.123   132880.123
   430:   132922.123   132964.123   133044.123   133083.123   133129.123
   435:   133170.123   133211.123   133294.123   133438.123   133518.123
   440:   133560.123   133629.123   133707.123   133754.123   133798.123
   445:   133887.123   133931.123   134021.723   134021.920   134021.901
   450:   134021.093   134321.902   136321.910   136323.613   138273.623
   455:   138274.713   138450.123   138483.123   138682.123   138720.123
   460:   138762.123   138879.123   138913.123   138950.123   139033.123
   465:   139074.123   139117.123   139176.123   139291.123   139329.123
   470:   139413.123   139456.123   139542.123   139626.123   139661.123
   475:   139778.123   140005.123   140040.123   140087.123   140125.123
   480:   140171.123   140211.123   140255.723   140255.920   140255.901
   485:   140255.093   140555.902   142555.910   142557.614   145307.624
   490:   145308.714   145618.124   145652.124   145686.124   145847.124
   495:   145880.124   145959.124   146003.124   146128.124   146171.124
   500:   146250.124   146424.124   146457.124   146643.124   146718.124
   505:   146756.124   146794.124   146831.124   146905.124   147007.124
   510:   147166.124   147202.124   147360.124   147491.124   147619.124
   515:   147656.124   147685.124   147861.124   147896.124   147940.124
   520:   148008.124   148129.724   148129.920   148129.901   148129.094
   525:   148429.902   150429.910   150431.614   153181.624   153182.714
   530:   153358.124   153670.124   153755.124   153868.124   153947.124
   535:   154461.124   154498.124   154532.124   154570.124   154690.124
   540:   154728.124   154772.124   154813.124   154856.124   154896.124
   545:   154933.124   155028.124   155070.124   155111.124   155150.124
   550:   155197.124   155289.124   155338.124   155382.124   155509.124
   555:   155548.124   155589.124   155627.124   155665.124   155735.124
   560:   155773.124   155814.124   155931.124   156008.724   156008.920
   565:   156008.901   156008.094   156308.902   158308.910   158310.612
   570:   159710.622   159711.712   159846.122   159879.122   159957.122
   575:   159998.122   160102.122   160138.122   160175.122   160216.122
   580:   160256.122   160296.122   160340.122   160378.122   160418.122
   585:   160502.122   160543.122   160660.122   160699.122   160736.122
   590:   160776.122   160855.122   160978.122   161015.122   161137.722
   595:   161137.920   161137.901   161137.092   161437.902   163437.910
   600:   163439.611   164439.621   164440.711   164544.121   164779.121
   605:   164911.121   165109.121   165152.121   165189.121   165230.121
   610:   165269.121   165310.121   165390.121   165465.721   165465.920
   615:   165465.901   165465.091   165765.902   167765.910   167767.611
   620:   168767.621   168768.711   168869.121   168965.121   168999.121
   625:   169036.121   169344.121   169502.121   169543.121   169587.121
   630:   169677.121   169718.121   169834.721   169834.920   169834.901
   635:   169834.091   170134.902   172134.910   172136.613   174086.623
   640:   174087.713   174353.123   174769.123   174805.123   174839.123
   645:   174875.123   174917.123   174971.123   175008.123   175052.123
   650:   175093.123   175179.123   175219.123   175257.123   175350.123
   655:   175438.123   175478.123   175570.123   175611.123   175705.123
   660:   175794.123   175883.123   175967.123   176161.723   176161.920
   665:   176161.901   176161.093   176461.902   178461.910   178463.612
   670:   179863.622   179864.712   180236.122   180271.122   180312.122
   675:   180356.122   180401.122   180494.122   180538.122   180580.122
   680:   180618.122   180658.122   180706.122   180749.122   180823.122
   685:   180864.122   180907.122   180950.122   180990.122   181035.122
   690:   181131.122   181174.122   181216.122   181258.122   181435.722
   695:   181435.920   181435.901   181435.092   181735.902   183735.910
   700:   183737.615   187587.625   187588.715   188095.125   188478.125
   705:   188513.125   189232.125   189929.125   189962.125   189994.125
   710:   190029.125   190068.125   190105.125   190145.125   190184.125
   715:   190269.125   190314.125   190398.125   190441.125   190549.125
   720:   190637.125   190684.125   190758.125   190840.125   190932.125
   725:   191014.125   191166.125   191209.125   191255.125   191295.125
   730:   191413.125   191497.725   191497.920   191497.901   191497.095
   735:   191797.902   193797.910   193799.612   195199.622   195200.712
   740:   195316.122   195659.122   196031.122   196179.122   196224.122
   745:   196261.122   196399.122   196524.122   196676.722   196676.920
   750:   196676.901   196676.092   196976.902   198976.910   198978.615
   755:   202828.625   202829.715   203412.125   204046.125   204082.125
   760:   204480.125   204560.125   204674.125   204801.125   204840.125
   765:   204942.125   204983.125   205025.125   205119.125   205159.125
   770:   205248.125   205291.125   205381.125   205481.125   205575.125
   775:   205661.125   205699.125   205744.125   205819.125   205901.125
   780:   205945.125   206031.125   206129.125   206268.125   206343.125
   785:   206423.125   206465.125   206507.125   206548.125   206594.125
   790:   206713.725   206713.920   206713.901   206713.095   207013.902
   795:   209013.910   209015.614   211765.624   211766.714   212264.124
   800:   212458.124   212495.124   212532.124   212579.124   212627.124
   805:   212670.124   212711.124   212750.124   212805.124   212895.124
   810:   212938.124   212981.124   213069.124   213170.124   213215.124
   815:   213262.124   213349.124   213457.124   213499.124   213544.124
   820:   213588.124   213735.124   213778.124   213861.124   213912.124
   825:   213954.124   214053.124   214102.124   214183.124   214232.124
   830:   214275.124   214324.124   214374.124   214416.124   214466.124
   835:   214558.724   214558.920   214558.901   214558.094   214858.902
   840:   216858.910   216860.613   218810.623   218811.713   219153.123
   845:   219273.123   219401.123   219586.123   219624.123   219709.123
   850:   219751.123   219803.123   219842.123   219883.123   219923.123
   855:   219965.123   220008.123   220094.123   220168.123   220259.123
   860:   220304.123   220345.123   220394.123   220434.123   220492.123
   865:   220540.123   220635.123   220676.123   220746.123   220788.723
   870:   220788.920   220788.901   220788.093   221088.902   223088.910
   875:   223090.615   226940.625   226941.715   227177.125   227253.125
   880:   227705.125   228389.125   229337.125   229430.125   229558.125
   885:   229721.125   229758.125   229801.125   229889.125   229933.125
   890:   230022.125   230068.125   230149.125   230240.125   230376.125
   895:   230461.125   230550.125   230640.125   230716.125   230794.725
   900:   230794.920   230794.901   230794.095   231094.902   233094.910
   905:   233096.611   234096.621   234097.711   234438.121   234581.121
   910:   234700.121   234736.121   234777.121   234815.121   234857.121
   915:   234973.121   235015.121   235061.121   235101.721   235101.920
   920:   235101.901   235101.091   235401.902   237401.910   237403.612
   925:   238803.622   238804.712   238912.122   238944.122   238979.122
   930:   239059.122   239138.122   239233.122   239281.122   239319.122
   935:   239355.122   239395.122   239438.122   239475.122   239521.122
   940:   239558.122   239621.122   239658.122   239701.122   239746.122
   945:   239786.122   239868.122   239913.122   239994.122   240034.122
   950:   240106.122   240143.122   240186.122   240227.722   240227.920
   955:   240227.901   240227.092   240527.902   242527.910   242529.615
   960:   246379.625   246380.715   247813.125   247853.125   248027.125
   965:   248107.125   248147.125   248188.125   248234.125   248373.125
   970:   248522.125   248562.125   248600.125   248638.125   248680.125
   975:   248726.125   248770.125   248810.125   248932.125   249020.125
   980:   249102.125   249138.125   249221.125   249266.125   249302.125
   985:   249337.125   249378.125   249424.125   249463.125   249499.125
   990:   249557.125   249594.125   249628.125   249667.125   249809.125
   995:   249929.125   250043.125   250086.125   250163.125   250244.725
  1000:   250244.920   250244.901   250244.095   250544.902   252544.910
  1005:   252546.614   255296.624   255297.714   256305.124   256336.124
  1010:   256370.124   256406.124   256481.124   256518.124   256556.124
  1015:   256592.124   256627.124   256752.124   256795.124   256831.124
  1020:   256912.124   257030.124   257074.124   257110.124   257153.124
  1025:   257238.124   257273.124   257316.124   257351.124   257391.124
  1030:   257514.124   257556.124   257634.124   257716.124   257754.124
  1035:   257796.124   257837.124   257875.124   257982.124   258020.124
  1040:   258103.724   258103.920   258103.901   258103.094   258403.902
  1045:   260403.910   260405.615   264255.625   264256.715   264530.125
  1050:   264561.125   264685.125   265152.125   265262.125   265295.125
  1055:   265326.125   265358.125   265447.125   265664.125   265697.125
  1060:   265770.125   265924.125   265996.125   266255.125   266289.125
  1065:   266334.125   266501.125   266822.125   266855.125   266964.125
  1070:   266996.125   267026.125   267058.125   267094.125   267140.125
  1075:   267233.125   267272.125   267352.125   267427.125   267502.125
  1080:   267540.125   267618.125   267652.125   267726.125   267833.125
  1085:   267986.125   268061.125   268092.125   268130.725   268130.920
  1090:   268130.901   268130.095   268430.902   270430.910   270432.612
  1095:   271832.622   271833.712   271947.122   271978.122   272054.122
  1100:   272086.122   272121.122   272248.122   272279.122   272311.122
  1105:   272346.122   272383.122   272430.122   272466.122   272499.122
  1110:   272534.122   272577.122   272612.122   272648.122   272723.122
  1115:   272800.122   272889.122   272982.122   273063.122   273148.122
  1120:   273268.722   273268.920   273268.901   273268.092   273568.902
  1125:   275568.910   275570.612   276970.622   276971.712   277076.122
  1130:   277105.122   277135.122   277166.122   277206.122   277240.122
  1135:   277278.122   277314.122   277404.122   277467.122   277504.122
  1140:   277545.122   277578.122   277619.122   277652.122   277683.122
  1145:   277718.122   277752.122   277939.122   277977.122   278012.122
  1150:   278176.122   278242.122   278393.722   278393.920   278393.901
  1155:   278393.092   278693.902   280693.910   280695.615   284545.625
  1160:   284546.715   284860.125   285029.125   285067.125   285104.125
  1165:   285141.125   285179.125   285289.125   285420.125   285455.125
  1170:   285491.125   285537.125   285626.125   285670.125   285740.125
  1175:   285779.125   285853.125   285922.125   285956.125   286094.125
  1180:   286172.125   286299.125   286334.125   286378.125   286467.125
  1185:   286581.125   286724.125   286838.125   286878.125   287005.125
  1190:   287097.125   287134.125   287218.125   287306.125   287344.125
  1195:   287439.125   287489.125   287579.125   287622.125   287661.125
  1200:   287703.125   287748.125   287842.125   287911.125   287989.125
  1205:   288033.125   288085.125   288184.125   288234.125   288270.125
  1210:   288382.125   288560.725   288560.920   288560.901   288560.095
  1215:   288860.902   290860.910   290862.615   294712.625   294713.715
  1220:   294826.125   295339.125   295374.125   295405.125   295516.125
  1225:   295550.125   295652.125   295683.125   295806.125   296236.125
  1230:   296400.125   296477.125   296646.125   296678.125   296935.125
  1235:   296967.125   297074.125   297229.125   297277.125   297315.125
  1240:   297391.125   297427.125   297525.125   297601.125   297635.125
  1245:   297707.125   297744.125   297872.125   297940.125   298071.125
  1250:   298153.125   298185.125   298270.125   298307.125   298343.125
  1255:   298378.125   298416.125   298494.125   298529.125   298639.725
  1260:   298639.920   298639.901   298639.095   298939.902   300939.910
  1265:   300941.611   301941.621   301942.711   302052.121   302168.121
  1270:   302207.121   302271.121   302304.121   302374.121   302440.121
  1275:   302476.121   302520.121   302555.121   302594.121   302634.121
  1280:   302699.121   302736.121   302775.121   302875.121   302911.121
  1285:   302946.721   302946.920   302946.901   302946.091   303246.902
  1290:   305246.910   305248.612   306648.622   306649.712   306749.122
  1295:   306780.122   306814.122   307245.122   307280.122   307311.122
  1300:   307404.122   307439.122   307560.122   307593.122   307631.122
  1305:   307665.122   307703.122   307739.122   308019.122   308061.722
  1310:   308061.920   308061.901   308061.092   308361.902   310361.910
  1315:   310363.611   311363.621   311364.711   311607.121   311650.121
  1320:   311711.121   311867.121   311900.121   311931.121   311962.121
  1325:   311996.121   312029.121   312105.121   312186.121   312224.121
  1330:   312315.121   312354.121   312395.721   312395.920   312395.901
  1335:   312395.091   312695.902   314695.910   314697.615   318547.625
  1340:   318548.715   318610.125   318642.125   318863.125   318888.125
  1345:   319320.125   319352.125   319563.125   319602.125   319634.125
  1350:   319670.125   319748.125   319850.125   319879.125   319912.125
  1355:   319944.125   320170.125   320242.125   320314.125   320386.125
  1360:   320424.125   320528.125   320598.125   320675.125   320789.125
  1365:   320870.125   320946.125   321033.125   321113.125   321148.125
  1370:   321226.125   321334.125   321524.125   321646.125   321756.125
  1375:   321790.125   321822.125   321924.125   322020.125   322056.125
  1380:   322173.125   322252.125   322413.725   322413.920   322413.901
  1385:   322413.095   322713.902   324713.910   324715.614   327465.624
  1390:   327466.714   327821.124   327852.124   328323.124   328356.124
  1395:   328391.124   328433.124   328509.124   328546.124   328591.124
  1400:   328628.124   328661.124   328693.124   328725.124   328790.124
  1405:   328828.124   328867.124   328970.124   329006.124   329041.124
  1410:   329077.124   329237.124   329285.124   329326.124   329365.124
  1415:   329405.124   329545.124   329627.124   329707.124   329825.124
  1420:   329863.124   329899.124   329974.124   330110.124   330178.124
  1425:   330387.724   330387.920   330387.901   330387.094   330687.902
  1430:   332687.910   332689.612   334089.622   334090.712   334163.122
  1435:   334194.122   334223.122   334257.122   334297.122   334329.122
  1440:   334366.122   334450.122   334488.122   334522.122   334563.122
  1445:   334599.122   334680.122   334793.122   334869.122   334953.122
  1450:   334998.122   335033.122   335118.122   335205.122   335289.122
  1455:   335372.122   335420.122   335461.122   335542.722   335542.920
  1460:   335542.901   335542.092   335842.902   337842.910   337844.614
  1465:   340594.624   340595.714   340708.124   340965.124   341061.124
  1470:   341294.124   341426.124   341457.124   341717.124   341752.124
  1475:   341788.124   341901.124   341928.124   341966.124   342209.124
  1480:   342252.124   342288.124   342322.124   342371.124   342408.124
  1485:   342445.124   342565.124   342604.124   342683.124   342724.124
  1490:   342807.124   342886.124   342962.124   343003.124   343039.124
  1495:   343128.124   343166.124   343295.124   343332.124   343419.724
  1500:   343419.920   343419.901   343419.094   343719.902   345719.910
  1505:   345721.615   349571.625   349572.715   350189.125   350220.125
  1510:   351117.125   351603.125   351639.125   351716.125   351833.125
  1515:   351905.125   351995.125   352119.125   352249.125   352286.125
  1520:   352377.125   352467.125   352511.125   352625.125   352715.125
  1525:   352749.125   352827.125   352865.125   352907.125   352948.125
  1530:   353019.125   353061.125   353141.125   353268.125   353311.125
  1535:   353394.125   353483.725   353483.920   353483.901   353483.095
  1540:   353783.902   355783.910   355785.612   357185.622   357186.712
  1545:   357301.122   357385.122   357469.122   357506.122   357540.122
  1550:   357579.122   357620.122   357667.122   357703.122   357741.122
  1555:   357780.122   357872.122   357915.122   357957.122   358001.122
  1560:   358051.122   358092.122   358171.122   358211.122   358274.122
  1565:   358363.122   358435.122   358515.122   358560.122   358649.722
  1570:   358649.920   358649.901   358649.092   358949.902   360949.910
  1575:   360951.613   362901.623   362902.713   363048.123   363087.123
  1580:   363263.123   363314.123   363352.123   363390.123   363432.123
  1585:   363475.123   363521.123   363559.123   363605.123   363657.123
  1590:   363765.123   363806.123   363866.123   363907.123   363950.123
  1595:   363996.123   364037.123   364093.123   364186.123   364235.123
  1600:   364279.123   364329.123   364374.123   364494.123   364574.123
  1605:   364656.123   364703.123   364793.123   364843.123   364928.723
  1610:   364928.920   364928.901   364928.093   365228.902   367228.910
  1615:   367230.614   369980.624   369981.714   370060.124   370093.124
  1620:   370232.124   370278.124   370745.124   370868.124   370906.124
  1625:   370940.124   370976.124   371013.124   371055.124   371097.124
  1630:   371151.124   371194.124   371289.124   371335.124   371377.124
  1635:   371429.124   371532.124   371575.124   371647.124   371695.124
  1640:   371742.124   371829.124   371905.124   371947.124   371999.124
  1645:   372051.124   372095.124   372144.124   372269.124   372398.124
  1650:   372458.124   372496.124   372583.124   372634.124   372677.124
  1655:   372762.724   372762.920   372762.901   372762.094   373062.902
  1660:   375062.910   375064.613   377014.623   377015.713   377282.123
  1665:   377315.123   377353.123   377507.123   377577.123   377654.123
  1670:   377881.123   377937.123   378089.123   378119.123   378149.123
  1675:   378182.123   378226.123   378305.123   378338.123   378381.123
  1680:   378420.123   378493.123   378578.123   378754.123   378797.123
  1685:   378833.123   378910.123   378956.123   379037.723   379037.920
  1690:   379037.901   379037.093   379337.902   381337.910   381339.611
  1695:   382339.621   382340.711   382462.121   382492.121   382560.121
  1700:   382603.121   382635.121   382667.121   382703.121   382744.121
  1705:   382778.121   382820.121   382853.121   382951.121   383024.121
  1710:   383061.121   383139.121   383184.121   383219.121   383258.121
  1715:   383370.721   383370.920   383370.901   383370.091   383670.902
  1720:   385670.910   385672.611   386672.621   386673.711   386781.121
  1725:   386815.121   386854.121   386886.121   386917.121   386997.121
  1730:   387034.121   387079.121   387119.121   387166.121   387201.121
  1735:   387242.121   387281.121   387328.121   387365.121   387404.121
  1740:   387443.121   387529.121   387571.121   387615.121   387697.721
  1745:   387697.920   387697.901   387697.091   387997.902   389997.910
  1750:   389999.614   392749.624   392750.714   393694.124   394109.124
  1755:   394144.124   394460.124   394493.124   394602.124   394757.124
  1760:   395084.124   395345.124   395376.124   395412.124   395447.124
  1765:   395480.124   395515.724   395515.920   395515.901   395515.094
  1770:   395815.902   397815.910   397817.615   401667.625   401668.715
  1775:   402066.125   402095.125   402127.125   402157.125   402198.125
  1780:   402305.125   402539.125   402583.125   402618.125   402815.125
  1785:   402850.125   402886.125   402963.125   403005.125   403100.125
  1790:   403138.125   403222.125   403344.125   403462.125   403540.125
  1795:   403623.125   403708.125   403786.125   403858.125   403936.125
  1800:   404011.125   404051.125   404090.125   404124.125   404163.125
  1805:   404200.125   404324.125   404363.125   404589.125   404774.125
  1810:   404935.125   405118.125   405256.125   405360.125   405442.125
  1815:   405478.125   405514.125   405640.725   405640.920   405640.901
  1820:   405640.095   405940.902   407940.910   407942.613   409892.623
  1825:   409893.713   410053.123   410083.123   410115.123   410144.123
  1830:   410182.123   410311.123   410413.123   410448.123   410549.123
  1835:   410593.123   410663.123   410702.123   410770.123   410807.123
  1840:   410844.123   410878.123   410914.123   410980.123   411055.123
  1845:   411215.123   411261.123   411295.123   411406.123   411492.123
  1850:   411528.123   411569.123   411636.123   411726.123   411845.723
  1855:   411845.920   411845.901   411845.093   412145.902   414145.910
  1860:   414147.614   416897.624   416898.714   417236.124   418765.124
  1865:   418804.124   418834.124   418920.124   419149.124   419185.124
  1870:   419219.124   419281.124   419317.124   419352.124   419486.124
  1875:   419561.124   419646.124   419685.724   419685.920   419685.901
  1880:   419685.094   419985.902   421985.910   421987.614   424737.624
  1885:   424738.714   425282.124   425316.124   425590.124   425971.124
  1890:   426001.124   426032.124   426065.124   426149.124   426190.124
  1895:   426229.124   426302.124   426338.124   426420.124   426465.124
  1900:   426542.124   426582.124   426652.124   426694.124   426728.124
  1905:   426787.124   426896.124   426930.124   427008.124   427049.124
  1910:   427174.124   427250.124   427384.124   427469.124   427556.724
  1915:   427556.920   427556.901   427556.094   427856.902   429856.910
  1920:   429858.613   431808.623   431809.713   431905.123   431943.123
  1925:   431986.123   432055.123   432137.123   432191.123   432378.123
  1930:   432414.123   432575.123   432760.123   432883.123   432999.123
  1935:   433044.123   433082.123   433170.123   433254.123   433292.123
  1940:   433334.123   433417.123   433501.123   433583.123   433634.123
  1945:   433716.123   433796.723   433796.920   433796.901   433796.093
  1950:   434096.902   436096.910   436098.614   438848.624   438849.714
  1955:   439010.124   439412.124   439446.124   439485.124   439588.124
  1960:   440195.124   440227.124   440473.124   440510.124   440546.124
  1965:   440744.124   440836.124   440880.124   440999.124   441071.124
  1970:   441106.124   441159.124   441194.124   441229.124   441345.124
  1975:   441422.124   441500.124   441591.124   441678.724   441678.920
  1980:   441678.901   441678.094   441978.902   443978.910   443980.614
  1985:   446730.624   446731.714   447249.124   447282.124   447765.124
  1990:   447799.124   447897.124   447934.124   447965.124   448046.124
  1995:   448083.124   448163.124   448286.124   448321.124   448354.124
  2000:   448440.124   448484.124   448609.124   448689.124   448766.124
  2005:   448851.124   448959.124   449037.124   449086.124   449166.124
  2010:   449258.124   449341.124   449393.124   449431.124   449520.724
  2015:   449520.920   449520.901   449520.094   449820.902   451820.910
  2020:   451822.611   452822.621   452823.711   452933.121   452968.121
  2025:   453006.121   453050.121   453093.121   453131.121   453168.121
  2030:   453203.121   453241.121   453312.121   453349.121   453393.121
  2035:   453429.121   453473.121   453519.121   453558.121   453648.121
  2040:   453715.121   453755.121   453806.121   453891.721   453891.920
  2045:   453891.901   453891.091   454191.902   456191.910   456193.615
  2050:   460043.625   460044.715   460123.125   460156.125   460191.125
  2055:   461167.125   461200.125   461239.125   461857.125   461893.125
  2060:   461931.125   461967.125   462014.125   462103.125   462189.125
  2065:   462229.125   462268.125   462393.125   462434.125   462476.125
  2070:   462636.125   462684.125   462723.125   462815.125   462853.125
  2075:   462930.125   462971.125   463086.125   463170.125   463268.125
  2080:   463356.125   463475.125   463611.125   463687.125   463787.125
  2085:   463841.125   463930.725   463930.920   463930.901   463930.095
  2090:   464230.902   466230.910   466232.611   467232.621   467233.711
  2095:   467358.121   467391.121   467427.121   467465.121   467504.121
  2100:   467547.121   467580.121   467622.121   467656.121   467694.121
  2105:   467738.121   467774.121   467817.121   467859.121   467951.121
  2110:   467995.121   468038.121   468120.121   468163.121   468204.121
  2115:   468271.721   468271.920   468271.901   468271.091   468571.902
  2120:   470571.910   470573.611   471573.621   471574.711   471735.121
  2125:   471767.121   471802.121   471840.121   471874.121   471911.121
  2130:   471958.121   472005.121   472118.121   472204.121   472293.121
  2135:   472338.121   472420.121   472465.121   472507.121   472578.721
  2140:   472578.920   472578.901   472578.091   472878.902   474878.910
  2145:   474880.612   475896.112   476280.622   476281.712   476348.122
  2150:   476380.122   476414.122   476452.122   476493.122   476575.122
  2155:   476618.122   476653.122   476688.122   476728.122   476792.122
  2160:   476832.122   476877.122   476914.122   476992.122   477106.122
  2165:   477146.122   477235.122   477290.122   477326.122   477441.122
  2170:   477488.122   477570.122   477652.122   477762.722   477762.920
  2175:   477762.901   477762.092   478062.902   480062.910   480064.612
  2180:   481464.622   481465.712   481589.122   481623.122   481658.122
  2185:   481694.122   481734.122   481771.122   481823.122   481860.122
  2190:   481894.122   481933.122   481984.122   482113.122   482193.122
  2195:   482238.122   482274.122   482327.122   482413.122   482514.122
  2200:   482595.122   482686.122   482773.122   482903.722   482903.920
  2205:   482903.901   482903.092   483203.902   485203.910   485205.615
  2210:   489055.625   489056.715   489621.125   490316.125   490346.125
  2215:   490379.125   490461.125   490744.125   490787.125   490822.125
  2220:   490896.125   490938.125   491114.125   491150.125   491191.125
  2225:   491277.125   491319.125   491355.125   491404.125   491449.125
  2230:   491551.125   491658.125   491700.125   491749.125   491840.125
  2235:   491884.125   491956.125   492031.125   492188.125   492358.125
  2240:   492471.125   492519.125   492601.125   492638.125   492674.125
  2245:   492760.125   492855.125   492941.725   492941.920   492941.901
  2250:   492941.095   493241.902   495241.910   495243.613   497193.623
  2255:   497194.713   497312.123   497345.123   497381.123   497413.123
  2260:   497602.123   497643.123   497817.123   498665.123   498957.123
  2265:   498987.123   499019.123   499054.123   499086.123   499160.723
  2270:   499160.920   499160.901   499160.093   499460.902   501460.910
  2275:   501462.613   503412.623   503413.713   503537.123   503567.123
  2280:   503601.123   503632.123   503667.123   503707.123   503740.123
  2285:   503797.123   503869.123   503903.123   503989.123   504027.123
  2290:   504067.123   504115.123   504149.123   504181.123   504220.123
  2295:   504254.123   504292.123   504362.123   504396.123   504475.123
  2300:   504509.123   504672.123   504743.123   504821.123   504971.123
  2305:   505012.123   505090.123   505128.123   505233.123   505347.123
  2310:   505474.723   505474.920   505474.901   505474.093   505774.902
  2315:   505774.902   505774.005   505774.006   505774.007   505774.020
D:
     0:        0.000        0.000        0.000        0.000        0.000
     5:        0.000        0.000        0.000        0.000        0.000
    10:        0.000        0.000        0.000        0.000        0.000
    15:        0.000        0.000        0.000        0.000        0.000
    20:        0.000        0.000        0.000        0.000        0.000
    25:        0.000        0.000        0.000        0.000        0.000
    30:        0.000        0.000        0.000        0.000        0.000
    35:        0.000
F:
     0:       10.000       14.000       19.500       27.500       38.500
     5:       10.000       14.000       19.500       27.500       38.500
    10:       10.000       14.000       19.500       27.500       38.500
    15:       10.000       14.000       19.500       27.500       38.500
    20:       10.000       14.000       19.500       27.500       38.500
    25:       10.000       14.000       19.500       27.500       38.500
    30:       10.000       14.000       19.500       27.500       38.500
    35:       10.000       14.000       19.500       27.500       38.500
    40:       10.000       14.000       19.500       27.500       38.500
    45:       10.000       14.000       19.500       27.500       38.500
    50:       10.000       14.000       19.500       27.500       38.500
    55:       10.000       14.000       19.500       27.500       38.500
    60:       10.000       14.000       19.500       27.500       38.500
    65:       10.000       14.000       19.500       27.500       38.500
    70:       10.000       14.000       19.500       27.500       38.500
I:
     0:       75.000        0.000        0.000
M:
     0:       15.000       15.000       15.000       15.000       15.000
     5:        0.000        0.000        0.000        0.000        0.000
    10:        0.000
N:
     0:       15.000       15.000       15.000       15.000       15.000
     5:        0.000
Q:
     0:       15.000       15.000       15.000       15.000       15.000
     5:        0.000
V:
     0:        0.000        1.000        0.000        0.000        0.000
     5:      207.000      271.000      328.000      406.000      501.000
    10:        0.000        0.000        0.000        0.000        0.000
    15:        0.000
