File: C:\MED-PC IV\DATA\ENTR_IF4P875


Start Date: 07/08/17
End Date: 07/08/17
Subject: P875
Experiment: ENTRENAMIENTO
Group: 0
Box: 8
Start Time: 10:44:25
End Time: 12:08:32
MSN: ENTRENAMIFs
B:       0.000
C:       0.000
E:    3484.000
G:      38.500
H:    3850.000
J:       0.000
K:       0.000
L:       0.000
O:       0.000
P:       0.000
R:       0.000
S:       0.000
T:  504198.000
U:       0.000
W:       0.000
X:       0.000
Y:       0.000
Z:       0.000
A:
     0:        0.010      500.910      502.612     1902.622     1903.712
     5:     2116.122     2161.122     2199.122     2269.122     2308.122
    10:     2419.122     2611.122     2646.122     2680.122     2718.122
    15:     2872.122     2981.122     3017.122     3239.122     3286.122
    20:     3753.722     3753.910     3753.901     3753.092     4053.902
    25:     6053.910     6055.614     8029.114     8040.114     8072.114
    30:     8099.114     8140.114     8805.624     8806.714     8902.124
    35:     9001.124     9039.124     9111.124     9404.124     9435.124
    40:     9507.124     9548.124     9660.124     9737.124     9772.124
    45:     9898.124     9962.124     9997.124    10035.124    10079.124
    50:    10201.124    10237.124    10310.124    10359.124    10439.124
    55:    10471.124    10504.124    10593.124    10632.124    10738.124
    60:    10948.124    10981.124    11050.124    11085.124    11120.124
    65:    11153.124    11202.124    11236.124    11434.124    11467.124
    70:    11500.124    11534.124    11565.724    11565.910    11565.901
    75:    11565.094    11865.902    13865.910    13867.615    17717.625
    80:    17718.715    17842.125    17869.125    17901.125    17935.125
    85:    17974.125    18004.125    18037.125    18114.125    18250.125
    90:    18283.125    18360.125    18484.125    18515.125    18543.125
    95:    18643.125    18786.125    18844.125    18924.125    19040.125
   100:    19238.125    19271.125    19307.125    19342.125    19417.125
   105:    19686.125    19722.125    19754.125    19826.125    20006.125
   110:    20134.125    20166.125    20200.125    20235.125    20272.125
   115:    20308.125    20384.125    20465.125    20642.125    20677.125
   120:    20716.125    20878.125    20913.125    20988.125    21327.125
   125:    21365.125    21399.125    21541.125    21764.725    21764.910
   130:    21764.901    21764.095    22064.902    24064.910    24066.614
   135:    26816.624    26817.714    27831.124    28365.124    28806.124
   140:    29055.124    30164.724    30164.910    30164.901    30164.094
   145:    30464.902    32464.910    32466.611    33466.621    33467.711
   150:    34589.721    34589.910    34589.901    34589.091    34889.902
   155:    36889.910    36891.614    39641.624    39642.714    40142.124
   160:    40172.124    40254.124    40315.124    40562.124    40590.124
   165:    40629.124    40675.124    40707.124    40742.124    41200.124
   170:    41268.124    41368.124    41404.124    41471.124    41611.124
   175:    41731.124    41759.124    41785.124    41827.124    41866.124
   180:    41906.124    41951.124    42000.124    42129.124    42158.124
   185:    42188.124    42258.124    42433.724    42433.910    42433.901
   190:    42433.094    42733.902    44733.910    44735.613    46685.623
   195:    46686.713    46796.123    47067.123    47098.123    47206.123
   200:    47241.123    47389.123    47418.123    47531.123    47702.123
   205:    47728.123    47754.123    47785.123    47824.123    47863.123
   210:    48112.123    48140.123    48170.123    48741.723    48741.910
   215:    48741.901    48741.093    49041.902    51041.910    51043.612
   220:    52443.622    52444.712    52746.122    52776.122    52968.122
   225:    53217.122    53230.122    53265.122    53304.122    53383.122
   230:    53537.122    53564.122    53592.122    53623.122    53656.122
   235:    53693.122    53732.122    53767.122    54000.722    54000.910
   240:    54000.901    54000.092    54300.902    56300.910    56302.615
   245:    60152.625    60153.715    60314.125    60349.125    60385.125
   250:    60553.125    60588.125    60622.125    60670.125    60721.125
   255:    60927.125    60958.125    60987.125    61043.125    61075.125
   260:    61336.125    61398.125    61444.125    61515.125    61594.125
   265:    61759.125    61805.125    61842.125    61885.125    62098.125
   270:    62159.125    62200.125    62468.125    62501.125    62540.125
   275:    62669.125    62918.125    62955.125    63069.125    63143.125
   280:    63159.125    63169.125    63232.125    63272.125    63314.125
   285:    63357.125    63482.125    63634.125    63769.125    63804.125
   290:    63976.125    64147.725    64147.910    64147.901    64147.095
   295:    64447.902    66447.910    66449.614    69199.624    69200.714
   300:    69966.124    70030.124    70075.124    70195.124    70224.124
   305:    70255.124    70408.124    70439.124    70467.124    70504.124
   310:    70862.124    70902.124    71428.124    71504.124    71597.124
   315:    71835.124    72228.724    72228.910    72228.901    72228.094
   320:    72528.902    74528.910    74530.614    77280.624    77281.714
   325:    78676.124    78972.124    79366.124    79383.124    79417.124
   330:    79453.124    79644.124    79653.124    79679.124    79706.124
   335:    79721.124    79814.124    80004.124    80100.724    80100.910
   340:    80100.901    80100.094    80400.902    82400.910    82402.613
   345:    84352.623    84353.713    84518.123    84678.123    84709.123
   350:    84814.123    84960.123    84990.123    85021.123    85196.123
   355:    85361.123    85390.123    85418.123    85539.123    85576.123
   360:    85605.123    85649.123    85815.123    85847.123    85880.123
   365:    85901.123    86003.123    86080.123    86114.123    86176.123
   370:    86207.123    86247.123    86360.723    86360.910    86360.901
   375:    86360.093    86660.902    88660.910    88662.614    91412.624
   380:    91413.714    91945.124    92231.124    92322.124    92559.124
   385:    92595.124    92672.124    92711.124    92885.124    92951.124
   390:    92988.124    93062.124    93095.124    93130.124    93164.124
   395:    93198.124    93236.124    93273.124    93376.124    93443.124
   400:    93486.124    93614.124    93646.124    93684.124    93723.124
   405:    93799.124    93834.124    93877.124    93914.124    93957.124
   410:    94047.124    94079.124    94114.124    94158.124    94201.724
   415:    94201.910    94201.901    94201.094    94501.902    96501.910
   420:    96503.612    97903.622    97904.712    98521.122    98624.122
   425:    98659.122    98699.122    98745.122    98822.122    98857.122
   430:    98893.122    98932.122    98971.122    99055.122    99315.722
   435:    99315.910    99315.901    99315.092    99615.902   101615.910
   440:   101617.614   104367.624   104368.714   104956.124   105354.124
   445:   105394.124   105472.124   105507.124   105547.124   105588.124
   450:   105627.124   105668.124   105708.124   105746.124   105821.124
   455:   105864.124   105901.124   105943.124   105981.124   106023.124
   460:   106063.124   106101.124   106153.124   106233.124   106267.124
   465:   106304.124   106344.124   106390.124   106428.124   106467.124
   470:   106508.124   106549.124   106632.124   106671.124   106707.124
   475:   106809.124   106852.124   106931.124   106969.124   107001.124
   480:   107040.124   107081.124   107122.724   107122.910   107122.901
   485:   107122.094   107422.902   109422.910   109424.615   113274.625
   490:   113275.715   113743.125   113782.125   113986.125   114018.125
   495:   114057.125   114095.125   114132.125   114166.125   114206.125
   500:   114287.125   114429.125   114462.125   114495.125   114534.125
   505:   114574.125   114751.125   114784.125   114814.125   114850.125
   510:   114885.125   114925.125   115019.125   115154.125   115186.125
   515:   115216.125   115250.125   115290.125   115331.125   115372.125
   520:   115455.125   115494.125   115539.125   115589.125   115759.125
   525:   115792.125   115807.125   115840.125   115879.125   115921.125
   530:   115998.125   116035.125   116067.125   116104.125   116142.125
   535:   116184.125   116255.125   116293.125   116331.125   116407.125
   540:   116438.125   116564.125   116594.125   116630.125   116643.125
   545:   116675.125   116716.125   116755.125   116795.125   116849.125
   550:   117008.125   117041.125   117068.125   117098.125   117111.125
   555:   117153.725   117153.910   117153.901   117153.095   117453.902
   560:   119453.910   119455.612   120855.622   120856.712   121165.122
   565:   121208.122   121250.122   121334.122   121373.122   121410.122
   570:   121451.122   121497.122   121536.122   121583.122   121626.122
   575:   121680.122   121753.122   121792.122   121835.122   121880.122
   580:   121928.122   122002.122   122040.122   122083.122   122133.122
   585:   122181.122   122218.122   122254.122   122300.722   122300.910
   590:   122300.901   122300.092   122600.902   124600.910   124602.615
   595:   126227.115   126249.115   126258.115   126294.115   126302.115
   600:   126344.115   126369.115   126379.115   126408.115   126502.115
   605:   126523.115   126554.115   126593.115   126710.115   126790.115
   610:   128452.625   128453.715   128658.125   128701.125   128741.125
   615:   128782.125   128825.125   128906.125   128952.125   129032.125
   620:   129138.125   129174.125   129214.125   129254.125   129292.125
   625:   129334.125   129375.125   129418.125   129465.125   129501.125
   630:   129571.125   129608.125   129648.125   129691.125   129763.125
   635:   129866.125   129876.125   129906.125   129944.125   130019.125
   640:   130135.125   130179.125   130328.125   130356.125   130401.125
   645:   130552.125   130584.125   130620.125   130659.125   130702.125
   650:   130777.125   130810.125   131011.125   131058.125   131093.125
   655:   131139.125   131175.125   131227.125   131267.125   131310.125
   660:   131355.125   131397.125   131429.125   131466.125   131512.125
   665:   131612.125   131644.125   131772.125   131804.125   131840.125
   670:   131876.125   131914.125   131954.125   132000.125   132038.125
   675:   132076.125   132118.125   132159.125   132204.125   132281.125
   680:   132318.725   132318.910   132318.901   132318.095   132618.902
   685:   134618.910   134620.612   136020.622   136021.712   136123.122
   690:   136161.122   136201.122   136238.122   136275.122   136319.122
   695:   136394.122   136565.122   136597.122   136668.122   136707.122
   700:   136752.122   136786.122   136828.122   136899.122   136980.122
   705:   137032.122   137068.122   137108.122   137150.122   137189.122
   710:   137232.122   137320.122   137348.122   137433.722   137433.910
   715:   137433.901   137433.092   137733.902   139733.910   139735.611
   720:   140735.621   140736.711   140985.121   141058.121   141129.121
   725:   141164.121   141201.121   141241.121   141276.121   141312.121
   730:   141402.121   141436.121   141469.121   141512.121   141549.121
   735:   141686.121   141718.121   141791.721   141791.910   141791.901
   740:   141791.091   142091.902   144091.910   144093.614   146657.114
   745:   146843.624   146844.714   146961.124   146996.124   147029.124
   750:   147066.124   147107.124   147143.124   147259.124   147390.124
   755:   147455.124   147596.124   147718.124   147886.124   147934.124
   760:   148230.124   148260.124   148291.124   148327.124   148357.124
   765:   148434.124   148468.124   148546.124   148576.124   148609.124
   770:   148645.124   148687.124   148721.124   148756.124   148856.124
   775:   148887.124   148922.124   148960.124   148992.124   149028.124
   780:   149067.124   149103.124   149134.124   149174.124   149209.124
   785:   149245.124   149317.124   149362.124   149396.124   149428.124
   790:   149464.124   149510.124   149542.124   149561.124   149596.724
   795:   149596.910   149596.901   149596.094   149896.902   151896.910
   800:   151898.612   153298.622   153299.712   155069.722   155069.910
   805:   155069.901   155069.092   155369.902   157369.910   157371.611
   810:   158371.621   158372.711   159180.121   159238.121   159273.121
   815:   159303.121   159368.121   159402.721   159402.910   159402.901
   820:   159402.091   159702.902   161702.910   161704.613   162496.113
   825:   163612.113   163654.623   163655.713   163801.123   163835.123
   830:   163867.123   163901.123   163929.123   163963.123   164006.123
   835:   164038.123   164073.123   164101.123   164142.123   164172.123
   840:   164210.123   164245.123   164279.123   164318.123   164351.123
   845:   164382.123   164421.123   164456.123   164494.123   164531.123
   850:   164566.123   164609.123   164645.123   164686.123   164727.123
   855:   164761.123   164796.123   164834.123   164872.123   165011.123
   860:   165042.123   165076.123   165114.123   165149.123   165188.123
   865:   165220.123   165258.123   165303.123   165337.123   165419.123
   870:   165448.123   165480.123   165514.123   165546.123   165583.123
   875:   165659.723   165659.910   165659.901   165659.093   165959.902
   880:   167959.910   167961.615   168527.115   171811.625   171812.715
   885:   171916.125   171951.125   171984.125   172110.125   172144.125
   890:   172179.125   172215.125   172246.125   172277.125   172310.125
   895:   172343.125   172378.125   172411.125   172444.125   172482.125
   900:   172515.125   172552.125   172591.125   172631.125   172669.125
   905:   172710.125   172748.125   172780.125   172850.125   172879.125
   910:   172909.125   172946.125   172985.125   173024.125   173061.125
   915:   173101.125   173135.125   173173.125   173207.125   173245.125
   920:   173285.125   173330.125   173362.125   173395.125   173426.125
   925:   173462.125   173500.125   173616.125   173655.125   173737.125
   930:   173844.125   173876.125   173912.125   173959.125   173987.125
   935:   174067.125   174105.125   174150.125   174184.125   174221.125
   940:   174261.125   174298.125   174331.125   174369.125   174410.125
   945:   174445.125   174484.125   174533.125   174567.125   174599.125
   950:   174636.125   174673.125   174763.125   174794.125   174826.125
   955:   174864.125   174910.125   174940.125   174974.125   175018.125
   960:   175054.125   175092.125   175177.125   175205.125   175237.125
   965:   175273.125   175353.125   175387.125   175428.125   175529.125
   970:   175560.125   175590.125   175625.125   175666.725   175666.910
   975:   175666.901   175666.095   175966.902   177966.910   177968.614
   980:   180718.624   180719.714   180913.124   180951.124   181176.124
   985:   181323.124   181355.124   181390.124   181428.124   181528.124
   990:   181567.124   181605.124   181682.124   181872.124   182055.124
   995:   182082.124   182116.124   182151.124   182231.124   182298.124
  1000:   182330.124   182360.124   182398.124   182470.124   182645.124
  1005:   182676.124   182707.124   182743.124   182773.124   182805.124
  1010:   182877.124   182913.124   182949.124   182980.124   183027.124
  1015:   183060.124   183100.124   183314.124   183343.124   183372.124
  1020:   183411.124   183448.124   183485.724   183485.910   183485.901
  1025:   183485.094   183785.902   185785.910   185787.613   187737.623
  1030:   187738.713   187922.123   187959.123   188028.123   188078.123
  1035:   188169.123   188210.123   188278.123   188312.123   188352.123
  1040:   188390.123   188433.123   188466.123   188501.123   188539.123
  1045:   188575.123   188656.123   188688.123   188725.123   188765.123
  1050:   188804.123   188839.123   188872.123   188913.123   188950.123
  1055:   188984.123   189020.123   189059.123   189092.123   189131.123
  1060:   189163.123   189203.123   189231.123   189270.123   189310.123
  1065:   189346.123   189382.123   189464.123   189539.123   189605.123
  1070:   189638.123   189753.723   189753.910   189753.901   189753.093
  1075:   190053.902   192053.910   192055.611   193055.621   193056.711
  1080:   193189.121   193229.121   193264.121   193300.121   193336.121
  1085:   193375.121   193409.121   193498.121   193538.121   193586.121
  1090:   193627.121   193672.121   193714.121   193821.121   193852.121
  1095:   193886.121   193928.121   193967.121   194009.121   194058.721
  1100:   194058.910   194058.901   194058.091   194358.902   196358.910
  1105:   196360.611   197360.621   197361.711   197497.121   197531.121
  1110:   197570.121   197604.121   197637.121   197670.121   197710.121
  1115:   197744.121   197782.121   197826.121   197905.121   197942.121
  1120:   198001.121   198036.121   198077.121   198117.121   198154.121
  1125:   198198.121   198282.121   198326.121   198366.721   198366.910
  1130:   198366.901   198366.091   198666.902   200666.910   200668.614
  1135:   203418.624   203419.714   203720.124   203753.124   203787.124
  1140:   203828.124   203860.124   203902.124   203932.124   203972.124
  1145:   204017.124   204059.124   204103.124   204142.124   204187.124
  1150:   204236.124   204316.124   204355.124   204393.124   204435.124
  1155:   204477.124   204590.124   204628.124   204665.124   204704.124
  1160:   204743.124   204783.124   204869.124   204909.124   204948.124
  1165:   205038.124   205071.124   205103.124   205139.124   205181.124
  1170:   205224.124   205269.124   205310.124   205355.124   205405.124
  1175:   205442.124   205497.124   205539.124   205573.124   205608.124
  1180:   205648.124   205691.124   205725.124   205763.124   205805.124
  1185:   205876.124   205916.124   205996.124   206031.124   206085.124
  1190:   206129.124   206205.724   206205.910   206205.901   206205.094
  1195:   206505.902   208505.910   208507.613   210457.623   210458.713
  1200:   210647.123   210685.123   210722.123   210760.123   210796.123
  1205:   210836.123   210913.123   210953.123   210989.123   211025.123
  1210:   211058.123   211094.123   211128.123   211161.123   211201.123
  1215:   211243.123   211283.123   211323.123   211371.123   211407.123
  1220:   211455.123   211492.123   211533.123   211570.123   211612.123
  1225:   211651.123   211694.123   211735.123   211770.123   211808.123
  1230:   211852.123   211891.123   211925.123   211960.123   212001.123
  1235:   212079.123   212114.123   212147.123   212182.123   212221.123
  1240:   212267.123   212312.123   212352.123   212390.123   212436.723
  1245:   212436.910   212436.901   212436.093   212736.902   214736.910
  1250:   214738.613   216688.623   216689.713   216776.123   216809.123
  1255:   216844.123   216880.123   216913.123   216950.123   216984.123
  1260:   217015.123   217045.123   217078.123   217111.123   217149.123
  1265:   217190.123   217224.123   217262.123   217304.123   217342.123
  1270:   217377.123   217415.123   217460.123   217540.123   217574.123
  1275:   217609.123   217653.123   217699.123   217788.123   217820.123
  1280:   217856.123   217899.123   217982.123   218015.123   218062.123
  1285:   218100.123   218177.123   218210.123   218247.123   218291.123
  1290:   218333.123   218411.123   218452.123   218527.123   218559.123
  1295:   218599.123   218711.723   218711.910   218711.901   218711.093
  1300:   219011.902   221011.910   221013.615   224863.625   224864.715
  1305:   225007.125   225041.125   225598.125   225625.125   225655.125
  1310:   225694.125   226092.125   226123.125   226151.125   226184.125
  1315:   226213.125   226246.125   226281.125   226316.125   226347.125
  1320:   226389.125   226421.125   226461.125   226500.125   226533.125
  1325:   226611.125   226643.125   226687.125   226724.125   226754.125
  1330:   226953.125   226987.125   227019.125   227060.125   227095.125
  1335:   227204.125   227361.125   227391.125   227472.125   227501.125
  1340:   227652.125   227677.125   227707.125   227743.125   227781.125
  1345:   227840.125   227875.125   227915.125   227986.125   228015.125
  1350:   228047.125   228185.125   228216.125   228244.125   228278.125
  1355:   228316.125   228348.125   228385.125   228421.125   228455.125
  1360:   228488.125   228520.125   228554.125   228591.125   228637.125
  1365:   228671.125   228712.125   228750.725   228750.910   228750.901
  1370:   228750.095   229050.902   231050.910   231052.615   234902.625
  1375:   234903.715   235509.125   235546.125   235612.125   235645.125
  1380:   235715.125   235989.125   236016.125   236046.125   236079.125
  1385:   236111.125   236144.125   236172.125   236210.125   236247.125
  1390:   236287.125   236324.125   236390.125   236420.125   236453.125
  1395:   236521.125   236587.125   236743.125   236802.125   236834.125
  1400:   236869.125   236901.125   236935.125   236969.125   237006.125
  1405:   237040.125   237076.125   237152.125   237188.125   237221.125
  1410:   237257.125   237292.125   237324.125   237360.125   237390.125
  1415:   237461.125   237498.125   237533.125   237561.125   237631.125
  1420:   237680.125   237710.125   237745.125   237786.125   237821.125
  1425:   237857.125   237894.125   237937.125   238014.125   238043.125
  1430:   238112.125   238150.125   238181.125   238217.125   238251.125
  1435:   238286.125   238328.125   238367.125   238407.125   238451.125
  1440:   238481.125   238527.125   238609.125   238638.125   238792.725
  1445:   238792.910   238792.901   238792.095   239092.902   241092.910
  1450:   241094.611   242094.621   242095.711   242202.121   242237.121
  1455:   242271.121   242303.121   242369.121   242439.121   242503.121
  1460:   242644.121   242718.121   242755.121   242792.121   242826.121
  1465:   242862.121   242900.121   242934.121   243060.121   243097.721
  1470:   243097.910   243097.901   243097.091   243397.902   245397.910
  1475:   245399.613   247349.623   247350.713   247440.123   247476.123
  1480:   247642.123   247678.123   247820.123   247860.123   247900.123
  1485:   247978.123   248013.123   248047.123   248090.123   248131.123
  1490:   248235.123   248271.123   248310.123   248350.123   248390.123
  1495:   248427.123   248462.123   248500.123   248540.123   248578.123
  1500:   248626.123   248733.123   248769.123   248808.123   248850.123
  1505:   248929.123   249007.123   249040.123   249124.123   249157.123
  1510:   249191.123   249279.123   249322.723   249322.910   249322.901
  1515:   249322.093   249622.902   251622.910   251624.615   255474.625
  1520:   255475.715   255918.125   255951.125   255985.125   256018.125
  1525:   256051.125   256089.125   256124.125   256161.125   256198.125
  1530:   256234.125   256274.125   256315.125   256351.125   256392.125
  1535:   256435.125   256538.125   256695.125   256725.125   256756.125
  1540:   256791.125   256822.125   256854.125   256885.125   256916.125
  1545:   256951.125   257026.125   257061.125   257101.125   257204.125
  1550:   257235.125   257268.125   257466.125   257494.125   257528.125
  1555:   257563.125   257598.125   257634.125   257669.125   257819.125
  1560:   257845.125   257876.125   257914.125   257980.125   258012.125
  1565:   258044.125   258075.125   258104.125   258138.125   258172.125
  1570:   258245.125   258304.125   258340.125   258374.125   258440.125
  1575:   258479.125   258517.125   258554.125   258597.125   258629.125
  1580:   258696.125   258726.125   258769.125   258912.125   258946.125
  1585:   259129.125   259157.125   259187.125   259220.125   259253.125
  1590:   259284.125   259316.125   259348.725   259348.910   259348.901
  1595:   259348.095   259648.902   261648.910   261650.612   263050.622
  1600:   263051.712   263241.122   263489.122   263529.122   263564.122
  1605:   263599.122   263638.122   263679.122   263717.122   263754.122
  1610:   263795.122   263837.122   263880.122   263916.122   263956.122
  1615:   263996.122   264036.122   264144.122   264177.122   264214.122
  1620:   264249.122   264341.122   264375.122   264408.122   264444.122
  1625:   264481.722   264481.910   264481.901   264481.092   264781.902
  1630:   266781.910   266783.613   268733.623   268734.713   268892.123
  1635:   268929.123   268965.123   269000.123   269346.123   269381.123
  1640:   269415.123   269453.123   269490.123   269531.123   269656.123
  1645:   269689.123   269723.123   269763.123   269798.123   269834.123
  1650:   269871.123   269909.123   269941.123   269979.123   270015.123
  1655:   270055.123   270137.123   270172.123   270209.123   270249.123
  1660:   270285.123   270322.123   270362.123   270399.123   270437.123
  1665:   270477.123   270516.123   270549.123   270593.123   270630.123
  1670:   270716.723   270716.910   270716.901   270716.093   271016.902
  1675:   273016.910   273018.613   274968.623   274969.713   275103.123
  1680:   275137.123   275645.123   275703.123   275735.123   275769.123
  1685:   275839.123   275871.123   275972.123   276011.123   276044.123
  1690:   276166.123   276199.123   276272.123   276306.123   276349.123
  1695:   276388.123   276425.123   276463.123   276502.123   276537.123
  1700:   276578.123   276630.123   276744.123   276782.123   276898.123
  1705:   276933.723   276933.910   276933.901   276933.093   277233.902
  1710:   279233.910   279235.613   281185.623   281186.713   281442.123
  1715:   281480.123   281516.123   281555.123   281588.123   281629.123
  1720:   281670.123   281708.123   281747.123   281793.123   281835.123
  1725:   281875.123   281914.123   281959.123   282005.123   282046.123
  1730:   282086.123   282128.123   282166.123   282208.123   282245.123
  1735:   282288.123   282340.123   282387.123   282426.123   282468.123
  1740:   282505.123   282545.123   282590.123   282629.123   282676.123
  1745:   282715.123   282757.123   282798.123   282839.123   282882.123
  1750:   282931.123   282972.123   283022.123   283060.123   283145.723
  1755:   283145.910   283145.901   283145.093   283445.902   285445.910
  1760:   285447.612   286847.622   286848.712   286943.122   286983.122
  1765:   287028.122   287072.122   287388.122   287427.122   287465.122
  1770:   287505.122   287539.122   287578.122   287612.122   287645.122
  1775:   287684.122   287722.122   287759.122   287795.122   287831.122
  1780:   287869.122   287909.122   287947.122   287984.122   288017.122
  1785:   288054.122   288086.122   288126.122   288162.122   288203.122
  1790:   288294.722   288294.910   288294.901   288294.092   288594.902
  1795:   290594.910   290596.611   291596.621   291597.711   291727.121
  1800:   291762.121   291798.121   291832.121   291869.121   291902.121
  1805:   291937.121   291969.121   292008.121   292047.121   292086.121
  1810:   292131.121   292166.121   292202.121   292240.121   292279.121
  1815:   292314.121   292351.121   292387.121   292428.121   292467.121
  1820:   292502.121   292543.121   292594.121   292630.721   292630.910
  1825:   292630.901   292630.091   292930.902   294930.910   294932.611
  1830:   295932.621   295933.711   296014.121   296050.121   296087.121
  1835:   296126.121   296170.121   296206.121   296247.121   296287.121
  1840:   296326.121   296368.121   296406.121   296442.121   296482.121
  1845:   296526.121   296562.121   296603.121   296639.121   296681.121
  1850:   296726.121   296766.121   296809.121   296843.121   296884.121
  1855:   296930.121   296967.721   296967.910   296967.901   296967.091
  1860:   297267.902   299267.910   299269.613   301219.623   301220.713
  1865:   301311.123   301348.123   301386.123   301425.123   301465.123
  1870:   301504.123   301542.123   301583.123   301626.123   301669.123
  1875:   301702.123   301744.123   301790.123   301895.123   301999.123
  1880:   302033.123   302073.123   302113.123   302153.123   302189.123
  1885:   302228.123   302269.123   302308.123   302351.123   302390.123
  1890:   302432.123   302473.123   302512.123   302547.123   302586.123
  1895:   302629.123   302665.123   302701.123   302740.123   302785.123
  1900:   302817.123   302849.123   302889.123   302925.123   302966.123
  1905:   303013.123   303051.123   303094.123   303129.123   303171.723
  1910:   303171.910   303171.901   303171.093   303471.902   305471.910
  1915:   305473.615   309323.625   309324.715   309473.125   309519.125
  1920:   309558.125   309669.125   309710.125   309752.125   309797.125
  1925:   309866.125   309961.125   310007.125   310041.125   310080.125
  1930:   310124.125   310163.125   310206.125   310254.125   310291.125
  1935:   310332.125   310371.125   310409.125   310451.125   310489.125
  1940:   310565.125   310601.125   310640.125   310680.125   310718.125
  1945:   310753.125   310793.125   310834.125   310876.125   310914.125
  1950:   310994.125   311086.125   311118.125   311160.125   311210.125
  1955:   311247.125   311293.125   311333.125   311369.125   311412.125
  1960:   311450.125   311483.125   311527.125   311562.125   311605.125
  1965:   311652.125   311687.125   311725.125   311815.125   311852.125
  1970:   311895.125   311934.125   311981.125   312017.125   312052.125
  1975:   312087.125   312122.125   312162.125   312206.125   312241.125
  1980:   312301.125   312337.125   312374.125   312421.125   312464.125
  1985:   312498.125   312544.125   312629.125   312668.125   312701.125
  1990:   312738.125   312775.125   312813.125   312853.125   312896.125
  1995:   312937.125   312973.125   313099.125   313132.125   313169.125
  2000:   313207.725   313207.910   313207.901   313207.095   313507.902
  2005:   315507.910   315509.613   317459.623   317460.713   317885.123
  2010:   317922.123   317956.123   317993.123   318030.123   318073.123
  2015:   318116.123   318154.123   318194.123   318228.123   318265.123
  2020:   318308.123   318352.123   318385.123   318423.123   318493.123
  2025:   318536.123   318578.123   318620.123   318666.123   318711.123
  2030:   318751.123   318789.123   318825.123   318862.123   318901.123
  2035:   318943.123   318983.123   319027.123   319065.123   319101.123
  2040:   319137.123   319183.123   319216.123   319254.123   319294.123
  2045:   319337.123   319372.123   319413.723   319413.910   319413.901
  2050:   319413.093   319713.902   321713.910   321715.611   322715.621
  2055:   322716.711   322861.121   322901.121   322937.121   322976.121
  2060:   323018.121   323058.121   323096.121   323136.121   323207.121
  2065:   323246.121   323287.121   323325.121   323364.121   323404.121
  2070:   323446.121   323486.121   323522.121   323562.121   323610.121
  2075:   323645.121   323684.121   323718.721   323718.910   323718.901
  2080:   323718.091   324018.902   326018.910   326020.611   327020.621
  2085:   327021.711   327250.121   327283.121   327322.121   327359.121
  2090:   327394.121   327429.121   327461.121   327496.121   327530.121
  2095:   327564.121   327600.121   327635.121   327669.121   327709.121
  2100:   327743.121   327785.121   327818.121   327856.121   327886.121
  2105:   327926.121   327963.121   328003.121   328039.721   328039.910
  2110:   328039.901   328039.091   328339.902   330339.910   330341.611
  2115:   331341.621   331342.711   331620.121   331661.121   331697.121
  2120:   331734.121   331767.121   331797.121   331852.121   331888.121
  2125:   331917.121   331957.121   331988.121   332036.121   332071.121
  2130:   332110.121   332146.121   332183.121   332223.121   332271.121
  2135:   332304.121   332384.721   332384.910   332384.901   332384.091
  2140:   332684.902   334684.910   334686.612   336086.622   336087.712
  2145:   336256.122   336291.122   336327.122   336363.122   336403.122
  2150:   336478.122   336512.122   336552.122   336590.122   336631.122
  2155:   336670.122   336709.122   336746.122   336780.122   336809.122
  2160:   336840.122   336874.122   336903.122   336945.122   336985.122
  2165:   337023.122   337059.122   337093.122   337130.122   337170.122
  2170:   337207.122   337245.122   337288.122   337327.122   337367.122
  2175:   337409.122   337451.122   337490.722   337490.910   337490.901
  2180:   337490.092   337790.902   339790.910   339792.613   341742.623
  2185:   341743.713   341839.123   341875.123   341913.123   341954.123
  2190:   341995.123   342035.123   342076.123   342122.123   342172.123
  2195:   342207.123   342250.123   342296.123   342332.123   342376.123
  2200:   342422.123   342459.123   342496.123   342532.123   342573.123
  2205:   342614.123   342654.123   342697.123   342736.123   342775.123
  2210:   342816.123   342858.123   342903.123   342944.123   342986.123
  2215:   343041.123   343077.123   343123.123   343219.123   343254.123
  2220:   343299.123   343341.123   343376.123   343418.123   343459.123
  2225:   343507.123   343553.123   343591.123   343634.123   343669.123
  2230:   343710.723   343710.910   343710.901   343710.093   344010.902
  2235:   346010.910   346012.615   349862.625   349863.715   349986.125
  2240:   350024.125   350057.125   350096.125   350133.125   350170.125
  2245:   350205.125   350244.125   350280.125   350321.125   350364.125
  2250:   350403.125   350440.125   350484.125   350524.125   350567.125
  2255:   350604.125   350639.125   350679.125   350716.125   350757.125
  2260:   350797.125   350839.125   350936.125   350966.125   350999.125
  2265:   351039.125   351082.125   351123.125   351156.125   351200.125
  2270:   351237.125   351298.125   351358.125   351397.125   351442.125
  2275:   351506.125   351555.125   351621.125   351671.125   351755.125
  2280:   351793.125   351833.125   351866.125   351909.125   351945.125
  2285:   351975.125   352006.125   352044.125   352081.125   352121.125
  2290:   352152.125   352191.125   352262.125   352298.125   352327.125
  2295:   352392.125   352461.125   352498.125   352534.125   352586.125
  2300:   352621.125   352659.125   352697.125   352739.125   352782.125
  2305:   352898.125   352927.125   352963.125   353002.125   353039.125
  2310:   353072.125   353108.125   353148.125   353239.125   353271.125
  2315:   353308.125   353345.125   353377.125   353410.125   353449.125
  2320:   353480.125   353515.125   353550.125   353580.125   353621.125
  2325:   353655.125   353692.125   353783.725   353783.910   353783.901
  2330:   353783.095   354083.902   356083.910   356085.615   359935.625
  2335:   359936.715   360293.125   360330.125   360613.125   360649.125
  2340:   360813.125   360822.125   360853.125   360888.125   360922.125
  2345:   360953.125   360988.125   361019.125   361055.125   361097.125
  2350:   361135.125   361311.125   361408.125   361436.125   361470.125
  2355:   361503.125   361536.125   361581.125   361621.125   361701.125
  2360:   361731.125   361838.125   362037.125   362066.125   362134.125
  2365:   362168.125   362202.125   362240.125   362371.125   362405.125
  2370:   362444.125   362480.125   362522.125   362554.125   362588.125
  2375:   362625.125   362662.125   362695.125   362731.125   362818.125
  2380:   362856.125   362894.125   362932.125   362978.125   363054.125
  2385:   363091.125   363164.125   363195.125   363301.125   363333.125
  2390:   363402.125   363441.125   363479.125   363521.125   363600.125
  2395:   363643.125   363747.125   363779.125   363971.725   363971.910
  2400:   363971.901   363971.095   364271.902   366271.910   366273.614
  2405:   369023.624   369024.714   369161.124   369451.124   369482.124
  2410:   369552.124   369584.124   369615.124   369646.124   369721.124
  2415:   369757.124   369790.124   369860.124   369894.124   369935.124
  2420:   369974.124   370010.124   370040.124   370074.124   370109.124
  2425:   370177.124   370215.124   370248.124   370283.124   370353.124
  2430:   370387.124   370422.124   370459.124   370530.124   370628.124
  2435:   370666.124   370701.124   370738.124   370770.124   370880.124
  2440:   370914.124   370997.124   371031.124   371069.124   371175.124
  2445:   371217.124   371255.124   371290.124   371322.124   371359.124
  2450:   371402.124   371440.124   371487.124   371520.124   371560.124
  2455:   371601.124   371674.124   371744.124   371772.124   371809.724
  2460:   371809.910   371809.901   371809.094   372109.902   374109.910
  2465:   374111.615   377961.625   377962.715   378245.125   378280.125
  2470:   378313.125   378348.125   378454.125   378522.125   378560.125
  2475:   378600.125   378641.125   378685.125   378726.125   378763.125
  2480:   378802.125   378839.125   378876.125   378912.125   378947.125
  2485:   378989.125   379031.125   379066.125   379105.125   379143.125
  2490:   379180.125   379220.125   379258.125   379293.125   379331.125
  2495:   379369.125   379402.125   379443.125   379479.125   379517.125
  2500:   379549.125   379580.125   379614.125   379651.125   379682.125
  2505:   379718.125   379751.125   379792.125   379880.125   379908.125
  2510:   379942.125   380011.125   380041.125   380077.125   380114.125
  2515:   380153.125   380190.125   380221.125   380266.125   380305.125
  2520:   380346.125   380384.125   380417.125   380457.125   380491.125
  2525:   380526.125   380559.125   380588.125   380622.125   380656.125
  2530:   380726.125   380768.125   380802.125   380832.125   380871.125
  2535:   380901.125   380940.125   380975.125   381016.125   381048.125
  2540:   381079.125   381114.125   381150.125   381180.125   381216.125
  2545:   381246.125   381280.125   381317.125   381348.125   381383.125
  2550:   381414.125   381450.125   381482.125   381522.125   381558.125
  2555:   381591.125   381641.125   381719.125   381752.125   381782.125
  2560:   381854.725   381854.910   381854.901   381854.095   382154.902
  2565:   384154.910   384156.614   386906.624   386907.714   387013.124
  2570:   387048.124   387089.124   387130.124   387382.124   387415.124
  2575:   387447.124   387482.124   387992.124   388023.124   388064.124
  2580:   388095.124   388162.124   388197.124   388265.124   388300.124
  2585:   388337.124   388371.124   388424.124   388457.124   388495.124
  2590:   388556.124   388596.124   388665.124   388696.124   388739.124
  2595:   388810.124   388842.124   388879.124   388919.124   388957.124
  2600:   389073.124   389112.124   389152.124   389225.124   389313.124
  2605:   389346.124   389419.124   389494.124   389529.124   389569.124
  2610:   389623.124   389712.724   389712.910   389712.901   389712.094
  2615:   390012.902   392012.910   392014.614   394764.624   394765.714
  2620:   394924.124   394960.124   395237.124   395362.124   395704.124
  2625:   395739.124   395772.124   395804.124   395836.124   395913.124
  2630:   395981.124   396013.124   396109.124   396144.124   396213.124
  2635:   396245.124   396277.124   396312.124   396347.124   396413.124
  2640:   396451.124   396487.124   396522.124   396554.124   396591.124
  2645:   396629.124   396661.124   396695.124   396738.124   396771.124
  2650:   396802.124   396836.124   396867.124   396897.124   396927.124
  2655:   396960.124   397028.124   397065.124   397156.124   397187.124
  2660:   397223.124   397262.124   397298.124   397369.124   397397.124
  2665:   397433.124   397474.124   397574.724   397574.910   397574.901
  2670:   397574.094   397874.902   399874.910   399876.612   401276.622
  2675:   401277.712   401364.122   401400.122   401440.122   401474.122
  2680:   401513.122   401552.122   401587.122   401626.122   401671.122
  2685:   401709.122   401793.122   401828.122   401902.122   401934.122
  2690:   401969.122   402035.122   402073.122   402153.122   402190.122
  2695:   402224.122   402256.122   402333.122   402369.122   402405.122
  2700:   402439.122   402474.122   402548.122   402627.122   402661.122
  2705:   402701.722   402701.910   402701.901   402701.092   403001.902
  2710:   405001.910   405003.611   406003.621   406004.711   406180.121
  2715:   406213.121   406246.121   406276.121   406310.121   406344.121
  2720:   406371.121   406403.121   406436.121   406467.121   406502.121
  2725:   406534.121   406564.121   406601.121   406631.121   406668.121
  2730:   406706.121   406741.121   406775.121   406811.121   406850.121
  2735:   406886.121   406923.121   406962.121   407003.121   407034.721
  2740:   407034.910   407034.901   407034.091   407334.902   409334.910
  2745:   409336.612   410736.622   410737.712   410832.122   410866.122
  2750:   410904.122   410943.122   410978.122   411015.122   411055.122
  2755:   411094.122   411132.122   411177.122   411210.122   411248.122
  2760:   411287.122   411323.122   411365.122   411400.122   411434.122
  2765:   411470.122   411506.122   411543.122   411578.122   411619.122
  2770:   411657.122   411696.122   411733.122   411773.122   411813.122
  2775:   411853.122   411889.122   411930.122   411979.122   412016.122
  2780:   412056.122   412094.122   412126.122   412165.722   412165.910
  2785:   412165.901   412165.092   412465.902   414465.910   414467.614
  2790:   417217.624   417218.714   417386.124   417423.124   417570.124
  2795:   417610.124   417650.124   417720.124   417761.124   417801.124
  2800:   417832.124   417870.124   417906.124   417989.124   418026.124
  2805:   418068.124   418104.124   418144.124   418181.124   418220.124
  2810:   418261.124   418342.124   418377.124   418416.124   418458.124
  2815:   418499.124   418577.124   418611.124   418737.124   418765.124
  2820:   418878.124   418960.124   418989.124   419024.124   419060.124
  2825:   419126.124   419158.124   419196.124   419228.124   419270.124
  2830:   419308.124   419380.124   419413.124   419444.124   419480.124
  2835:   419573.124   419605.124   419638.124   419675.124   419707.124
  2840:   419747.124   419781.124   419869.124   419900.124   419934.124
  2845:   419965.124   419998.724   419998.910   419998.901   419998.094
  2850:   420298.902   422298.910   422300.612   423700.622   423701.712
  2855:   423826.122   423865.122   423902.122   424004.122   424045.122
  2860:   424219.122   424252.122   424284.122   424316.122   424347.122
  2865:   424379.122   424415.122   424452.122   424489.122   424522.122
  2870:   424555.122   424588.122   424618.122   424646.122   424680.122
  2875:   424720.122   424824.122   424861.122   424895.122   424931.122
  2880:   424967.122   425005.122   425041.122   425075.122   425112.722
  2885:   425112.910   425112.901   425112.092   425412.902   427412.910
  2890:   427414.614   430164.624   430165.714   430572.124   430604.124
  2895:   430644.124   430892.124   431188.124   431219.124   431283.124
  2900:   431314.124   431349.124   431381.124   431414.124   431449.124
  2905:   431483.124   431513.124   431548.124   431584.124   431619.124
  2910:   431651.124   431684.124   431722.124   431758.124   431788.124
  2915:   431824.124   431855.124   431891.124   431930.124   431963.124
  2920:   432000.124   432042.124   432078.124   432107.124   432125.124
  2925:   432156.124   432194.124   432266.124   432295.124   432328.124
  2930:   432366.124   432407.124   432437.124   432473.124   432511.124
  2935:   432546.124   432579.124   432613.124   432648.124   432685.124
  2940:   432722.124   432808.124   432849.124   432933.724   432933.910
  2945:   432933.901   432933.094   433233.902   435233.910   435235.612
  2950:   436635.622   436636.712   436743.122   436776.122   436812.122
  2955:   436846.122   436913.122   436948.122   436985.122   437025.122
  2960:   437062.122   437099.122   437137.122   437172.122   437210.122
  2965:   437278.122   437316.122   437352.122   437392.122   437427.122
  2970:   437460.122   437496.122   437530.122   437568.122   437597.122
  2975:   437635.122   437664.122   437698.122   437733.122   437774.122
  2980:   437810.122   437854.122   437887.122   437921.122   437958.122
  2985:   437991.122   438029.122   438066.722   438066.910   438066.901
  2990:   438066.092   438366.902   440366.910   440368.615   444218.625
  2995:   444219.715   445027.125   445064.125   445095.125   445130.125
  3000:   445192.125   445223.125   445259.125   445295.125   445327.125
  3005:   445404.125   445436.125   445465.125   445505.125   445549.125
  3010:   445587.125   445621.125   445654.125   445759.125   445791.125
  3015:   445819.125   445852.125   445891.125   445928.125   445960.125
  3020:   445996.125   446032.125   446063.125   446097.125   446129.125
  3025:   446167.125   446203.125   446285.125   446313.125   446348.125
  3030:   446413.125   446448.125   446484.125   446517.125   446546.125
  3035:   446580.125   446615.125   446688.125   446724.125   446762.125
  3040:   446827.125   446873.125   446903.125   446940.125   447050.125
  3045:   447084.125   447116.125   447149.125   447184.125   447220.125
  3050:   447322.125   447352.125   447385.125   447418.125   447454.125
  3055:   447488.125   447521.125   447611.125   447648.125   447696.125
  3060:   447726.125   447759.125   447796.125   447828.125   447875.125
  3065:   447915.125   448055.125   448103.725   448103.910   448103.901
  3070:   448103.095   448403.902   450403.910   450405.615   454255.625
  3075:   454256.715   454360.125   454652.125   454686.125   454723.125
  3080:   454772.125   454809.125   455168.125   455199.125   455419.125
  3085:   455454.125   455649.125   455688.125   455768.125   455842.125
  3090:   455877.125   455946.125   455980.125   456054.125   456116.125
  3095:   456226.125   456261.125   456297.125   456343.125   456460.125
  3100:   456486.125   456561.125   456641.125   456672.125   456713.125
  3105:   456795.125   456821.125   456967.125   457108.125   457137.125
  3110:   457169.125   457208.125   457241.125   457275.125   457343.125
  3115:   457374.125   457447.125   457624.125   457653.125   457682.125
  3120:   457715.125   457748.125   457779.125   457814.125   457848.125
  3125:   457879.125   457914.125   457948.125   457984.125   458055.125
  3130:   458259.725   458259.910   458259.901   458259.095   458559.902
  3135:   460559.910   460561.611   461561.621   461562.711   461773.121
  3140:   461809.121   461842.121   461877.121   461912.121   462020.121
  3145:   462052.121   462084.121   462119.121   462150.121   462187.121
  3150:   462219.121   462253.121   462326.121   462358.121   462394.121
  3155:   462457.121   462496.121   462538.121   462570.721   462570.910
  3160:   462570.901   462570.091   462870.902   464870.910   464872.613
  3165:   466822.623   466823.713   467013.123   467042.123   467078.123
  3170:   467115.123   467151.123   467188.123   467262.123   467300.123
  3175:   467341.123   467415.123   467442.123   467477.123   467517.123
  3180:   467589.123   467622.123   467660.123   467695.123   467729.123
  3185:   467765.123   467799.123   467835.123   467871.123   467908.123
  3190:   467946.123   467978.123   468012.123   468046.123   468075.123
  3195:   468111.123   468148.123   468190.123   468214.123   468289.123
  3200:   468328.123   468361.123   468397.123   468461.123   468495.123
  3205:   468524.123   468558.123   468591.123   468626.123   468656.123
  3210:   468685.123   468723.123   468764.123   468790.723   468790.910
  3215:   468790.901   468790.093   469090.902   471090.910   471092.613
  3220:   473042.623   473043.713   473439.123   473799.123   473830.123
  3225:   473865.123   473904.123   473941.123   473976.123   474006.123
  3230:   474042.123   474074.123   474142.123   474178.123   474259.123
  3235:   474297.123   474338.123   474380.123   474420.123   474452.123
  3240:   474490.123   474581.123   474623.123   474669.123   474703.123
  3245:   474739.123   474820.123   474855.123   474885.123   474923.123
  3250:   474959.123   474994.723   474994.910   474994.901   474994.093
  3255:   475294.902   477294.910   477296.612   478696.622   478697.712
  3260:   478869.122   478905.122   478946.122   478984.122   479048.122
  3265:   479088.122   479122.122   479155.122   479190.122   479227.122
  3270:   479263.122   479305.122   479335.122   479371.122   479405.122
  3275:   479444.122   479511.122   479547.122   479579.122   479611.122
  3280:   479648.122   479685.122   479719.122   479749.122   479785.122
  3285:   479827.122   479859.122   479899.122   479930.122   479965.122
  3290:   480007.122   480038.122   480073.122   480111.722   480111.910
  3295:   480111.901   480111.092   480411.902   482411.910   482413.611
  3300:   483413.621   483414.711   483565.121   483600.121   483634.121
  3305:   483672.121   483775.121   483808.121   483849.121   483889.121
  3310:   483922.121   483958.121   483994.121   484027.121   484067.121
  3315:   484095.121   484198.121   484230.121   484267.121   484304.121
  3320:   484335.121   484372.121   484406.121   484442.721   484442.910
  3325:   484442.901   484442.091   484742.902   486742.910   486744.611
  3330:   487744.621   487745.711   487864.121   488108.121   488142.121
  3335:   488209.121   488243.121   488276.121   488310.121   488340.121
  3340:   488374.121   488403.121   488464.121   488496.121   488549.121
  3345:   488582.121   488614.121   488649.121   488715.121   488751.721
  3350:   488751.910   488751.901   488751.091   489051.902   491051.910
  3355:   491053.612   492453.622   492454.712   492584.122   492616.122
  3360:   492649.122   492682.122   492719.122   492747.122   492785.122
  3365:   492904.122   492939.122   492974.122   493009.122   493046.122
  3370:   493082.122   493116.122   493151.122   493188.122   493220.122
  3375:   493262.122   493329.122   493367.122   493404.122   493439.122
  3380:   493477.122   493515.122   493549.122   493585.122   493655.122
  3385:   493704.122   493737.122   493781.122   493817.122   493849.122
  3390:   493886.722   493886.910   493886.901   493886.092   494186.902
  3395:   496186.910   496188.615   500038.625   500039.715   500157.125
  3400:   500192.125   500230.125   500492.125   500561.125   500687.125
  3405:   500718.125   500753.125   500786.125   500822.125   500855.125
  3410:   500894.125   500929.125   500964.125   501000.125   501034.125
  3415:   501069.125   501105.125   501146.125   501178.125   501212.125
  3420:   501250.125   501318.125   501356.125   501429.125   501465.125
  3425:   501536.125   501566.125   501606.125   501653.125   501684.125
  3430:   501725.125   501765.125   501837.125   501876.125   501910.125
  3435:   501949.125   501988.125   502030.125   502067.125   502175.125
  3440:   502211.125   502251.125   502310.125   502355.125   502388.125
  3445:   502425.125   502463.125   502503.125   502581.125   502647.125
  3450:   502741.125   502771.125   502801.125   502865.125   502935.125
  3455:   502971.125   503007.125   503083.125   503121.125   503166.125
  3460:   503208.125   503279.125   503320.125   503358.125   503517.125
  3465:   503546.125   503578.125   503607.125   503668.125   503700.125
  3470:   503734.125   503767.125   503801.125   503866.125   503898.725
  3475:   503898.910   503898.901   503898.095   504198.902   504198.902
  3480:   504198.005   504198.006   504198.007   504198.020
D:
     0:        0.000        0.000        0.000        0.000        0.000
     5:        0.000        0.000        0.000        0.000        0.000
    10:        0.000        0.000        0.000        0.000        0.000
    15:        0.000        0.000        0.000        0.000        0.000
    20:        0.000        0.000        0.000        0.000        0.000
    25:        0.000        0.000        0.000        0.000        0.000
    30:        0.000        0.000        0.000        0.000        0.000
    35:        0.000
F:
     0:       10.000       14.000       19.500       27.500       38.500
     5:       10.000       14.000       19.500       27.500       38.500
    10:       10.000       14.000       19.500       27.500       38.500
    15:       10.000       14.000       19.500       27.500       38.500
    20:       10.000       14.000       19.500       27.500       38.500
    25:       10.000       14.000       19.500       27.500       38.500
    30:       10.000       14.000       19.500       27.500       38.500
    35:       10.000       14.000       19.500       27.500       38.500
    40:       10.000       14.000       19.500       27.500       38.500
    45:       10.000       14.000       19.500       27.500       38.500
    50:       10.000       14.000       19.500       27.500       38.500
    55:       10.000       14.000       19.500       27.500       38.500
    60:       10.000       14.000       19.500       27.500       38.500
    65:       10.000       14.000       19.500       27.500       38.500
    70:       10.000       14.000       19.500       27.500       38.500
I:
     0:       75.000        0.000        0.000
M:
     0:       15.000       15.000       15.000       15.000       15.000
     5:        0.000        0.000        0.000        0.000        0.000
    10:        0.000
N:
     0:       15.000       15.000       15.000       15.000       15.000
     5:        0.000
Q:
     0:       15.000       15.000       15.000       15.000       15.000
     5:        0.000
V:
     0:        0.000        0.000        2.000        6.000       16.000
     5:      282.000      381.000      568.000      572.000     1051.000
    10:        0.000        0.000        0.000        0.000        0.000
    15:        0.000
