File: C:\MED-PC IV\DATA\ENTR_IF21P003


Start Date: 07/26/17
End Date: 07/26/17
Subject: P003
Experiment: ENTRENAMIENTO
Group: 0
Box: 7
Start Time: 10:29:39
End Time: 11:53:39
MSN: ENTRENAMIFs
B:       0.000
C:       0.000
E:    3556.000
G:      19.500
H:    1950.000
J:       0.000
K:       0.000
L:       0.000
O:       0.000
P:       0.000
R:       0.000
S:       0.000
T:  501981.000
U:       0.000
W:       0.000
X:       0.000
Y:       0.000
Z:       0.000
A:
     0:        0.010      500.910      502.611     1502.621     1503.711
     5:     1559.121     1596.121     1632.121     1733.121     1789.121
    10:     1822.121     1862.121     1896.121     1989.121     2025.121
    15:     2067.121     2112.121     2147.121     2189.121     2227.121
    20:     2259.121     2299.121     2345.121     2380.121     2414.121
    25:     2446.121     2524.721     2524.920     2524.901     2524.091
    30:     2824.902     4824.910     4826.612     6226.622     6227.712
    35:     6402.122     6465.122     6496.122     6530.122     6595.122
    40:     6629.122     6661.122     6694.122     6727.122     6763.122
    45:     6794.122     6825.122     6869.122     6909.122     6946.122
    50:     7019.122     7054.122     7088.122     7122.122     7154.122
    55:     7190.122     7228.122     7267.122     7303.122     7339.122
    60:     7376.122     7455.122     7490.122     7524.122     7531.122
    65:     7570.122     7607.122     7645.722     7645.920     7645.901
    70:     7645.092     7945.902     9945.910     9947.613    11897.623
    75:    11898.713    11995.123    12056.123    12092.123    12125.123
    80:    12157.123    12188.123    12219.123    12252.123    12286.123
    85:    12320.123    12359.123    12391.123    12427.123    12467.123
    90:    12505.123    12538.123    12568.123    12601.123    12637.123
    95:    12671.123    12707.123    12748.123    12826.123    12863.123
   100:    12907.123    12941.123    12982.123    13019.123    13056.123
   105:    13090.123    13126.123    13162.123    13198.123    13234.123
   110:    13276.123    13311.123    13348.123    13390.123    13424.123
   115:    13467.123    13504.123    13541.123    13577.123    13612.123
   120:    13656.123    13692.123    13765.123    13804.123    13840.123
   125:    13882.723    13882.920    13882.901    13882.093    14182.902
   130:    16182.910    16184.613    18134.623    18135.713    18284.123
   135:    18318.123    18390.123    18426.123    18463.123    18492.123
   140:    18524.123    18560.123    18591.123    18624.123    18698.123
   145:    18735.123    18769.123    18836.123    18868.123    18903.123
   150:    18939.123    18978.123    19013.123    19082.123    19115.123
   155:    19153.123    19187.123    19220.123    19257.123    19288.123
   160:    19320.123    19351.123    19388.123    19420.123    19493.123
   165:    19525.123    19558.123    19592.123    19628.123    19701.123
   170:    19737.123    19771.123    19804.123    19837.123    19872.123
   175:    19975.123    20008.123    20044.123    20083.123    20121.723
   180:    20121.920    20121.901    20121.093    20421.902    22421.910
   185:    22423.615    26273.625    26274.715    26500.125    26533.125
   190:    26638.125    26669.125    26709.125    26835.125    26867.125
   195:    26897.125    26929.125    26966.125    27006.125    27042.125
   200:    27081.125    27118.125    27152.125    27188.125    27217.125
   205:    27251.125    27287.125    27328.125    27365.125    27404.125
   210:    27437.125    27470.125    27510.125    27545.125    27587.125
   215:    27626.125    27667.125    27701.125    27739.125    27776.125
   220:    27785.125    27821.125    27857.125    27891.125    27928.125
   225:    27965.125    28001.125    28079.125    28115.125    28156.125
   230:    28195.125    28257.125    28292.125    28331.125    28417.125
   235:    28452.125    28492.125    28527.125    28567.125    28632.125
   240:    28678.125    28723.125    28759.125    28799.125    28839.125
   245:    28874.125    28913.125    28953.125    28989.125    29028.125
   250:    29098.125    29136.125    29174.125    29280.125    29318.125
   255:    29355.125    29400.125    29440.125    29529.125    29605.125
   260:    29684.125    29720.125    29758.125    29800.125    29862.125
   265:    29898.125    29959.125    29992.125    30032.125    30069.125
   270:    30146.725    30146.920    30146.901    30146.095    30446.902
   275:    32446.910    32448.614    35198.624    35199.714    35415.124
   280:    35447.124    35485.124    35557.124    35589.124    35624.124
   285:    35700.124    35731.124    35765.124    35829.124    35867.124
   290:    35902.124    35936.124    35972.124    36009.124    36086.124
   295:    36121.124    36158.124    36190.124    36226.124    36260.124
   300:    36301.124    36339.124    36411.124    36445.124    36483.124
   305:    36524.124    36563.124    36598.124    36634.124    36667.124
   310:    36704.124    36742.124    36778.124    36811.124    36917.124
   315:    36952.124    36993.124    37028.124    37063.124    37099.124
   320:    37138.124    37177.124    37220.124    37256.124    37293.124
   325:    37326.124    37365.124    37435.124    37473.124    37510.124
   330:    37548.124    37584.124    37616.124    37657.124    37696.124
   335:    37771.124    37809.124    37881.124    37915.124    37952.724
   340:    37952.920    37952.901    37952.094    38252.902    40252.910
   345:    40254.615    44104.625    44105.715    44289.125    44322.125
   350:    44354.125    44389.125    44424.125    44484.125    44518.125
   355:    44599.125    44640.125    44675.125    44705.125    44736.125
   360:    44771.125    44803.125    44845.125    44879.125    44917.125
   365:    44952.125    44985.125    45020.125    45051.125    45086.125
   370:    45122.125    45163.125    45199.125    45235.125    45276.125
   375:    45353.125    45389.125    45429.125    45466.125    45504.125
   380:    45545.125    45578.125    45616.125    45658.125    45700.125
   385:    45735.125    45777.125    45809.125    45843.125    45880.125
   390:    45917.125    45963.125    46001.125    46033.125    46114.125
   395:    46190.125    46260.125    46294.125    46329.125    46370.125
   400:    46404.125    46443.125    46477.125    46516.125    46588.125
   405:    46625.125    46665.125    46703.125    46739.125    46785.125
   410:    46864.125    46901.125    46938.125    46976.125    47020.125
   415:    47056.125    47092.125    47128.125    47194.125    47233.125
   420:    47269.125    47305.125    47342.125    47379.125    47417.125
   425:    47463.125    47503.125    47542.125    47581.125    47618.125
   430:    47656.125    47692.125    47728.125    47765.125    47804.125
   435:    47842.125    47915.125    47952.125    47988.725    47988.920
   440:    47988.901    47988.095    48288.902    50288.910    50290.614
   445:    53040.624    53041.714    53607.124    53644.124    53682.124
   450:    53719.124    53754.124    53790.124    53828.124    53861.124
   455:    53904.124    53939.124    53976.124    54015.124    54052.124
   460:    54084.124    54117.124    54153.124    54229.124    54270.124
   465:    54345.124    54422.124    54457.124    54495.124    54571.124
   470:    54607.124    54643.124    54732.124    54772.124    54809.124
   475:    54849.124    54884.124    54921.124    54997.124    55037.124
   480:    55074.124    55113.124    55180.124    55219.124    55262.124
   485:    55302.124    55349.124    55421.124    55463.124    55501.124
   490:    55541.124    55586.124    55625.124    55698.124    55739.124
   495:    55849.724    55849.920    55849.901    55849.094    56149.902
   500:    58149.910    58151.612    59551.622    59552.712    59666.122
   505:    59706.122    59748.122    59790.122    59824.122    59867.122
   510:    59909.122    59947.122    59988.122    60033.122    60072.122
   515:    60108.122    60149.122    60194.122    60234.122    60278.122
   520:    60320.122    60361.122    60400.122    60437.122    60482.122
   525:    60593.122    60633.122    60674.122    60713.122    60751.122
   530:    60833.122    60878.122    60917.122    60956.722    60956.920
   535:    60956.901    60956.092    61256.902    63256.910    63258.613
   540:    65208.623    65209.713    65380.123    65415.123    65456.123
   545:    65494.123    65533.123    65620.123    65700.123    65738.123
   550:    65770.123    65803.123    65840.123    65877.123    65948.123
   555:    65982.123    66020.123    66067.123    66108.123    66145.123
   560:    66182.123    66220.123    66253.123    66291.123    66331.123
   565:    66376.123    66422.123    66461.123    66500.123    66539.123
   570:    66579.123    66623.123    66669.123    66710.123    66750.123
   575:    66790.123    66861.123    66910.123    66950.123    67025.123
   580:    67063.123    67104.123    67188.723    67188.920    67188.901
   585:    67188.093    67488.902    69488.910    69490.613    71440.623
   590:    71441.713    72169.123    72386.123    72422.123    72456.123
   595:    72498.123    72540.123    72578.123    72612.123    72648.123
   600:    72688.123    72726.123    72759.123    72797.123    72841.123
   605:    72876.123    72920.123    72957.123    72994.123    73032.123
   610:    73071.123    73111.123    73201.123    73287.123    73332.123
   615:    73409.723    73409.920    73409.901    73409.093    73709.902
   620:    75709.910    75711.611    76711.621    76712.711    76833.121
   625:    76875.121    76917.121    76954.121    76998.121    77040.121
   630:    77080.121    77117.121    77154.121    77197.121    77234.121
   635:    77271.121    77304.121    77339.121    77376.121    77412.121
   640:    77456.121    77494.121    77533.121    77570.121    77609.121
   645:    77650.121    77687.121    77723.721    77723.920    77723.901
   650:    77723.091    78023.902    80023.910    80025.615    83875.625
   655:    83876.715    84531.125    84783.125    84822.125    84858.125
   660:    84892.125    85011.125    85047.125    85081.125    85117.125
   665:    85154.125    85189.125    85224.125    85264.125    85299.125
   670:    85338.125    85376.125    85465.125    85550.125    85588.125
   675:    85625.125    85661.125    85700.125    85791.125    85830.125
   680:    85868.125    85904.125    85939.125    85974.125    86016.125
   685:    86086.125    86172.125    86211.125    86250.125    86286.125
   690:    86323.125    86358.125    86396.125    86436.125    86482.125
   695:    86522.125    86561.125    86602.125    86687.125    86730.125
   700:    86772.125    86814.125    86858.125    86897.125    86942.125
   705:    86988.125    87030.125    87072.125    87119.125    87194.125
   710:    87238.125    87315.125    87359.125    87445.125    87493.125
   715:    87580.125    87627.125    87714.125    87760.725    87760.920
   720:    87760.901    87760.095    88060.902    90060.910    90062.613
   725:    92012.623    92013.713    92190.123    92261.123    92298.123
   730:    92337.123    92375.123    92410.123    92449.123    92490.123
   735:    92525.123    92564.123    92609.123    92646.123    92686.123
   740:    92727.123    92765.123    92811.123    92847.123    92889.123
   745:    92925.123    92965.123    93007.123    93046.123    93087.123
   750:    93130.123    93170.123    93209.123    93251.123    93291.123
   755:    93336.123    93375.123    93414.123    93461.123    93548.123
   760:    93590.123    93632.123    93678.123    93720.123    93760.123
   765:    93803.123    93851.123    93896.123    93940.123    93980.723
   770:    93980.920    93980.901    93980.093    94280.902    96280.910
   775:    96282.614    99032.624    99033.714    99337.124    99376.124
   780:    99415.124    99463.124    99505.124    99590.124    99634.124
   785:    99673.124    99715.124    99802.124    99911.124    99946.124
   790:    99984.124   100019.124   100053.124   100089.124   100123.124
   795:   100161.124   100195.124   100231.124   100265.124   100305.124
   800:   100351.124   100399.124   100440.124   100478.124   100516.124
   805:   100554.124   100601.124   100685.124   100727.124   100814.124
   810:   100896.124   100939.124   100980.124   101058.124   101100.124
   815:   101143.124   101183.124   101225.124   101296.124   101337.124
   820:   101376.124   101419.124   101461.124   101502.124   101544.124
   825:   101588.124   101635.124   101718.124   101806.724   101806.920
   830:   101806.901   101806.094   102106.902   104106.910   104108.611
   835:   105108.621   105109.711   105251.121   105291.121   105335.121
   840:   105372.121   105482.121   105525.121   105562.121   105599.121
   845:   105636.121   105671.121   105708.121   105744.121   105787.121
   850:   105832.121   105872.121   105913.121   105997.121   106039.121
   855:   106078.121   106120.721   106120.920   106120.901   106120.091
   860:   106420.902   108420.910   108422.614   111172.624   111173.714
   865:   112184.124   112280.124   112314.124   112350.124   112392.124
   870:   112431.124   112468.124   112503.124   112541.124   112583.124
   875:   112626.124   112665.124   112701.124   112743.124   112778.124
   880:   112827.124   112873.124   112909.124   112944.124   112987.124
   885:   113026.124   113073.124   113112.124   113153.124   113191.124
   890:   113228.124   113267.124   113309.124   113354.124   113394.124
   895:   113433.124   113480.124   113521.124   113559.124   113601.124
   900:   113671.124   113712.124   113755.124   113830.124   113873.124
   905:   113918.124   113957.724   113957.920   113957.901   113957.094
   910:   114257.902   116257.910   116259.611   117259.621   117260.711
   915:   117378.121   117420.121   117458.121   117495.121   117533.121
   920:   117569.121   117605.121   117640.121   117678.121   117720.121
   925:   117763.121   117800.121   117839.121   117882.121   117920.121
   930:   117957.121   117999.121   118042.121   118079.121   118122.121
   935:   118163.121   118202.121   118240.121   118281.721   118281.920
   940:   118281.901   118281.091   118581.902   120581.910   120583.613
   945:   122533.623   122534.713   122771.123   122854.123   122888.123
   950:   122929.123   122964.123   122995.123   123032.123   123071.123
   955:   123109.123   123145.123   123186.123   123222.123   123263.123
   960:   123307.123   123352.123   123389.123   123430.123   123470.123
   965:   123509.123   123595.123   123640.123   123731.123   123802.123
   970:   123844.123   123889.123   123930.123   123967.123   124012.123
   975:   124056.123   124096.123   124178.123   124228.123   124269.123
   980:   124312.123   124356.123   124403.123   124445.123   124489.723
   985:   124489.920   124489.901   124489.093   124789.902   126789.910
   990:   126791.615   130641.625   130642.715   131420.125   131615.125
   995:   131693.125   131736.125   131781.125   131890.125   131928.125
  1000:   131965.125   132000.125   132041.125   132086.125   132174.125
  1005:   132212.125   132250.125   132290.125   132334.125   132374.125
  1010:   132497.125   132547.125   132591.125   132630.125   132674.125
  1015:   132714.125   132751.125   132788.125   132831.125   132874.125
  1020:   132955.125   132999.125   133043.125   133088.125   133133.125
  1025:   133172.125   133209.125   133257.125   133300.125   133346.125
  1030:   133392.125   133470.125   133513.125   133558.125   133599.125
  1035:   133687.125   133728.125   133771.125   133818.125   133867.125
  1040:   133911.125   133954.125   133996.125   134036.125   134083.125
  1045:   134132.125   134210.125   134254.125   134300.125   134345.125
  1050:   134425.125   134470.125   134516.725   134516.920   134516.901
  1055:   134516.095   134816.902   136816.910   136818.615   140668.625
  1060:   140669.715   141793.125   141979.125   142015.125   142054.125
  1065:   142091.125   142175.125   142214.125   142253.125   142287.125
  1070:   142330.125   142373.125   142408.125   142484.125   142560.125
  1075:   142686.125   142729.125   142772.125   142808.125   142889.125
  1080:   142959.125   142999.125   143041.125   143122.125   143164.125
  1085:   143204.125   143254.125   143297.125   143338.125   143382.125
  1090:   143421.125   143493.125   143534.125   143580.125   143652.125
  1095:   143709.125   143751.125   143838.125   143880.125   143953.125
  1100:   143995.125   144038.125   144082.125   144151.125   144196.125
  1105:   144239.125   144285.125   144328.125   144374.125   144416.125
  1110:   144488.125   144537.725   144537.920   144537.901   144537.095
  1115:   144837.902   146837.910   146839.614   149589.624   149590.714
  1120:   149939.124   149973.124   150014.124   150134.124   150171.124
  1125:   150254.124   150293.124   150332.124   150368.124   150404.124
  1130:   150438.124   150489.124   150529.124   150572.124   150656.124
  1135:   150799.124   150838.124   150920.124   150958.124   150996.124
  1140:   151034.124   151069.124   151107.124   151150.124   151192.124
  1145:   151232.124   151319.124   151360.124   151403.124   151483.124
  1150:   151524.124   151568.124   151640.124   151685.124   151724.124
  1155:   151838.124   151878.124   151919.124   151995.124   152033.124
  1160:   152144.124   152186.124   152228.124   152296.124   152342.724
  1165:   152342.920   152342.901   152342.094   152642.902   154642.910
  1170:   154644.615   158494.625   158495.715   159139.125   159188.125
  1175:   159229.125   159274.125   159313.125   159400.125   159444.125
  1180:   159481.125   159519.125   159657.125   159699.125   159805.125
  1185:   159885.125   159928.125   159966.125   160006.125   160045.125
  1190:   160086.125   160168.125   160243.125   160280.125   160317.125
  1195:   160359.125   160427.125   160470.125   160508.125   160587.125
  1200:   160702.125   160742.125   160780.125   160865.125   160907.125
  1205:   160943.125   161050.125   161094.125   161135.125   161220.125
  1210:   161265.125   161305.125   161378.125   161420.125   161462.125
  1215:   161503.125   161542.125   161584.125   161695.125   161738.125
  1220:   161779.125   161861.125   161903.125   161946.125   161990.125
  1225:   162104.125   162148.125   162208.125   162249.125   162292.125
  1230:   162333.125   162378.725   162378.920   162378.901   162378.095
  1235:   162678.902   164678.910   164680.613   166630.623   166631.713
  1240:   166837.123   167026.123   167067.123   167100.123   167142.123
  1245:   167228.123   167262.123   167299.123   167339.123   167416.123
  1250:   167456.123   167496.123   167537.123   167571.123   167607.123
  1255:   167647.123   167682.123   167813.123   167850.123   167892.123
  1260:   167933.123   167974.123   168059.123   168099.123   168139.123
  1265:   168178.123   168250.123   168292.123   168332.123   168415.123
  1270:   168461.123   168502.123   168543.123   168585.723   168585.920
  1275:   168585.901   168585.093   168885.902   170885.910   170887.613
  1280:   172837.623   172838.713   173284.123   173527.123   173761.123
  1285:   173794.123   173829.123   173869.123   173904.123   173936.123
  1290:   173972.123   174006.123   174015.123   174052.123   174091.123
  1295:   174131.123   174180.123   174235.123   174270.123   174309.123
  1300:   174348.123   174432.123   174504.123   174550.123   174591.123
  1305:   174633.123   174678.123   174749.123   174787.123   174828.723
  1310:   174828.920   174828.901   174828.093   175128.902   177128.910
  1315:   177130.615   180980.625   180981.715   181661.125   181794.125
  1320:   181832.125   181873.125   182046.125   182085.125   182215.125
  1325:   182248.125   182283.125   182317.125   182433.125   182470.125
  1330:   182515.125   182585.125   182621.125   182660.125   182700.125
  1335:   182737.125   182771.125   182809.125   182855.125   182899.125
  1340:   182943.125   183046.125   183087.125   183127.125   183208.125
  1345:   183249.125   183293.125   183338.125   183423.125   183468.125
  1350:   183548.125   183588.125   183628.125   183671.125   183712.125
  1355:   183762.125   183806.125   183850.125   183934.125   183977.125
  1360:   184018.125   184063.125   184107.125   184150.125   184198.125
  1365:   184241.125   184289.125   184330.125   184407.125   184449.125
  1370:   184491.125   184533.125   184585.125   184626.125   184711.125
  1375:   184758.125   184799.125   184843.725   184843.920   184843.901
  1380:   184843.095   185143.902   187143.910   187145.612   188545.622
  1385:   188546.712   189483.122   189524.122   189568.122   189606.122
  1390:   189645.122   189687.122   189726.122   189767.122   189808.122
  1395:   189894.122   189938.122   189979.722   189979.920   189979.901
  1400:   189979.092   190279.902   192279.910   192281.612   193681.622
  1405:   193682.712   194030.122   194067.122   194106.122   194150.122
  1410:   194192.122   194225.122   194263.122   194303.122   194341.122
  1415:   194382.122   194419.122   194462.122   194550.122   194591.122
  1420:   194635.122   194679.122   194722.122   194761.122   194841.122
  1425:   194886.122   194930.122   194970.122   195015.122   195054.122
  1430:   195100.722   195100.920   195100.901   195100.092   195400.902
  1435:   197400.910   197402.615   201252.625   201253.715   201775.125
  1440:   201808.125   201850.125   201886.125   201925.125   201962.125
  1445:   202002.125   202042.125   202088.125   202122.125   202169.125
  1450:   202256.125   202299.125   202341.125   202385.125   202467.125
  1455:   202580.125   202624.125   202707.125   202750.125   202796.125
  1460:   202948.125   202989.125   203033.125   203080.125   203123.125
  1465:   203165.125   203205.125   203248.125   203289.125   203363.125
  1470:   203406.125   203449.125   203489.125   203536.125   203576.125
  1475:   203649.125   203691.125   203736.125   203782.125   203859.125
  1480:   203900.125   203950.125   204037.125   204080.125   204123.125
  1485:   204165.125   204203.125   204248.125   204331.125   204370.125
  1490:   204414.125   204455.125   204499.125   204573.125   204623.125
  1495:   204666.125   204713.125   204759.125   204801.125   204887.125
  1500:   204931.125   204974.125   205018.125   205095.125   205139.725
  1505:   205139.920   205139.901   205139.095   205439.902   207439.910
  1510:   207441.615   211291.625   211292.715   211956.125   212007.125
  1515:   212160.125   212197.125   212237.125   212279.125   212318.125
  1520:   212361.125   212401.125   212447.125   212486.125   212534.125
  1525:   212578.125   212697.125   212809.125   212847.125   212882.125
  1530:   212919.125   212956.125   212967.125   213003.125   213046.125
  1535:   213084.125   213128.125   213168.125   213208.125   213251.125
  1540:   213333.125   213375.125   213417.125   213458.125   213499.125
  1545:   213544.125   213588.125   213630.125   213707.125   213747.125
  1550:   213788.125   213834.125   213907.125   213952.125   213993.125
  1555:   214032.125   214081.125   214123.125   214208.125   214255.125
  1560:   214300.125   214342.125   214387.125   214475.125   214522.125
  1565:   214565.125   214609.125   214657.125   214734.125   214778.125
  1570:   214824.125   214914.125   214956.125   215004.125   215163.725
  1575:   215163.920   215163.901   215163.095   215463.902   217463.910
  1580:   217465.612   218865.622   218866.712   219171.122   219277.122
  1585:   219320.122   219360.122   219396.122   219436.122   219475.122
  1590:   219513.122   219560.122   219600.122   219639.122   219675.122
  1595:   219711.122   219748.122   219785.122   219824.122   219867.122
  1600:   219914.122   219957.122   220040.122   220084.122   220171.122
  1605:   220221.122   220267.722   220267.920   220267.901   220267.092
  1610:   220567.902   222567.910   222569.612   223969.622   223970.712
  1615:   224062.122   224133.122   224221.122   224267.122   224484.122
  1620:   224521.122   224560.122   224595.122   224630.122   224668.122
  1625:   224705.122   224745.122   224788.122   224831.122   224872.122
  1630:   224911.122   224950.122   225051.122   225090.122   225126.122
  1635:   225162.122   225199.122   225286.122   225365.122   225407.722
  1640:   225407.920   225407.901   225407.092   225707.902   227707.910
  1645:   227709.615   231559.625   231560.715   232313.125   232350.125
  1650:   232389.125   232431.125   232470.125   232553.125   232590.125
  1655:   232626.125   232663.125   232707.125   232746.125   232829.125
  1660:   232866.125   232904.125   232978.125   233081.125   233116.125
  1665:   233151.125   233185.125   233224.125   233260.125   233300.125
  1670:   233342.125   233383.125   233424.125   233466.125   233510.125
  1675:   233551.125   233635.125   233678.125   233721.125   233764.125
  1680:   233847.125   233894.125   233938.125   233984.125   234057.125
  1685:   234099.125   234146.125   234191.125   234242.125   234326.125
  1690:   234374.125   234416.125   234509.125   234551.125   234596.125
  1695:   234638.125   234727.125   234815.125   234933.125   234977.125
  1700:   235018.125   235058.125   235143.125   235188.125   235232.125
  1705:   235273.125   235314.125   235358.125   235403.125   235482.725
  1710:   235482.920   235482.901   235482.095   235782.902   237782.910
  1715:   237784.612   239184.622   239185.712   239377.122   239423.122
  1720:   239461.122   239499.122   239537.122   239574.122   239611.122
  1725:   239650.122   239690.122   239725.122   239763.122   239814.122
  1730:   239853.122   239893.122   239930.122   239969.122   240004.122
  1735:   240042.122   240084.122   240135.122   240175.122   240214.122
  1740:   240254.122   240296.122   240334.122   240374.122   240422.122
  1745:   240470.122   240514.122   240564.122   240609.722   240609.920
  1750:   240609.901   240609.092   240909.902   242909.910   242911.611
  1755:   243911.621   243912.711   244129.121   244217.121   244253.121
  1760:   244290.121   244378.121   244415.121   244448.121   244530.121
  1765:   244568.121   244604.121   244640.121   244679.121   244719.121
  1770:   244759.121   244801.121   244840.121   244880.121   244923.721
  1775:   244923.920   244923.901   244923.091   245223.902   247223.910
  1780:   247225.611   248225.621   248226.711   248430.121   248475.121
  1785:   248514.121   248556.121   248593.121   248629.121   248666.121
  1790:   248701.121   248739.121   248778.121   248814.121   248855.121
  1795:   248900.121   248940.121   248977.121   249015.121   249056.121
  1800:   249094.121   249133.121   249173.121   249222.121   249263.721
  1805:   249263.920   249263.901   249263.091   249563.902   251563.910
  1810:   251565.615   255415.625   255416.715   256114.125   256148.125
  1815:   256304.125   256338.125   256379.125   256556.125   256590.125
  1820:   256632.125   256857.125   256891.125   256980.125   257075.125
  1825:   257196.125   257232.125   257278.125   257415.125   257520.125
  1830:   257564.125   257605.125   257643.125   257693.125   257730.125
  1835:   257829.125   257864.125   257909.125   257950.125   257987.125
  1840:   258031.125   258070.125   258114.125   258157.125   258195.125
  1845:   258233.125   258317.125   258364.125   258406.125   258445.125
  1850:   258519.125   258561.125   258605.125   258689.125   258736.125
  1855:   258804.125   258845.125   258917.125   258960.125   258970.125
  1860:   259047.125   259089.125   259131.125   259174.125   259216.125
  1865:   259261.125   259312.725   259312.920   259312.901   259312.095
  1870:   259612.902   261612.910   261614.614   264364.624   264365.714
  1875:   265653.124   265691.124   265878.124   266068.124   266102.124
  1880:   266138.124   266183.124   266259.124   266293.124   266328.124
  1885:   266380.124   266414.124   266457.124   266491.124   266535.124
  1890:   266611.124   266690.124   266732.124   266863.124   266909.124
  1895:   266995.124   267043.124   267090.124   267173.724   267173.920
  1900:   267173.901   267173.094   267473.902   269473.910   269475.613
  1905:   271425.623   271426.713   272081.123   272117.123   272158.123
  1910:   272195.123   272247.123   272286.123   272321.123   272365.123
  1915:   272404.123   272415.123   272455.123   272490.123   272529.123
  1920:   272570.123   272606.123   272648.123   272687.123   272731.123
  1925:   272856.123   272901.123   272942.123   272982.123   273026.123
  1930:   273111.123   273157.123   273200.123   273237.123   273278.123
  1935:   273317.123   273357.123   273405.723   273405.920   273405.901
  1940:   273405.093   273705.902   275705.910   275707.614   278457.624
  1945:   278458.714   278573.124   278789.124   278825.124   278860.124
  1950:   278902.124   278937.124   278975.124   279012.124   279048.124
  1955:   279084.124   279125.124   279165.124   279207.124   279240.124
  1960:   279278.124   279315.124   279356.124   279399.124   279440.124
  1965:   279482.124   279524.124   279561.124   279599.124   279645.124
  1970:   279690.124   279729.124   279773.124   279821.124   279867.124
  1975:   279906.124   279951.124   279991.124   280038.124   280083.124
  1980:   280124.124   280170.124   280251.124   280292.124   280334.124
  1985:   280379.124   280453.124   280494.124   280540.124   280583.124
  1990:   280628.124   280673.124   280721.124   280762.124   280809.124
  1995:   280854.124   280899.124   280977.124   281019.124   281066.124
  2000:   281107.124   281148.124   281218.724   281218.920   281218.901
  2005:   281218.094   281518.902   283518.910   283520.615   287370.625
  2010:   287371.715   287825.125   288181.125   288426.125   288462.125
  2015:   288501.125   288539.125   288860.125   288895.125   288929.125
  2020:   288964.125   289001.125   289039.125   289073.125   289109.125
  2025:   289144.125   289187.125   289227.125   289265.125   289305.125
  2030:   289340.125   289387.125   289425.125   289460.125   289496.125
  2035:   289532.125   289573.125   289616.125   289658.125   289698.125
  2040:   289713.125   289759.125   289801.125   289900.125   289938.125
  2045:   290069.125   290111.125   290221.125   290262.125   290309.125
  2050:   290394.125   290478.125   290522.125   290605.125   290649.125
  2055:   290693.125   290773.125   290818.125   290913.125   290954.125
  2060:   291035.125   291078.125   291119.125   291166.125   291209.125
  2065:   291250.725   291250.920   291250.901   291250.095   291550.902
  2070:   293550.910   293552.611   294552.621   294553.711   294721.121
  2075:   294763.121   294802.121   294887.121   294980.121   295137.121
  2080:   295173.121   295211.121   295245.121   295285.121   295321.121
  2085:   295356.121   295417.121   295458.121   295501.121   295542.121
  2090:   295587.721   295587.920   295587.901   295587.091   295887.902
  2095:   297887.910   297889.612   299289.622   299290.712   299484.122
  2100:   299572.122   299714.122   299751.122   299788.122   299823.122
  2105:   299839.122   299874.122   299911.122   299947.122   299987.122
  2110:   300027.122   300064.122   300101.122   300138.122   300179.122
  2115:   300221.122   300266.122   300302.122   300340.122   300377.122
  2120:   300415.122   300453.122   300496.122   300534.122   300574.122
  2125:   300616.122   300663.122   300705.722   300705.920   300705.901
  2130:   300705.092   301005.902   303005.910   303007.615   306857.625
  2135:   306858.715   307207.125   307445.125   307491.125   307527.125
  2140:   307567.125   307610.125   307652.125   307764.125   307809.125
  2145:   307897.125   307979.125   308012.125   308051.125   308085.125
  2150:   308124.125   308162.125   308195.125   308237.125   308275.125
  2155:   308308.125   308354.125   308391.125   308557.125   308597.125
  2160:   308642.125   308659.125   308699.125   308744.125   308787.125
  2165:   308828.125   308871.125   308909.125   308950.125   308991.125
  2170:   309034.125   309073.125   309121.125   309133.125   309178.125
  2175:   309253.125   309294.125   309408.125   309421.125   309463.125
  2180:   309508.125   309556.125   309633.125   309679.125   309715.125
  2185:   309764.125   309839.125   309884.125   309970.125   310009.125
  2190:   310052.125   310093.125   310133.125   310175.125   310223.125
  2195:   310273.125   310318.125   310329.125   310369.125   310415.125
  2200:   310459.125   310564.125   310605.125   310651.125   310694.125
  2205:   310786.725   310786.920   310786.901   310786.095   311086.902
  2210:   313086.910   313088.614   315838.624   315839.714   316204.124
  2215:   316352.124   316393.124   316435.124   316468.124   316509.124
  2220:   316544.124   316578.124   316621.124   316662.124   316703.124
  2225:   316747.124   316786.124   316825.124   316860.124   316871.124
  2230:   316907.124   316945.124   316988.124   317028.124   317071.124
  2235:   317109.124   317151.124   317199.124   317240.124   317286.124
  2240:   317329.124   317364.124   317402.124   317447.124   317519.124
  2245:   317558.124   317598.124   317641.124   317684.124   317724.124
  2250:   317767.124   317807.124   317893.124   317934.124   317973.124
  2255:   318011.124   318056.124   318098.124   318183.124   318228.124
  2260:   318274.124   318312.124   318353.124   318390.124   318435.124
  2265:   318480.124   318530.124   318573.124   318615.724   318615.920
  2270:   318615.901   318615.094   318915.902   320915.910   320917.614
  2275:   323667.624   323668.714   324545.124   324587.124   324704.124
  2280:   324757.124   324806.124   324921.124   324957.124   324995.124
  2285:   325119.124   325161.124   325204.124   325242.124   325286.124
  2290:   325404.124   325457.124   325498.124   325580.124   325620.124
  2295:   325687.124   325722.124   325797.124   325838.124   325874.124
  2300:   325909.124   325949.124   325989.124   326029.124   326070.124
  2305:   326153.124   326201.124   326247.124   326294.124   326335.124
  2310:   326371.124   326417.124   326460.724   326460.920   326460.901
  2315:   326460.094   326760.902   328760.910   328762.611   329762.621
  2320:   329763.711   329927.121   329967.121   330010.121   330051.121
  2325:   330091.121   330134.121   330173.121   330213.121   330250.121
  2330:   330291.121   330331.121   330372.121   330412.121   330449.121
  2335:   330488.121   330529.121   330571.121   330612.121   330655.121
  2340:   330704.121   330743.121   330785.721   330785.920   330785.901
  2345:   330785.091   331085.902   333085.910   333087.611   334087.621
  2350:   334088.711   334202.121   334240.121   334281.121   334348.121
  2355:   334388.121   334426.121   334462.121   334496.121   334533.121
  2360:   334573.121   334609.121   334645.121   334684.121   334722.121
  2365:   334763.121   334800.121   334838.121   334879.121   334917.121
  2370:   334958.121   334996.121   335037.121   335077.121   335119.721
  2375:   335119.920   335119.901   335119.091   335419.902   337419.910
  2380:   337421.612   338821.622   338822.712   338953.122   338994.122
  2385:   339029.122   339067.122   339101.122   339137.122   339175.122
  2390:   339213.122   339248.122   339284.122   339331.122   339370.122
  2395:   339404.122   339440.122   339476.122   339519.122   339563.122
  2400:   339602.122   339641.122   339676.122   339717.122   339759.122
  2405:   339799.122   339838.122   339877.122   339925.122   339962.122
  2410:   340002.122   340043.122   340090.122   340128.122   340180.122
  2415:   340225.722   340225.920   340225.901   340225.092   340525.902
  2420:   342525.910   342527.612   343927.622   343928.712   344095.122
  2425:   344135.122   344174.122   344217.122   344259.122   344299.122
  2430:   344337.122   344372.122   344409.122   344447.122   344488.122
  2435:   344523.122   344567.122   344609.122   344646.122   344685.122
  2440:   344722.122   344760.122   344796.122   344835.122   344876.122
  2445:   344910.122   344946.122   344987.122   345031.122   345072.122
  2450:   345111.122   345151.122   345195.122   345239.122   345278.122
  2455:   345316.122   345357.722   345357.920   345357.901   345357.092
  2460:   345657.902   347657.910   347659.613   349609.623   349610.713
  2465:   350700.123   350752.123   350828.123   350932.123   350967.123
  2470:   351001.123   351044.123   351081.123   351116.123   351158.123
  2475:   351193.123   351232.123   351275.123   351315.123   351352.123
  2480:   351398.123   351408.123   351444.123   351551.123   351586.723
  2485:   351586.920   351586.901   351586.093   351886.902   353886.910
  2490:   353888.613   355838.623   355839.713   356215.123   356253.123
  2495:   356285.123   356321.123   356364.123   356405.123   356440.123
  2500:   356476.123   356517.123   356552.123   356587.123   356624.123
  2505:   356660.123   356697.123   356734.123   356770.123   356807.123
  2510:   356844.123   356883.123   356920.123   356962.123   357003.123
  2515:   357044.123   357091.123   357127.123   357169.123   357215.123
  2520:   357250.123   357294.123   357328.123   357375.123   357416.123
  2525:   357454.123   357497.123   357539.123   357575.123   357619.123
  2530:   357666.123   357706.123   357742.123   357780.123   357817.723
  2535:   357817.920   357817.901   357817.093   358117.902   360117.910
  2540:   360119.611   361119.621   361120.711   361240.121   361281.121
  2545:   361355.121   361394.121   361437.121   361479.121   361515.121
  2550:   361552.121   361588.121   361626.121   361665.121   361700.121
  2555:   361738.121   361777.121   361813.121   361851.121   361888.121
  2560:   361931.121   361966.121   362006.121   362048.121   362087.121
  2565:   362123.721   362123.920   362123.901   362123.091   362423.902
  2570:   364423.910   364425.611   365425.621   365426.711   365545.121
  2575:   365583.121   365620.121   365655.121   365694.121   365730.121
  2580:   365763.121   365796.121   365834.121   365874.121   365913.121
  2585:   365952.121   365988.121   366028.121   366062.121   366097.121
  2590:   366133.121   366171.121   366215.121   366254.121   366290.121
  2595:   366334.121   366373.121   366414.121   366455.721   366455.920
  2600:   366455.901   366455.091   366755.902   368755.910   368757.614
  2605:   371507.624   371508.714   372073.124   372294.124   372334.124
  2610:   372368.124   372412.124   372491.124   372527.124   372565.124
  2615:   372601.124   372640.124   372681.124   372742.124   372777.124
  2620:   372812.124   372853.124   372898.124   372988.124   373027.124
  2625:   373103.124   373136.124   373173.124   373215.124   373253.124
  2630:   373288.124   373323.124   373363.124   373450.124   373491.124
  2635:   373531.124   373571.124   373616.124   373656.124   373695.124
  2640:   373736.124   373779.124   373818.124   373859.124   373903.124
  2645:   373943.124   373989.124   374029.124   374072.124   374114.124
  2650:   374155.124   374237.124   374277.724   374277.920   374277.901
  2655:   374277.094   374577.902   376577.910   376579.615   380429.625
  2660:   380430.715   381135.125   381286.125   381317.125   381351.125
  2665:   381396.125   381431.125   381466.125   381500.125   381545.125
  2670:   381580.125   381629.125   381662.125   381705.125   381740.125
  2675:   381780.125   381818.125   381854.125   381899.125   381938.125
  2680:   381981.125   382024.125   382133.125   382168.125   382309.125
  2685:   382343.125   382388.125   382452.125   382491.125   382527.125
  2690:   382562.125   382597.125   382634.125   382677.125   382722.125
  2695:   382769.125   382809.125   382846.125   382885.125   382924.125
  2700:   382962.125   383001.125   383044.125   383085.125   383131.125
  2705:   383170.125   383215.125   383257.125   383303.125   383389.125
  2710:   383470.125   383515.125   383556.125   383600.125   383644.125
  2715:   383681.125   383724.125   383806.125   383847.125   383891.125
  2720:   383932.125   383974.125   384017.125   384057.125   384095.125
  2725:   384142.125   384186.125   384232.125   384278.125   384326.725
  2730:   384326.920   384326.901   384326.095   384626.902   386626.910
  2735:   386628.613   388578.623   388579.713   389031.123   389067.123
  2740:   389111.123   389159.123   389192.123   389230.123   389264.123
  2745:   389305.123   389347.123   389383.123   389417.123   389460.123
  2750:   389500.123   389533.123   389568.123   389606.123   389644.123
  2755:   389707.123   389746.123   389789.123   389831.123   389868.123
  2760:   389910.123   389946.123   389990.123   390039.123   390103.123
  2765:   390140.123   390177.123   390222.123   390335.123   390371.123
  2770:   390410.123   390447.123   390487.123   390525.123   390565.723
  2775:   390565.920   390565.901   390565.093   390865.902   392865.910
  2780:   392867.614   395617.624   395618.714   396177.124   396308.124
  2785:   396337.124   396378.124   396415.124   396451.124   396497.124
  2790:   396540.124   396586.124   396657.124   396741.124   396782.124
  2795:   396823.124   396882.124   396916.124   396953.124   396988.124
  2800:   397023.124   397061.124   397099.124   397140.124   397182.124
  2805:   397218.124   397256.124   397294.124   397374.124   397410.124
  2810:   397494.124   397530.124   397568.124   397606.124   397646.124
  2815:   397682.124   397722.124   397761.124   397806.124   397849.124
  2820:   397895.124   397936.124   397978.124   398015.124   398059.124
  2825:   398106.124   398147.124   398189.124   398232.124   398274.124
  2830:   398315.124   398365.124   398409.724   398409.920   398409.901
  2835:   398409.094   398709.902   400709.910   400711.611   401711.621
  2840:   401712.711   401860.121   401896.121   401933.121   401972.121
  2845:   402010.121   402047.121   402084.121   402150.121   402188.121
  2850:   402263.121   402302.121   402344.121   402383.121   402424.121
  2855:   402468.121   402509.121   402546.121   402585.121   402625.121
  2860:   402669.121   402707.121   402746.721   402746.920   402746.901
  2865:   402746.091   403046.902   405046.910   405048.614   407798.624
  2870:   407799.714   408358.124   408412.124   408725.124   408774.124
  2875:   408997.124   409031.124   409070.124   409116.124   409157.124
  2880:   409198.124   409242.124   409324.124   409362.124   409396.124
  2885:   409412.124   409446.124   409486.124   409528.124   409567.124
  2890:   409648.124   409733.124   409779.124   409818.124   409858.124
  2895:   409896.124   409933.124   409972.124   410017.124   410057.124
  2900:   410096.124   410135.124   410174.124   410217.124   410260.124
  2905:   410299.124   410388.124   410431.124   410478.124   410545.124
  2910:   410719.724   410719.920   410719.901   410719.094   411019.902
  2915:   413019.910   413021.614   415771.624   415772.714   418039.124
  2920:   418075.124   418121.124   418163.124   418246.124   418279.124
  2925:   418320.124   418360.124   418395.124   418428.124   418473.124
  2930:   418513.124   418549.724   418549.920   418549.901   418549.094
  2935:   418849.902   420849.910   420851.611   421851.621   421852.711
  2940:   422124.121   422160.121   422202.121   422243.121   422287.121
  2945:   422321.121   422358.121   422393.121   422427.121   422465.121
  2950:   422503.121   422539.121   422576.121   422610.121   422645.121
  2955:   422682.121   422721.121   422764.121   422806.121   422844.121
  2960:   422882.721   422882.920   422882.901   422882.091   423182.902
  2965:   425182.910   425184.612   426584.622   426585.712   426785.122
  2970:   426827.122   426942.122   426975.122   427017.122   427053.122
  2975:   427093.122   427128.122   427170.122   427208.122   427250.122
  2980:   427289.122   427329.122   427366.122   427381.122   427419.122
  2985:   427454.122   427489.122   427525.122   427567.122   427606.122
  2990:   427651.122   427694.122   427735.122   427772.122   427811.122
  2995:   427845.122   427882.122   427926.122   427992.722   427992.920
  3000:   427992.901   427992.092   428292.902   430292.910   430294.613
  3005:   432244.623   432245.713   432587.123   432628.123   432674.123
  3010:   432711.123   432748.123   432788.123   432824.123   432875.123
  3015:   432909.123   432950.123   432990.123   433031.123   433064.123
  3020:   433102.123   433144.123   433183.123   433231.123   433265.123
  3025:   433300.123   433338.123   433376.123   433416.123   433452.123
  3030:   433497.123   433534.123   433571.123   433612.123   433654.123
  3035:   433696.123   433735.123   433772.123   433813.123   433856.123
  3040:   433935.123   433975.123   434074.123   434112.123   434146.123
  3045:   434184.123   434229.723   434229.920   434229.901   434229.093
  3050:   434529.902   436529.910   436531.611   437531.621   437532.711
  3055:   437769.121   437804.121   437842.121   437886.121   437925.121
  3060:   437958.121   437994.121   438032.121   438072.121   438110.121
  3065:   438150.121   438191.121   438225.121   438264.121   438300.121
  3070:   438339.121   438381.121   438417.121   438452.121   438490.121
  3075:   438525.121   438561.721   438561.920   438561.901   438561.091
  3080:   438861.902   440861.910   440863.612   442263.622   442264.712
  3085:   442626.122   442665.122   442700.122   442740.122   442774.122
  3090:   442812.122   442848.122   442892.122   442927.122   442977.122
  3095:   443015.122   443049.122   443088.122   443124.122   443160.122
  3100:   443194.122   443230.122   443268.122   443308.122   443347.122
  3105:   443385.122   443425.122   443466.122   443500.122   443540.122
  3110:   443584.122   443623.122   443662.122   443741.722   443741.920
  3115:   443741.901   443741.092   444041.902   446041.910   446043.612
  3120:   447443.622   447444.712   447658.122   447699.122   447734.122
  3125:   447781.122   447814.122   447853.122   447891.122   447926.122
  3130:   447965.122   447998.122   448033.122   448088.122   448122.122
  3135:   448155.122   448189.122   448226.122   448267.122   448310.122
  3140:   448349.122   448387.122   448425.122   448473.122   448510.122
  3145:   448551.122   448597.122   448636.122   448678.122   448715.122
  3150:   448755.122   448797.122   448843.122   448891.722   448891.920
  3155:   448891.901   448891.092   449191.902   451191.910   451193.613
  3160:   453143.623   453144.713   453665.123   453700.123   453738.123
  3165:   453777.123   453811.123   453844.123   453881.123   453916.123
  3170:   453957.123   453999.123   454076.123   454108.123   454139.123
  3175:   454176.123   454211.123   454244.123   454284.123   454319.123
  3180:   454352.123   454392.123   454438.123   454477.123   454518.123
  3185:   454563.123   454598.123   454652.123   454690.123   454732.123
  3190:   454772.123   454813.123   454861.123   454900.123   454938.123
  3195:   454977.123   455069.123   455106.723   455106.920   455106.901
  3200:   455106.093   455406.902   457406.910   457408.615   461258.625
  3205:   461259.715   461495.125   461674.125   461716.125   461749.125
  3210:   461787.125   461818.125   461853.125   461895.125   461933.125
  3215:   461966.125   461998.125   462029.125   462112.125   462146.125
  3220:   462179.125   462215.125   462252.125   462292.125   462302.125
  3225:   462340.125   462378.125   462420.125   462457.125   462498.125
  3230:   462533.125   462572.125   462614.125   462699.125   462737.125
  3235:   462779.125   462813.125   462851.125   462889.125   462931.125
  3240:   462974.125   463015.125   463056.125   463103.125   463139.125
  3245:   463185.125   463227.125   463272.125   463314.125   463389.125
  3250:   463426.125   463466.125   463506.125   463550.125   463593.125
  3255:   463641.125   463679.125   463722.125   463768.125   463850.125
  3260:   463895.125   463940.125   463953.125   464037.125   464083.125
  3265:   464124.125   464168.125   464179.125   464223.125   464268.125
  3270:   464342.125   464383.125   464421.125   464464.125   464505.125
  3275:   464553.125   464601.125   464644.125   464692.125   464764.125
  3280:   464809.125   464855.125   464944.125   464994.125   465038.125
  3285:   465076.125   465122.725   465122.920   465122.901   465122.095
  3290:   465422.902   467422.910   467424.614   470174.624   470175.714
  3295:   470875.124   470918.124   470957.124   470989.124   471030.124
  3300:   471066.124   471101.124   471136.124   471174.124   471214.124
  3305:   471297.124   471342.124   471428.124   471464.124   471502.124
  3310:   471534.124   471581.124   471619.124   471654.124   471698.124
  3315:   471739.124   471784.124   471830.124   471868.124   471903.124
  3320:   471946.124   471991.124   472033.124   472070.124   472109.124
  3325:   472153.124   472194.124   472233.124   472277.124   472315.124
  3330:   472357.124   472430.124   472470.124   472514.124   472551.124
  3335:   472670.124   472714.124   472798.124   472841.124   472882.124
  3340:   472963.724   472963.920   472963.901   472963.094   473263.902
  3345:   475263.910   475265.611   476265.621   476266.711   476388.121
  3350:   476431.121   476477.121   476519.121   476557.121   476600.121
  3355:   476644.121   476684.121   476717.121   476759.121   476794.121
  3360:   476830.121   476868.121   476914.121   476954.121   476990.121
  3365:   477032.121   477067.121   477106.121   477146.121   477188.121
  3370:   477228.121   477311.721   477311.920   477311.901   477311.091
  3375:   477611.902   479611.910   479613.612   481013.622   481014.712
  3380:   481136.122   481171.122   481207.122   481243.122   481284.122
  3385:   481320.122   481354.122   481389.122   481426.122   481464.122
  3390:   481499.122   481536.122   481572.122   481616.122   481657.122
  3395:   481696.122   481741.122   481786.122   481825.122   481861.122
  3400:   481901.122   481943.122   481982.122   482026.122   482065.122
  3405:   482110.122   482151.122   482190.122   482231.122   482277.122
  3410:   482319.122   482390.122   482430.722   482430.920   482430.901
  3415:   482430.092   482730.902   484730.910   484732.612   486132.622
  3420:   486133.712   486355.122   486391.122   486432.122   486472.122
  3425:   486504.122   486542.122   486578.122   486611.122   486650.122
  3430:   486687.122   486725.122   486759.122   486798.122   486837.122
  3435:   486872.122   486906.122   486944.122   486978.122   487017.122
  3440:   487058.122   487144.122   487182.122   487220.122   487269.122
  3445:   487311.122   487349.122   487397.122   487435.122   487479.122
  3450:   487521.122   487597.722   487597.920   487597.901   487597.092
  3455:   487897.902   489897.910   489899.614   492649.624   492650.714
  3460:   493266.124   493438.124   493471.124   493506.124   493543.124
  3465:   493581.124   493619.124   493655.124   493694.124   493737.124
  3470:   493773.124   493809.124   493849.124   493893.124   493930.124
  3475:   493964.124   494007.124   494048.124   494087.124   494203.124
  3480:   494237.124   494274.124   494338.124   494444.124   494480.124
  3485:   494513.124   494548.124   494587.124   494632.124   494691.124
  3490:   494786.124   494821.124   494860.124   494898.124   494944.124
  3495:   495032.124   495077.124   495119.124   495158.124   495201.124
  3500:   495241.124   495285.124   495331.124   495376.124   495419.724
  3505:   495419.920   495419.901   495419.094   495719.902   497719.910
  3510:   497721.613   499671.623   499672.713   500031.123   500185.123
  3515:   500221.123   500259.123   500310.123   500354.123   500402.123
  3520:   500450.123   500493.123   500533.123   500568.123   500606.123
  3525:   500648.123   500684.123   500722.123   500763.123   500849.123
  3530:   500887.123   500928.123   500964.123   501010.123   501046.123
  3535:   501133.123   501207.123   501247.123   501285.123   501322.123
  3540:   501367.123   501410.123   501451.123   501520.123   501556.123
  3545:   501598.123   501681.723   501681.920   501681.901   501681.093
  3550:   501981.902   501981.902   501981.005   501981.006   501981.007
  3555:   501981.020
D:
     0:        0.000        0.000        0.000        0.000        0.000
     5:        0.000        0.000        0.000        0.000        0.000
    10:        0.000        0.000        0.000        0.000        0.000
    15:        0.000        0.000        0.000        0.000        0.000
    20:        0.000        0.000        0.000        0.000        0.000
    25:        0.000        0.000        0.000        0.000        0.000
    30:        0.000        0.000        0.000        0.000        0.000
    35:        0.000
F:
     0:       10.000       14.000       19.500       27.500       38.500
     5:       10.000       14.000       19.500       27.500       38.500
    10:       10.000       14.000       19.500       27.500       38.500
    15:       10.000       14.000       19.500       27.500       38.500
    20:       10.000       14.000       19.500       27.500       38.500
    25:       10.000       14.000       19.500       27.500       38.500
    30:       10.000       14.000       19.500       27.500       38.500
    35:       10.000       14.000       19.500       27.500       38.500
    40:       10.000       14.000       19.500       27.500       38.500
    45:       10.000       14.000       19.500       27.500       38.500
    50:       10.000       14.000       19.500       27.500       38.500
    55:       10.000       14.000       19.500       27.500       38.500
    60:       10.000       14.000       19.500       27.500       38.500
    65:       10.000       14.000       19.500       27.500       38.500
    70:       10.000       14.000       19.500       27.500       38.500
I:
     0:       75.000        0.000        0.000
M:
     0:       15.000       15.000       15.000       15.000       15.000
     5:        0.000        0.000        0.000        0.000        0.000
    10:        0.000
N:
     0:       15.000       15.000       15.000       15.000       15.000
     5:        0.000
Q:
     0:       15.000       15.000       15.000       15.000       15.000
     5:        0.000
V:
     0:        0.000        0.000        0.000        0.000        0.000
     5:      329.000      430.000      545.000      660.000      986.000
    10:        0.000        0.000        0.000        0.000        0.000
    15:        0.000
