File: C:\MED-PC IV\DATA\M_PEAK_A150875


Start Date: 10/23/17
End Date: 10/23/17
Subject: P875
Experiment: IF-PICO
Group: 0
Box: 8
Start Time: 10:26:20
End Time: 12:30:14
MSN: Multiple_Peak
B:       0.000
C:       0.000
E:    5147.000
G:      27.500
H:    2750.000
J:       0.000
K:       0.000
L:       0.000
O:       0.000
P:       0.000
R:       0.000
S:       0.000
T:  743417.000
U:       0.000
W:       0.000
X:       0.000
Y:       0.000
Z:       0.000
A:
     0:        0.010      500.910      502.615     4352.625     4353.715
     5:     4753.125     4812.125     5076.125     5112.125     5222.125
    10:     5315.125     5329.125     5474.125     5537.125     5629.125
    15:     5658.125     5687.125     5720.125     5752.125     5788.125
    20:     5814.125     5846.125     5875.125     5903.125     5935.125
    25:     5967.125     5994.125     6032.125     6096.125     6130.125
    30:     6160.125     6190.125     6221.125     6252.125     6289.125
    35:     6325.125     6355.125     6390.125     6428.125     6456.125
    40:     6535.125     6569.125     6627.125     6658.125     6688.125
    45:     6719.125     6747.125     6779.125     6808.125     6841.125
    50:     6867.125     6899.125     6932.125     6961.125     6993.125
    55:     7021.125     7079.125     7111.125     7172.125     7206.125
    60:     7239.125     7271.125     7305.125     7338.125     7368.125
    65:     7434.125     7461.125     7496.125     7525.125     7561.125
    70:     7591.125     7620.125     7653.125     7682.125     7715.125
    75:     7776.125     7806.125     7838.125     7867.125     7901.125
    80:     7928.125     7962.125     7991.125     8025.125     8053.125
    85:     8088.125     8119.125     8155.125     8191.125     8219.725
    90:     8219.920     8219.901     8219.095     8519.902    10019.910
    95:    10021.611    11021.621    11022.811    11152.131    11186.131
   100:    11211.131    11245.131    11279.131    11312.131    11340.131
   105:    11375.131    11402.131    11435.131    11460.131    11491.131
   110:    11520.131    11554.131    11614.131    11640.131    11671.131
   115:    11703.131    11734.131    11791.131    11817.131    11851.131
   120:    11908.131    11937.131    11966.131    11997.131    12024.131
   125:    12058.131    12081.131    12111.131    12141.131    12170.131
   130:    12203.131    12231.131    12263.131    12323.131    12350.131
   135:    12408.131    12467.131    12530.131    12557.131    12617.131
   140:    12651.131    12678.131    12708.131    12737.131    12771.131
   145:    12797.131    12829.131    12857.131    12890.131    12917.131
   150:    12950.131    12974.131    13007.131    13033.131    13066.131
   155:    13093.131    13128.131    13156.131    13189.131    13215.131
   160:    13247.131    13275.131    13307.131    13333.131    13363.131
   165:    13391.131    13422.131    13449.131    13482.131    13541.131
   170:    13574.131    13605.131    13636.131    13703.131    13739.131
   175:    13770.131    13805.131    13833.131    13870.131    13909.131
   180:    13938.131    13970.131    13997.131    14039.131    14069.131
   185:    14097.131    14130.131    14159.131    14197.131    14222.821
   190:    14222.920    14231.411    15722.910    15724.611    16724.621
   195:    16725.811    16865.131    16900.131    16966.131    17004.131
   200:    17031.131    17069.131    17104.131    17134.131    17164.131
   205:    17191.131    17224.131    17254.131    17288.131    17315.131
   210:    17346.131    17375.131    17407.131    17465.131    17498.131
   215:    17528.131    17559.131    17589.131    17618.131    17652.131
   220:    17678.131    17709.131    17738.131    17765.131    17857.131
   225:    17889.131    17916.131    17946.131    17975.131    18005.131
   230:    18036.131    18065.131    18097.131    18125.131    18157.131
   235:    18190.131    18217.131    18254.131    18281.131    18310.131
   240:    18341.131    18375.131    18403.131    18464.131    18496.131
   245:    18524.131    18556.131    18585.131    18617.131    18645.131
   250:    18677.131    18704.131    18737.131    18765.131    18798.131
   255:    18826.131    18856.131    18885.131    18917.131    18944.131
   260:    18978.131    19006.131    19036.131    19063.131    19095.131
   265:    19122.131    19154.131    19184.131    19212.131    19246.131
   270:    19336.131    19368.131    19394.131    19429.131    19456.131
   275:    19496.131    19531.131    19568.131    19603.131    19631.131
   280:    19744.131    19823.131    19900.131    19925.821    19925.920
   285:    19937.411    21425.910    21427.612    22827.622    22828.712
   290:    23209.122    23322.122    23359.122    23396.122    23432.122
   295:    23469.122    23499.122    23530.122    23562.122    23594.122
   300:    23629.122    23663.122    23742.122    23777.122    23804.122
   305:    23833.122    23861.122    23890.122    23914.122    23945.122
   310:    23972.122    24003.122    24031.122    24058.122    24095.122
   315:    24121.122    24153.122    24177.122    24203.122    24239.722
   320:    24239.920    24239.901    24239.092    24539.902    26039.910
   325:    26041.611    27041.621    27042.811    27118.131    27192.131
   330:    27258.131    27295.131    27332.131    27367.131    27410.131
   335:    27445.131    27482.131    27516.131    27551.131    27624.131
   340:    27659.131    27696.131    27792.131    27823.131    27852.131
   345:    27883.131    27920.131    27977.131    28008.131    28033.131
   350:    28063.131    28092.131    28127.131    28154.131    28185.131
   355:    28213.131    28279.131    28306.131    28338.131    28384.131
   360:    28413.131    28444.131    28474.131    28503.131    28534.131
   365:    28563.131    28593.131    28621.131    28652.131    28681.131
   370:    28716.131    28743.131    28775.131    28801.131    28834.131
   375:    28861.131    28894.131    28921.131    28955.131    28982.131
   380:    29020.131    29048.131    29078.131    29107.131    29138.131
   385:    29200.131    29229.131    29265.131    29292.131    29324.131
   390:    29385.131    29414.131    29447.131    29475.131    29509.131
   395:    29537.131    29599.131    29631.131    29660.131    29692.131
   400:    29786.131    29814.131    29851.131    29879.131    29914.131
   405:    29947.131    29987.131    30020.131    30145.131    30158.131
   410:    30232.131    30242.821    30242.920    31742.910    31744.615
   415:    35594.625    35595.715    36541.125    36610.125    36639.125
   420:    36678.125    36713.125    36828.125    36960.125    37031.125
   425:    37133.125    37164.125    37221.125    37253.125    37298.125
   430:    37335.125    37365.125    37398.125    37434.125    37496.125
   435:    37526.125    37555.125    37610.125    37636.125    37666.125
   440:    37692.125    37750.125    37778.125    37825.125    37854.125
   445:    37882.125    37920.125    37948.125    37973.125    38002.125
   450:    38028.125    38056.125    38089.125    38119.125    38151.125
   455:    38212.125    38239.125    38261.125    38298.125    38326.125
   460:    38357.125    38383.125    38415.125    38447.125    38498.125
   465:    38526.125    38565.125    38595.125    38626.125    38661.125
   470:    38691.125    38745.125    38803.125    38834.125    38863.125
   475:    38896.125    38925.125    38958.125    38992.125    39021.125
   480:    39054.125    39084.125    39116.125    39145.125    39176.125
   485:    39209.125    39236.125    39268.125    39298.125    39335.125
   490:    39366.125    39398.125    39427.125    39462.725    39462.920
   495:    39462.901    39462.095    39762.902    41262.910    41264.612
   500:    42664.622    42665.812    42891.132    42929.132    42959.132
   505:    42998.132    43071.132    43152.132    43186.132    43225.132
   510:    43257.132    43295.132    43328.132    43359.132    43390.132
   515:    43419.132    43446.132    43484.132    43512.132    43538.132
   520:    43572.132    43601.132    43633.132    43665.132    43698.132
   525:    43730.132    43768.132    43806.132    43837.132    43871.132
   530:    43904.132    43932.132    43999.132    44035.132    44073.132
   535:    44104.132    44201.132    44233.132    44272.132    44304.132
   540:    44336.132    44371.132    44421.132    44461.132    44524.132
   545:    44560.132    44588.132    44618.132    44654.132    44683.132
   550:    44716.132    44747.132    44779.132    44807.132    44834.132
   555:    44874.132    44903.132    44923.132    44964.132    44994.132
   560:    45022.132    45059.132    45089.132    45122.132    45150.132
   565:    45181.132    45247.132    45275.132    45306.132    45338.132
   570:    45372.132    45404.132    45439.132    45469.132    45504.132
   575:    45534.132    45566.132    45624.132    45653.132    45684.132
   580:    45711.132    45743.132    45847.132    45879.132    45911.132
   585:    45945.132    45978.132    46014.132    46046.132    46081.132
   590:    46110.132    46143.132    46177.132    46257.132    46265.822
   595:    46265.920    47765.910    47767.614    50517.624    50518.714
   600:    50975.124    51124.124    51319.124    51353.124    51462.124
   605:    51500.124    51534.124    51577.124    51692.124    51764.124
   610:    51800.124    51831.124    51861.124    51899.124    51933.124
   615:    51967.124    52001.124    52031.124    52064.124    52094.124
   620:    52126.124    52152.124    52186.124    52215.124    52245.124
   625:    52278.124    52306.124    52337.124    52432.124    52461.124
   630:    52499.124    52528.124    52616.124    52676.124    52708.124
   635:    52739.124    52767.124    52800.124    52827.124    52877.124
   640:    52909.124    52934.124    52964.124    52996.124    53057.124
   645:    53088.124    53145.124    53177.124    53269.724    53269.920
   650:    53269.901    53269.094    53569.902    55069.910    55071.615
   655:    58921.625    58922.715    60273.125    60309.125    60344.125
   660:    60377.125    60412.125    60450.125    60488.125    60521.125
   665:    60565.125    60608.125    60648.125    60680.125    60721.125
   670:    60752.125    60787.125    60823.125    60861.125    60892.125
   675:    60930.125    60963.125    61002.125    61036.125    61070.125
   680:    61106.125    61134.125    61167.125    61202.125    61238.125
   685:    61267.125    61303.125    61337.125    61369.125    61404.125
   690:    61463.125    61499.125    61527.125    61580.125    61613.125
   695:    61649.125    61706.125    61749.125    61781.125    61806.125
   700:    61838.125    61867.125    61903.125    61941.125    61975.125
   705:    62009.125    62041.125    62078.125    62109.125    62146.125
   710:    62184.125    62216.125    62251.125    62283.125    62319.125
   715:    62357.125    62391.125    62420.125    62450.125    62486.125
   720:    62516.125    62551.125    62585.125    62621.125    62652.125
   725:    62688.125    62721.125    62756.125    62788.725    62788.920
   730:    62788.901    62788.095    63088.902    64588.910    64590.615
   735:    68440.625    68441.815    68586.135    68749.135    68910.135
   740:    68948.135    68987.135    69026.135    69065.135    69099.135
   745:    69135.135    69169.135    69210.135    69242.135    69332.135
   750:    69379.135    69417.135    69452.135    69488.135    69523.135
   755:    69567.135    69608.135    69639.135    69677.135    69765.135
   760:    69800.135    69834.135    69870.135    69901.135    69940.135
   765:    69976.135    70006.135    70038.135    70067.135    70097.135
   770:    70134.135    70171.135    70200.135    70230.135    70268.135
   775:    70300.135    70334.135    70365.135    70398.135    70434.135
   780:    70468.135    70502.135    70533.135    70564.135    70599.135
   785:    70631.135    70664.135    70696.135    70731.135    70762.135
   790:    70799.135    70849.135    70879.135    70921.135    70953.135
   795:    70985.135    71016.135    71050.135    71080.135    71117.135
   800:    71155.135    71188.135    71225.135    71256.135    71292.135
   805:    71328.135    71359.135    71392.135    71431.135    71465.135
   810:    71501.135    71536.135    71571.135    71605.135    71642.135
   815:    71675.135    71712.135    71745.135    71782.135    71815.135
   820:    71841.135    71885.135    71921.135    71956.135    71990.135
   825:    72027.135    72059.135    72096.135    72133.135    72168.135
   830:    72199.135    72234.135    72267.135    72301.135    72334.135
   835:    72370.135    72401.135    72438.135    72469.135    72504.135
   840:    72539.135    72574.135    72614.135    72648.135    72685.135
   845:    72718.135    72757.135    72794.135    72834.135    72865.135
   850:    72898.135    72948.135    72984.135    73018.135    73059.135
   855:    73092.135    73131.135    73174.135    73207.135    73238.135
   860:    73274.135    73309.135    73341.135    73395.135    73478.135
   865:    73518.135    73558.135    73592.135    73689.135    73723.135
   870:    73753.135    73799.135    73842.135    74063.135    74075.135
   875:    76083.135    76141.825    76141.920    77641.910    77643.612
   880:    79043.622    79044.712    79975.122    80019.122    80060.122
   885:    80102.122    80139.122    80174.122    80216.122    80253.122
   890:    80291.122    80338.122    80379.122    80412.122    80447.722
   895:    80447.920    80447.901    80447.092    80747.902    82247.910
   900:    82249.611    83249.621    83250.711    83642.121    83687.121
   905:    83726.121    83764.121    83796.121    83831.121    83866.121
   910:    83906.121    83946.121    83985.121    84014.121    84047.121
   915:    84079.121    84120.121    84153.121    84186.121    84221.121
   920:    84256.721    84256.920    84256.901    84256.091    84556.902
   925:    86056.910    86058.614    88808.624    88809.814    89925.134
   930:    89968.134    90008.134    90040.134    90078.134    90118.134
   935:    90155.134    90207.134    90247.134    90280.134    90319.134
   940:    90348.134    90385.134    90422.134    90461.134    90501.134
   945:    90533.134    90561.134    90598.134    90653.134    90689.134
   950:    90722.134    90762.134    90792.134    90832.134    90869.134
   955:    90900.134    90931.134    90969.134    91004.134    91048.134
   960:    91080.134    91106.134    91149.134    91184.134    91225.134
   965:    91255.134    91301.134    91335.134    91368.134    91401.134
   970:    91445.134    91479.134    91514.134    91550.134    91588.134
   975:    91623.134    91650.134    91695.134    91731.134    91766.134
   980:    91799.134    91824.134    91871.134    91908.134    91938.134
   985:    91978.134    92015.134    92050.134    92085.134    92124.134
   990:    92156.134    92196.134    92237.134    92270.134    92298.134
   995:    92343.134    92375.134    92415.134    92456.134    92489.134
  1000:    92523.134    92564.134    92600.134    92639.134    92673.134
  1005:    92697.134    92738.134    92773.134    92810.134    92846.134
  1010:    92886.134    92917.134    92953.134    92983.134    93020.134
  1015:    93052.134    93088.134    93120.134    93156.134    93193.134
  1020:    93229.134    93262.134    93293.134    93332.134    93364.134
  1025:    93402.134    93441.134    93475.134    93511.134    93548.134
  1030:    93587.134    93620.134    93659.134    93699.134    93735.134
  1035:    93766.134    93841.134    93884.134    93979.134    93991.134
  1040:    94028.134    94068.134    94105.134    94142.134    94286.134
  1045:    94309.824    94309.920    95809.910    95811.611    96811.621
  1050:    96812.711    97219.121    97314.121    97353.121    97397.121
  1055:    97437.121    97520.121    97561.121    97601.121    97639.121
  1060:    97677.121    97717.121    97754.121    97786.121    97825.721
  1065:    97825.920    97825.901    97825.091    98125.902    99625.910
  1070:    99627.611   100627.621   100628.711   100859.121   100931.121
  1075:   100965.121   101000.121   101035.121   101068.121   101099.121
  1080:   101133.121   101172.121   101210.121   101251.121   101283.121
  1085:   101322.121   101363.121   101396.121   101436.121   101477.121
  1090:   101517.121   101551.121   101590.121   101634.721   101634.920
  1095:   101634.901   101634.091   101934.902   103434.910   103436.613
  1100:   105386.623   105387.713   105580.123   105621.123   105691.123
  1105:   105730.123   105763.123   105800.123   105834.123   105876.123
  1110:   105919.123   105952.123   105990.123   106026.123   106060.123
  1115:   106101.123   106137.123   106175.123   106204.123   106237.123
  1120:   106275.123   106313.123   106342.123   106375.123   106417.123
  1125:   106456.123   106489.123   106527.123   106568.123   106599.123
  1130:   106640.123   106683.123   106716.123   106753.123   106789.123
  1135:   106820.123   106859.123   106893.123   106929.123   106969.123
  1140:   107001.123   107022.123   107068.123   107105.123   107148.123
  1145:   107183.123   107222.123   107255.123   107296.123   107330.123
  1150:   107368.723   107368.920   107368.901   107368.093   107668.902
  1155:   109168.910   109170.614   111920.624   111921.814   112981.134
  1160:   113059.134   113098.134   113136.134   113177.134   113212.134
  1165:   113255.134   113288.134   113333.134   113364.134   113401.134
  1170:   113435.134   113465.134   113503.134   113543.134   113574.134
  1175:   113610.134   113642.134   113680.134   113725.134   113757.134
  1180:   113799.134   113833.134   113869.134   113901.134   113936.134
  1185:   113969.134   114004.134   114037.134   114072.134   114103.134
  1190:   114140.134   114173.134   114212.134   114242.134   114279.134
  1195:   114314.134   114358.134   114390.134   114431.134   114462.134
  1200:   114500.134   114532.134   114567.134   114610.134   114643.134
  1205:   114683.134   114717.134   114750.134   114787.134   114823.134
  1210:   114860.134   114892.134   114930.134   114962.134   114999.134
  1215:   115034.134   115073.134   115110.134   115144.134   115183.134
  1220:   115217.134   115258.134   115299.134   115335.134   115376.134
  1225:   115428.134   115561.134   115659.134   115690.134   115786.134
  1230:   115817.134   115915.134   115927.134   116011.134   116046.134
  1235:   116161.134   116286.134   116559.134   117421.824   117421.920
  1240:   118921.910   118923.615   122773.625   122774.815   130474.825
  1245:   130474.920   131974.910   131976.614   134726.624   134727.714
  1250:   135937.124   136018.124   136076.124   136164.124   136348.124
  1255:   136426.124   136465.124   136510.124   136575.124   136616.124
  1260:   136654.124   136685.124   136729.124   136772.124   137041.124
  1265:   137085.124   137115.124   137150.124   137179.124   137216.124
  1270:   137249.124   137280.124   137311.124   137351.124   137386.124
  1275:   137426.124   137462.124   137492.724   137492.920   137492.901
  1280:   137492.094   137792.902   139292.910   139294.612   140694.622
  1285:   140695.712   141062.122   141095.122   141129.122   141173.122
  1290:   141209.122   141258.122   141296.122   141333.122   141371.122
  1295:   141408.122   141445.122   141478.122   141512.122   141543.122
  1300:   141578.122   141608.122   141645.122   141679.122   141708.122
  1305:   141745.122   141782.122   141812.122   141847.122   141885.122
  1310:   141922.122   141960.122   141993.122   142017.122   142059.122
  1315:   142092.122   142133.722   142133.920   142133.901   142133.092
  1320:   142433.902   143933.910   143935.614   146685.624   146686.814
  1325:   147065.134   147108.134   147157.134   147194.134   147237.134
  1330:   147277.134   147320.134   147469.134   147499.134   147532.134
  1335:   147564.134   147600.134   147641.134   147676.134   147706.134
  1340:   147742.134   147779.134   147812.134   147851.134   147880.134
  1345:   147916.134   147951.134   147982.134   148017.134   148056.134
  1350:   148088.134   148128.134   148160.134   148202.134   148235.134
  1355:   148272.134   148306.134   148343.134   148383.134   148416.134
  1360:   148447.134   148488.134   148522.134   148557.134   148590.134
  1365:   148632.134   148663.134   148701.134   148740.134   148772.134
  1370:   148807.134   148851.134   148885.134   148929.134   148962.134
  1375:   149000.134   149035.134   149074.134   149111.134   149148.134
  1380:   149181.134   149220.134   149254.134   149295.134   149332.134
  1385:   149367.134   149405.134   149437.134   149479.134   149514.134
  1390:   149553.134   149587.134   149624.134   149658.134   149695.134
  1395:   149727.134   149768.134   149806.134   149845.134   149888.134
  1400:   149927.134   149957.134   149998.134   150034.134   150079.134
  1405:   150125.134   150177.134   150230.134   150262.134   150299.134
  1410:   150339.134   150454.134   150486.134   150657.134   150699.134
  1415:   150891.134   150925.134   150960.134   152186.824   152186.920
  1420:   153686.910   153688.615   157538.625   157539.815   165239.825
  1425:   165239.920   166739.910   166741.614   169491.624   169492.714
  1430:   173444.724   173444.920   173444.901   173444.094   173744.902
  1435:   175244.910   175246.612   176646.622   176647.712   177638.122
  1440:   177677.122   177723.122   177761.122   177799.122   177840.122
  1445:   177877.122   177919.122   177962.122   177998.122   178034.122
  1450:   178073.722   178073.920   178073.901   178073.092   178373.902
  1455:   179873.910   179875.612   181275.622   181276.812   181404.132
  1460:   181475.132   181515.132   181548.132   181585.132   181617.132
  1465:   181649.132   181679.132   181715.132   181747.132   181785.132
  1470:   181814.132   181848.132   181883.132   181915.132   181956.132
  1475:   181986.132   182026.132   182058.132   182096.132   182127.132
  1480:   182165.132   182197.132   182238.132   182271.132   182309.132
  1485:   182343.132   182381.132   182414.132   182450.132   182482.132
  1490:   182517.132   182558.132   182595.132   182628.132   182660.132
  1495:   182696.132   182729.132   182754.132   182799.132   182836.132
  1500:   182882.132   182917.132   182951.132   182983.132   183022.132
  1505:   183060.132   183095.132   183195.132   183243.132   183313.132
  1510:   183393.132   183429.132   183558.132   183570.132   183620.132
  1515:   183822.132   184002.132   184149.132   184183.132   184231.132
  1520:   184876.822   184876.920   186376.910   186378.611   187378.621
  1525:   187379.711   187478.121   187525.121   187606.121   187638.121
  1530:   187677.121   187712.121   187749.121   187782.121   187816.121
  1535:   187856.121   187890.121   187928.121   187964.121   188013.121
  1540:   188046.121   188080.121   188119.121   188162.121   188198.121
  1545:   188244.121   188277.121   188312.121   188354.121   188392.721
  1550:   188392.920   188392.901   188392.091   188692.902   190192.910
  1555:   190194.613   192144.623   192145.813   192309.133   192357.133
  1560:   192397.133   192434.133   192475.133   192508.133   192544.133
  1565:   192579.133   192614.133   192654.133   192685.133   192722.133
  1570:   192755.133   192804.133   192834.133   192868.133   192903.133
  1575:   192941.133   192979.133   193017.133   193047.133   193084.133
  1580:   193120.133   193152.133   193191.133   193224.133   193259.133
  1585:   193292.133   193334.133   193366.133   193400.133   193440.133
  1590:   193473.133   193509.133   193543.133   193578.133   193615.133
  1595:   193646.133   193686.133   193722.133   193754.133   193793.133
  1600:   193832.133   193866.133   193905.133   193940.133   193974.133
  1605:   194007.133   194044.133   194079.133   194122.133   194157.133
  1610:   194196.133   194234.133   194314.133   194351.133   194451.133
  1615:   194546.133   194624.133   194664.133   194759.133   194903.133
  1620:   194956.133   194995.133   195084.133   195191.133   195202.133
  1625:   195304.133   195314.133   195404.133   195531.133   195687.133
  1630:   196345.823   196345.920   197845.910   197847.614   200597.624
  1635:   200598.714   202961.124   202971.124   203003.124   203023.124
  1640:   203067.124   203124.124   203192.124   203204.124   203274.124
  1645:   203562.724   203562.920   203562.901   203562.094   203862.902
  1650:   205362.910   205364.613   207314.623   207315.713   207529.123
  1655:   207568.123   207699.123   207736.123   207778.123   207815.123
  1660:   207854.123   207893.123   207936.123   208014.123   208091.123
  1665:   208127.123   208162.123   208197.123   208227.123   208257.123
  1670:   208292.123   208322.123   208362.123   208392.123   208425.123
  1675:   208462.123   208496.123   208529.123   208568.123   208603.123
  1680:   208638.123   208677.123   208712.123   208745.123   208778.123
  1685:   208837.123   208869.123   208898.123   208942.123   208975.123
  1690:   209015.123   209047.123   209087.123   209124.123   209156.123
  1695:   209208.123   209243.123   209275.723   209275.920   209275.901
  1700:   209275.093   209575.902   211075.910   211077.613   213027.623
  1705:   213028.713   214639.123   214680.123   214716.123   214749.123
  1710:   214783.123   214819.123   214862.123   214900.123   214936.123
  1715:   214974.123   215015.723   215015.920   215015.901   215015.093
  1720:   215315.902   216815.910   216817.613   218767.623   218768.813
  1725:   219178.133   219215.133   219254.133   219295.133   219335.133
  1730:   219374.133   219413.133   219451.133   219487.133   219515.133
  1735:   219556.133   219594.133   219629.133   219665.133   219695.133
  1740:   219736.133   219769.133   219805.133   219842.133   219881.133
  1745:   219915.133   219956.133   220027.133   220057.133   220093.133
  1750:   220133.133   220168.133   220201.133   220235.133   220272.133
  1755:   220308.133   220344.133   220378.133   220417.133   220457.133
  1760:   220492.133   220527.133   220564.133   220598.133   220631.133
  1765:   220666.133   220699.133   220738.133   220773.133   220810.133
  1770:   220844.133   220882.133   220916.133   220949.133   220991.133
  1775:   221027.133   221056.133   221095.133   221129.133   221169.133
  1780:   221199.133   221235.133   221275.133   221316.133   221352.133
  1785:   221388.133   221427.133   221461.133   221500.133   221540.133
  1790:   221575.133   221632.133   221668.133   221704.133   221742.133
  1795:   221779.133   221816.133   221852.133   221893.133   221972.133
  1800:   222005.133   222044.133   222128.133   222162.133   222202.133
  1805:   222258.133   222417.133   222427.133   222475.133   222617.133
  1810:   222652.133   222902.133   222968.823   222968.920   224468.910
  1815:   224470.611   225470.621   225471.711   227410.721   227410.920
  1820:   227410.901   227410.091   227710.902   229210.910   229212.611
  1825:   230212.621   230213.711   230497.121   230542.121   230580.121
  1830:   230611.121   230647.121   230683.121   230719.121   230757.121
  1835:   230766.121   230792.121   230832.121   230873.121   230902.121
  1840:   230940.121   230978.121   231017.121   231058.121   231091.121
  1845:   231133.121   231164.121   231198.121   231232.721   231232.920
  1850:   231232.901   231232.091   231532.902   233032.910   233034.612
  1855:   234434.622   234435.712   234572.122   234612.122   234649.122
  1860:   234693.122   234731.122   234771.122   234836.122   234872.122
  1865:   234901.122   234935.122   234970.122   235013.122   235046.122
  1870:   235082.122   235112.122   235153.122   235191.122   235224.122
  1875:   235259.122   235300.122   235332.122   235370.122   235409.122
  1880:   235443.122   235481.122   235516.122   235559.122   235591.122
  1885:   235623.122   235668.122   235700.122   235738.122   235774.122
  1890:   235807.122   235829.122   235865.722   235865.920   235865.901
  1895:   235865.092   236165.902   237665.910   237667.611   238667.621
  1900:   238668.711   238911.121   238949.121   238991.121   239027.121
  1905:   239065.121   239102.121   239143.121   239183.121   239225.121
  1910:   239258.121   239302.121   239333.121   239373.121   239406.121
  1915:   239446.121   239559.121   239592.121   239625.121   239666.121
  1920:   239707.721   239707.920   239707.901   239707.091   240007.902
  1925:   241507.910   241509.613   243459.623   243460.713   243598.123
  1930:   243647.123   243684.123   243726.123   243765.123   243805.123
  1935:   243843.123   243874.123   243909.123   243945.123   243980.123
  1940:   244016.123   244053.123   244090.123   244119.123   244159.123
  1945:   244200.123   244231.123   244266.123   244298.123   244336.123
  1950:   244366.123   244404.123   244438.123   244510.123   244542.123
  1955:   244576.123   244615.123   244647.123   244704.123   244742.123
  1960:   244774.123   244796.123   244836.123   244872.123   244904.123
  1965:   244935.123   244996.123   245016.123   245053.123   245087.123
  1970:   245121.123   245155.123   245190.123   245226.123   245261.123
  1975:   245300.123   245335.123   245369.123   245402.123   245444.723
  1980:   245444.920   245444.901   245444.093   245744.902   247244.910
  1985:   247246.612   248646.622   248647.812   248845.132   248880.132
  1990:   248913.132   248947.132   248981.132   249013.132   249044.132
  1995:   249078.132   249111.132   249150.132   249184.132   249223.132
  2000:   249264.132   249295.132   249328.132   249363.132   249394.132
  2005:   249430.132   249468.132   249500.132   249537.132   249578.132
  2010:   249611.132   249645.132   249681.132   249713.132   249749.132
  2015:   249780.132   249813.132   249835.132   249875.132   249912.132
  2020:   249944.132   249977.132   250015.132   250055.132   250093.132
  2025:   250133.132   250166.132   250198.132   250235.132   250267.132
  2030:   250311.132   250369.132   250410.132   250445.132   250473.132
  2035:   250516.132   250554.132   250588.132   250620.132   250656.132
  2040:   250689.132   250732.132   250770.132   250802.132   250835.132
  2045:   250877.132   250914.132   250999.132   251039.132   251082.132
  2050:   251124.132   251170.132   251216.132   251293.132   251343.132
  2055:   251437.132   251473.132   251532.132   251568.132   251693.132
  2060:   251753.132   251908.132   252026.132   252175.132   252247.822
  2065:   252247.920   253747.910   253749.611   254749.621   254750.711
  2070:   258427.721   258427.920   258427.901   258427.091   258727.902
  2075:   260227.910   260229.612   261629.622   261630.712   261795.122
  2080:   261841.122   261880.122   261927.122   261972.122   262004.122
  2085:   262042.122   262081.122   262120.122   262155.122   262191.122
  2090:   262230.122   262266.122   262304.122   262336.122   262371.122
  2095:   262402.122   262437.122   262467.122   262502.122   262538.122
  2100:   262575.122   262611.122   262642.122   262680.122   262719.122
  2105:   262750.122   262788.122   262829.122   262864.122   262902.122
  2110:   262935.122   262968.122   263006.122   263038.722   263038.920
  2115:   263038.901   263038.092   263338.902   264838.910   264840.615
  2120:   268690.625   268691.715   269614.125   269743.125   269788.125
  2125:   269828.125   269871.125   269909.125   269944.125   269987.125
  2130:   270021.125   270053.125   270099.125   270173.125   270212.125
  2135:   270247.125   270289.125   270320.125   270357.125   270390.125
  2140:   270421.125   270453.125   270489.125   270523.125   270555.125
  2145:   270587.125   270625.125   270660.125   270688.125   270720.125
  2150:   270753.125   270787.125   270820.125   270855.125   270891.125
  2155:   270923.125   270956.125   270990.125   271028.125   271058.125
  2160:   271095.125   271126.125   271164.125   271196.125   271226.125
  2165:   271259.125   271295.125   271327.125   271365.125   271398.125
  2170:   271433.125   271468.125   271500.125   271535.125   271570.125
  2175:   271603.125   271642.125   271673.125   271709.125   271745.125
  2180:   271779.125   271813.125   271852.125   271884.125   271936.125
  2185:   271975.125   272007.125   272052.125   272085.125   272127.125
  2190:   272161.125   272203.125   272238.125   272270.125   272315.125
  2195:   272349.125   272381.125   272418.125   272450.125   272492.125
  2200:   272526.125   272559.725   272559.920   272559.901   272559.095
  2205:   272859.902   274359.910   274361.612   275761.622   275762.712
  2210:   275884.122   275923.122   275963.122   276001.122   276038.122
  2215:   276073.122   276112.122   276152.122   276194.122   276230.122
  2220:   276266.122   276302.122   276337.122   276369.122   276412.122
  2225:   276443.122   276478.122   276509.122   276548.122   276578.122
  2230:   276617.122   276649.122   276683.122   276713.122   276767.122
  2235:   276801.122   276840.122   276871.122   276907.122   276947.122
  2240:   276977.122   277013.122   277045.122   277072.122   277105.122
  2245:   277122.122   277160.122   277199.722   277199.920   277199.901
  2250:   277199.092   277499.902   278999.910   279001.614   281751.624
  2255:   281752.714   282020.124   282065.124   282100.124   282146.124
  2260:   282178.124   282220.124   282456.124   282489.124   282526.124
  2265:   282600.124   282634.124   282670.124   282698.124   282734.124
  2270:   282771.124   282809.124   282844.124   282878.124   282914.124
  2275:   282948.124   282997.124   283035.124   283067.124   283125.124
  2280:   283173.124   283211.124   283249.124   283287.124   283318.124
  2285:   283343.124   283373.124   283400.124   283430.124   283460.124
  2290:   283495.124   283534.124   283566.124   283615.124   283654.124
  2295:   283688.124   283724.124   283755.124   283793.124   283836.124
  2300:   283868.124   283904.124   283941.124   283972.124   284010.124
  2305:   284050.124   284083.124   284121.124   284157.124   284191.124
  2310:   284227.124   284262.124   284302.124   284337.124   284376.124
  2315:   284411.124   284446.124   284486.124   284525.724   284525.920
  2320:   284525.901   284525.094   284825.902   286325.910   286327.614
  2325:   289077.624   289078.714   289707.124   289752.124   289801.124
  2330:   289839.124   289880.124   289921.124   290069.124   290109.124
  2335:   290146.124   290181.124   290218.124   290247.124   290287.124
  2340:   290319.124   290352.124   290387.124   290424.124   290454.124
  2345:   290486.124   290522.124   290558.124   290594.124   290624.124
  2350:   290659.124   290692.124   290724.124   290764.124   290795.124
  2355:   290827.124   290862.124   290897.124   290931.124   290966.124
  2360:   290997.124   291031.124   291069.124   291102.124   291135.124
  2365:   291179.124   291214.124   291246.124   291283.124   291319.124
  2370:   291351.124   291387.124   291418.124   291455.124   291490.124
  2375:   291521.124   291558.124   291591.124   291624.124   291656.124
  2380:   291689.124   291731.124   291765.124   291801.124   291832.724
  2385:   291832.920   291832.901   291832.094   292132.902   293632.910
  2390:   293634.614   296384.624   296385.714   296606.124   296648.124
  2395:   297015.124   297057.124   297269.124   297303.124   297336.124
  2400:   297375.124   297406.124   297441.124   297474.124   297509.124
  2405:   297540.124   297572.124   297606.124   297638.124   297671.124
  2410:   297709.124   297747.124   297781.124   297814.124   297850.124
  2415:   297874.124   297911.124   297943.124   297979.124   298021.124
  2420:   298056.124   298090.124   298126.124   298161.124   298199.124
  2425:   298240.124   298274.124   298308.124   298342.124   298377.124
  2430:   298408.124   298441.124   298476.124   298509.124   298538.124
  2435:   298583.124   298617.124   298650.124   298687.124   298719.124
  2440:   298753.124   298794.124   298829.124   298868.124   298905.124
  2445:   298940.124   299010.124   299044.124   299077.124   299111.124
  2450:   299146.724   299146.920   299146.901   299146.094   299446.902
  2455:   300946.910   300948.612   302348.622   302349.712   302569.122
  2460:   302609.122   302638.122   302675.122   302712.122   302745.122
  2465:   302781.122   302816.122   302851.122   302889.122   302920.122
  2470:   302959.122   302995.122   303033.122   303067.122   303110.122
  2475:   303143.122   303185.122   303216.122   303255.122   303286.122
  2480:   303324.122   303356.122   303395.122   303430.122   303467.122
  2485:   303498.122   303538.122   303571.122   303610.122   303643.122
  2490:   303680.122   303713.122   303752.722   303752.920   303752.901
  2495:   303752.092   304052.902   305552.910   305554.611   306554.621
  2500:   306555.711   306680.121   306725.121   306763.121   306802.121
  2505:   306841.121   306870.121   306909.121   306941.121   306983.121
  2510:   307018.121   307055.121   307097.121   307128.121   307174.121
  2515:   307205.121   307245.121   307284.121   307315.121   307359.121
  2520:   307390.121   307426.121   307459.121   307491.121   307532.121
  2525:   307565.721   307565.920   307565.901   307565.091   307865.902
  2530:   309365.910   309367.613   311317.623   311318.713   311572.123
  2535:   311614.123   311646.123   311685.123   311723.123   311760.123
  2540:   311795.123   311832.123   311875.123   311906.123   311947.123
  2545:   311980.123   312019.123   312052.123   312084.123   312120.123
  2550:   312154.123   312199.123   312235.123   312265.123   312300.123
  2555:   312334.123   312370.123   312405.123   312439.123   312475.123
  2560:   312506.123   312545.123   312577.123   312617.123   312648.123
  2565:   312686.123   312722.123   312753.123   312792.123   312822.123
  2570:   312863.123   312895.123   312932.123   312965.123   312999.123
  2575:   313033.123   313065.123   313104.123   313135.123   313172.123
  2580:   313205.123   313240.123   313278.723   313278.920   313278.901
  2585:   313278.093   313578.902   315078.910   315080.615   318930.625
  2590:   318931.715   319537.125   319574.125   319694.125   319741.125
  2595:   319780.125   319820.125   319868.125   319946.125   319981.125
  2600:   320022.125   320059.125   320098.125   320139.125   320170.125
  2605:   320205.125   320243.125   320275.125   320311.125   320349.125
  2610:   320389.125   320475.125   320504.125   320543.125   320578.125
  2615:   320609.125   320637.125   320674.125   320703.125   320738.125
  2620:   320776.125   320805.125   320832.125   320870.125   320904.125
  2625:   320935.125   320965.125   321000.125   321033.125   321064.125
  2630:   321097.125   321119.125   321155.125   321197.125   321229.125
  2635:   321253.125   321293.125   321327.125   321384.125   321417.125
  2640:   321451.125   321484.125   321521.125   321554.125   321588.125
  2645:   321623.125   321659.125   321694.125   321729.125   321764.125
  2650:   321796.125   321832.125   321865.125   321902.125   321935.125
  2655:   321974.125   322006.125   322040.125   322073.125   322110.125
  2660:   322142.125   322178.125   322210.125   322247.125   322282.125
  2665:   322317.125   322350.125   322384.125   322417.125   322453.125
  2670:   322486.125   322523.125   322555.125   322593.125   322628.125
  2675:   322663.125   322696.125   322731.125   322764.125   322800.725
  2680:   322800.920   322800.901   322800.095   323100.902   324600.910
  2685:   324602.615   328452.625   328453.715   329458.125   329503.125
  2690:   329808.125   329844.125   329886.125   329946.125   329984.125
  2695:   330114.125   330157.125   330203.125   330373.125   330409.125
  2700:   330442.125   330475.125   330515.125   330554.125   330595.125
  2705:   330638.125   330673.125   330708.125   330743.125   330781.125
  2710:   330817.125   330845.125   330879.125   330911.125   330943.125
  2715:   330976.125   331008.125   331034.125   331071.125   331102.125
  2720:   331139.125   331175.125   331221.125   331253.125   331286.125
  2725:   331322.125   331353.125   331392.125   331424.125   331458.125
  2730:   331492.125   331528.125   331560.125   331596.125   331633.125
  2735:   331669.125   331701.125   331734.125   331773.125   331807.125
  2740:   331842.125   331875.125   331909.125   331941.125   331981.125
  2745:   332017.125   332044.125   332087.125   332125.125   332162.125
  2750:   332196.125   332230.125   332262.125   332298.125   332332.725
  2755:   332332.920   332332.901   332332.095   332632.902   334132.910
  2760:   334134.611   335134.621   335135.811   335306.131   335343.131
  2765:   335382.131   335412.131   335451.131   335480.131   335516.131
  2770:   335546.131   335581.131   335612.131   335653.131   335687.131
  2775:   335725.131   335764.131   335794.131   335834.131   335867.131
  2780:   335905.131   335934.131   335973.131   336004.131   336046.131
  2785:   336079.131   336118.131   336148.131   336190.131   336221.131
  2790:   336261.131   336296.131   336335.131   336369.131   336406.131
  2795:   336439.131   336477.131   336512.131   336549.131   336582.131
  2800:   336617.131   336651.131   336687.131   336721.131   336759.131
  2805:   336791.131   336830.131   336866.131   336907.131   336941.131
  2810:   336983.131   337019.131   337055.131   337087.131   337127.131
  2815:   337162.131   337217.131   337255.131   337291.131   337325.131
  2820:   337362.131   337447.131   337488.131   337596.131   337636.131
  2825:   337755.131   337804.131   337885.131   338064.131   338202.131
  2830:   338213.131   338301.131   338335.821   338335.920   339835.910
  2835:   339837.612   341237.622   341238.812   344838.822   344838.920
  2840:   346338.910   346340.612   347740.622   347741.812   351341.822
  2845:   351341.920   352841.910   352843.614   355593.624   355594.714
  2850:   361421.724   361421.920   361421.901   361421.094   361721.902
  2855:   363221.910   363223.611   364223.621   364224.711   364429.121
  2860:   364474.121   364504.121   364547.121   364589.121   364624.121
  2865:   364665.121   364696.121   364736.121   364769.121   364804.121
  2870:   364836.121   364871.121   364903.121   364940.121   364971.121
  2875:   365003.121   365042.121   365073.121   365115.121   365155.121
  2880:   365189.121   365220.121   365255.721   365255.920   365255.901
  2885:   365255.091   365555.902   367055.910   367057.615   370907.625
  2890:   370908.815   371462.135   371533.135   371616.135   371653.135
  2895:   371687.135   371731.135   371766.135   371800.135   371830.135
  2900:   371872.135   371905.135   371941.135   371975.135   372012.135
  2905:   372048.135   372080.135   372121.135   372158.135   372198.135
  2910:   372230.135   372266.135   372310.135   372350.135   372384.135
  2915:   372411.135   372449.135   372481.135   372540.135   372580.135
  2920:   372614.135   372649.135   372684.135   372721.135   372780.135
  2925:   372814.135   372866.135   372921.135   372959.135   372998.135
  2930:   373038.135   373074.135   373109.135   373153.135   373243.135
  2935:   373278.135   373318.135   373354.135   373385.135   373426.135
  2940:   373442.135   373511.135   373551.135   373584.135   373620.135
  2945:   373637.135   373759.135   373829.135   373876.135   373909.135
  2950:   373993.135   374009.135   374122.135   374165.135   374198.135
  2955:   374312.135   374468.135   374571.135   374581.135   374713.135
  2960:   374821.135   374832.135   374921.135   374932.135   375070.135
  2965:   378608.825   378608.920   380108.910   380110.613   382060.623
  2970:   382061.713   399966.723   399966.920   399966.901   399966.093
  2975:   400266.902   401766.910   401768.611   402768.621   402769.811
  2980:   402961.131   403007.131   403045.131   403078.131   403114.131
  2985:   403150.131   403179.131   403218.131   403253.131   403286.131
  2990:   403318.131   403357.131   403387.131   403422.131   403460.131
  2995:   403490.131   403530.131   403563.131   403600.131   403637.131
  3000:   403668.131   403714.131   403748.131   403782.131   403820.131
  3005:   403854.131   403890.131   403936.131   403969.131   404007.131
  3010:   404041.131   404074.131   404122.131   404157.131   404180.131
  3015:   404218.131   404254.131   404293.131   404328.131   404362.131
  3020:   404401.131   404435.131   404470.131   404521.131   404595.131
  3025:   404638.131   404678.131   404719.131   404799.131   404838.131
  3030:   404978.131   405127.131   405136.131   405185.131   405308.131
  3035:   405317.131   405463.131   405577.131   405678.131   405796.131
  3040:   405930.131   405942.131   405969.821   405969.920   407469.910
  3045:   407471.612   408871.622   408872.712   412216.722   412216.920
  3050:   412216.901   412216.092   412516.902   414016.910   414018.614
  3055:   416768.624   416769.814   422269.824   422269.920   423769.910
  3060:   423771.613   425721.623   425722.813   429922.823   429922.920
  3065:   431422.910   431424.615   435274.625   435275.715   438422.125
  3070:   438449.125   438459.125   438500.125   438516.125   438563.125
  3075:   438579.125   438636.125   438736.125   439014.125   439095.125
  3080:   439528.725   439528.920   439528.901   439528.095   439828.902
  3085:   441328.910   441330.615   445180.625   445181.715   487240.725
  3090:   487240.920   487240.901   487240.095   487540.902   489040.910
  3095:   489042.612   490442.622   490443.712   491460.122   491633.122
  3100:   491644.122   491720.122   491823.122   491918.722   491918.920
  3105:   491918.901   491918.092   492218.902   493718.910   493720.613
  3110:   495670.623   495671.713   495897.123   495939.123   495972.123
  3115:   496012.123   496084.123   496112.123   496159.123   496322.123
  3120:   496357.123   496394.123   496429.123   496459.123   496526.123
  3125:   496564.123   496597.123   496803.123   496832.123   496864.123
  3130:   496902.123   496942.123   496980.123   497019.123   497051.123
  3135:   497086.123   497121.123   497171.123   497206.123   497349.123
  3140:   497380.123   497407.123   497441.123   497471.123   497501.123
  3145:   497537.123   497565.123   497602.123   497631.723   497631.920
  3150:   497631.901   497631.093   497931.902   499431.910   499433.613
  3155:   501383.623   501384.713   501899.123   501937.123   502155.123
  3160:   502190.123   502217.123   502250.123   502279.123   502307.123
  3165:   502340.123   502374.123   502401.123   502435.123   502463.123
  3170:   502496.123   502523.123   502558.123   502591.123   502618.123
  3175:   502653.123   502687.123   502717.123   502781.123   502809.123
  3180:   502841.123   502869.123   502904.123   502965.123   503001.123
  3185:   503031.123   503065.123   503094.123   503129.123   503160.123
  3190:   503197.123   503227.123   503257.123   503290.123   503351.723
  3195:   503351.920   503351.901   503351.093   503651.902   505151.910
  3200:   505153.613   507103.623   507104.713   507654.123   507690.123
  3205:   507753.123   507783.123   507819.123   507855.123   507918.123
  3210:   507948.123   507983.123   508014.123   508051.123   508085.123
  3215:   508117.123   508148.123   508181.123   508208.123   508244.123
  3220:   508276.123   508307.123   508337.123   508371.123   508399.123
  3225:   508431.123   508478.123   508508.123   508535.123   508570.123
  3230:   508604.123   508666.123   508700.123   508760.123   508791.123
  3235:   508820.123   508851.123   508877.123   508908.123   508941.123
  3240:   508969.123   508999.123   509031.123   509061.723   509061.920
  3245:   509061.901   509061.093   509361.902   510861.910   510863.612
  3250:   512263.622   512264.712   512498.122   512559.122   512592.122
  3255:   512664.122   512697.122   512728.122   512798.122   512830.122
  3260:   512865.122   512898.122   512930.122   512963.122   512993.122
  3265:   513030.122   513092.122   513121.122   513154.122   513183.122
  3270:   513215.122   513254.122   513284.122   513317.122   513346.122
  3275:   513381.122   513410.122   513441.122   513500.122   513533.122
  3280:   513564.122   513591.122   513628.122   513657.122   513690.722
  3285:   513690.920   513690.901   513690.092   513990.902   515490.910
  3290:   515492.614   518242.624   518243.714   519065.124   519103.124
  3295:   519139.124   519173.124   519209.124   519244.124   519271.124
  3300:   519336.124   519391.124   519421.124   519454.124   519491.124
  3305:   519523.124   519560.124   519587.124   519620.124   519657.124
  3310:   519687.124   519718.124   519755.124   519784.124   519820.124
  3315:   519851.124   519884.124   519914.124   519953.124   519983.124
  3320:   520015.124   520078.124   520112.124   520178.124   520211.124
  3325:   520273.124   520312.124   520340.124   520376.124   520407.124
  3330:   520439.124   520479.124   520509.124   520542.124   520606.124
  3335:   520626.124   520659.124   520688.124   520721.124   520760.124
  3340:   520791.124   520826.124   520856.124   520891.124   520923.124
  3345:   520960.124   520991.124   521024.724   521024.920   521024.901
  3350:   521024.094   521324.902   522824.910   522826.611   523826.621
  3355:   523827.711   523952.121   523991.121   524028.121   524056.121
  3360:   524089.121   524128.121   524160.121   524197.121   524227.121
  3365:   524259.121   524292.121   524323.121   524354.121   524389.121
  3370:   524454.121   524480.121   524511.121   524539.121   524570.121
  3375:   524608.121   524638.121   524666.121   524699.121   524733.121
  3380:   524761.121   524798.121   524828.721   524828.920   524828.901
  3385:   524828.091   525128.902   526628.910   526630.613   528580.623
  3390:   528581.713   528673.123   528703.123   528737.123   528773.123
  3395:   528805.123   528838.123   528889.123   528954.123   528987.123
  3400:   529017.123   529046.123   529080.123   529118.123   529170.123
  3405:   529204.123   529233.123   529262.123   529289.123   529323.123
  3410:   529354.123   529383.123   529416.123   529442.123   529477.123
  3415:   529505.123   529540.123   529567.123   529609.123   529638.123
  3420:   529695.123   529722.123   529757.123   529789.123   529823.123
  3425:   529852.123   529890.123   529919.123   529961.123   529991.123
  3430:   530027.123   530056.123   530094.123   530122.123   530160.123
  3435:   530188.123   530218.123   530255.123   530287.123   530328.123
  3440:   530356.123   530390.123   530410.123   530505.123   530534.723
  3445:   530534.920   530534.901   530534.093   530834.902   532334.910
  3450:   532336.613   534286.623   534287.713   535911.123   535950.123
  3455:   535990.123   536035.123   536072.123   536107.123   536150.123
  3460:   536192.123   536273.723   536273.920   536273.901   536273.093
  3465:   536573.902   538073.910   538075.615   541925.625   541926.815
  3470:   542494.135   542525.135   542554.135   542587.135   542615.135
  3475:   542643.135   542680.135   542710.135   542746.135   542782.135
  3480:   542809.135   542866.135   542899.135   542930.135   542966.135
  3485:   542998.135   543030.135   543058.135   543087.135   543117.135
  3490:   543146.135   543179.135   543208.135   543238.135   543266.135
  3495:   543294.135   543325.135   543358.135   543387.135   543420.135
  3500:   543455.135   543484.135   543544.135   543573.135   543607.135
  3505:   543664.135   543702.135   543731.135   543759.135   543800.135
  3510:   543830.135   543848.135   543886.135   543914.135   543947.135
  3515:   543976.135   544005.135   544041.135   544072.135   544104.135
  3520:   544132.135   544162.135   544197.135   544224.135   544257.135
  3525:   544289.135   544319.135   544350.135   544379.135   544411.135
  3530:   544448.135   544478.135   544509.135   544540.135   544574.135
  3535:   544609.135   544640.135   544670.135   544707.135   544738.135
  3540:   544766.135   544802.135   544833.135   544868.135   544899.135
  3545:   544930.135   544961.135   545021.135   545051.135   545082.135
  3550:   545113.135   545142.135   545173.135   545201.135   545237.135
  3555:   545268.135   545301.135   545334.135   545363.135   545395.135
  3560:   545425.135   545442.135   545478.135   545509.135   545544.135
  3565:   545573.135   545606.135   545637.135   545670.135   545704.135
  3570:   545737.135   545767.135   545826.135   545855.135   545888.135
  3575:   545920.135   545949.135   546016.135   546046.135   546077.135
  3580:   546111.135   546141.135   546176.135   546207.135   546241.135
  3585:   546302.135   546341.135   546375.135   546409.135   546444.135
  3590:   546472.135   546504.135   546564.135   546598.135   546648.135
  3595:   546691.135   546723.135   546732.135   546817.135   546918.135
  3600:   547057.135   547107.135   547265.135   547295.135   549626.825
  3605:   549626.920   551126.910   551128.613   553078.623   553079.713
  3610:   556181.723   556181.920   556181.901   556181.093   556481.902
  3615:   557981.910   557983.614   560733.624   560734.714   561801.124
  3620:   561835.124   561870.124   561901.124   561933.124   561964.124
  3625:   562002.124   562035.124   562069.124   562126.124   562164.124
  3630:   562194.124   562230.124   562262.124   562299.124   562362.124
  3635:   562395.124   562423.124   562457.124   562495.124   562523.124
  3640:   562579.124   562611.124   562641.124   562680.124   562717.124
  3645:   562748.124   562800.124   562835.124   562857.124   562891.124
  3650:   562925.124   562954.124   562992.124   563023.124   563061.124
  3655:   563090.124   563169.124   563197.124   563238.124   563269.124
  3660:   563296.124   563335.124   563371.124   563405.124   563437.124
  3665:   563473.124   563503.724   563503.920   563503.901   563503.094
  3670:   563803.902   565303.910   565305.614   568055.624   568056.714
  3675:   568276.124   568312.124   568382.124   568447.124   568485.124
  3680:   568525.124   568563.124   568597.124   568627.124   568660.124
  3685:   568716.124   568744.124   568776.124   568806.124   568834.124
  3690:   568866.124   568900.124   568927.124   568956.124   568990.124
  3695:   569054.124   569084.124   569115.124   569159.124   569220.124
  3700:   569251.124   569283.124   569312.124   569347.124   569382.124
  3705:   569475.124   569511.124   569538.124   569607.124   569636.124
  3710:   569673.124   569702.124   569737.124   569787.124   569821.124
  3715:   569849.124   569881.124   569911.124   569940.124   569977.124
  3720:   570006.124   570041.124   570070.124   570099.124   570133.124
  3725:   570162.124   570198.124   570225.124   570254.124   570289.124
  3730:   570319.124   570348.124   570382.124   570411.124   570442.124
  3735:   570475.124   570505.124   570539.124   570572.124   570604.124
  3740:   570639.124   570670.124   570738.124   570800.124   570831.724
  3745:   570831.920   570831.901   570831.094   571131.902   572631.910
  3750:   572633.613   574583.623   574584.813   574697.133   574734.133
  3755:   574770.133   574798.133   574833.133   574864.133   574898.133
  3760:   575006.133   575154.133   575184.133   575219.133   575253.133
  3765:   575286.133   575354.133   575385.133   575417.133   575445.133
  3770:   575477.133   575508.133   575536.133   575566.133   575599.133
  3775:   575630.133   575659.133   575695.133   575739.133   575772.133
  3780:   575802.133   575833.133   575866.133   575902.133   575930.133
  3785:   575963.133   575997.133   576027.133   576063.133   576091.133
  3790:   576124.133   576157.133   576219.133   576248.133   576299.133
  3795:   576336.133   576367.133   576400.133   576449.133   576484.133
  3800:   576516.133   576550.133   576581.133   576610.133   576662.133
  3805:   576691.133   576744.133   576775.133   576837.133   576865.133
  3810:   576904.133   576934.133   576966.133   576999.133   577035.133
  3815:   577073.133   577103.133   577152.133   577184.133   577211.133
  3820:   577242.133   577273.133   577307.133   577336.133   577370.133
  3825:   577403.133   577433.133   577471.133   577500.133   577523.133
  3830:   577561.133   577591.133   577627.133   577661.133   577690.133
  3835:   577755.133   577788.133   577850.133   577885.133   577916.133
  3840:   577948.133   577979.133   578011.133   578043.133   578074.133
  3845:   578109.133   578141.133   578178.133   578214.133   578248.133
  3850:   578281.133   578321.133   578355.133   578386.133   578509.133
  3855:   578584.133   578657.133   578690.133   578784.823   578784.920
  3860:   580284.910   580286.612   581686.622   581687.712   582760.122
  3865:   582805.122   582880.122   582912.122   582977.122   583013.122
  3870:   583044.122   583078.122   583111.722   583111.920   583111.901
  3875:   583111.092   583411.902   584911.910   584913.615   588763.625
  3880:   588764.715   590446.125   590556.125   590696.125   590726.125
  3885:   590764.125   590987.125   591114.125   591125.125   591237.125
  3890:   591532.125   591599.125   591631.125   591666.125   591700.125
  3895:   591735.125   591768.125   591799.125   591834.125   591855.125
  3900:   591885.125   591916.125   591950.125   591983.125   592013.125
  3905:   592049.125   592085.125   592118.125   592148.125   592188.125
  3910:   592226.125   592259.125   592297.125   592328.125   592366.125
  3915:   592398.125   592461.125   592495.125   592731.725   592731.920
  3920:   592731.901   592731.095   593031.902   594531.910   594533.611
  3925:   595533.621   595534.711   595680.121   595715.121   595743.121
  3930:   595783.121   595814.121   595849.121   595883.121   595917.121
  3935:   595954.121   595985.121   596013.121   596047.121   596081.121
  3940:   596110.121   596144.121   596180.121   596208.121   596240.121
  3945:   596276.121   596303.121   596339.121   596368.121   596433.121
  3950:   596468.121   596532.121   596562.721   596562.920   596562.901
  3955:   596562.091   596862.902   598362.910   598364.613   600314.623
  3960:   600315.813   600436.133   600471.133   600541.133   600572.133
  3965:   600600.133   600651.133   600682.133   600711.133   600745.133
  3970:   600776.133   600840.133   600872.133   600901.133   600932.133
  3975:   600963.133   601024.133   601057.133   601086.133   601147.133
  3980:   601209.133   601240.133   601270.133   601302.133   601330.133
  3985:   601364.133   601398.133   601431.133   601460.133   601489.133
  3990:   601554.133   601583.133   601617.133   601647.133   601661.133
  3995:   601697.133   601735.133   601765.133   601797.133   601824.133
  4000:   601861.133   601907.133   601937.133   601967.133   601996.133
  4005:   602025.133   602060.133   602088.133   602119.133   602148.133
  4010:   602181.133   602212.133   602242.133   602300.133   602333.133
  4015:   602367.133   602398.133   602433.133   602464.133   602496.133
  4020:   602529.133   602562.133   602597.133   602633.133   602668.133
  4025:   602702.133   602776.133   602808.133   602842.133   602934.133
  4030:   602966.133   603039.133   603074.133   603185.133   603288.133
  4035:   603296.133   603418.133   603542.133   603577.133   603618.133
  4040:   604515.823   604515.920   606015.910   606017.612   607417.622
  4045:   607418.712   607850.122   607880.122   607917.122   607956.122
  4050:   607987.122   608020.122   608056.122   608086.122   608120.122
  4055:   608152.122   608177.122   608206.122   608241.122   608269.122
  4060:   608291.122   608331.122   608411.122   608441.122   608466.122
  4065:   608499.122   608545.122   608580.122   608607.122   608662.122
  4070:   608694.122   608723.122   608747.122   608779.122   608808.122
  4075:   608838.722   608838.920   608838.901   608838.092   609138.902
  4080:   610638.910   610640.612   612040.622   612041.712   612149.122
  4085:   612189.122   612223.122   612256.122   612329.122   612403.122
  4090:   612430.122   612463.122   612498.122   612526.122   612564.122
  4095:   612593.122   612624.122   612656.122   612690.122   612722.122
  4100:   612753.122   612790.122   612823.122   612850.122   612887.122
  4105:   612920.122   612949.122   612983.122   613020.122   613048.122
  4110:   613085.122   613117.122   613148.122   613177.122   613211.122
  4115:   613244.122   613274.122   613310.122   613341.122   613379.122
  4120:   613408.122   613458.722   613458.920   613458.901   613458.092
  4125:   613758.902   615258.910   615260.615   619110.625   619111.715
  4130:   621091.125   621128.125   621162.125   621198.125   621230.125
  4135:   621261.125   621329.125   621356.125   621389.125   621423.125
  4140:   621454.125   621520.125   621550.125   621581.125   621608.125
  4145:   621639.125   621674.125   621704.125   621738.125   621766.125
  4150:   621799.125   621832.125   621859.125   621890.125   621924.125
  4155:   621954.125   621986.125   622062.125   622097.125   622125.125
  4160:   622154.125   622188.125   622217.125   622274.125   622305.125
  4165:   622333.125   622361.125   622396.125   622424.125   622473.125
  4170:   622502.125   622536.125   622564.125   622597.125   622627.125
  4175:   622656.125   622686.125   622716.125   622751.125   622783.125
  4180:   622813.125   622850.125   622912.125   622946.125   622975.725
  4185:   622975.920   622975.901   622975.095   623275.902   624775.910
  4190:   624777.615   628627.625   628628.715   629376.125   629531.125
  4195:   629561.125   629596.125   629716.125   629749.125   629923.125
  4200:   629955.125   630028.125   630060.125   630099.125   630132.125
  4205:   630166.125   630195.125   630226.125   630257.125   630314.125
  4210:   630373.125   630401.125   630430.125   630464.125   630489.125
  4215:   630520.125   630547.125   630581.125   630635.125   630667.125
  4220:   630720.125   630755.125   630815.125   630847.125   630873.125
  4225:   630936.125   630962.125   630999.125   631026.125   631058.125
  4230:   631090.125   631116.125   631198.125   631226.125   631254.125
  4235:   631290.125   631321.125   631353.125   631381.125   631410.125
  4240:   631469.125   631504.125   631553.125   631585.125   631614.125
  4245:   631670.125   631733.125   631766.125   631795.125   631824.125
  4250:   631853.125   631913.125   631943.125   632001.125   632034.125
  4255:   632071.125   632101.125   632169.125   632197.125   632210.125
  4260:   632246.125   632277.125   632308.125   632340.125   632371.125
  4265:   632421.125   632447.125   632480.725   632480.920   632480.901
  4270:   632480.095   632780.902   634280.910   634282.614   637032.624
  4275:   637033.714   638329.124   638404.124   638436.124   638473.124
  4280:   638507.124   638535.124   638573.124   638605.124   638638.124
  4285:   638669.124   638709.124   638739.124   638767.124   638808.124
  4290:   638838.124   638878.124   638908.124   638940.124   638980.124
  4295:   639040.124   639107.124   639139.124   639170.124   639204.124
  4300:   639236.124   639316.124   639347.124   639375.124   639407.124
  4305:   639438.124   639468.124   639499.124   639531.124   639590.124
  4310:   639622.124   639652.124   639681.124   639740.124   639769.124
  4315:   639805.724   639805.920   639805.901   639805.094   640105.902
  4320:   641605.910   641607.615   645457.625   645458.715   646824.125
  4325:   646862.125   646897.125   646934.125   646963.125   646999.125
  4330:   647038.125   647071.125   647152.125   647189.125   647224.125
  4335:   647255.125   647287.125   647324.125   647356.125   647387.125
  4340:   647422.125   647457.125   647518.125   647582.125   647611.125
  4345:   647644.125   647675.125   647704.125   647737.125   647764.125
  4350:   647795.125   647828.125   647864.125   647894.125   647960.125
  4355:   647988.125   648020.125   648048.125   648077.125   648109.125
  4360:   648137.125   648169.125   648204.125   648233.125   648268.125
  4365:   648330.125   648361.125   648393.125   648425.125   648463.125
  4370:   648492.125   648523.125   648555.125   648585.125   648617.125
  4375:   648649.125   648679.125   648711.125   648749.125   648780.125
  4380:   648815.125   648844.125   648878.125   648913.125   648947.125
  4385:   648979.125   649010.125   649044.125   649077.125   649139.125
  4390:   649167.125   649204.125   649234.125   649269.125   649333.725
  4395:   649333.920   649333.901   649333.095   649633.902   651133.910
  4400:   651135.611   652135.621   652136.711   652262.121   652301.121
  4405:   652339.121   652376.121   652410.121   652446.121   652481.121
  4410:   652515.121   652550.121   652581.121   652615.121   652650.121
  4415:   652686.121   652730.121   652766.121   652804.121   652842.121
  4420:   652879.121   652917.121   652948.121   652981.121   653014.121
  4425:   653046.121   653080.121   653117.121   653147.721   653147.920
  4430:   653147.901   653147.091   653447.902   654947.910   654949.611
  4435:   655949.621   655950.711   656104.121   656148.121   656194.121
  4440:   656226.121   656262.121   656301.121   656337.121   656375.121
  4445:   656405.121   656440.121   656473.121   656506.121   656542.121
  4450:   656570.121   656601.121   656632.121   656666.121   656700.121
  4455:   656732.121   656769.121   656804.121   656835.121   656874.121
  4460:   656906.121   656945.121   656975.721   656975.920   656975.901
  4465:   656975.091   657275.902   658775.910   658777.614   661527.624
  4470:   661528.714   661660.124   661769.124   662001.124   662031.124
  4475:   662067.124   662106.124   662147.124   662194.124   662228.124
  4480:   662264.124   662296.124   662333.124   662369.124   662404.124
  4485:   662435.124   662475.124   662510.124   662543.124   662573.124
  4490:   662608.124   662639.124   662676.124   662711.124   662742.124
  4495:   662772.124   662804.124   662842.124   662879.124   662910.124
  4500:   662952.124   662980.124   663016.124   663049.124   663088.124
  4505:   663120.124   663158.124   663228.124   663259.124   663295.124
  4510:   663335.124   663366.124   663401.124   663438.124   663471.124
  4515:   663507.124   663546.124   663580.124   663612.124   663653.124
  4520:   663686.124   663723.124   663757.124   663811.124   663831.124
  4525:   663871.124   663903.124   663935.124   663955.124   663998.124
  4530:   664030.124   664070.124   664109.124   664142.124   664178.124
  4535:   664210.124   664240.124   664310.724   664310.920   664310.901
  4540:   664310.094   664610.902   666110.910   666112.615   669962.625
  4545:   669963.715   670311.125   670773.125   670810.125   670847.125
  4550:   670884.125   670917.125   670952.125   670989.125   671026.125
  4555:   671128.125   671167.125   671195.125   671231.125   671270.125
  4560:   671302.125   671332.125   671367.125   671400.125   671431.125
  4565:   671465.125   671500.125   671533.125   671570.125   671601.125
  4570:   671634.125   671679.125   671712.125   671749.125   671786.125
  4575:   671821.125   671855.125   671890.125   671926.125   671958.125
  4580:   672002.125   672034.125   672067.125   672103.125   672151.125
  4585:   672183.125   672218.125   672254.125   672289.125   672319.125
  4590:   672353.125   672386.125   672417.125   672453.125   672485.125
  4595:   672513.125   672549.125   672580.125   672613.125   672648.125
  4600:   672687.125   672719.125   672751.125   672783.125   672816.125
  4605:   672848.125   672881.125   672913.125   672946.125   672978.125
  4610:   673012.125   673045.125   673077.125   673108.125   673142.125
  4615:   673174.125   673196.125   673234.125   673268.125   673303.125
  4620:   673336.125   673372.125   673404.125   673440.125   673471.125
  4625:   673505.125   673536.125   673568.125   673601.125   673634.125
  4630:   673665.125   673698.125   673733.125   673764.125   673798.125
  4635:   673831.725   673831.920   673831.901   673831.095   674131.902
  4640:   675631.910   675633.615   679483.625   679484.715   679776.125
  4645:   679969.125   680166.125   680594.125   680741.125   680774.125
  4650:   680806.125   680839.125   680872.125   680909.125   680946.125
  4655:   680976.125   681014.125   681052.125   681088.125   681127.125
  4660:   681158.125   681191.125   681225.125   681262.125   681301.125
  4665:   681335.125   681373.125   681415.125   681449.125   681485.125
  4670:   681524.125   681561.125   681590.125   681626.125   681656.125
  4675:   681684.125   681717.125   681749.125   681783.125   681813.125
  4680:   681846.125   681876.125   681910.125   681943.125   681984.125
  4685:   682020.125   682051.125   682083.125   682117.125   682149.125
  4690:   682179.125   682215.125   682249.125   682283.125   682318.125
  4695:   682351.125   682401.125   682432.125   682469.125   682501.125
  4700:   682534.125   682565.125   682600.125   682629.125   682660.125
  4705:   682689.125   682721.125   682756.125   682788.125   682820.125
  4710:   682850.125   682880.125   682930.125   682966.125   683000.125
  4715:   683033.125   683065.125   683098.125   683130.125   683161.125
  4720:   683194.125   683230.125   683262.125   683296.125   683325.125
  4725:   683356.725   683356.920   683356.901   683356.095   683656.902
  4730:   685156.910   685158.614   687908.624   687909.714   688426.124
  4735:   688462.124   688500.124   688544.124   688583.124   688623.124
  4740:   688658.124   688667.124   688692.124   688725.124   688762.124
  4745:   688801.124   688835.124   688867.124   688905.124   688948.124
  4750:   689082.124   689111.124   689142.124   689182.124   689218.124
  4755:   689253.124   689292.124   689326.124   689366.124   689399.124
  4760:   689430.124   689467.124   689496.124   689531.124   689561.124
  4765:   689592.124   689738.124   689751.124   689789.124   689822.124
  4770:   689852.124   689886.124   689921.124   689955.124   689993.124
  4775:   690022.124   690044.124   690075.124   690106.124   690159.124
  4780:   690179.124   690212.124   690242.124   690273.124   690309.124
  4785:   690337.124   690369.124   690405.124   690435.124   690468.124
  4790:   690501.124   690533.124   690568.124   690602.124   690636.124
  4795:   690670.724   690670.920   690670.901   690670.094   690970.902
  4800:   692470.910   692472.613   694422.623   694423.713   695483.123
  4805:   695641.123   695672.123   695710.123   695743.123   695781.123
  4810:   695809.123   695842.123   695873.123   695909.123   695944.123
  4815:   696110.123   696143.123   696184.123   696220.123   696256.123
  4820:   696294.123   696328.123   696364.123   696404.723   696404.920
  4825:   696404.901   696404.093   696704.902   698204.910   698206.615
  4830:   702056.625   702057.715   702443.125   702550.125   702560.125
  4835:   702695.125   702748.125   702788.125   702824.125   702861.125
  4840:   702898.125   702933.125   702965.125   703002.125   703032.125
  4845:   703067.125   703098.125   703134.125   703165.125   703202.125
  4850:   703236.125   703270.125   703305.125   703335.125   703364.125
  4855:   703398.125   703432.125   703461.125   703496.125   703525.125
  4860:   703558.125   703594.125   703626.125   703657.125   703694.125
  4865:   703725.125   703777.125   703813.125   703843.125   703878.125
  4870:   703909.125   703944.125   703975.125   704012.125   704044.125
  4875:   704076.125   704109.125   704141.125   704174.125   704205.125
  4880:   704241.125   704269.125   704302.125   704334.125   704364.125
  4885:   704398.125   704431.125   704470.125   704504.125   704544.125
  4890:   704582.125   704615.125   704650.125   704683.125   704715.125
  4895:   704750.125   704782.125   704815.125   704847.125   704882.125
  4900:   704912.125   704949.125   704982.125   705012.125   705045.125
  4905:   705078.125   705108.125   705141.125   705177.125   705210.125
  4910:   705243.125   705275.125   705307.125   705339.125   705370.125
  4915:   705403.125   705435.125   705475.125   705524.125   705651.125
  4920:   705663.125   705722.125   705843.125   705879.125   705957.725
  4925:   705957.920   705957.901   705957.095   706257.902   707757.910
  4930:   707759.611   708759.621   708760.711   709173.121   709208.121
  4935:   709260.121   709297.121   709328.121   709362.121   709396.121
  4940:   709431.121   709463.121   709493.121   709529.121   709559.121
  4945:   709594.121   709628.121   709661.121   709692.121   709729.121
  4950:   709796.721   709796.920   709796.901   709796.091   710096.902
  4955:   711596.910   711598.612   712998.622   712999.712   713212.122
  4960:   713249.122   713285.122   713322.122   713356.122   713393.122
  4965:   713431.122   713466.122   713501.122   713532.122   713565.122
  4970:   713599.122   713636.122   713666.122   713704.122   713734.122
  4975:   713766.122   713806.122   713838.122   713870.122   713904.122
  4980:   713934.122   713957.122   713991.122   714023.122   714047.122
  4985:   714080.122   714110.122   714146.122   714181.122   714213.122
  4990:   714266.122   714298.122   714331.122   714367.122   714400.722
  4995:   714400.920   714400.901   714400.092   714700.902   716200.910
  5000:   716202.613   718152.623   718153.713   718289.123   718327.123
  5005:   718365.123   718402.123   718568.123   718602.123   718639.123
  5010:   718672.123   718709.123   718742.123   718775.123   718805.123
  5015:   718838.123   718871.123   718902.123   718931.123   718965.123
  5020:   718994.123   719025.123   719058.123   719090.123   719119.123
  5025:   719148.123   719184.123   719213.123   719264.123   719296.123
  5030:   719333.123   719363.123   719398.123   719433.123   719464.123
  5035:   719500.123   719533.123   719571.123   719604.123   719637.123
  5040:   719675.123   719705.123   719743.123   719775.123   719815.123
  5045:   719847.123   719898.123   719936.123   719968.123   720002.123
  5050:   720038.123   720069.123   720102.123   720136.723   720136.920
  5055:   720136.901   720136.093   720436.902   721936.910   721938.613
  5060:   723888.623   723889.713   724745.123   725228.123   725265.123
  5065:   725299.123   725333.123   725369.123   725418.123   725450.123
  5070:   725482.123   725521.123   725550.123   725583.123   725617.123
  5075:   725652.123   725687.123   725718.123   725774.123   725807.123
  5080:   725843.723   725843.920   725843.901   725843.093   726143.902
  5085:   727643.910   727645.614   730395.624   730396.814   732151.134
  5090:   732266.134   732302.134   732406.134   732650.134   732755.134
  5095:   732894.134   732971.134   733058.134   733145.134   733233.134
  5100:   733241.134   733357.134   733493.134   733530.134   734038.134
  5105:   734069.134   734168.134   734258.134   734392.134   734805.134
  5110:   734872.134   735041.134   735073.134   735103.134   735342.134
  5115:   735791.134   735824.134   735896.824   735896.920   737396.910
  5120:   737398.614   740148.624   740149.714   741234.124   741276.124
  5125:   741311.124   741438.124   741446.124   741680.124   741797.124
  5130:   741887.124   741895.124   742398.124   742409.124   742448.124
  5135:   742530.124   742630.124   743117.724   743117.920   743117.901
  5140:   743117.094   743417.902   743417.902   743417.005   743417.006
  5145:   743417.007   743417.020       
D:
     0:        0.000        0.000        0.000        0.000        0.000
     5:        0.000        0.000        0.000        0.000        0.000
    10:        0.000        0.000        0.000        0.000        0.000
    15:        0.000        0.000        0.000        0.000        0.000
    20:        0.000        0.000        0.000        0.000        0.000
    25:        0.000        2.000        0.000        0.000        0.000
    30:        0.000        0.000        0.000        0.000        0.000
    35:        0.000
F:
     0:       10.000       14.000       19.500       27.500       38.500
     5:       10.000       14.000       19.500       27.500       38.500
    10:       10.000       14.000       19.500       27.500       38.500
    15:       20.000       28.000       39.000       55.000       77.000
    20:       20.000       28.000       39.000       55.000       77.000
    25:       20.000       28.000       39.000       55.000       77.000
    30:       10.000       14.000       19.500       27.500       38.500
    35:       10.000       14.000       19.500       27.500       38.500
    40:       10.000       14.000       19.500       27.500       38.500
    45:       10.000       14.000       19.500       27.500       38.500
    50:       10.000       14.000       19.500       27.500       38.500
    55:       10.000       14.000       19.500       27.500       38.500
    60:       10.000       14.000       19.500       27.500       38.500
    65:       10.000       14.000       19.500       27.500       38.500
    70:       10.000       14.000       19.500       27.500       38.500
    75:       20.000       28.000       39.000       55.000       77.000
    80:       20.000       28.000       39.000       55.000       77.000
    85:       10.000       14.000       19.500       27.500       38.500
    90:       10.000       14.000       19.500       27.500       38.500
    95:       10.000       14.000       19.500       27.500       38.500
I:
     0:       75.000        0.000        0.000
M:
     0:       15.000       15.000       15.000       15.000       15.000
     5:        5.000        5.000        5.000        5.000        5.000
    10:      100.000
N:
     0:       20.000       20.000       20.000       20.000       20.000
     5:        0.000
Q:
     0:       15.000       15.000       15.000       15.000       15.000
     5:        0.000
V:
     0:        0.000        0.000        0.000        0.000        0.000
     5:      293.000      382.000      475.000      625.000      987.000
    10:      392.000      229.000      343.000      316.000      347.000
    15:        0.000
