File: C:\MED-PC IV\DATA\M_PEAK_A18P002


Start Date: 10/28/17
End Date: 10/28/17
Subject: P002
Experiment: IF-PICO
Group: 0
Box: 5
Start Time: 10:49:28
End Time: 12:42:53
MSN: Multiple_Peak
B:       0.000
C:       0.000
E:    2397.000
G:      55.000
H:    5500.000
J:       0.000
K:       0.000
L:       0.000
O:       0.000
P:       0.000
R:       0.000
S:       0.000
T:  680560.000
U:       0.000
W:       0.000
X:       0.000
Y:       0.000
Z:       0.000
A:
     0:        0.010      500.910      502.614     3252.624     3253.714
     5:     3632.124     3810.124     3848.124     3960.124     4070.124
    10:     4114.124     4264.124     4399.124     4546.124     4627.124
    15:     4664.124     4813.124     4914.124     4948.124     5060.124
    20:     5100.124     5142.124     5181.124     5296.124     5345.124
    25:     5383.124     5429.124     5469.124     5597.124     5640.124
    30:     5722.124     5755.124     5844.124     6007.724     6007.920
    35:     6007.901     6007.094     6307.902     7807.910     7809.615
    40:    11659.625    11660.715    11802.125    12636.125    12966.125
    45:    13000.125    13048.125    13212.125    13253.125    13293.125
    50:    13329.125    13437.125    13472.125    13557.125    13648.125
    55:    13680.125    13725.125    13770.125    13844.125    13875.125
    60:    13971.125    14007.125    14048.125    14170.125    14283.125
    65:    14355.125    14436.125    14545.125    14680.125    14714.125
    70:    14795.125    14948.125    15095.125    15269.125    15346.125
    75:    15383.125    15418.125    15454.125    15489.125    15599.725
    80:    15599.920    15599.901    15599.095    15899.902    17399.910
    85:    17401.611    18401.621    18402.811    18515.131    18716.131
    90:    18889.131    18921.131    18960.131    19033.131    19068.131
    95:    19104.131    19222.131    19261.131    19373.131    19441.131
   100:    19474.131    19652.131    19697.131    19762.131    19797.131
   105:    19838.131    19882.131    19946.131    20096.131    20419.131
   110:    20459.131    20621.131    21016.131    21128.131    21161.131
   115:    21201.131    21278.131    21463.131    21537.131    21574.131
   120:    21602.821    21602.920    23102.910    23104.615    26954.625
   125:    26955.815    27417.135    27522.135    27643.135    27821.135
   130:    27991.135    28119.135    28165.135    28201.135    28314.135
   135:    28352.135    28491.135    28590.135    28626.135    28662.135
   140:    28757.135    28908.135    29109.135    29208.135    29361.135
   145:    29504.135    29539.135    29573.135    29886.135    30264.135
   150:    30373.135    30404.135    30439.135    30480.135    30526.135
   155:    30555.135    30705.135    30750.135    30849.135    30894.135
   160:    30938.135    30987.135    31022.135    31147.135    31420.135
   165:    31501.135    31598.135    32493.135    32557.135    33478.135
   170:    33617.135    33824.135    33942.135    33998.135    34083.135
   175:    34164.135    34211.135    34249.135    34331.135    34393.135
   180:    34466.135    34531.135    34601.135    34655.825    34655.920
   185:    36155.910    36157.612    37557.622    37558.812    37835.132
   190:    37915.132    37976.132    38046.132    38151.132    38291.132
   195:    38361.132    38456.132    38523.132    38563.132    38819.132
   200:    38852.132    39258.132    39299.132    39488.132    39527.132
   205:    39561.132    39745.132    39815.132    39854.132    39896.132
   210:    39929.132    39964.132    40005.132    40082.132    40124.132
   215:    40282.132    40319.132    40393.132    40465.132    40507.132
   220:    40545.132    40580.132    40713.132    40784.132    40898.132
   225:    40969.132    41010.132    41124.132    41158.822    41158.920
   230:    42658.910    42660.614    45410.624    45411.714    46186.124
   235:    46223.124    46262.124    46362.124    46495.124    46612.124
   240:    46673.124    46743.124    46881.124    47057.124    47128.124
   245:    47250.124    47287.124    47321.124    47418.124    47454.124
   250:    47497.124    47580.124    47695.124    47733.124    47833.124
   255:    47871.124    48060.124    48235.724    48235.920    48235.901
   260:    48235.094    48535.902    50035.910    50037.611    51037.621
   265:    51038.711    51371.121    51573.121    51644.121    51749.121
   270:    51856.121    51994.121    52055.721    52055.920    52055.901
   275:    52055.091    52355.902    53855.910    53857.614    56607.624
   280:    56608.714    56982.124    57400.124    57538.124    57654.124
   285:    57737.124    57890.124    57934.124    57982.124    58161.124
   290:    58241.124    58463.124    58544.124    58673.124    58718.124
   295:    58840.124    58920.124    58988.124    59227.124    59265.124
   300:    59490.724    59490.920    59490.901    59490.094    59790.902
   305:    61290.910    61292.614    64042.624    64043.714    64826.124
   310:    64974.124    65080.124    65224.124    65303.124    65345.124
   315:    65437.124    65512.124    65665.124    65704.124    65823.124
   320:    65984.124    66318.124    66400.124    66444.124    66487.124
   325:    66535.124    66575.124    66617.124    66660.124    66706.124
   330:    66750.124    66791.124    66836.724    66836.920    66836.901
   335:    66836.094    67136.902    68636.910    68638.615    72488.625
   340:    72489.715    74133.125    74201.125    74350.125    74526.125
   345:    74699.125    74847.125    74946.125    74989.125    75195.125
   350:    75319.125    75470.125    75551.125    75586.125    75630.125
   355:    75754.125    75884.125    75964.125    76066.125    76102.125
   360:    76216.125    76263.125    76387.725    76387.920    76387.901
   365:    76387.095    76687.902    78187.910    78189.615    82039.625
   370:    82040.815    83837.135    84020.135    84194.135    84398.135
   375:    84476.135    84511.135    84685.135    84836.135    84969.135
   380:    85113.135    85178.135    85298.135    85473.135    85515.135
   385:    85700.135    85794.135    85823.135    85866.135    85905.135
   390:    85992.135    86190.135    86305.135    86412.135    86630.135
   395:    86755.135    86913.135    86951.135    86996.135    87036.135
   400:    87107.135    87141.135    87220.135    87320.135    87360.135
   405:    87403.135    87477.135    87558.135    87648.135    87692.135
   410:    87778.135    87822.135    87872.135    87933.135    88086.135
   415:    89740.825    89740.920    91240.910    91242.611    92242.621
   420:    92243.711    92863.121    92990.121    93111.121    93222.121
   425:    93361.721    93361.920    93361.901    93361.091    93661.902
   430:    95161.910    95163.611    96163.621    96164.711    96283.121
   435:    96477.121    96605.121    96714.121    96854.121    97038.121
   440:    97075.121    97202.721    97202.920    97202.901    97202.091
   445:    97502.902    99002.910    99004.613   100954.623   100955.713
   450:   101446.123   101560.123   101675.123   101753.123   101963.123
   455:   102001.123   102145.123   102266.123   102384.123   102457.123
   460:   102498.123   102601.123   102643.123   102683.123   102721.123
   465:   102763.123   102803.123   102846.123   102886.123   102962.723
   470:   102962.920   102962.901   102962.093   103262.902   104762.910
   475:   104764.611   105764.621   105765.711   105914.121   106234.121
   480:   106487.121   106564.121   106718.121   106808.721   106808.920
   485:   106808.901   106808.091   107108.902   108608.910   108610.611
   490:   109610.621   109611.711   109987.121   110056.121   110197.121
   495:   110268.121   110428.121   110469.121   110686.721   110686.920
   500:   110686.901   110686.091   110986.902   112486.910   112488.611
   505:   113488.621   113489.811   113889.131   114061.131   114109.131
   510:   114176.131   114269.131   114339.131   114447.131   114491.131
   515:   114635.131   114706.131   114745.131   115034.131   115105.131
   520:   115218.131   115430.131   115497.131   115568.131   115636.131
   525:   115707.131   115778.131   115815.131   115854.131   115890.131
   530:   115974.131   116008.131   116141.131   116185.131   116689.821
   535:   116689.920   118189.910   118191.612   119591.622   119592.712
   540:   120302.122   120338.122   120410.122   120482.122   120588.122
   545:   120654.122   120717.122   120786.122   120889.122   120932.122
   550:   120970.122   121135.722   121135.920   121135.901   121135.092
   555:   121435.902   122935.910   122937.614   125687.624   125688.814
   560:   126963.134   127094.134   127182.134   127311.134   127347.134
   565:   127470.134   127675.134   127792.134   128007.134   128120.134
   570:   128148.134   128195.134   128311.134   128500.134   128695.134
   575:   128811.134   128893.134   128927.134   129009.134   129058.134
   580:   129120.134   129256.134   129370.134   129450.134   129483.134
   585:   129578.134   129628.134   129668.134   129705.134   129744.134
   590:   129787.134   129830.134   129874.134   129918.134   130211.134
   595:   131188.824   131188.920   132688.910   132690.611   133690.621
   600:   133691.711   134194.121   134370.121   134519.121   134591.121
   605:   134704.721   134704.920   134704.901   134704.091   135004.902
   610:   136504.910   136506.612   137906.622   137907.712   138361.122
   615:   138400.122   138435.122   138511.122   138560.122   138754.122
   620:   138871.122   138981.122   139089.122   139204.122   139309.722
   625:   139309.920   139309.901   139309.092   139609.902   141109.910
   630:   141111.613   143061.623   143062.713   143723.123   143803.123
   635:   143941.123   144028.123   144188.123   144271.123   144320.123
   640:   144428.123   144521.123   144575.123   144704.123   144753.123
   645:   144987.123   145037.723   145037.920   145037.901   145037.093
   650:   145337.902   146837.910   146839.615   150689.625   150690.715
   655:   152456.125   152621.125   152774.125   152996.125   153203.125
   660:   153376.125   153501.125   153548.125   153654.125   153872.125
   665:   153919.125   154015.125   154153.125   154196.125   154431.125
   670:   154478.125   154518.125   154604.725   154604.920   154604.901
   675:   154604.095   154904.902   156404.910   156406.614   159156.624
   680:   159157.814   161946.134   162057.134   162154.134   162412.134
   685:   162703.134   162799.134   163000.134   163171.134   163262.134
   690:   163465.134   163589.134   163824.134   163953.134   163990.134
   695:   164209.134   164314.134   164360.134   164403.134   164532.134
   700:   164614.134   164648.134   164657.824   164657.920   166157.910
   705:   166159.614   168909.624   168910.714   169854.124   170259.124
   710:   170368.124   170503.124   170644.124   170828.124   170987.124
   715:   171131.124   171297.124   171490.124   171599.124   171745.724
   720:   171745.920   171745.901   171745.094   172045.902   173545.910
   725:   173547.614   176297.624   176298.814   177730.134   177884.134
   730:   177991.134   178098.134   178281.134   178459.134   178637.134
   735:   178792.134   178946.134   179031.134   179114.134   179163.134
   740:   179215.134   179342.134   179558.134   179637.134   179758.134
   745:   179836.134   179874.134   180037.134   180161.134   180241.134
   750:   180282.134   180330.134   180407.134   180450.134   180614.134
   755:   180711.134   180771.134   181798.824   181798.920   183298.910
   760:   183300.615   187150.625   187151.715   188972.125   189010.125
   765:   189209.125   189298.125   189406.125   189556.125   189684.125
   770:   189797.125   190057.125   190109.125   190218.125   190337.125
   775:   190579.125   190664.125   190820.125   190854.125   190909.125
   780:   191019.725   191019.920   191019.901   191019.095   191319.902
   785:   192819.910   192821.611   193821.621   193822.711   193958.121
   790:   194237.121   194375.121   194456.121   194664.121   194701.121
   795:   194752.121   194886.721   194886.920   194886.901   194886.091
   800:   195186.902   196686.910   196688.612   198088.622   198089.712
   805:   198641.122   198967.122   199041.122   199314.122   199352.122
   810:   199428.122   199471.122   199513.722   199513.920   199513.901
   815:   199513.092   199813.902   201313.910   201315.611   202315.621
   820:   202316.711   202562.121   202749.121   202826.121   202895.121
   825:   202962.121   203134.121   203209.121   203326.721   203326.920
   830:   203326.901   203326.091   203626.902   205126.910   205128.613
   835:   207078.623   207079.713   207803.123   207919.123   208044.123
   840:   208140.123   208311.123   208375.123   208554.123   208589.123
   845:   208670.123   208711.123   208870.123   208951.123   208993.123
   850:   209113.723   209113.920   209113.901   209113.093   209413.902
   855:   210913.910   210915.612   212315.622   212316.712   213177.122
   860:   213250.122   213398.122   213543.122   213627.122   213878.722
   865:   213878.920   213878.901   213878.092   214178.902   215678.910
   870:   215680.615   219530.625   219531.715   222516.125   222801.125
   875:   223006.125   223121.125   223270.125   223397.725   223397.920
   880:   223397.901   223397.095   223697.902   225197.910   225199.613
   885:   227149.623   227150.713   227908.123   228197.123   228239.123
   890:   228472.123   228566.123   228713.123   228940.123   229109.723
   895:   229109.920   229109.901   229109.093   229409.902   230909.910
   900:   230911.613   232861.623   232862.713   233502.123   233796.123
   905:   233934.123   234056.123   234188.123   234302.123   234495.123
   910:   234604.123   234653.123   234836.723   234836.920   234836.901
   915:   234836.093   235136.902   236636.910   236638.615   240488.625
   920:   240489.815   241779.135   241982.135   242466.135   242651.135
   925:   242785.135   242880.135   243008.135   243207.135   243367.135
   930:   243510.135   243544.135   243611.135   243742.135   243840.135
   935:   244075.135   244189.135   244303.135   244375.135   244536.135
   940:   244618.135   244655.135   244705.135   244929.135   244974.135
   945:   245023.135   245112.135   245195.135   245297.135   245398.135
   950:   245435.135   245587.135   248189.825   248189.920   249689.910
   955:   249691.615   253541.625   253542.715   255721.125   255773.125
   960:   256029.125   256065.125   256184.125   256333.125   256465.125
   965:   256616.125   256747.125   256887.125   256961.125   257122.125
   970:   257245.125   257373.125   257472.725   257472.920   257472.901
   975:   257472.095   257772.902   259272.910   259274.613   261224.623
   980:   261225.713   262344.123   262552.123   262684.123   262835.123
   985:   262948.123   263245.723   263245.920   263245.901   263245.093
   990:   263545.902   265045.910   265047.614   267797.624   267798.714
   995:   269883.124   269995.124   270108.124   270254.124   270409.124
  1000:   270529.124   270661.724   270661.920   270661.901   270661.094
  1005:   270961.902   272461.910   272463.614   275213.624   275214.714
  1010:   276626.124   276861.124   277045.124   277218.124   277343.124
  1015:   277440.124   277474.124   277583.124   277699.124   277794.124
  1020:   277829.124   277955.124   278062.724   278062.920   278062.901
  1025:   278062.094   278362.902   279862.910   279864.611   280864.621
  1030:   280865.711   281019.121   281286.121   281468.121   281556.121
  1035:   281605.121   281639.121   281718.121   281767.121   282052.721
  1040:   282052.920   282052.901   282052.091   282352.902   283852.910
  1045:   283854.615   287704.625   287705.715   288826.225   288882.225
  1050:   290505.125   290797.125   290932.125   291082.125   291215.125
  1055:   291410.125   291575.725   291575.920   291575.901   291575.095
  1060:   291875.902   293375.910   293377.611   294377.621   294378.711
  1065:   294547.121   294719.121   294936.121   295020.121   295139.121
  1070:   295385.721   295385.920   295385.901   295385.091   295685.902
  1075:   297185.910   297187.612   298587.622   298588.712   298866.122
  1080:   299019.122   299118.122   299228.122   299374.122   299452.122
  1085:   299615.122   299654.122   299848.122   299981.122   300024.722
  1090:   300024.920   300024.901   300024.092   300324.902   301824.910
  1095:   301826.612   303226.622   303227.712   303590.122   303781.122
  1100:   303951.122   304120.122   304162.122   304386.122   304423.122
  1105:   304672.722   304672.920   304672.901   304672.092   304972.902
  1110:   306472.910   306474.615   310324.625   310325.715   311653.125
  1115:   311789.125   311945.125   312066.125   312234.125   312314.125
  1120:   312526.125   312752.125   312891.125   313004.125   313160.125
  1125:   313269.125   313399.125   313440.125   313520.125   313560.125
  1130:   313737.125   313951.125   314031.125   314140.125   314260.725
  1135:   314260.920   314260.901   314260.095   314560.902   316060.910
  1140:   316062.613   318012.623   318013.713   318814.123   318947.123
  1145:   319078.123   319242.123   319293.123   319418.123   319600.123
  1150:   319955.123   319999.723   319999.920   319999.901   319999.093
  1155:   320299.902   321799.910   321801.613   323751.623   323752.713
  1160:   324380.123   324484.123   324619.123   324925.123   324964.123
  1165:   325111.123   325154.123   325226.123   325264.123   325304.123
  1170:   325342.123   325379.123   325497.123   325612.123   325765.723
  1175:   325765.920   325765.901   325765.093   326065.902   327565.910
  1180:   327567.612   328967.622   328968.712   329400.122   329652.122
  1185:   329763.122   329815.122   329953.122   330079.122   330158.122
  1190:   330193.122   330380.722   330380.920   330380.901   330380.092
  1195:   330680.902   332180.910   332182.614   334932.624   334933.714
  1200:   336031.124   336199.124   336292.124   336425.124   336562.124
  1205:   336687.124   336777.124   336884.124   337133.124   337212.124
  1210:   337386.124   337426.124   337543.124   337666.124   337857.724
  1215:   337857.920   337857.901   337857.094   338157.902   339657.910
  1220:   339659.614   342409.624   342410.714   343663.124   343883.124
  1225:   344004.124   344148.124   344225.124   344270.124   344314.124
  1230:   344349.124   344465.124   344576.124   344663.124   344744.124
  1235:   344776.124   345068.124   345112.124   345410.724   345410.920
  1240:   345410.901   345410.094   345710.902   347210.910   347212.615
  1245:   351062.625   351063.715   352490.125   352663.125   352780.125
  1250:   352915.125   353030.125   353192.125   353359.125   353517.125
  1255:   353683.125   353763.125   354003.125   354164.125   354207.125
  1260:   354327.125   354457.125   354589.125   354629.125   354864.125
  1265:   354949.725   354949.920   354949.901   354949.095   355249.902
  1270:   356749.910   356751.613   358701.623   358702.713   359321.123
  1275:   359604.123   359754.123   359878.123   359960.123   360033.123
  1280:   360192.123   360352.123   360426.123   360591.123   360601.123
  1285:   360683.723   360683.920   360683.901   360683.093   360983.902
  1290:   362483.910   362485.614   365235.624   365236.714   366238.124
  1295:   366283.124   366386.124   366545.124   366741.124   366874.124
  1300:   366969.124   367001.124   367082.124   367329.124   367369.124
  1305:   367410.124   367457.124   367593.124   367707.124   367954.124
  1310:   368003.724   368003.920   368003.901   368003.094   368303.902
  1315:   369803.910   369805.611   370805.621   370806.711   371377.121
  1320:   371503.121   371583.121   371823.721   371823.920   371823.901
  1325:   371823.091   372123.902   373623.910   373625.613   375575.623
  1330:   375576.813   376284.133   376455.133   376632.133   376780.133
  1335:   376876.133   377082.133   377119.133   377157.133   377197.133
  1340:   377237.133   377415.133   377633.133   377673.133   377714.133
  1345:   377802.133   377918.133   378041.133   378082.133   378131.133
  1350:   378175.133   378259.133   378482.133   378634.133   378676.133
  1355:   378725.133   378780.133   379776.823   379776.920   381276.910
  1360:   381278.611   382278.621   382279.711   382878.121   383157.121
  1365:   383200.121   383240.121   383464.721   383464.920   383464.901
  1370:   383464.091   383764.902   385264.910   385266.612   386666.622
  1375:   386667.712   387117.122   387369.122   387560.122   387599.122
  1380:   387640.122   387680.122   387726.122   387773.122   387862.122
  1385:   388163.722   388163.920   388163.901   388163.092   388463.902
  1390:   389963.910   389965.612   391365.622   391366.712   392030.122
  1395:   392268.122   392474.122   392559.122   392665.122   392911.722
  1400:   392911.920   392911.901   392911.092   393211.902   394711.910
  1405:   394713.613   396663.623   396664.713   397491.123   397605.123
  1410:   397735.123   397875.123   398100.123   398171.123   398220.123
  1415:   398336.123   398487.123   398603.123   398680.723   398680.920
  1420:   398680.901   398680.093   398980.902   400480.910   400482.613
  1425:   402432.623   402433.713   403549.123   403639.123   403757.123
  1430:   403824.123   403951.123   404028.123   404099.123   404203.123
  1435:   404495.723   404495.920   404495.901   404495.093   404795.902
  1440:   406295.910   406297.612   407697.622   407698.812   407780.132
  1445:   408202.132   408314.132   408414.132   408595.132   408742.132
  1450:   408782.132   409113.132   409175.132   409251.132   409294.132
  1455:   409344.132   409430.132   409493.132   409540.132   409580.132
  1460:   409691.132   409726.132   409841.132   409885.132   409934.132
  1465:   410089.132   411298.822   411298.920   412798.910   412800.613
  1470:   414750.623   414751.813   415319.133   415580.133   415684.133
  1475:   415751.133   415848.133   415929.133   415980.133   416029.133
  1480:   416067.133   416256.133   416332.133   416412.133   416446.133
  1485:   416582.133   416620.133   416660.133   416703.133   416787.133
  1490:   416829.133   417014.133   417135.133   417244.133   417369.133
  1495:   417420.133   417599.133   417641.133   417739.133   418951.823
  1500:   418951.920   420451.910   420453.613   422403.623   422404.813
  1505:   423339.133   423433.133   423568.133   423698.133   423830.133
  1510:   423939.133   424046.133   424092.133   424354.133   424429.133
  1515:   424468.133   424513.133   424629.133   424668.133   424709.133
  1520:   424923.133   424961.133   424998.133   425151.133   425191.133
  1525:   425306.133   425336.133   425379.133   425428.133   425470.133
  1530:   425522.133   425654.133   426604.823   426604.920   428104.910
  1535:   428106.611   429106.621   429107.811   429496.131   429591.131
  1540:   429758.131   429981.131   430025.131   430066.131   430102.131
  1545:   430145.131   430183.131   430219.131   430264.131   430449.131
  1550:   430492.131   430566.131   430604.131   430644.131   430686.131
  1555:   430779.131   430880.131   430987.131   431125.131   431253.131
  1560:   432307.821   432307.920   433807.910   433809.615   437659.625
  1565:   437660.715   440440.125   440597.125   440699.125   440964.125
  1570:   441000.125   441162.125   441242.125   441326.125   441370.125
  1575:   441411.125   441569.725   441569.920   441569.901   441569.095
  1580:   441869.902   443369.910   443371.611   444371.621   444372.811
  1585:   444943.131   445178.131   445346.131   445379.131   445420.131
  1590:   445496.131   445572.131   445703.131   445948.131   445986.131
  1595:   446109.131   446160.131   446302.131   446410.131   446496.131
  1600:   446535.131   446775.131   447572.821   447572.920   449072.910
  1605:   449074.611   450074.621   450075.711   450624.121   450709.121
  1610:   450872.121   450978.121   451148.721   451148.920   451148.901
  1615:   451148.091   451448.902   452948.910   452950.615   456800.625
  1620:   456801.715   458564.125   458815.125   458942.125   459113.125
  1625:   459295.125   459420.125   459648.125   460047.125   460088.125
  1630:   460270.125   460351.125   460395.125   460476.125   460588.125
  1635:   460727.725   460727.920   460727.901   460727.095   461027.902
  1640:   462527.910   462529.615   466379.625   466380.715   468659.125
  1645:   468812.125   469035.125   469152.125   469328.125   469481.125
  1650:   469839.125   469877.125   470139.125   470249.725   470249.920
  1655:   470249.901   470249.095   470549.902   472049.910   472051.612
  1660:   473451.622   473452.812   474149.132   474285.132   474392.132
  1665:   474793.132   474871.132   474955.132   474997.132   475081.132
  1670:   475159.132   475338.132   475380.132   475450.132   475529.132
  1675:   475566.132   475820.132   475992.132   476081.132   476228.132
  1680:   477052.822   477052.920   478552.910   478554.612   479954.622
  1685:   479955.712   480893.122   481234.122   481271.122   481312.122
  1690:   481354.122   481400.722   481400.920   481400.901   481400.092
  1695:   481700.902   483200.910   483202.613   485152.623   485153.713
  1700:   486218.123   486325.123   486486.123   486602.123   486828.123
  1705:   486914.123   486955.123   486999.123   487040.123   487082.123
  1710:   487233.723   487233.920   487233.901   487233.093   487533.902
  1715:   489033.910   489035.613   490985.623   490986.713   492339.123
  1720:   492487.123   492602.123   492766.123   492943.723   492943.920
  1725:   492943.901   492943.093   493243.902   494743.910   494745.612
  1730:   496145.622   496146.712   496957.122   497089.122   497387.122
  1735:   497428.122   497508.122   497554.722   497554.920   497554.901
  1740:   497554.092   497854.902   499354.910   499356.614   502106.624
  1745:   502107.714   503622.124   503781.124   503908.124   504147.124
  1750:   504281.124   504419.124   504534.124   504789.124   504830.124
  1755:   504873.724   504873.920   504873.901   504873.094   505173.902
  1760:   506673.910   506675.614   509425.624   509426.814   511143.134
  1765:   511523.134   511733.134   511853.134   512009.134   512131.134
  1770:   512267.134   512386.134   512522.134   512809.134   512847.134
  1775:   512922.134   513064.134   513175.134   513334.134   513438.134
  1780:   513573.134   513692.134   513765.134   513811.134   513845.134
  1785:   513919.134   514000.134   514137.134   514182.134   514249.134
  1790:   514290.134   514926.824   514926.920   516426.910   516428.612
  1795:   517828.622   517829.712   518749.122   518961.122   518992.122
  1800:   519061.122   519096.122   519134.122   519173.122   519211.122
  1805:   519247.722   519247.920   519247.901   519247.092   519547.902
  1810:   521047.910   521049.612   522449.622   522450.812   523030.132
  1815:   523196.132   523346.132   523381.132   523417.132   523453.132
  1820:   523494.132   523535.132   523574.132   523660.132   523834.132
  1825:   523912.132   523953.132   524031.132   524071.132   524147.132
  1830:   524228.132   524270.132   524543.132   526050.822   526050.920
  1835:   527550.910   527552.613   529502.623   529503.813   530657.133
  1840:   530846.133   530979.133   531282.133   531466.133   531561.133
  1845:   531683.133   531725.133   531765.133   531806.133   531852.133
  1850:   531889.133   532054.133   532144.133   532190.133   532235.133
  1855:   532344.133   532416.133   532519.133   532581.133   532621.133
  1860:   532670.133   532955.133   533703.823   533703.920   535203.910
  1865:   535205.614   537955.624   537956.714   538930.124   539022.124
  1870:   539174.124   539406.124   539535.124   539609.124   539644.124
  1875:   539690.124   539820.124   539860.124   539939.124   540196.124
  1880:   540310.124   540358.124   540395.124   540541.124   540700.124
  1885:   540778.724   540778.920   540778.901   540778.094   541078.902
  1890:   542578.910   542580.615   546430.625   546431.815   547883.135
  1895:   549028.135   549154.135   549340.135   549524.135   549694.135
  1900:   549806.135   549928.135   550010.135   550088.135   550129.135
  1905:   550291.135   550366.135   550407.135   550560.135   550604.135
  1910:   550649.135   550765.135   550843.135   550922.135   550983.135
  1915:   551094.135   551131.135   551252.135   551326.135   551436.135
  1920:   551479.135   551521.135   551643.135   551677.135   551777.135
  1925:   551818.135   553253.135   553442.135   553680.135   554131.825
  1930:   554131.920   555631.910   555633.612   557033.622   557034.712
  1935:   557155.122   557212.122   557255.122   557324.122   557466.122
  1940:   557658.122   557846.122   557999.122   558139.122   558217.122
  1945:   558291.122   558409.122   558512.722   558512.920   558512.901
  1950:   558512.092   558812.902   560312.910   560314.614   563064.624
  1955:   563065.714   563919.124   563991.124   564099.124   564251.124
  1960:   564450.124   564671.124   564748.124   564787.124   564824.124
  1965:   564896.124   564968.124   565052.124   565127.124   565167.124
  1970:   565204.124   565272.124   565313.124   565485.124   565579.124
  1975:   565623.124   565652.124   565700.124   565740.124   565875.724
  1980:   565875.920   565875.901   565875.094   566175.902   567675.910
  1985:   567677.612   569077.622   569078.812   569575.132   569694.132
  1990:   569744.132   569977.132   570046.132   570114.132   570182.132
  1995:   570256.132   570291.132   570357.132   570396.132   570472.132
  2000:   570504.132   570619.132   570658.132   570780.132   570817.132
  2005:   570855.132   570893.132   570930.132   570970.132   571095.132
  2010:   571211.132   571252.132   571327.132   571414.132   571500.132
  2015:   571629.132   572678.822   572678.920   574178.910   574180.613
  2020:   576130.623   576131.813   576784.133   576920.133   577047.133
  2025:   577126.133   577391.133   577428.133   577466.133   577506.133
  2030:   577546.133   577786.133   577861.133   578052.133   578094.133
  2035:   578177.133   578252.133   578290.133   578363.133   578418.133
  2040:   578509.133   578554.133   578668.133   578776.133   578884.133
  2045:   579845.133   580331.823   580331.920   581831.910   581833.611
  2050:   582833.621   582834.811   583311.131   583453.131   583807.131
  2055:   583847.131   583919.131   584142.131   584254.131   584292.131
  2060:   584369.131   584414.131   584495.131   584716.131   584758.131
  2065:   584801.131   584928.131   585129.131   585177.131   585283.131
  2070:   585419.131   585526.131   585629.131   585741.131   585809.131
  2075:   585917.131   586034.821   586034.920   587534.910   587536.615
  2080:   591386.625   591387.715   593245.125   593531.125   593657.125
  2085:   593820.125   593891.125   593997.125   594103.125   594246.125
  2090:   594411.125   594762.125   594838.125   594916.125   594957.125
  2095:   595123.125   595263.725   595263.920   595263.901   595263.095
  2100:   595563.902   597063.910   597065.615   600915.625   600916.715
  2105:   601925.125   602428.125   602594.125   602750.125   602852.125
  2110:   602977.125   603133.125   603235.125   603391.125   603466.125
  2115:   603505.125   603728.125   603767.125   603808.125   603852.125
  2120:   604009.125   604052.125   604223.125   604338.125   604377.125
  2125:   604511.125   604618.125   604665.125   604703.125   604812.725
  2130:   604812.920   604812.901   604812.095   605112.902   606612.910
  2135:   606614.615   610464.625   610465.815   611979.135   612189.135
  2140:   612338.135   612604.135   612896.135   612933.135   612971.135
  2145:   613039.135   613077.135   613214.135   613287.135   613429.135
  2150:   613471.135   613720.135   613795.135   613872.135   613968.135
  2155:   614071.135   614184.135   614477.135   614491.135   614565.135
  2160:   614703.135   614912.135   615004.135   615118.135   615202.135
  2165:   615232.135   615320.135   615429.135   615522.135   615556.135
  2170:   615643.135   616667.135   617447.135   617828.135   618165.825
  2175:   618165.920   619665.910   619667.613   621617.623   621618.713
  2180:   622203.123   622342.123   622462.123   622555.123   622794.123
  2185:   622875.123   622944.123   623243.123   623279.123   623317.123
  2190:   623386.123   623430.123   623508.123   623546.123   623587.723
  2195:   623587.920   623587.901   623587.093   623887.902   625387.910
  2200:   625389.615   629239.625   629240.715   630858.125   631170.125
  2205:   631463.125   631502.125   631544.125   631586.125   631701.125
  2210:   631779.125   631861.125   631900.125   632073.125   632190.125
  2215:   632270.125   632397.125   632537.125   632620.125   632734.125
  2220:   632770.125   632881.125   632930.125   632971.125   633045.125
  2225:   633088.125   633122.725   633122.920   633122.901   633122.095
  2230:   633422.902   634922.910   634924.612   636324.622   636325.712
  2235:   636894.122   637020.122   637180.122   637214.122   637287.122
  2240:   637321.122   637360.122   637438.122   637478.122   637554.122
  2245:   637634.122   637673.122   637744.722   637744.920   637744.901
  2250:   637744.092   638044.902   639544.910   639546.614   642296.624
  2255:   642297.714   643293.124   643506.124   643595.124   643764.124
  2260:   643892.124   644018.124   644109.124   644211.124   644256.124
  2265:   644298.124   644531.124   644609.124   644643.124   644758.124
  2270:   644897.124   644937.124   645057.724   645057.920   645057.901
  2275:   645057.094   645357.902   646857.910   646859.613   648809.623
  2280:   648810.713   649752.123   649950.123   650100.123   650274.123
  2285:   650430.123   650610.123   650647.123   650686.123   650726.123
  2290:   650768.723   650768.920   650768.901   650768.093   651068.902
  2295:   652568.910   652570.611   653570.621   653571.711   654125.121
  2300:   654270.121   654486.121   654566.121   654685.721   654685.920
  2305:   654685.901   654685.091   654985.902   656485.910   656487.612
  2310:   657887.622   657888.712   658846.122   658889.122   658929.122
  2315:   659136.122   659384.722   659384.920   659384.901   659384.092
  2320:   659684.902   661184.910   661186.611   662186.621   662187.711
  2325:   662651.121   662742.121   662875.121   663200.721   663200.920
  2330:   663200.901   663200.091   663500.902   665000.910   665002.614
  2335:   667752.624   667753.714   669315.124   669417.124   669538.124
  2340:   669674.124   669810.124   669957.124   670068.124   670244.124
  2345:   670294.124   670387.124   670507.724   670507.920   670507.901
  2350:   670507.094   670807.902   672307.910   672309.614   675059.624
  2355:   675060.814   675892.134   676152.134   676326.134   676439.134
  2360:   676508.134   676689.134   676802.134   676877.134   676912.134
  2365:   676952.134   676988.134   677018.134   677182.134   677245.134
  2370:   677314.134   677385.134   677460.134   677533.134   677568.134
  2375:   677746.134   677861.134   678108.134   678219.134   678284.134
  2380:   678392.134   678462.134   678606.134   678673.134   678866.134
  2385:   678966.134   679059.134   679145.134   679211.134   679252.134
  2390:   680560.824   680560.920   680560.902   680560.005   680560.006
  2395:   680560.007   680560.020
D:
     0:        0.000        0.000        0.000        0.000        0.000
     5:        0.000        0.000        0.000        0.000        0.000
    10:        0.000        0.000        0.000        0.000        0.000
    15:        0.000        0.000        0.000        0.000        0.000
    20:        2.000        0.000        0.000        0.000        0.000
    25:        0.000        0.000        0.000        0.000        0.000
    30:        0.000        0.000        0.000        0.000        0.000
    35:        0.000
F:
     0:       10.000       14.000       19.500       27.500       38.500
     5:       10.000       14.000       19.500       27.500       38.500
    10:       10.000       14.000       19.500       27.500       38.500
    15:       20.000       28.000       39.000       55.000       77.000
    20:       20.000       28.000       39.000       55.000       77.000
    25:       20.000       28.000       39.000       55.000       77.000
    30:       10.000       14.000       19.500       27.500       38.500
    35:       10.000       14.000       19.500       27.500       38.500
    40:       10.000       14.000       19.500       27.500       38.500
    45:       10.000       14.000       19.500       27.500       38.500
    50:       10.000       14.000       19.500       27.500       38.500
    55:       10.000       14.000       19.500       27.500       38.500
    60:       10.000       14.000       19.500       27.500       38.500
    65:       10.000       14.000       19.500       27.500       38.500
    70:       10.000       14.000       19.500       27.500       38.500
    75:       20.000       28.000       39.000       55.000       77.000
    80:       20.000       28.000       39.000       55.000       77.000
    85:       10.000       14.000       19.500       27.500       38.500
    90:       10.000       14.000       19.500       27.500       38.500
    95:       10.000       14.000       19.500       27.500       38.500
I:
     0:       75.000        0.000        0.000
M:
     0:       15.000       15.000       15.000       15.000       15.000
     5:        5.000        5.000        5.000        5.000        5.000
    10:      100.000
N:
     0:       20.000       20.000       20.000       20.000       20.000
     5:        0.000
Q:
     0:       15.000       15.000       15.000       15.000       15.000
     5:        0.000
V:
     0:        0.000        0.000        0.000        0.000        0.000
     5:       92.000      133.000      169.000      257.000      264.000
    10:      122.000      126.000      127.000      146.000      203.000
    15:        0.000
