File: C:\MED-PC IV\DATA\M_PEAK_A7P875


Start Date: 10/15/17
End Date: 10/15/17
Subject: P875
Experiment: IF-PICO
Group: 0
Box: 8
Start Time:  9:53:08
End Time: 12:26:18
MSN: Multiple_Peak
B:       0.000
C:       0.000
E:    5131.000
G:      19.500
H:    1950.000
J:       0.000
K:       0.000
L:       0.000
O:       0.000
P:       0.000
R:       0.000
S:       0.000
T:  919040.000
U:       0.000
W:       0.000
X:       0.000
Y:       0.000
Z:       0.000
A:
     0:        0.010      500.910      502.615     4352.625     4353.715
     5:     5333.125     5588.125     5598.125     6286.125     6307.125
    10:     6532.125     6960.125     6969.125     7003.125     7042.125
    15:     7075.125     7126.125     7162.125     7194.125     7232.125
    20:     7268.125     7310.125     7677.125     8557.725     8557.920
    25:     8557.901     8557.095     8857.902    10357.910    10359.614
    30:    13109.624    13110.714    13751.124    13914.124    13955.124
    35:    13991.124    14024.124    14056.124    14092.124    14132.124
    40:    14166.124    14209.124    14299.124    14346.124    14380.124
    45:    14409.124    14438.124    14466.124    14500.124    14537.124
    50:    14566.124    14601.124    14632.124    14659.124    14696.124
    55:    14725.124    14759.124    14788.124    14821.124    14851.124
    60:    14882.124    14918.124    14943.124    14976.124    14989.124
    65:    15026.124    15057.124    15095.124    15135.124    15163.124
    70:    15197.124    15227.124    15256.124    15288.124    15319.124
    75:    15356.124    15387.124    15457.124    15487.124    15520.124
    80:    15559.124    15590.124    15626.124    15688.124    15713.124
    85:    15756.124    15785.124    15821.124    15852.124    15889.724
    90:    15889.920    15889.901    15889.094    16189.902    17689.910
    95:    17691.611    18691.621    18692.811    18950.131    18985.131
   100:    19018.131    19057.131    19085.131    19121.131    19154.131
   105:    19186.131    19220.131    19251.131    19321.131    19362.131
   110:    19394.131    19429.131    19460.131    19534.131    19563.131
   115:    19597.131    19627.131    19660.131    19691.131    19756.131
   120:    19793.131    19832.131    19860.131    19893.131    19923.131
   125:    19958.131    19989.131    20053.131    20090.131    20126.131
   130:    20161.131    20196.131    20228.131    20259.131    20294.131
   135:    20360.131    20388.131    20423.131    20452.131    20489.131
   140:    20523.131    20564.131    20596.131    20628.131    20655.131
   145:    20692.131    20729.131    20811.131    20848.131    20878.131
   150:    20915.131    20950.131    20987.131    21072.131    21122.131
   155:    21161.131    21199.131    21348.131    21359.131    21391.131
   160:    21426.131    21458.131    21498.131    21527.131    21576.131
   165:    21741.131    21863.131    21873.131    21892.821    21892.920
   170:    21909.411    23392.910    23394.612    24794.622    24795.812
   175:    25228.132    25259.132    25291.132    25328.132    25363.132
   180:    25397.132    25435.132    25474.132    25558.132    25593.132
   185:    25625.132    25662.132    25692.132    25724.132    25751.132
   190:    25785.132    25814.132    25850.132    25884.132    25995.132
   195:    26025.132    26051.132    26083.132    26110.132    26143.132
   200:    26209.132    26237.132    26273.132    26304.132    26341.132
   205:    26454.132    26466.132    26501.132    26544.132    26599.132
   210:    26632.132    26745.132    26803.132    26912.132    26957.132
   215:    27113.132    27121.132    27155.132    27186.132    27268.132
   220:    27301.132    27401.132    27409.132    27620.132    27726.132
   225:    27885.132    27894.132    27931.132    28121.132    28169.132
   230:    28319.132    28329.132    28395.822    28395.920    29895.910
   235:    29897.614    32647.624    32648.714    33112.124    33123.124
   240:    33539.124    33571.124    33710.124    33721.124    33755.124
   245:    33941.124    33985.124    34024.124    34147.124    34228.124
   250:    34323.124    34354.124    34488.124    34500.124    34536.124
   255:    34569.124    34599.124    34635.124    34669.124    34702.124
   260:    34738.124    34771.124    34890.124    34924.124    34958.124
   265:    34995.124    35157.124    35189.124    35215.124    35281.124
   270:    35319.124    35353.124    36884.724    36884.920    36884.901
   275:    36884.094    37184.902    38684.910    38686.613    40636.623
   280:    40637.713    40783.123    40977.123    41010.123    41042.123
   285:    41069.123    41101.123    41133.123    41162.123    41189.123
   290:    41257.123    41291.123    41316.123    41351.123    41379.123
   295:    41420.123    41449.123    41486.123    41511.123    41547.123
   300:    41572.123    41605.123    41674.123    41737.123    41774.123
   305:    41840.123    41869.123    41903.123    41931.123    41964.123
   310:    41994.123    42065.123    42095.123    42130.123    42159.123
   315:    42227.123    42289.123    42325.123    42389.123    42419.123
   320:    42456.123    42529.123    42559.123    42590.723    42590.920
   325:    42590.901    42590.093    42890.902    44390.910    44392.614
   330:    47142.624    47143.714    47348.124    47380.124    47490.124
   335:    47525.124    47557.124    47587.124    47649.124    47679.124
   340:    47710.124    47744.124    47772.124    47807.124    47839.124
   345:    47902.124    47930.124    47965.124    47993.124    48028.124
   350:    48064.124    48091.124    48126.124    48162.124    48190.124
   355:    48225.124    48261.124    48290.124    48324.124    48356.124
   360:    48394.124    48423.124    48458.124    48485.124    48516.124
   365:    48546.124    48578.124    48616.124    48682.124    48713.124
   370:    48747.124    48777.124    48816.124    48846.124    48881.124
   375:    48909.124    48969.124    49006.124    49037.124    49072.124
   380:    49102.124    49138.124    49170.124    49208.124    49234.124
   385:    49270.124    49299.124    49335.124    49364.124    49404.124
   390:    49435.124    49506.124    49569.124    49610.124    49644.124
   395:    49678.124    49782.124    49822.124    49857.124    49887.124
   400:    49904.724    49904.920    49904.901    49904.094    50204.902
   405:    51704.910    51706.615    55556.625    55557.715    56506.125
   410:    56726.125    56735.125    56766.125    56809.125    56847.125
   415:    56961.125    56994.125    57027.125    57056.125    57086.125
   420:    57117.125    57151.125    57181.125    57214.125    57244.125
   425:    57309.125    57343.125    57384.125    57423.125    57463.125
   430:    57495.125    57533.125    57567.125    57601.125    57634.125
   435:    57671.125    57709.125    57740.125    57777.125    57808.125
   440:    57845.125    57877.125    57912.125    57945.125    57981.125
   445:    58010.125    58047.125    58082.125    58119.125    58150.125
   450:    58186.125    58219.125    58255.125    58286.125    58322.125
   455:    58353.125    58389.125    58421.125    58460.125    58493.125
   460:    58537.125    58575.125    58605.125    58642.125    58676.125
   465:    58714.125    58749.125    58786.125    58806.125    58848.125
   470:    58885.125    58921.125    58957.125    59000.125    59034.125
   475:    59071.125    59134.125    59165.125    59193.125    59229.125
   480:    59263.125    59301.125    59333.125    59375.125    59430.725
   485:    59430.920    59430.901    59430.095    59730.902    61230.910
   490:    61232.613    63182.623    63183.713    63422.123    63554.123
   495:    63591.123    63631.123    63665.123    63703.123    63740.123
   500:    63776.123    63813.123    63849.123    63888.123    63924.123
   505:    63953.123    63992.123    64024.123    64061.123    64091.123
   510:    64130.123    64160.123    64199.123    64231.123    64267.123
   515:    64298.123    64335.123    64364.123    64408.123    64439.123
   520:    64472.123    64504.123    64542.123    64574.123    64612.123
   525:    64644.123    64682.123    64713.123    64748.123    64788.123
   530:    64821.123    64858.123    64894.123    64932.123    64966.123
   535:    65009.123    65040.123    65068.123    65107.123    65142.723
   540:    65142.920    65142.901    65142.093    65442.902    66942.910
   545:    66944.611    67944.621    67945.711    68062.121    68138.121
   550:    68173.121    68210.121    68252.121    68321.121    68348.121
   555:    68384.121    68415.121    68455.121    68481.121    68520.121
   560:    68549.121    68587.121    68615.121    68655.121    68685.121
   565:    68719.121    68752.121    68783.121    68817.121    68846.121
   570:    68881.121    68910.121    68946.721    68946.920    68946.901
   575:    68946.091    69246.902    70746.910    70748.615    74598.625
   580:    74599.715    75143.125    75418.125    75451.125    75716.125
   585:    75749.125    75814.125    75879.125    75915.125    75975.125
   590:    76005.125    76033.125    76068.125    76088.125    76124.125
   595:    76148.125    76181.125    76208.125    76275.125    76339.125
   600:    76375.125    76403.125    76435.125    76471.125    76501.125
   605:    76533.125    76560.125    76591.125    76620.125    76656.125
   610:    76682.125    76722.125    76751.125    76784.125    76812.125
   615:    76848.125    76877.125    76916.125    76946.125    76980.125
   620:    77007.125    77041.125    77106.125    77135.125    77169.125
   625:    77203.125    77233.125    77270.125    77298.125    77335.125
   630:    77366.125    77401.125    77431.125    77492.125    77528.125
   635:    77555.125    77590.125    77622.125    77656.125    77685.125
   640:    77721.125    77755.125    77790.125    77821.125    77853.125
   645:    77883.125    77950.125    77984.125    78047.125    78075.125
   650:    78107.125    78138.125    78172.125    78201.125    78237.125
   655:    78293.125    78331.125    78394.125    78427.125    78461.725
   660:    78461.920    78461.901    78461.095    78761.902    80261.910
   665:    80263.611    81263.621    81264.711    82109.121    82189.121
   670:    82218.121    82254.121    82288.721    82288.920    82288.901
   675:    82288.091    82588.902    84088.910    84090.613    86040.623
   680:    86041.713    86393.123    86431.123    86496.123    86538.123
   685:    86573.123    86607.123    86647.123    86685.123    86715.123
   690:    86745.123    86779.123    86815.123    86847.123    86882.123
   695:    86910.123    86944.123    86977.123    87007.123    87041.123
   700:    87076.123    87106.123    87140.123    87177.123    87206.123
   705:    87239.123    87268.123    87301.123    87330.123    87366.123
   710:    87394.123    87454.123    87487.123    87516.123    87551.123
   715:    87581.123    87615.123    87641.123    87677.123    87705.123
   720:    87742.123    87773.123    87809.123    87840.123    87874.123
   725:    87902.123    87973.123    88008.723    88008.920    88008.901
   730:    88008.093    88308.902    89808.910    89810.611    90810.621
   735:    90811.711    91104.121    91224.121    91260.121    91286.121
   740:    91321.121    91354.121    91389.121    91416.121    91452.121
   745:    91490.121    91528.121    91559.121    91590.121    91627.121
   750:    91665.121    91700.121    91735.121    91764.121    91804.121
   755:    91833.721    91833.920    91833.901    91833.091    92133.902
   760:    93633.910    93635.614    96385.624    96386.814    96669.134
   765:    96777.134    96809.134    96843.134    96877.134    96922.134
   770:    96965.134    96998.134    97028.134    97056.134    97116.134
   775:    97144.134    97175.134    97204.134    97236.134    97266.134
   780:    97331.134    97362.134    97389.134    97425.134    97453.134
   785:    97483.134    97541.134    97568.134    97631.134    97659.134
   790:    97691.134    97720.134    97756.134    97785.134    97816.134
   795:    97852.134    97882.134    97914.134    97942.134    97975.134
   800:    98004.134    98069.134    98102.134    98131.134    98164.134
   805:    98194.134    98226.134    98253.134    98285.134    98324.134
   810:    98351.134    98384.134    98448.134    98506.134    98541.134
   815:    98567.134    98603.134    98632.134    98661.134    98697.134
   820:    98731.134    98759.134    98795.134    98824.134    98857.134
   825:    98871.134    98905.134    98944.134    98980.134    99011.134
   830:    99055.134    99089.134    99119.134    99158.134    99229.134
   835:    99257.134    99296.134    99359.134    99388.134    99422.134
   840:    99452.134    99490.134    99521.134    99556.134    99585.134
   845:    99622.134    99649.134    99691.134    99720.134    99757.134
   850:    99786.134    99825.134    99853.134    99888.134    99919.134
   855:    99955.134   100032.134   100064.134   100139.134   100219.134
   860:   100286.134   100321.134   100356.134   100495.134   100524.134
   865:   100551.134   100577.134   100645.134   100841.134   100981.134
   870:   101134.134   101886.824   101886.920   103386.910   103388.614
   875:   106138.624   106139.814   106767.134   106808.134   106847.134
   880:   106886.134   106927.134   106968.134   107006.134   107112.134
   885:   107140.134   107174.134   107205.134   107236.134   107266.134
   890:   107294.134   107328.134   107357.134   107388.134   107422.134
   895:   107455.134   107485.134   107511.134   107544.134   107575.134
   900:   107610.134   107640.134   107670.134   107698.134   107760.134
   905:   107795.134   107823.134   107856.134   107884.134   107915.134
   910:   107945.134   107979.134   108009.134   108043.134   108071.134
   915:   108106.134   108137.134   108170.134   108224.134   108253.134
   920:   108284.134   108336.134   108366.134   108400.134   108438.134
   925:   108468.134   108502.134   108532.134   108567.134   108595.134
   930:   108628.134   108657.134   108691.134   108729.134   108758.134
   935:   108791.134   108822.134   108858.134   108888.134   108924.134
   940:   108952.134   108988.134   109021.134   109061.134   109089.134
   945:   109124.134   109159.134   109196.134   109228.134   109268.134
   950:   109300.134   109338.134   109370.134   109409.134   109447.134
   955:   109491.134   109519.134   109587.134   109665.134   109703.134
   960:   109734.134   109767.134   109800.134   109865.134   109941.134
   965:   109984.134   110066.134   110179.134   111639.824   111639.920
   970:   113139.910   113141.611   114141.621   114142.711   116807.721
   975:   116807.920   116807.901   116807.091   117107.902   118607.910
   980:   118609.612   120009.622   120010.812   120542.132   120654.132
   985:   120723.132   120753.132   120783.132   120809.132   120843.132
   990:   120875.132   120902.132   120936.132   120969.132   121006.132
   995:   121033.132   121070.132   121101.132   121133.132   121167.132
  1000:   121195.132   121233.132   121263.132   121296.132   121329.132
  1005:   121358.132   121390.132   121455.132   121486.132   121516.132
  1010:   121544.132   121577.132   121608.132   121634.132   121669.132
  1015:   121697.132   121762.132   121826.132   121858.132   121922.132
  1020:   121949.132   121983.132   122016.132   122054.132   122086.132
  1025:   122126.132   122196.132   122227.132   122263.132   122297.132
  1030:   122336.132   122373.132   122456.132   122471.132   122509.132
  1035:   122544.132   122607.132   122636.132   122672.132   122703.132
  1040:   122747.132   122787.132   122825.132   122865.132   122899.132
  1045:   122939.132   123078.132   123123.132   123155.132   123199.132
  1050:   123236.132   123271.132   123418.132   123610.822   123610.920
  1055:   125110.910   125112.613   127062.623   127063.813   127872.133
  1060:   127962.133   128037.133   128084.133   128119.133   128155.133
  1065:   128195.133   128228.133   128267.133   128301.133   128338.133
  1070:   128369.133   128409.133   128440.133   128481.133   128517.133
  1075:   128560.133   128591.133   128631.133   128680.133   128712.133
  1080:   128751.133   128783.133   128823.133   128864.133   128897.133
  1085:   128931.133   128973.133   129005.133   129047.133   129083.133
  1090:   129116.133   129154.133   129193.133   129227.133   129267.133
  1095:   129305.133   129336.133   129376.133   129409.133   129451.133
  1100:   129484.133   129523.133   129556.133   129596.133   129629.133
  1105:   129671.133   129704.133   129726.133   129771.133   129805.133
  1110:   129866.133   129904.133   129944.133   129976.133   130013.133
  1115:   130042.133   130083.133   130117.133   130159.133   130187.133
  1120:   130215.133   130256.133   130273.133   130311.133   130349.133
  1125:   130388.133   130430.133   130492.133   130532.133   130562.133
  1130:   130609.133   130660.133   130725.133   130759.133   130797.133
  1135:   130840.133   130934.133   131014.133   131055.133   131099.133
  1140:   131145.133   131242.133   131263.823   131263.920   132763.910
  1145:   132765.614   135515.624   135516.814   136510.134   136567.134
  1150:   136992.134   137035.134   137078.134   137122.134   137162.134
  1155:   137203.134   137249.134   137289.134   137320.134   137358.134
  1160:   137390.134   137424.134   137461.134   137495.134   137534.134
  1165:   137565.134   137601.134   137638.134   137674.134   137713.134
  1170:   137750.134   137782.134   137819.134   137850.134   137888.134
  1175:   137925.134   137964.134   137999.134   138034.134   138073.134
  1180:   138093.134   138133.134   138172.134   138208.134   138246.134
  1185:   138279.134   138317.134   138355.134   138395.134   138429.134
  1190:   138472.134   138562.134   138598.134   138631.134   138674.134
  1195:   138714.134   138755.134   138787.134   138822.134   138854.134
  1200:   138942.134   139038.134   139058.134   139101.134   139141.134
  1205:   139173.134   139243.134   139330.134   139930.134   140210.134
  1210:   140336.134   141016.824   141016.920   142516.910   142518.615
  1215:   146368.625   146369.715   146857.125   146870.125   147315.125
  1220:   147351.125   147400.125   147771.125   147953.125   148106.125
  1225:   148383.125   148436.125   148477.125   148557.125   148594.125
  1230:   148639.125   148677.125   148718.125   148773.125   148814.125
  1235:   148852.125   148911.125   148983.125   149030.125   149136.125
  1240:   149157.125   149199.125   149236.125   149267.125   149318.125
  1245:   149358.125   149389.125   149422.125   149457.125   149490.125
  1250:   149524.125   149565.125   149598.125   149633.125   149667.125
  1255:   149702.125   149737.125   149773.125   149806.125   149844.125
  1260:   149877.125   149914.125   149949.125   149987.125   150024.125
  1265:   150058.125   150093.125   150131.125   150168.125   150214.125
  1270:   150274.725   150274.920   150274.901   150274.095   150574.902
  1275:   152074.910   152076.615   155926.625   155927.715   179137.725
  1280:   179137.920   179137.901   179137.095   179437.902   180937.910
  1285:   180939.615   184789.625   184790.815   184975.135   184987.135
  1290:   185072.135   185710.135   185884.135   186141.135   186270.135
  1295:   186350.135   186393.135   186460.135   186489.135   186521.135
  1300:   186547.135   186584.135   186619.135   186655.135   186694.135
  1305:   186732.135   186769.135   186808.135   186841.135   186878.135
  1310:   186915.135   186947.135   186979.135   187013.135   187048.135
  1315:   187078.135   187112.135   187143.135   187177.135   187210.135
  1320:   187241.135   187273.135   187302.135   187336.135   187378.135
  1325:   187408.135   187445.135   187476.135   187515.135   187549.135
  1330:   187585.135   187617.135   187652.135   187684.135   187725.135
  1335:   187757.135   187791.135   187824.135   187859.135   187892.135
  1340:   187928.135   187960.135   188025.135   188062.135   188094.135
  1345:   188131.135   188165.135   188204.135   188233.135   188269.135
  1350:   188299.135   188339.135   188369.135   188407.135   188444.135
  1355:   188482.135   188521.135   188584.135   188622.135   188658.135
  1360:   188700.135   188732.135   188771.135   188805.135   188836.135
  1365:   188869.135   188908.135   188941.135   188982.135   189020.135
  1370:   189094.135   189138.135   189187.135   189221.135   189261.135
  1375:   189297.135   189383.135   189419.135   189444.135   189480.135
  1380:   189534.135   189766.135   189825.135   190054.135   191212.135
  1385:   191380.135   192432.135   192490.825   192490.920   193990.910
  1390:   193992.615   197842.625   197843.715   333198.725   333198.920
  1395:   333198.901   333198.095   333498.902   334998.910   335000.614
  1400:   337750.624   337751.714   338753.124   338760.124   361356.724
  1405:   361356.920   361356.901   361356.094   361656.902   363156.910
  1410:   363158.611   364158.621   364159.711   364418.121   364457.121
  1415:   364872.121   364909.121   364942.121   364977.121   365005.121
  1420:   365045.121   365078.121   365109.121   365152.121   365185.721
  1425:   365185.920   365185.901   365185.091   365485.902   366985.910
  1430:   366987.615   370837.625   370838.715   371580.125   371714.125
  1435:   371899.125   372018.125   372051.125   372083.125   372115.125
  1440:   372196.125   372326.125   372359.125   372386.125   372423.125
  1445:   372452.125   372476.125   372507.125   372537.125   372599.125
  1450:   372635.125   372694.125   372721.125   372760.125   372822.125
  1455:   372849.125   372883.125   372911.125   372944.125   372979.125
  1460:   373051.125   373079.125   373114.125   373151.125   373183.125
  1465:   373219.125   373247.125   373283.125   373313.125   373351.125
  1470:   373380.125   373413.125   373442.125   373476.125   373506.125
  1475:   373540.125   373638.125   373679.125   373711.125   373746.125
  1480:   373778.125   373814.125   373846.125   373883.125   373914.125
  1485:   373952.125   373987.125   374024.125   374059.125   374095.125
  1490:   374177.125   374217.125   374249.125   374284.125   374314.125
  1495:   374348.125   374380.125   374416.125   374447.125   374482.125
  1500:   374512.125   374549.125   374582.125   374624.125   374663.125
  1505:   374698.725   374698.920   374698.901   374698.095   374998.902
  1510:   376498.910   376500.611   377500.621   377501.711   377693.121
  1515:   377726.121   377759.121   377794.121   377820.121   377854.121
  1520:   377883.121   377918.121   377951.121   377989.121   378016.121
  1525:   378057.121   378088.121   378118.121   378154.121   378182.121
  1530:   378222.121   378251.121   378289.121   378321.121   378388.121
  1535:   378418.121   378454.121   378485.121   378515.721   378515.920
  1540:   378515.901   378515.091   378815.902   380315.910   380317.612
  1545:   381717.622   381718.712   381914.122   381946.122   381982.122
  1550:   382018.122   382051.122   382082.122   382117.122   382144.122
  1555:   382183.122   382217.122   382252.122   382282.122   382324.122
  1560:   382353.122   382392.122   382422.122   382456.122   382533.122
  1565:   382568.122   382599.122   382635.122   382667.122   382703.122
  1570:   382733.122   382768.122   382798.122   382836.122   382872.122
  1575:   382905.122   382944.122   382975.122   383010.122   383045.122
  1580:   383086.122   383116.122   383152.722   383152.920   383152.901
  1585:   383152.092   383452.902   384952.910   384954.613   386904.623
  1590:   386905.713   387122.123   387160.123   387192.123   387229.123
  1595:   387269.123   387301.123   387341.123   387376.123   387409.123
  1600:   387437.123   387495.123   387527.123   387561.123   387594.123
  1605:   387623.123   387654.123   387686.123   387713.123   387748.123
  1610:   387842.123   387877.123   387905.123   387938.123   387967.123
  1615:   387999.123   388033.123   388061.123   388096.123   388124.123
  1620:   388154.123   388186.123   388214.123   388249.123   388277.123
  1625:   388312.123   388339.123   388402.123   388437.123   388472.123
  1630:   388507.123   388535.123   388599.123   388636.123   388670.123
  1635:   388698.123   388731.123   388760.123   388793.123   388828.123
  1640:   388858.723   388858.920   388858.901   388858.093   389158.902
  1645:   390658.910   390660.615   394510.625   394511.715   395032.125
  1650:   395124.125   395161.125   395195.125   395228.125   395258.125
  1655:   395289.125   395320.125   395351.125   395387.125   395424.125
  1660:   395460.125   395501.125   395540.125   395576.125   395642.125
  1665:   395672.125   395702.125   395734.125   395764.125   395794.125
  1670:   395827.125   395856.125   395886.125   395920.125   395950.125
  1675:   395981.125   396011.125   396044.125   396072.125   396109.125
  1680:   396136.125   396171.125   396201.125   396233.125   396264.125
  1685:   396298.125   396327.125   396361.125   396388.125   396421.125
  1690:   396461.125   396490.125   396523.125   396549.125   396584.125
  1695:   396614.125   396652.125   396684.125   396717.125   396759.125
  1700:   396790.125   396823.125   396851.125   396882.125   396915.125
  1705:   396946.125   396985.125   397015.125   397050.125   397083.125
  1710:   397110.125   397147.125   397178.125   397216.125   397244.125
  1715:   397278.125   397308.125   397340.125   397370.125   397404.125
  1720:   397451.125   397481.125   397500.125   397563.125   397593.125
  1725:   397632.125   397659.125   397689.125   397716.125   397748.125
  1730:   397780.125   397811.125   397841.125   397876.125   397907.125
  1735:   397972.125   398006.125   398038.125   398060.125   398096.125
  1740:   398128.125   398156.125   398190.125   398220.125   398250.125
  1745:   398282.125   398314.125   398342.125   398380.725   398380.920
  1750:   398380.901   398380.095   398680.902   400180.910   400182.612
  1755:   401582.622   401583.712   401847.122   401876.122   401910.122
  1760:   401941.122   401971.122   402006.122   402042.122   402075.122
  1765:   402113.122   402148.122   402182.122   402214.122   402245.122
  1770:   402278.122   402340.122   402372.122   402403.122   402441.122
  1775:   402467.122   402501.122   402562.122   402596.122   402634.122
  1780:   402665.122   402700.122   402731.122   402793.122   402833.122
  1785:   402862.122   402901.122   402965.122   402994.722   402994.920
  1790:   402994.901   402994.092   403294.902   404794.910   404796.611
  1795:   405796.621   405797.811   406032.131   406072.131   406107.131
  1800:   406141.131   406177.131   406214.131   406245.131   406283.131
  1805:   406312.131   406352.131   406381.131   406421.131   406452.131
  1810:   406493.131   406525.131   406561.131   406593.131   406639.131
  1815:   406671.131   406706.131   406735.131   406772.131   406800.131
  1820:   406837.131   406869.131   406902.131   406930.131   406994.131
  1825:   407031.131   407065.131   407097.131   407136.131   407167.131
  1830:   407206.131   407236.131   407272.131   407300.131   407335.131
  1835:   407365.131   407400.131   407428.131   407463.131   407493.131
  1840:   407533.131   407565.131   407641.131   407680.131   407711.131
  1845:   407749.131   407781.131   407819.131   407849.131   407890.131
  1850:   407931.131   407966.131   408006.131   408040.131   408079.131
  1855:   408111.131   408152.131   408183.131   408220.131   408251.131
  1860:   408289.131   408325.131   408362.131   408442.131   408494.131
  1865:   408527.131   408556.131   408589.131   408617.131   408655.131
  1870:   408690.131   408731.131   408807.131   408846.131   408882.131
  1875:   408923.131   408997.821   408997.920   410497.910   410499.611
  1880:   411499.621   411500.711   411743.121   411815.121   411846.121
  1885:   411887.121   411921.121   411958.121   411988.121   412020.121
  1890:   412052.121   412082.121   412114.121   412146.121   412177.121
  1895:   412211.121   412243.121   412273.121   412310.121   412371.121
  1900:   412402.121   412434.121   412463.121   412494.121   412528.721
  1905:   412528.920   412528.901   412528.091   412828.902   414328.910
  1910:   414330.615   418180.625   418181.715   418508.125   418738.125
  1915:   418822.125   419059.125   419093.125   419129.125   419160.125
  1920:   419227.125   419271.125   419304.125   419371.125   419405.125
  1925:   419434.125   419467.125   419496.125   419531.125   419563.125
  1930:   419628.125   419665.125   419698.125   419733.125   419765.125
  1935:   419800.125   419829.125   419866.125   419896.125   419930.125
  1940:   419965.125   419998.125   420032.125   420064.125   420098.125
  1945:   420129.125   420164.125   420198.125   420233.125   420263.125
  1950:   420297.125   420327.125   420365.125   420396.125   420432.125
  1955:   420461.125   420492.125   420556.125   420594.125   420624.125
  1960:   420660.125   420689.125   420719.125   420756.125   420773.125
  1965:   420808.125   420844.125   420877.125   420916.125   420946.125
  1970:   420981.125   421041.125   421069.125   421126.125   421158.125
  1975:   421192.125   421224.125   421260.125   421290.125   421327.125
  1980:   421357.125   421393.125   421427.125   421489.125   421528.125
  1985:   421562.125   421604.125   421634.125   421670.125   421700.125
  1990:   421734.125   421803.125   421869.125   421898.125   421933.125
  1995:   422003.125   422034.725   422034.920   422034.901   422034.095
  2000:   422334.902   423834.910   423836.611   424836.621   424837.711
  2005:   425078.121   425147.121   425216.121   425249.121   425285.121
  2010:   425319.121   425354.121   425425.121   425457.121   425497.121
  2015:   425527.121   425567.121   425596.121   425638.121   425667.121
  2020:   425704.121   425734.121   425769.121   425798.121   425835.121
  2025:   425867.721   425867.920   425867.901   425867.091   426167.902
  2030:   427667.910   427669.614   430419.624   430420.814   431070.134
  2035:   431107.134   431175.134   431215.134   431249.134   431284.134
  2040:   431319.134   431350.134   431385.134   431415.134   431449.134
  2045:   431478.134   431512.134   431552.134   431584.134   431624.134
  2050:   431659.134   431689.134   431725.134   431765.134   431794.134
  2055:   431832.134   431901.134   431933.134   431969.134   432003.134
  2060:   432042.134   432078.134   432111.134   432146.134   432175.134
  2065:   432215.134   432252.134   432285.134   432320.134   432363.134
  2070:   432395.134   432432.134   432464.134   432507.134   432537.134
  2075:   432569.134   432605.134   432640.134   432677.134   432705.134
  2080:   432744.134   432777.134   432815.134   432845.134   432883.134
  2085:   432953.134   432990.134   433029.134   433064.134   433102.134
  2090:   433138.134   433178.134   433211.134   433250.134   433279.134
  2095:   433319.134   433350.134   433389.134   433428.134   433461.134
  2100:   433498.134   433536.134   433565.134   433602.134   433637.134
  2105:   433675.134   433709.134   433745.134   433780.134   433815.134
  2110:   433846.134   433884.134   433943.134   433976.134   434015.134
  2115:   434050.134   434076.134   434113.134   434162.134   434194.134
  2120:   434228.134   434298.134   434332.134   434361.134   434400.134
  2125:   434430.134   434471.134   434504.134   434547.134   434581.134
  2130:   434617.134   434656.134   434700.134   434778.134   434810.134
  2135:   434847.134   434882.134   434924.134   434960.134   434993.134
  2140:   435032.134   435068.134   435162.134   435191.134   435222.134
  2145:   435270.134   435307.134   435451.134   435500.134   435535.134
  2150:   435809.134   435920.824   435920.920   437420.910   437422.614
  2155:   440172.624   440173.714   465620.724   465620.920   465620.901
  2160:   465620.094   465920.902   467420.910   467422.613   469372.623
  2165:   469373.713   469828.123   469907.123   469951.123   469996.123
  2170:   470045.123   470117.123   470152.123   470187.123   470222.123
  2175:   470263.123   470301.123   470335.123   470374.123   470406.123
  2180:   470445.123   470481.123   470513.123   470549.123   470587.123
  2185:   470622.123   470661.123   470694.123   470739.123   470769.123
  2190:   470806.123   470838.123   470875.123   470915.123   470948.123
  2195:   470985.123   471016.123   471051.123   471093.123   471125.123
  2200:   471163.123   471194.123   471233.123   471265.123   471303.123
  2205:   471337.723   471337.920   471337.901   471337.093   471637.902
  2210:   473137.910   473139.613   475089.623   475090.713   475220.123
  2215:   475295.123   475332.123   475373.123   475407.123   475452.123
  2220:   475483.123   475518.123   475562.123   475597.123   475636.123
  2225:   475668.123   475701.123   475733.123   475768.123   475798.123
  2230:   475833.123   475866.123   475902.123   475931.123   475968.123
  2235:   476000.123   476039.123   476070.123   476106.123   476143.123
  2240:   476175.123   476212.123   476243.123   476280.123   476310.123
  2245:   476347.123   476378.123   476416.123   476449.123   476490.123
  2250:   476522.123   476560.123   476593.123   476630.123   476667.123
  2255:   476698.123   476739.123   476770.123   476810.123   476839.123
  2260:   476877.123   476909.123   476951.123   476985.123   477023.123
  2265:   477055.723   477055.920   477055.901   477055.093   477355.902
  2270:   478855.910   478857.612   480257.622   480258.712   480402.122
  2275:   480440.122   480482.122   480513.122   480556.122   480594.122
  2280:   480633.122   480668.122   480699.122   480739.122   480772.122
  2285:   480806.122   480842.122   480874.122   480910.122   480942.122
  2290:   480978.122   481011.122   481048.122   481083.122   481125.122
  2295:   481155.122   481191.122   481223.122   481261.122   481292.122
  2300:   481329.122   481362.122   481398.122   481430.122   481469.122
  2305:   481502.122   481540.122   481572.122   481610.122   481640.122
  2310:   481676.722   481676.920   481676.901   481676.092   481976.902
  2315:   483476.910   483478.613   485428.623   485429.713   485619.123
  2320:   485660.123   485701.123   485738.123   485776.123   485820.123
  2325:   485861.123   485891.123   485926.123   485961.123   486003.123
  2330:   486034.123   486069.123   486103.123   486131.123   486170.123
  2335:   486199.123   486232.123   486262.123   486296.123   486326.123
  2340:   486364.123   486397.123   486437.123   486469.123   486507.123
  2345:   486545.123   486577.123   486617.123   486655.123   486687.123
  2350:   486723.123   486762.123   486793.123   486831.123   486864.123
  2355:   486902.123   486932.123   486970.123   487003.123   487044.123
  2360:   487075.123   487111.123   487142.123   487180.123   487211.123
  2365:   487247.123   487279.123   487318.123   487349.123   487385.723
  2370:   487385.920   487385.901   487385.093   487685.902   489185.910
  2375:   489187.611   490187.621   490188.811   490334.131   490388.131
  2380:   490420.131   490464.131   490498.131   490534.131   490566.131
  2385:   490599.131   490634.131   490671.131   490708.131   490742.131
  2390:   490778.131   490816.131   490846.131   490887.131   490917.131
  2395:   490954.131   490987.131   491024.131   491058.131   491098.131
  2400:   491131.131   491167.131   491199.131   491236.131   491268.131
  2405:   491304.131   491336.131   491374.131   491407.131   491445.131
  2410:   491476.131   491517.131   491551.131   491595.131   491629.131
  2415:   491669.131   491705.131   491743.131   491776.131   491858.131
  2420:   491899.131   491933.131   491975.131   492007.131   492047.131
  2425:   492079.131   492117.131   492148.131   492187.131   492219.131
  2430:   492260.131   492295.131   492334.131   492367.131   492408.131
  2435:   492439.131   492479.131   492515.131   492557.131   492589.131
  2440:   492620.131   492661.131   492693.131   492735.131   492772.131
  2445:   492816.131   492854.131   492905.131   493013.131   493096.131
  2450:   493130.131   493161.131   493196.131   493274.131   493317.131
  2455:   493353.131   493388.821   493388.920   493404.411   494888.910
  2460:   494890.612   496290.622   496291.812   496650.132   496693.132
  2465:   496744.132   496783.132   496819.132   496864.132   496901.132
  2470:   496935.132   496971.132   497020.132   497057.132   497094.132
  2475:   497129.132   497165.132   497203.132   497240.132   497276.132
  2480:   497304.132   497339.132   497371.132   497404.132   497438.132
  2485:   497471.132   497506.132   497544.132   497581.132   497613.132
  2490:   497649.132   497683.132   497718.132   497748.132   497784.132
  2495:   497815.132   497850.132   497884.132   497920.132   497952.132
  2500:   497987.132   498020.132   498055.132   498089.132   498125.132
  2505:   498158.132   498193.132   498226.132   498261.132   498293.132
  2510:   498347.132   498380.132   498411.132   498447.132   498478.132
  2515:   498518.132   498554.132   498590.132   498626.132   498658.132
  2520:   498698.132   498730.132   498768.132   498800.132   498839.132
  2525:   498872.132   498910.132   498941.132   498982.132   499016.132
  2530:   499052.132   499089.132   499124.132   499164.132   499196.132
  2535:   499235.132   499269.132   499304.132   499340.132   499376.132
  2540:   499409.132   499448.132   499486.132   499530.132   499563.132
  2545:   499600.132   499630.132   499666.132   499699.132   499736.132
  2550:   499768.132   499805.132   499836.132   499875.132   499891.822
  2555:   499891.920   501391.910   501393.611   502393.621   502394.711
  2560:   502574.121   502618.121   502659.121   502696.121   502729.121
  2565:   502767.121   502799.121   502836.121   502874.121   502915.121
  2570:   502953.121   502986.121   503018.121   503048.121   503084.121
  2575:   503116.121   503150.121   503181.121   503217.121   503250.121
  2580:   503284.121   503313.121   503348.121   503387.121   503419.721
  2585:   503419.920   503419.901   503419.091   503719.902   505219.910
  2590:   505221.612   506621.622   506622.712   506770.122   506815.122
  2595:   506856.122   506898.122   506941.122   506977.122   507021.122
  2600:   507061.122   507089.122   507122.122   507158.122   507188.122
  2605:   507223.122   507251.122   507285.122   507316.122   507352.122
  2610:   507383.122   507414.122   507448.122   507483.122   507517.122
  2615:   507553.122   507585.122   507619.122   507655.122   507689.122
  2620:   507724.122   507761.122   507794.122   507829.122   507863.122
  2625:   507899.122   507937.122   507972.122   508007.122   508039.722
  2630:   508039.920   508039.901   508039.092   508339.902   509839.910
  2635:   509841.615   513691.625   513692.815   515189.135   515230.135
  2640:   515267.135   515308.135   515347.135   515381.135   515410.135
  2645:   515444.135   515477.135   515511.135   515591.135   515634.135
  2650:   515671.135   515710.135   515755.135   515796.135   515867.135
  2655:   515896.135   515930.135   515963.135   515994.135   516056.135
  2660:   516086.135   516153.135   516185.135   516224.135   516256.135
  2665:   516291.135   516324.135   516356.135   516391.135   516425.135
  2670:   516456.135   516490.135   516523.135   516558.135   516593.135
  2675:   516626.135   516659.135   516693.135   516727.135   516758.135
  2680:   516791.135   516823.135   516858.135   516891.135   516926.135
  2685:   516995.135   517027.135   517064.135   517094.135   517132.135
  2690:   517162.135   517197.135   517226.135   517260.135   517292.135
  2695:   517325.135   517421.135   517489.135   517523.135   517558.135
  2700:   517590.135   517626.135   517661.135   517695.135   517725.135
  2705:   517762.135   517791.135   517824.135   517856.135   517890.135
  2710:   517922.135   517957.135   517988.135   518023.135   518055.135
  2715:   518094.135   518133.135   518170.135   518210.135   518248.135
  2720:   518281.135   518319.135   518349.135   518384.135   518458.135
  2725:   518492.135   518531.135   518574.135   518613.135   518694.135
  2730:   518727.135   518832.135   518866.135   518895.135   518934.135
  2735:   519073.135   519118.135   519197.135   519333.135   519368.135
  2740:   521392.825   521392.920   522892.910   522894.615   526744.625
  2745:   526745.715   544431.725   544431.920   544431.901   544431.095
  2750:   544731.902   546231.910   546233.613   548183.623   548184.713
  2755:   548434.123   548473.123   548616.123   548774.123   548801.123
  2760:   548833.123   548869.123   548900.123   548939.123   549026.123
  2765:   549061.123   549099.123   549252.123   549282.123   549315.123
  2770:   549453.123   549482.123   549509.123   549538.123   549571.123
  2775:   549605.123   549642.123   549671.123   549704.123   549735.123
  2780:   549768.123   549801.123   549833.123   549881.123   549919.123
  2785:   549951.123   549985.123   550015.123   550049.123   550081.123
  2790:   550115.123   550144.723   550144.920   550144.901   550144.093
  2795:   550444.902   551944.910   551946.611   552946.621   552947.711
  2800:   553167.121   553504.121   553537.121   553575.121   553609.121
  2805:   553643.121   553679.121   553711.121   553745.121   553778.121
  2810:   553813.121   553847.121   553877.121   553912.121   553943.121
  2815:   553978.721   553978.920   553978.901   553978.091   554278.902
  2820:   555778.910   555780.611   556780.621   556781.811   556945.131
  2825:   556985.131   557011.131   557046.131   557081.131   557140.131
  2830:   557178.131   557205.131   557242.131   557270.131   557304.131
  2835:   557337.131   557373.131   557402.131   557440.131   557469.131
  2840:   557506.131   557541.131   557572.131   557609.131   557676.131
  2845:   557711.131   557742.131   557778.131   557808.131   557843.131
  2850:   557906.131   557942.131   557973.131   558008.131   558035.131
  2855:   558072.131   558140.131   558168.131   558203.131   558233.131
  2860:   558271.131   558308.131   558341.131   558380.131   558448.131
  2865:   558481.131   558518.131   558588.131   558620.131   558658.131
  2870:   558693.131   558734.131   558769.131   558810.131   558842.131
  2875:   558915.131   558957.131   558991.131   559023.131   559054.131
  2880:   559095.131   559137.131   559173.131   559205.131   559299.131
  2885:   559341.131   559431.131   559463.131   559581.131   559615.131
  2890:   559650.131   559890.131   559899.131   559981.821   559981.920
  2895:   561481.910   561483.612   562883.622   562884.812   565300.132
  2900:   565316.132   565530.132   565566.132   565664.132   565699.132
  2905:   565736.132   565839.132   565872.132   565903.132   565937.132
  2910:   565972.132   566005.132   566042.132   566077.132   566115.132
  2915:   566149.132   566187.132   566214.132   566280.132   566317.132
  2920:   566347.132   566381.132   566413.132   566447.132   566481.132
  2925:   566484.822   566484.920   567984.910   567986.611   568986.621
  2930:   568987.711   569444.121   569481.121   569623.121   569704.121
  2935:   569739.121   569846.121   569880.121   569913.121   569945.121
  2940:   569976.121   570012.721   570012.920   570012.901   570012.091
  2945:   570312.902   571812.910   571814.611   572814.621   572815.711
  2950:   572989.121   573026.121   573062.121   573130.121   573158.121
  2955:   573193.121   573228.121   573265.121   573293.121   573337.121
  2960:   573367.121   573404.121   573437.121   573472.121   573500.121
  2965:   573537.121   573566.121   573605.121   573672.121   573702.121
  2970:   573739.121   573768.121   573837.721   573837.920   573837.901
  2975:   573837.091   574137.902   575637.910   575639.613   577589.623
  2980:   577590.713   577728.123   577766.123   577802.123   577835.123
  2985:   577868.123   577906.123   577937.123   577987.123   578023.123
  2990:   578090.123   578127.123   578188.123   578217.123   578287.123
  2995:   578325.123   578354.123   578413.123   578453.123   578482.123
  3000:   578543.123   578570.123   578607.123   578640.123   578672.123
  3005:   578708.123   578735.123   578771.123   578798.123   578833.123
  3010:   578863.123   578898.123   578928.123   578992.123   579030.123
  3015:   579058.123   579095.123   579125.123   579162.123   579192.123
  3020:   579229.123   579259.123   579299.123   579333.123   579375.123
  3025:   579415.123   579470.123   579507.123   579542.723   579542.920
  3030:   579542.901   579542.093   579842.902   581342.910   581344.614
  3035:   584094.624   584095.714   585078.124   585130.124   585171.124
  3040:   585200.124   585271.124   585338.124   585376.124   585411.124
  3045:   585441.124   585471.124   585505.124   585570.124   585607.124
  3050:   585640.124   585677.124   585712.124   585747.124   585782.124
  3055:   585818.124   585850.124   585886.124   585919.124   585957.124
  3060:   585990.124   586028.124   586063.124   586130.124   586167.124
  3065:   586230.124   586261.124   586291.124   586331.124   586365.124
  3070:   586402.124   586430.124   586468.124   586495.124   586533.124
  3075:   586565.124   586594.124   586629.124   586657.124   586694.124
  3080:   586756.124   586788.124   586823.124   586856.724   586856.920
  3085:   586856.901   586856.094   587156.902   588656.910   588658.615
  3090:   592508.625   592509.715   594422.125   594732.125   594804.125
  3095:   594972.125   595002.125   595065.125   595098.125   595168.125
  3100:   595197.125   595229.125   595272.125   595337.125   595373.125
  3105:   595409.125   595439.125   595473.125   595537.125   595565.125
  3110:   595598.125   595627.125   595659.125   595688.125   595720.125
  3115:   595756.125   595787.125   595818.125   595852.125   595879.125
  3120:   595918.125   595947.125   595979.125   596008.125   596040.125
  3125:   596070.125   596134.125   596168.125   596258.125   596293.125
  3130:   596326.125   596361.725   596361.920   596361.901   596361.095
  3135:   596661.902   598161.910   598163.612   599563.622   599564.712
  3140:   599742.122   599783.122   599821.122   599858.122   599890.122
  3145:   599922.122   599959.122   599994.122   600030.122   600064.122
  3150:   600096.122   600125.122   600218.122   600255.122   600286.122
  3155:   600315.122   600389.122   600453.122   600481.122   600518.122
  3160:   600548.122   600585.122   600616.122   600652.122   600682.122
  3165:   600716.122   600746.122   600783.122   600814.122   600848.122
  3170:   600879.122   600918.122   600948.122   600967.722   600967.920
  3175:   600967.901   600967.092   601267.902   602767.910   602769.613
  3180:   604719.623   604720.713   604895.123   604962.123   604997.123
  3185:   605029.123   605061.123   605091.123   605125.123   605156.123
  3190:   605192.123   605220.123   605258.123   605291.123   605327.123
  3195:   605391.123   605424.123   605456.123   605488.123   605524.123
  3200:   605556.123   605590.123   605622.123   605689.123   605726.123
  3205:   605759.123   605795.123   605826.123   605861.123   605890.123
  3210:   605926.123   605958.123   605991.123   606027.123   606058.123
  3215:   606097.123   606131.123   606168.123   606200.123   606236.123
  3220:   606270.123   606301.123   606332.123   606370.123   606405.123
  3225:   606444.123   606480.123   606512.123   606549.123   606580.123
  3230:   606615.123   606648.123   606685.723   606685.920   606685.901
  3235:   606685.093   606985.902   608485.910   608487.611   609487.621
  3240:   609488.711   609605.121   609644.121   609679.121   609714.121
  3245:   609750.121   609784.121   609814.121   609848.121   609880.121
  3250:   609911.121   609944.121   609973.121   610007.121   610036.121
  3255:   610071.121   610104.121   610136.121   610201.121   610231.121
  3260:   610265.121   610296.121   610333.121   610362.121   610398.121
  3265:   610430.121   610464.121   610501.721   610501.920   610501.901
  3270:   610501.091   610801.902   612301.910   612303.613   614253.623
  3275:   614254.713   614367.123   614434.123   614470.123   614499.123
  3280:   614536.123   614566.123   614596.123   614627.123   614660.123
  3285:   614689.123   614753.123   614784.123   614813.123   614846.123
  3290:   614875.123   614907.123   614938.123   615005.123   615041.123
  3295:   615073.123   615105.123   615135.123   615169.123   615201.123
  3300:   615234.123   615267.123   615301.123   615329.123   615363.123
  3305:   615392.123   615455.123   615490.123   615519.123   615555.123
  3310:   615586.123   615621.123   615649.123   615685.123   615717.123
  3315:   615751.123   615781.123   615845.123   615881.123   615908.123
  3320:   615946.123   615973.123   616008.123   616042.123   616084.123
  3325:   616148.123   616180.123   616215.723   616215.920   616215.901
  3330:   616215.093   616515.902   618015.910   618017.611   619017.621
  3335:   619018.711   619185.121   619227.121   619258.121   619295.121
  3340:   619332.121   619367.121   619403.121   619435.121   619470.121
  3345:   619501.121   619534.121   619564.121   619602.121   619632.121
  3350:   619665.121   619695.121   619734.121   619761.121   619796.121
  3355:   619828.121   619861.121   619892.121   619927.121   619958.121
  3360:   619992.121   620022.721   620022.920   620022.901   620022.091
  3365:   620322.902   621822.910   621824.614   624574.624   624575.714
  3370:   629291.724   629291.920   629291.901   629291.094   629591.902
  3375:   631091.910   631093.614   633843.624   633844.714   634361.124
  3380:   634445.124   635078.124   635114.124   635143.124   635172.124
  3385:   635207.124   635238.124   635275.124   635306.124   635344.124
  3390:   635374.124   635438.124   635473.124   635507.124   635544.124
  3395:   635575.124   635603.124   635634.124   635663.124   635691.124
  3400:   635722.124   635752.124   635779.124   635810.124   635842.124
  3405:   635875.124   635941.124   635973.124   636004.124   636038.124
  3410:   636102.124   636137.124   636166.124   636197.124   636230.124
  3415:   636262.124   636292.124   636329.124   636360.124   636410.124
  3420:   636444.124   636476.124   636539.124   636572.124   636641.724
  3425:   636641.920   636641.901   636641.094   636941.902   638441.910
  3430:   638443.614   641193.624   641194.714   643326.124   643399.124
  3435:   643438.124   643479.124   643519.124   643554.124   643591.124
  3440:   643634.124   643691.124   643724.124   643762.124   643799.124
  3445:   643836.124   643872.124   643904.124   643942.124   643978.724
  3450:   643978.920   643978.901   643978.094   644278.902   645778.910
  3455:   645780.612   647180.622   647181.812   647377.132   647417.132
  3460:   647464.132   647503.132   647549.132   647639.132   647679.132
  3465:   647712.132   647747.132   647781.132   647812.132   647848.132
  3470:   647882.132   647922.132   647951.132   647985.132   648015.132
  3475:   648050.132   648082.132   648118.132   648151.132   648181.132
  3480:   648219.132   648244.132   648277.132   648311.132   648345.132
  3485:   648374.132   648437.132   648471.132   648534.132   648564.132
  3490:   648598.132   648634.132   648666.132   648700.132   648734.132
  3495:   648774.132   648803.132   648840.132   648869.132   648903.132
  3500:   648937.132   649035.132   649070.132   649099.132   649133.132
  3505:   649202.132   649233.132   649266.132   649302.132   649337.132
  3510:   649370.132   649406.132   649437.132   649472.132   649502.132
  3515:   649536.132   649575.132   649638.132   649668.132   649703.132
  3520:   649733.132   649767.132   649798.132   649832.132   649863.132
  3525:   649893.132   649931.132   649961.132   649999.132   650030.132
  3530:   650066.132   650101.132   650135.132   650170.132   650205.132
  3535:   650283.132   650313.132   650340.132   650369.132   650406.132
  3540:   650433.132   650466.132   650498.132   650532.132   650564.132
  3545:   650598.132   650635.132   650670.132   650703.132   650738.132
  3550:   650771.132   650781.822   650781.920   652281.910   652283.613
  3555:   654233.623   654234.713   654726.123   654765.123   654805.123
  3560:   654837.123   654872.123   654904.123   654940.123   654976.123
  3565:   655013.123   655043.123   655107.123   655144.123   655211.123
  3570:   655245.123   655280.123   655314.123   655345.123   655379.123
  3575:   655447.123   655479.123   655518.123   655553.123   655603.123
  3580:   655640.123   655682.123   655715.123   655752.123   655784.123
  3585:   655819.123   655854.123   655919.123   655958.123   655989.123
  3590:   656023.123   656058.123   656098.123   656130.123   656168.123
  3595:   656197.723   656197.920   656197.901   656197.093   656497.902
  3600:   657997.910   657999.613   659949.623   659950.713   660200.123
  3605:   660243.123   660282.123   660321.123   660431.123   660556.123
  3610:   660591.123   660650.123   660681.123   660714.123   660751.123
  3615:   660781.123   660815.123   660849.123   660881.123   660913.123
  3620:   660949.123   660978.123   661011.123   661043.123   661079.123
  3625:   661109.123   661141.123   661172.123   661197.123   661232.123
  3630:   661295.123   661327.123   661358.123   661389.123   661422.123
  3635:   661455.123   661489.123   661519.123   661550.123   661582.123
  3640:   661616.123   661646.123   661681.123   661744.123   661775.123
  3645:   661808.123   661838.123   661905.723   661905.920   661905.901
  3650:   661905.093   662205.902   663705.910   663707.615   667557.625
  3655:   667558.715   669361.125   669472.125   669509.125   669546.125
  3660:   669612.125   669645.125   669680.125   669718.125   669749.125
  3665:   669782.125   669811.125   669846.125   669878.125   669913.125
  3670:   669942.125   669974.125   670005.125   670040.125   670068.125
  3675:   670131.125   670162.125   670191.125   670224.125   670287.125
  3680:   670315.125   670347.125   670418.125   670452.125   670485.125
  3685:   670517.125   670547.125   670615.125   670650.125   670680.125
  3690:   670716.125   670743.125   670775.125   670803.125   670835.125
  3695:   670864.125   670896.125   670922.125   670954.125   670984.125
  3700:   671019.125   671048.125   671080.125   671113.125   671149.125
  3705:   671183.125   671216.125   671247.125   671282.125   671310.125
  3710:   671345.125   671373.125   671406.125   671435.725   671435.920
  3715:   671435.901   671435.095   671735.902   673235.910   673237.614
  3720:   675987.624   675988.714   676994.124   677163.124   677297.124
  3725:   677333.124   677363.124   677396.124   677427.124   677463.124
  3730:   677494.124   677529.124   677564.124   677592.124   677626.124
  3735:   677657.124   677693.124   677726.124   677757.124   677791.124
  3740:   677831.124   677863.124   677895.124   677923.124   677972.124
  3745:   678006.124   678039.124   678071.124   678104.124   678135.124
  3750:   678166.124   678198.124   678233.124   678264.124   678296.124
  3755:   678358.124   678388.124   678422.124   678454.124   678487.124
  3760:   678517.124   678551.124   678579.124   678615.124   678646.124
  3765:   678679.124   678709.124   678743.724   678743.920   678743.901
  3770:   678743.094   679043.902   680543.910   680545.615   684395.625
  3775:   684396.715   686603.125   686890.125   686926.125   687048.125
  3780:   687204.125   687236.125   687298.125   687334.125   687370.125
  3785:   687400.125   687433.125   687543.125   687597.125   687630.125
  3790:   687665.125   687697.125   687731.125   687794.125   687824.125
  3795:   687860.125   687888.125   687922.125   687954.125   687989.125
  3800:   688022.125   688058.125   688090.125   688125.125   688153.125
  3805:   688190.125   688220.125   688255.725   688255.920   688255.901
  3810:   688255.095   688555.902   690055.910   690057.612   691457.622
  3815:   691458.712   691598.122   691673.122   691718.122   691753.122
  3820:   691786.122   691821.122   691856.122   691884.122   691918.122
  3825:   691948.122   691982.122   692010.122   692043.122   692077.122
  3830:   692110.122   692148.122   692175.122   692209.122   692241.122
  3835:   692271.122   692304.122   692335.122   692370.122   692399.122
  3840:   692430.122   692492.122   692521.122   692554.122   692587.122
  3845:   692621.122   692650.122   692683.122   692714.122   692747.122
  3850:   692780.122   692812.122   692841.122   692878.722   692878.920
  3855:   692878.901   692878.092   693178.902   694678.910   694680.611
  3860:   695680.621   695681.811   695881.131   695918.131   695947.131
  3865:   696011.131   696045.131   696079.131   696113.131   696148.131
  3870:   696180.131   696213.131   696243.131   696278.131   696307.131
  3875:   696343.131   696374.131   696410.131   696438.131   696471.131
  3880:   696536.131   696567.131   696600.131   696630.131   696665.131
  3885:   696701.131   696737.131   696768.131   696804.131   696868.131
  3890:   696901.131   696937.131   696974.131   697012.131   697043.131
  3895:   697080.131   697111.131   697146.131   697163.131   697199.131
  3900:   697237.131   697272.131   697304.131   697343.131   697373.131
  3905:   697407.131   697440.131   697478.131   697511.131   697551.131
  3910:   697587.131   697622.131   697661.131   697729.131   697765.131
  3915:   697806.131   697841.131   697913.131   697941.131   697976.131
  3920:   698011.131   698048.131   698085.131   698131.131   698172.131
  3925:   698204.131   698232.131   698271.131   698307.131   698343.131
  3930:   698391.131   698420.131   698499.131   698585.131   698612.131
  3935:   698642.131   698675.131   698780.131   698815.131   698849.131
  3940:   698881.821   698881.920   698898.411   700381.910   700383.615
  3945:   704233.625   704234.715   704933.125   705016.125   705105.125
  3950:   705273.125   705443.125   705482.125   705514.125   705551.125
  3955:   705589.125   705629.125   705664.125   705701.125   705733.125
  3960:   705773.125   705802.125   705838.125   705870.125   705900.125
  3965:   705938.125   705965.125   705998.125   706033.125   706067.125
  3970:   706101.125   706172.125   706211.125   706249.125   706282.125
  3975:   706311.125   706344.125   706373.125   706414.125   706447.125
  3980:   706481.125   706514.125   706544.125   706579.125   706623.125
  3985:   706659.125   706703.125   706740.125   706777.125   706821.125
  3990:   706864.125   706938.125   707004.125   707031.125   707082.125
  3995:   707123.125   707168.125   707235.125   707271.125   707300.125
  4000:   707397.125   707427.125   707588.125   707634.125   707885.125
  4005:   707918.125   707955.125   708155.725   708155.920   708155.901
  4010:   708155.095   708455.902   709955.910   709957.613   711907.623
  4015:   711908.813   712475.133   712485.133   712525.133   712565.133
  4020:   712605.133   712643.133   712677.133   712714.133   712750.133
  4025:   712790.133   712841.133   712916.133   712949.133   712986.133
  4030:   713021.133   713051.133   713087.133   713119.133   713157.133
  4035:   713190.133   713220.133   713257.133   713286.133   713326.133
  4040:   713356.133   713392.133   713423.133   713456.133   713487.133
  4045:   713523.133   713553.133   713588.133   713619.133   713659.133
  4050:   713691.133   713730.133   713765.133   713800.133   713872.133
  4055:   713909.133   713947.133   713981.133   714018.133   714050.133
  4060:   714090.133   714122.133   714160.133   714236.133   714275.133
  4065:   714314.133   714354.133   714397.133   714433.133   714474.133
  4070:   714547.133   714584.133   714620.133   714650.133   714683.133
  4075:   714723.133   714764.133   714907.133   714938.133   714974.133
  4080:   715006.133   715046.133   715079.133   715167.133   715201.133
  4085:   715237.133   715273.133   715320.133   715356.133   715395.133
  4090:   715482.133   715508.133   715633.133   715672.133   715709.133
  4095:   715804.133   715813.133   715848.133   715943.133   715974.133
  4100:   716108.823   716108.920   717608.910   717610.612   719010.622
  4105:   719011.712   747644.722   747644.920   747644.901   747644.092
  4110:   747944.902   749444.910   749446.615   753296.625   753297.815
  4115:   754817.135   754852.135   754921.135   754954.135   755026.135
  4120:   755056.135   755090.135   755122.135   755152.135   755186.135
  4125:   755219.135   755247.135   755285.135   755318.135   755354.135
  4130:   755382.135   755419.135   755450.135   755484.135   755516.135
  4135:   755550.135   755584.135   755615.135   755652.135   755681.135
  4140:   755717.135   755784.135   755821.135   755859.135   755895.135
  4145:   755935.135   755967.135   756006.135   756045.135   756078.135
  4150:   756112.135   756142.135   756181.135   756213.135   756248.135
  4155:   756280.135   756311.135   756347.135   756385.135   756422.135
  4160:   756454.135   756490.135   756570.135   756601.135   756636.135
  4165:   756664.135   756700.135   756730.135   756802.135   756880.135
  4170:   756954.135   756984.135   757027.135   757539.135   757855.135
  4175:   757926.135   757959.135   758303.135   758336.135   758405.135
  4180:   758927.135   759004.135   759392.135   759429.135   759771.135
  4185:   759806.135   759841.135   760247.135   760277.135   760694.135
  4190:   760997.825   760997.920   762497.910   762499.615   766349.625
  4195:   766350.715   767714.125   767748.125   767761.125   767843.125
  4200:   767876.125   767909.125   767945.125   767978.125   768016.125
  4205:   768045.125   768077.125   768110.125   768137.125   768171.125
  4210:   768203.125   768270.125   768298.125   768331.125   768362.125
  4215:   768395.125   768426.125   768467.125   768506.125   768546.125
  4220:   768613.125   768646.125   768674.125   768702.125   768736.125
  4225:   768770.125   768810.125   768842.125   768910.125   768944.125
  4230:   768973.125   769008.125   769190.125   769290.125   769318.125
  4235:   769356.125   769522.125   769668.125   770004.125   770340.725
  4240:   770340.920   770340.901   770340.095   770640.902   772140.910
  4245:   772142.612   773542.622   773543.712   773716.122   773727.122
  4250:   774256.122   774290.122   774327.122   774437.122   774499.122
  4255:   774532.122   774563.122   774596.122   774633.122   774665.122
  4260:   774701.122   774730.122   774763.122   774810.122   774842.122
  4265:   774873.122   774902.122   774965.722   774965.920   774965.901
  4270:   774965.092   775265.902   776765.910   776767.614   779517.624
  4275:   779518.714   780347.124   780376.124   780409.124   780444.124
  4280:   780504.124   780535.124   780597.124   780660.124   780693.124
  4285:   780725.124   780759.124   780787.124   780818.124   780846.124
  4290:   780878.124   780905.124   780937.124   780969.124   780997.124
  4295:   781030.124   781095.124   781125.124   781156.124   781184.124
  4300:   781217.124   781245.124   781279.124   781308.124   781341.124
  4305:   781371.124   781406.124   781437.124   781470.124   781500.124
  4310:   781532.124   781598.124   781631.124   781666.124   781696.124
  4315:   781729.124   781761.124   781795.124   781825.124   781857.124
  4320:   781892.124   781920.124   781951.124   781980.124   782016.124
  4325:   782079.124   782108.124   782140.124   782205.124   782235.124
  4330:   782271.724   782271.920   782271.901   782271.094   782571.902
  4335:   784071.910   784073.613   786023.623   786024.813   786347.133
  4340:   786387.133   786422.133   786536.133   786566.133   786595.133
  4345:   786626.133   786657.133   786686.133   786722.133   786753.133
  4350:   786789.133   786816.133   786849.133   786911.133   786937.133
  4355:   787018.133   787047.133   787079.133   787113.133   787142.133
  4360:   787176.133   787204.133   787235.133   787267.133   787298.133
  4365:   787330.133   787360.133   787399.133   787436.133   787473.133
  4370:   787503.133   787537.133   787566.133   787632.133   787671.133
  4375:   787709.133   787828.133   787862.133   787942.133   787975.133
  4380:   788009.133   788041.133   788145.133   788172.133   788372.133
  4385:   788416.133   788457.133   788616.133   789018.133   789052.133
  4390:   789085.133   789896.133   789967.133   790224.823   790224.920
  4395:   791724.910   791726.615   795576.625   795577.815   796956.135
  4400:   796987.135   797029.135   797060.135   797091.135   797123.135
  4405:   797162.135   797197.135   797265.135   797299.135   797330.135
  4410:   797437.135   797470.135   797501.135   797608.135   797636.135
  4415:   797668.135   797701.135   797729.135   797761.135   797788.135
  4420:   797819.135   797847.135   797880.135   797907.135   797938.135
  4425:   797965.135   797998.135   798029.135   798063.135   798093.135
  4430:   798125.135   798155.135   798189.135   798218.135   798251.135
  4435:   798281.135   798315.135   798349.135   798385.135   798417.135
  4440:   798447.135   798481.135   798517.135   798547.135   798617.135
  4445:   798653.135   798686.135   798723.135   798892.135   798933.135
  4450:   798965.135   799071.135   799191.135   799239.135   799332.135
  4455:   799633.135   799667.135   800070.135   800103.135   800511.135
  4460:   800924.135   800959.135   801313.135   801344.135   801726.135
  4465:   801761.135   802119.135   802153.135   802364.135   802484.135
  4470:   802927.135   803254.135   803266.135   803277.825   803277.920
  4475:   804777.910   804779.613   806729.623   806730.713   807953.123
  4480:   807990.123   808029.123   808324.123   808362.123   808399.123
  4485:   808522.123   808557.123   808592.123   808630.123   808668.123
  4490:   808698.723   808698.920   808698.901   808698.093   808998.902
  4495:   810498.910   810500.612   811900.622   811901.712   812747.122
  4500:   812823.122   812856.122   812893.122   812931.122   812968.122
  4505:   813000.122   813039.122   813074.122   813109.122   813147.122
  4510:   813182.122   813220.122   813255.122   813286.122   813324.722
  4515:   813324.920   813324.901   813324.092   813624.902   815124.910
  4520:   815126.612   816526.622   816527.712   816770.122   816811.122
  4525:   816845.122   816883.122   816917.122   816954.122   816992.122
  4530:   817032.122   817063.122   817142.122   817177.122   817218.122
  4535:   817250.122   817286.122   817317.122   817369.122   817400.122
  4540:   817435.122   817472.122   817502.122   817539.122   817579.122
  4545:   817610.122   817645.122   817676.122   817710.122   817742.122
  4550:   817785.122   817817.122   817853.122   817884.122   817920.122
  4555:   817950.722   817950.920   817950.901   817950.092   818250.902
  4560:   819750.910   819752.612   821152.622   821153.712   821887.122
  4565:   821924.122   821965.122   822001.122   822039.122   822071.122
  4570:   822110.122   822147.122   822186.122   822217.122   822252.122
  4575:   822290.122   822335.122   822373.122   822404.122   822443.122
  4580:   822474.122   822511.122   822542.122   822574.722   822574.920
  4585:   822574.901   822574.092   822874.902   824374.910   824376.615
  4590:   828226.625   828227.815   831269.135   831306.135   831342.135
  4595:   831380.135   831425.135   831464.135   831494.135   831535.135
  4600:   831651.135   831689.135   831728.135   831766.135   831802.135
  4605:   831838.135   831874.135   831910.135   831947.135   831978.135
  4610:   832014.135   832048.135   832083.135   832121.135   832155.135
  4615:   832186.135   832223.135   832253.135   832291.135   832323.135
  4620:   832359.135   832393.135   832435.135   832467.135   832506.135
  4625:   832540.135   832575.135   832619.135   832651.135   832689.135
  4630:   832730.135   832761.135   832795.135   832828.135   832864.135
  4635:   832899.135   832931.135   832965.135   832998.135   833032.135
  4640:   833064.135   833099.135   833131.135   833164.135   833196.135
  4645:   833230.135   833261.135   833298.135   833328.135   833366.135
  4650:   833396.135   833429.135   833458.135   833494.135   833526.135
  4655:   833563.135   833597.135   833632.135   833665.135   833699.135
  4660:   833730.135   833764.135   833797.135   833834.135   833869.135
  4665:   833910.135   833959.135   834002.135   834033.135   834061.135
  4670:   834100.135   834138.135   834178.135   834210.135   834247.135
  4675:   834280.135   834311.135   834349.135   834382.135   834502.135
  4680:   834534.135   834645.135   835138.135   835177.135   835927.825
  4685:   835927.920   837427.910   837429.612   838829.622   838830.712
  4690:   840010.122   840049.122   840083.122   840124.122   840163.122
  4695:   840206.122   840240.722   840240.920   840240.901   840240.092
  4700:   840540.902   842040.910   842042.612   843442.622   843443.712
  4705:   844230.122   844268.122   844305.122   844336.122   844450.122
  4710:   844480.122   844512.122   844544.122   844574.122   844607.122
  4715:   844638.122   844668.122   844700.122   844736.122   844830.122
  4720:   844859.722   844859.920   844859.901   844859.092   845159.902
  4725:   846659.910   846661.614   849411.624   849412.714   851590.124
  4730:   851623.124   851657.124   851704.124   851738.124   851775.124
  4735:   851809.124   851842.124   851962.124   851996.124   852026.124
  4740:   852058.124   852093.124   852122.124   852148.124   852179.724
  4745:   852179.920   852179.901   852179.094   852479.902   853979.910
  4750:   853981.614   856731.624   856732.714   857605.124   857637.124
  4755:   857670.124   857708.124   857744.124   857775.124   857810.124
  4760:   857844.124   857874.124   857906.124   857944.124   857979.124
  4765:   858043.124   858080.124   858113.124   858180.124   858216.124
  4770:   858246.124   858283.124   858312.124   858346.124   858376.124
  4775:   858408.124   858434.124   858466.124   858498.124   858526.124
  4780:   858557.124   858587.124   858634.124   858703.124   858769.124
  4785:   858788.124   858822.124   858888.124   858918.124   858951.124
  4790:   858983.124   859017.124   859045.124   859075.124   859105.124
  4795:   859140.124   859170.124   859202.124   859231.124   859281.124
  4800:   859312.124   859342.124   859375.124   859405.124   859440.124
  4805:   859469.124   859502.724   859502.920   859502.901   859502.094
  4810:   859802.902   861302.910   861304.613   863254.623   863255.813
  4815:   863876.133   863913.133   863946.133   863978.133   864013.133
  4820:   864047.133   864080.133   864115.133   864152.133   864269.133
  4825:   864303.133   864337.133   864398.133   864429.133   864461.133
  4830:   864499.133   864529.133   864578.133   864644.133   864686.133
  4835:   864715.133   864760.133   864821.133   864852.133   864882.133
  4840:   864931.133   864964.133   865001.133   865040.133   865074.133
  4845:   865106.133   865136.133   865168.133   865228.133   865260.133
  4850:   865289.133   865352.133   865391.133   865426.133   865462.133
  4855:   865495.133   865531.133   865561.133   865594.133   865623.133
  4860:   865656.133   865683.133   865715.133   865746.133   865813.133
  4865:   865847.133   865883.133   865916.133   865944.133   865979.133
  4870:   866050.133   866112.133   866143.133   866221.133   866253.133
  4875:   866335.133   866365.133   866465.133   866893.133   867455.823
  4880:   867455.920   868955.910   868957.611   869957.621   869958.711
  4885:   870497.121   870530.121   870563.121   870597.121   870626.121
  4890:   870667.121   870699.121   870732.121   870765.121   870800.121
  4895:   870832.121   870860.121   870894.121   870921.121   870954.121
  4900:   870985.721   870985.920   870985.901   870985.091   871285.902
  4905:   872785.910   872787.614   875537.624   875538.714   878266.124
  4910:   878298.724   878298.920   878298.901   878298.094   878598.902
  4915:   880098.910   880100.614   882850.624   882851.814   884893.134
  4920:   884963.134   884997.134   885035.134   885070.134   885103.134
  4925:   885142.134   885175.134   885212.134   885336.134   885364.134
  4930:   885398.134   885431.134   885461.134   885498.134   885527.134
  4935:   885558.134   885592.134   885624.134   885662.134   885729.134
  4940:   885757.134   885787.134   885816.134   885849.134   885908.134
  4945:   885936.134   885970.134   886001.134   886030.134   886063.134
  4950:   886092.134   886127.134   886154.134   886186.134   886215.134
  4955:   886248.134   886277.134   886341.134   886375.134   886524.134
  4960:   886602.134   886768.134   887081.134   887118.134   887526.134
  4965:   888351.824   888351.920   889851.910   889853.613   891803.623
  4970:   891804.813   892994.133   893027.133   893073.133   893090.133
  4975:   893156.133   893194.133   893229.133   893264.133   893302.133
  4980:   893336.133   893373.133   893404.133   893438.133   893472.133
  4985:   893502.133   893535.133   893564.133   893601.133   893630.133
  4990:   893665.133   893695.133   893728.133   893759.133   893776.133
  4995:   893814.133   893876.133   893906.133   893940.133   893971.133
  5000:   894005.133   894041.133   894070.133   894106.133   894138.133
  5005:   894177.133   894211.133   894245.133   894311.133   894343.133
  5010:   894377.133   894407.133   894441.133   894469.133   894502.133
  5015:   894531.133   894570.133   894604.133   894641.133   894687.133
  5020:   894798.133   894823.133   894854.133   894887.133   894993.133
  5025:   895111.133   895632.133   895669.133   896004.823   896004.920
  5030:   897504.910   897506.612   898906.622   898907.712   899807.122
  5035:   899844.122   899882.122   899919.122   899953.122   899986.122
  5040:   900056.122   900094.122   900122.122   900155.122   900186.122
  5045:   900219.122   900255.122   900285.122   900320.722   900320.920
  5050:   900320.901   900320.092   900620.902   902120.910   902122.614
  5055:   904872.624   904873.714   905981.124   908428.724   908428.920
  5060:   908428.901   908428.094   908728.902   910228.910   910230.612
  5065:   911630.622   911631.712   912305.122   912339.122   912375.122
  5070:   912408.122   912445.122   912480.122   912547.122   912587.122
  5075:   912620.122   912659.122   912687.122   912718.122   912753.122
  5080:   912781.122   912814.122   912843.122   912875.122   912915.122
  5085:   912943.122   912975.122   913005.122   913036.722   913036.920
  5090:   913036.901   913036.092   913336.902   914836.910   914838.613
  5095:   916788.623   916789.713   917927.123   917963.123   917996.123
  5100:   918029.123   918062.123   918097.123   918156.123   918188.123
  5105:   918219.123   918249.123   918310.123   918337.123   918370.123
  5110:   918403.123   918433.123   918465.123   918496.123   918529.123
  5115:   918557.123   918586.123   918615.123   918646.123   918676.123
  5120:   918708.123   918740.723   918740.920   918740.901   918740.093
  5125:   919040.902   919040.902   919040.005   919040.006   919040.007
  5130:   919040.020       
D:
     0:        0.000        0.000        0.000        0.000        0.000
     5:        0.000        0.000        0.000        0.000        0.000
    10:        0.000        0.000        0.000        0.000        0.000
    15:        0.000        0.000        0.000        0.000        0.000
    20:        0.000        0.000        0.000        0.000        0.000
    25:        0.000        3.000        0.000        0.000        0.000
    30:        0.000        0.000        0.000        0.000        0.000
    35:        0.000
F:
     0:       10.000       14.000       19.500       27.500       38.500
     5:       10.000       14.000       19.500       27.500       38.500
    10:       10.000       14.000       19.500       27.500       38.500
    15:       20.000       28.000       39.000       55.000       77.000
    20:       20.000       28.000       39.000       55.000       77.000
    25:       20.000       28.000       39.000       55.000       77.000
    30:       10.000       14.000       19.500       27.500       38.500
    35:       10.000       14.000       19.500       27.500       38.500
    40:       10.000       14.000       19.500       27.500       38.500
    45:       10.000       14.000       19.500       27.500       38.500
    50:       10.000       14.000       19.500       27.500       38.500
    55:       10.000       14.000       19.500       27.500       38.500
    60:       10.000       14.000       19.500       27.500       38.500
    65:       10.000       14.000       19.500       27.500       38.500
    70:       10.000       14.000       19.500       27.500       38.500
    75:       20.000       28.000       39.000       55.000       77.000
    80:       20.000       28.000       39.000       55.000       77.000
    85:       10.000       14.000       19.500       27.500       38.500
    90:       10.000       14.000       19.500       27.500       38.500
    95:       10.000       14.000       19.500       27.500       38.500
I:
     0:       75.000        0.000        0.000
M:
     0:       15.000       15.000       15.000       15.000       15.000
     5:        5.000        5.000        5.000        5.000        5.000
    10:      100.000
N:
     0:       20.000       20.000       20.000       20.000       20.000
     5:        0.000
Q:
     0:       15.000       15.000       15.000       15.000       15.000
     5:        0.000
V:
     0:        0.000        0.000        0.000        0.000        0.000
     5:      276.000      364.000      638.000      452.000      723.000
    10:      374.000      337.000      342.000      424.000      442.000
    15:        0.000
