File: C:\MED-PC IV\DATA\M_PEAK_A2P002


Start Date: 10/12/17
End Date: 10/12/17
Subject: P002
Experiment: IF-PICO
Group: 0
Box: 5
Start Time: 10:46:09
End Time: 12:40:47
MSN: Multiple_Peak
B:       0.000
C:       0.000
E:    2118.000
G:      38.500
H:    3850.000
J:       0.000
K:       0.000
L:       0.000
O:       0.000
P:       0.000
R:       0.000
S:       0.000
T:  687818.000
U:       0.000
W:       0.000
X:       0.000
Y:       0.000
Z:       0.000
A:
     0:        0.010      500.910      502.612     1902.622     1903.712
     5:     2018.122     2187.122     2257.122     2289.122     2383.122
    10:     2500.122     2589.122     2737.122     2865.122     2897.122
    15:     3111.122     3145.122     3189.122     3230.122     3272.122
    20:     3315.722     3315.920     3315.901     3315.092     3615.902
    25:     5115.910     5117.612     6517.622     6518.712     6836.122
    30:     6984.122     7015.122     7162.122     7340.122     7485.122
    35:     7526.122     7673.122     7708.122     7903.122     8073.722
    40:     8073.920     8073.901     8073.092     8373.902     9873.910
    45:     9875.613    11825.623    11826.713    12682.123    12886.123
    50:    13284.123    13358.123    13536.123    13669.123    13900.723
    55:    13900.920    13900.901    13900.093    14200.902    15700.910
    60:    15702.611    16702.621    16703.711    17262.121    17289.121
    65:    17430.121    17605.121    17640.121    17774.721    17774.920
    70:    17774.901    17774.091    18074.902    19574.910    19576.615
    75:    23426.625    23427.815    25047.135    25259.135    25445.135
    80:    25478.135    25516.135    25674.135    25835.135    26133.135
    85:    26205.135    26240.135    26328.135    26439.135    26719.135
    90:    26774.135    26810.135    26893.135    26943.135    26973.135
    95:    27023.135    27098.135    27258.135    27290.135    27431.135
   100:    27519.135    27555.135    27634.135    27707.135    27743.135
   105:    27787.135    27913.135    28093.135    28191.135    28396.135
   110:    28477.135    28515.135    28583.135    28630.135    28664.135
   115:    28780.135    29219.135    29607.135    29868.135    30135.135
   120:    30431.135    30644.135    31127.825    31127.920    32627.910
   125:    32629.615    36479.625    36480.715    36819.125    36985.125
   130:    37142.125    37317.125    37541.125    37640.125    37681.125
   135:    37715.125    37819.125    37979.125    38050.125    38147.125
   140:    38192.125    38537.125    38699.125    38870.125    38910.125
   145:    39043.125    39073.125    39351.125    39446.125    39575.125
   150:    39658.125    39945.125    39978.125    40074.125    40109.125
   155:    40274.125    40310.125    40479.725    40479.920    40479.901
   160:    40479.095    40779.902    42279.910    42281.612    43681.622
   165:    43682.712    44097.122    44260.122    44300.122    44345.122
   170:    44449.122    44643.122    44682.122    44724.122    44848.122
   175:    45060.122    45099.722    45099.920    45099.901    45099.092
   180:    45399.902    46899.910    46901.611    47901.621    47902.711
   185:    48216.121    48407.121    48451.121    48583.121    48665.121
   190:    48738.121    48776.121    48874.121    48916.721    48916.920
   195:    48916.901    48916.091    49216.902    50716.910    50718.612
   200:    52118.622    52119.712    52656.122    52808.122    52846.122
   205:    52934.122    53051.122    53111.122    53144.122    53266.122
   210:    53359.122    53394.122    53435.122    53553.722    53553.920
   215:    53553.901    53553.092    53853.902    55353.910    55355.612
   220:    56755.622    56756.712    57228.122    57276.122    57510.122
   225:    57599.122    57634.122    57749.122    57862.122    57938.122
   230:    57970.122    58327.722    58327.920    58327.901    58327.092
   235:    58627.902    60127.910    60129.615    63979.625    63980.815
   240:    66142.135    66252.135    66335.135    66408.135    66443.135
   245:    66740.135    66820.135    66898.135    66936.135    66982.135
   250:    67086.135    67218.135    67320.135    67438.135    67515.135
   255:    67590.135    67709.135    67795.135    67835.135    67928.135
   260:    68091.135    68140.135    68169.135    68214.135    68285.135
   265:    68361.135    68467.135    68595.135    68681.135    68918.135
   270:    69311.135    71680.825    71680.920    73180.910    73182.614
   275:    75932.624    75933.814    76409.134    76460.134    76654.134
   280:    76859.134    76968.134    77030.134    77111.134    77143.134
   285:    77219.134    77339.134    77387.134    77518.134    77822.134
   290:    77909.134    77980.134    78178.134    78479.134    78574.134
   295:    78612.134    78726.134    78808.134    79240.134    79290.134
   300:    79620.134    79740.134    79881.134    80267.134    81433.824
   305:    81433.920    82933.910    82935.611    83935.621    83936.811
   310:    84427.131    84523.131    84581.131    84669.131    84789.131
   315:    84837.131    84955.131    85023.131    85151.131    85210.131
   320:    85447.131    85512.131    85710.131    85770.131    85955.131
   325:    85996.131    86377.131    86453.131    86555.131    86752.131
   330:    87000.131    87136.821    87136.920    88636.910    88638.614
   335:    91388.624    91389.714    92204.124    92345.124    92452.124
   340:    92537.124    92606.124    92753.124    92936.124    93014.124
   345:    93062.124    93101.124    93143.124    93426.124    93626.124
   350:    93765.124    93845.124    93884.124    94014.124    94233.724
   355:    94233.920    94233.901    94233.094    94533.902    96033.910
   360:    96035.614    98785.624    98786.714   100108.124   100219.124
   365:   100389.124   100576.124   100724.124   100812.124   100986.124
   370:   101127.124   101172.124   101207.124   101249.124   101381.124
   375:   101466.124   101504.124   101579.724   101579.920   101579.901
   380:   101579.094   101879.902   103379.910   103381.615   107231.625
   385:   107232.715   110492.125   110523.125   110631.125   110766.125
   390:   111040.125   111117.725   111117.920   111117.901   111117.095
   395:   111417.902   112917.910   112919.612   114319.622   114320.812
   400:   114801.132   115069.132   115106.132   115230.132   115753.132
   405:   115875.132   116011.132   116099.132   116138.132   116185.132
   410:   116271.132   116336.132   116461.132   116494.132   116672.132
   415:   117014.132   117290.132   117328.132   117460.132   117620.132
   420:   117920.822   117920.920   119420.910   119422.614   122172.624
   425:   122173.714   123014.124   123148.124   123237.124   123425.124
   430:   123515.124   123690.124   123723.124   123848.124   123887.124
   435:   124031.124   124071.124   124148.124   124327.124   124499.124
   440:   124584.124   124623.124   124657.124   124968.724   124968.920
   445:   124968.901   124968.094   125268.902   126768.910   126770.611
   450:   127770.621   127771.711   128157.121   128257.121   128469.121
   455:   128707.121   128747.121   128832.721   128832.920   128832.901
   460:   128832.091   129132.902   130632.910   130634.612   132034.622
   465:   132035.712   132627.122   132658.122   132789.122   132912.122
   470:   133023.122   133161.122   133594.722   133594.920   133594.901
   475:   133594.092   133894.902   135394.910   135396.611   136396.621
   480:   136397.711   136827.121   136990.121   137060.121   137248.121
   485:   137283.121   137327.121   137365.121   137432.721   137432.920
   490:   137432.901   137432.091   137732.902   139232.910   139234.613
   495:   141184.623   141185.713   141993.123   142289.123   142337.123
   500:   142455.123   142690.123   142730.123   142777.123   142898.123
   505:   143055.123   143096.123   143140.723   143140.920   143140.901
   510:   143140.093   143440.902   144940.910   144942.612   146342.622
   515:   146343.712   146724.122   146788.122   146913.122   146981.122
   520:   147076.122   147141.122   147504.122   147539.122   147601.122
   525:   147729.122   147764.722   147764.920   147764.901   147764.092
   530:   148064.902   149564.910   149566.613   151516.623   151517.813
   535:   152115.133   152202.133   152271.133   152347.133   152378.133
   540:   152502.133   152615.133   152697.133   152734.133   152804.133
   545:   152844.133   152950.133   153039.133   153161.133   153335.133
   550:   153383.133   153424.133   153494.133   153621.133   153672.133
   555:   153749.133   154073.133   154263.133   154580.133   154737.133
   560:   154862.133   154893.133   154970.133   155156.133   155717.823
   565:   155717.920   157217.910   157219.614   159969.624   159970.814
   570:   161411.134   161488.134   161673.134   161714.134   161853.134
   575:   162086.134   162159.134   162535.134   162624.134   163084.134
   580:   163338.134   163477.134   163513.134   163632.134   163718.134
   585:   163752.134   165470.824   165470.920   166970.910   166972.611
   590:   167972.621   167973.711   168441.121   168651.121   168734.121
   595:   168782.121   168816.121   168887.121   168925.121   168993.721
   600:   168993.920   168993.901   168993.091   169293.902   170793.910
   605:   170795.611   171795.621   171796.711   172146.121   172311.121
   610:   172398.121   172470.121   172560.121   172598.121   173383.721
   615:   173383.920   173383.901   173383.091   173683.902   175183.910
   620:   175185.611   176185.621   176186.811   176663.131   176790.131
   625:   176861.131   176904.131   177090.131   177337.131   177370.131
   630:   177450.131   177608.131   177723.131   177789.131   177872.131
   635:   177912.131   178630.131   178751.131   178792.131   179386.821
   640:   179386.920   180886.910   180888.611   181888.621   181889.711
   645:   182391.121   182463.121   182583.121   182716.121   182866.121
   650:   183021.721   183021.920   183021.901   183021.091   183321.902
   655:   184821.910   184823.613   186773.623   186774.713   187688.123
   660:   187882.123   188020.123   188117.123   188219.123   188303.123
   665:   188351.123   188461.123   188501.123   188607.123   188860.723
   670:   188860.920   188860.901   188860.093   189160.902   190660.910
   675:   190662.615   194512.625   194513.715   196188.125   196327.125
   680:   196454.125   196552.125   196629.125   196739.125   196771.125
   685:   197058.125   197246.125   197358.125   197722.125   197840.125
   690:   198065.125   198462.725   198462.920   198462.901   198462.095
   695:   198762.902   200262.910   200264.613   202214.623   202215.713
   700:   202853.123   202928.123   203052.123   203212.123   203496.123
   705:   203574.123   203673.123   204005.123   204084.123   204149.123
   710:   204320.723   204320.920   204320.901   204320.093   204620.902
   715:   206120.910   206122.614   208872.624   208873.714   210304.124
   720:   210701.124   210893.124   211086.124   211267.124   211342.124
   725:   211487.124   211540.124   211576.124   211797.724   211797.920
   730:   211797.901   211797.094   212097.902   213597.910   213599.615
   735:   217449.625   217450.715   218384.125   219217.125   219447.125
   740:   219587.125   219685.125   219772.125   219841.125   220137.125
   745:   220239.125   220471.125   220550.125   220589.125   220775.125
   750:   220892.125   220964.125   221107.125   221187.125   221235.125
   755:   221492.725   221492.920   221492.901   221492.095   221792.902
   760:   223292.910   223294.615   227144.625   227145.715   228592.125
   765:   228990.125   229021.125   229116.125   229214.125   229303.125
   770:   229387.125   229423.125   229598.125   229648.125   229810.125
   775:   229910.125   230165.125   230494.125   230620.125   230867.125
   780:   231131.725   231131.920   231131.901   231131.095   231431.902
   785:   232931.910   232933.614   235683.624   235684.814   238006.134
   790:   238276.134   238358.134   238513.134   238680.134   238717.134
   795:   238960.134   239136.134   239215.134   239247.134   239574.134
   800:   239641.134   239690.134   239766.134   239945.134   240025.134
   805:   240261.134   240375.134   240517.134   240559.134   240797.134
   810:   240832.134   241107.134   241184.824   241184.920   242684.910
   815:   242686.612   244086.622   244087.812   244710.132   244890.132
   820:   244984.132   245046.132   245150.132   245373.132   245408.132
   825:   245448.132   245482.132   245519.132   245597.132   245629.132
   830:   245707.132   245742.132   245822.132   245857.132   245905.132
   835:   245944.132   245990.132   246033.132   246104.132   246301.132
   840:   246347.132   246643.132   246703.132   247687.822   247687.920
   845:   249187.910   249189.615   253039.625   253040.815   255041.135
   850:   255240.135   255351.135   255421.135   255565.135   255640.135
   855:   255910.135   255983.135   256219.135   256397.135   256484.135
   860:   256791.135   256957.135   257251.135   257297.135   257460.135
   865:   260380.135   260422.135   260589.135   260631.135   260672.135
   870:   260713.135   260740.825   260740.920   262240.910   262242.613
   875:   264192.623   264193.713   265248.123   265324.123   265359.123
   880:   265459.123   265537.123   265580.123   265862.123   265930.123
   885:   266845.723   266845.920   266845.901   266845.093   267145.902
   890:   268645.910   268647.611   269647.621   269648.711   270029.121
   895:   270097.121   270180.121   270311.121   270391.121   270675.721
   900:   270675.920   270675.901   270675.091   270975.902   272475.910
   905:   272477.614   275227.624   275228.714   277577.124   277946.124
   910:   278191.724   278191.920   278191.901   278191.094   278491.902
   915:   279991.910   279993.613   281943.623   281944.713   282588.123
   920:   282670.123   282756.123   282789.123   282908.123   283040.123
   925:   283086.123   283164.123   283194.123   283374.123   283421.123
   930:   283489.123   283563.123   283674.123   283722.123   283944.723
   935:   283944.920   283944.901   283944.093   284244.902   285744.910
   940:   285746.613   287696.623   287697.713   288494.123   288987.123
   945:   289028.123   289064.123   289148.123   289180.123   289448.123
   950:   289556.123   289602.123   289673.723   289673.920   289673.901
   955:   289673.093   289973.902   291473.910   291475.613   293425.623
   960:   293426.713   293941.123   293974.123   294155.123   294280.123
   965:   294386.123   294489.123   294574.123   294632.123   294922.123
   970:   294959.123   295008.123   295199.123   295241.123   295277.123
   975:   295452.723   295452.920   295452.901   295452.093   295752.902
   980:   297252.910   297254.611   298254.621   298255.811   298554.131
   985:   298580.131   298641.131   298820.131   298956.131   298997.131
   990:   299098.131   299176.131   299213.131   299360.131   299905.131
   995:   300071.131   300262.131   300294.131   300556.131   300622.131
  1000:   301455.821   301455.920   302955.910   302957.612   304357.622
  1005:   304358.812   305120.132   305282.132   305422.132   305456.132
  1010:   305582.132   305670.132   305702.132   305865.132   306111.132
  1015:   306382.132   306424.132   306466.132   306537.132   306572.132
  1020:   306645.132   306687.132   306721.132   306777.132   306888.132
  1025:   307229.132   307463.132   307958.822   307958.920   309458.910
  1030:   309460.611   310460.621   310461.711   311168.121   311284.121
  1035:   311355.121   311397.121   311650.721   311650.920   311650.901
  1040:   311650.091   311950.902   313450.910   313452.611   314452.621
  1045:   314453.711   314893.121   315110.121   315274.121   315347.121
  1050:   315451.121   315560.721   315560.920   315560.901   315560.091
  1055:   315860.902   317360.910   317362.613   319312.623   319313.713
  1060:   321210.123   321553.723   321553.920   321553.901   321553.093
  1065:   321853.902   323353.910   323355.612   324755.622   324756.712
  1070:   325301.122   325596.122   325677.122   325812.122   325855.122
  1075:   326029.122   326125.122   326565.722   326565.920   326565.901
  1080:   326565.092   326865.902   328365.910   328367.613   330317.623
  1085:   330318.813   331090.133   331180.133   331314.133   331440.133
  1090:   331525.133   331723.133   332104.133   332259.133   332417.133
  1095:   332461.133   332504.133   332601.133   332634.133   332831.133
  1100:   333022.133   333054.133   333436.133   333512.133   333552.133
  1105:   333622.133   333659.133   333774.133   333846.133   334518.823
  1110:   334518.920   336018.910   336020.613   337970.623   337971.813
  1115:   338665.133   338806.133   338872.133   339059.133   339219.133
  1120:   339456.133   339612.133   339694.133   339731.133   339816.133
  1125:   339851.133   339926.133   339960.133   340047.133   340258.133
  1130:   340638.133   341720.133   341758.133   341842.133   341877.133
  1135:   341987.133   342136.133   342171.823   342171.920   343671.910
  1140:   343673.611   344673.621   344674.811   345088.131   345250.131
  1145:   345352.131   345617.131   345728.131   345887.131   345919.131
  1150:   346007.131   346076.131   346148.131   346233.131   346272.131
  1155:   346320.131   346477.131   347621.131   347863.131   347874.821
  1160:   347874.920   349374.910   349376.612   350776.622   350777.812
  1165:   351294.132   351476.132   351545.132   351732.132   351963.132
  1170:   352292.132   352324.132   352503.132   352758.132   352788.132
  1175:   353027.132   354377.822   354377.920   355877.910   355879.614
  1180:   358629.624   358630.714   359870.124   360873.124   361129.124
  1185:   361200.124   361303.124   361474.724   361474.920   361474.901
  1190:   361474.094   361774.902   363274.910   363276.615   367126.625
  1195:   367127.815   368604.135   369222.135   369409.135   369439.135
  1200:   369769.135   369808.135   369951.135   370118.135   370419.135
  1205:   370481.135   370633.135   370666.135   371109.135   371411.135
  1210:   371664.135   371794.135   371827.135   371880.135   371923.135
  1215:   372032.135   372068.135   372252.135   372298.135   374426.135
  1220:   374503.135   374638.135   374752.135   374827.825   374827.920
  1225:   376327.910   376329.612   377729.622   377730.712   378577.122
  1230:   378768.122   378853.122   379023.122   379067.122   379248.722
  1235:   379248.920   379248.901   379248.092   379548.902   381048.910
  1240:   381050.614   383800.624   383801.714   385657.124   385689.124
  1245:   385722.124   385800.124   385990.124   386508.124   386545.124
  1250:   386784.724   386784.920   386784.901   386784.094   387084.902
  1255:   388584.910   388586.611   389586.621   389587.711   390264.121
  1260:   390818.721   390818.920   390818.901   390818.091   391118.902
  1265:   392618.910   392620.613   394570.623   394571.713   395455.123
  1270:   395509.123   395610.123   395707.123   395780.123   395890.123
  1275:   395940.123   396011.123   396104.123   396176.123   396224.123
  1280:   396588.723   396588.920   396588.901   396588.093   396888.902
  1285:   398388.910   398390.613   400340.623   400341.713   402404.723
  1290:   402404.920   402404.901   402404.093   402704.902   404204.910
  1295:   404206.613   406156.623   406157.713   407425.123   407480.123
  1300:   407537.123   407727.123   407942.123   408009.123   408354.723
  1305:   408354.920   408354.901   408354.093   408654.902   410154.910
  1310:   410156.612   411556.622   411557.712   412360.122   412451.122
  1315:   412570.122   412679.122   412838.122   412946.122   413099.722
  1320:   413099.920   413099.901   413099.092   413399.902   414899.910
  1325:   414901.614   417651.624   417652.714   418487.124   418798.124
  1330:   418916.124   419072.124   419176.124   419348.124   419541.124
  1335:   419575.124   419624.124   419790.124   420096.124   420134.124
  1340:   420292.124   420328.124   420484.724   420484.920   420484.901
  1345:   420484.094   420784.902   422284.910   422286.615   426136.625
  1350:   426137.815   428039.135   428489.135   428586.135   428728.135
  1355:   428833.135   429076.135   429409.135   429496.135   429696.135
  1360:   429796.135   429871.135   429916.135   429963.135   430038.135
  1365:   430269.135   430642.135   430723.135   430972.135   431008.135
  1370:   431177.135   431490.135   431532.135   431605.135   432932.135
  1375:   433837.825   433837.920   435337.910   435339.612   436739.622
  1380:   436740.712   437569.122   437709.122   437807.122   437850.122
  1385:   437879.122   437915.122   438110.122   438151.722   438151.920
  1390:   438151.901   438151.092   438451.902   439951.910   439953.614
  1395:   442703.624   442704.714   443590.124   443623.124   443698.124
  1400:   443866.124   444070.124   444308.124   444606.124   444727.124
  1405:   444864.124   444903.124   445064.124   445106.124   445190.124
  1410:   445342.124   445375.124   445484.724   445484.920   445484.901
  1415:   445484.094   445784.902   447284.910   447286.615   451136.625
  1420:   451137.715   452337.125   452526.125   452725.125   452905.125
  1425:   452977.125   453011.125   453167.125   453231.125   453344.125
  1430:   453380.125   453451.125   453510.125   453724.125   453775.125
  1435:   454086.125   454368.125   454480.125   454524.125   454561.125
  1440:   455314.725   455314.920   455314.901   455314.095   455614.902
  1445:   457114.910   457116.615   460966.625   460967.715   462234.125
  1450:   462472.125   462563.125   462593.125   462627.125   462830.125
  1455:   462865.125   463080.125   463232.125   463312.125   463455.125
  1460:   463502.125   463683.125   463763.125   463800.125   463912.125
  1465:   464016.125   464100.125   464252.125   464335.125   464588.125
  1470:   464624.125   464666.125   464754.125   464802.125   464895.725
  1475:   464895.920   464895.901   464895.095   465195.902   466695.910
  1480:   466697.614   469447.624   469448.714   470289.124   470321.124
  1485:   470490.124   470689.124   470826.124   471021.124   471589.124
  1490:   472507.724   472507.920   472507.901   472507.094   472807.902
  1495:   474307.910   474309.615   478159.625   478160.715   479713.125
  1500:   479797.125   479925.125   480080.125   480341.125   480391.125
  1505:   480552.125   481162.125   481203.125   481285.125   481328.125
  1510:   481527.125   481609.125   481867.125   481965.125   482139.725
  1515:   482139.920   482139.901   482139.095   482439.902   483939.910
  1520:   483941.613   485891.623   485892.713   486963.123   487335.123
  1525:   487815.123   487930.723   487930.920   487930.901   487930.093
  1530:   488230.902   489730.910   489732.614   492482.624   492483.714
  1535:   493359.124   493821.124   493909.124   494120.124   494177.124
  1540:   494433.124   494667.124   494786.124   494994.124   495120.124
  1545:   495158.124   495856.724   495856.920   495856.901   495856.094
  1550:   496156.902   497656.910   497658.611   498658.621   498659.711
  1555:   499090.121   499157.121   499417.121   499463.121   499777.721
  1560:   499777.920   499777.901   499777.091   500077.902   501577.910
  1565:   501579.612   502979.622   502980.712   503472.122   503628.122
  1570:   503806.122   503913.122   503955.122   504407.722   504407.920
  1575:   504407.901   504407.092   504707.902   506207.910   506209.614
  1580:   508959.624   508960.714   510212.124   510548.124   510578.124
  1585:   510682.124   510839.124   510886.124   510966.124   511000.124
  1590:   511285.124   511366.124   511654.124   511694.124   511737.724
  1595:   511737.920   511737.901   511737.094   512037.902   513537.910
  1600:   513539.613   515489.623   515490.813   516414.133   516980.133
  1605:   517057.133   517216.133   517555.133   517674.133   517732.133
  1610:   517859.133   518171.133   519037.133   519532.133   519690.823
  1615:   519690.920   519692.411   521190.910   521192.615   525042.625
  1620:   525043.715   527110.125   527477.125   527526.125   527555.125
  1625:   527678.125   527796.125   527971.125   528886.125   529374.725
  1630:   529374.920   529374.901   529374.095   529674.902   531174.910
  1635:   531176.615   535026.625   535027.715   536989.125   537084.125
  1640:   537160.125   537574.125   537646.125   537777.125   537962.125
  1645:   538237.125   538276.125   538583.125   538627.125   538875.125
  1650:   539191.725   539191.920   539191.901   539191.095   539491.902
  1655:   540991.910   540993.612   542393.622   542394.812   543245.132
  1660:   543388.132   543452.132   543553.132   543669.132   543717.132
  1665:   543897.132   543960.132   544009.132   544044.132   544316.132
  1670:   544440.132   544475.132   544557.132   544656.132   544719.132
  1675:   544833.132   545066.132   545308.132   545457.132   545598.132
  1680:   545641.132   545678.132   545756.132   545895.132   545966.132
  1685:   545994.822   545994.920   547494.910   547496.615   551346.625
  1690:   551347.715   552165.125   552376.125   552514.125   552591.125
  1695:   552800.125   552910.125   552987.125   553088.125   553135.125
  1700:   553178.125   553268.125   553379.125   553516.125   553546.125
  1705:   553713.125   553810.125   553950.125   554230.125   554281.125
  1710:   554386.125   554529.125   554605.125   554639.125   554774.125
  1715:   555021.125   555062.125   555300.725   555300.920   555300.901
  1720:   555300.095   555600.902   557100.910   557102.614   559852.624
  1725:   559853.714   560384.124   560578.124   560712.124   560780.124
  1730:   560813.124   560958.124   561041.124   561272.124   561310.124
  1735:   561428.124   561533.124   561601.124   561629.124   561870.124
  1740:   561960.124   562435.124   562568.124   562604.724   562604.920
  1745:   562604.901   562604.094   562904.902   564404.910   564406.615
  1750:   568256.625   568257.715   569242.125   569502.125   569534.125
  1755:   569692.125   569724.125   569824.125   569949.125   570017.125
  1760:   570134.125   570367.125   570414.125   570541.125   570596.125
  1765:   570628.125   570809.125   571088.125   571126.125   571421.125
  1770:   571461.125   571854.125   571891.125   571981.125   572164.725
  1775:   572164.920   572164.901   572164.095   572464.902   573964.910
  1780:   573966.612   575366.622   575367.712   576072.122   576105.122
  1785:   576167.122   576247.122   576331.122   576376.122   576410.122
  1790:   576736.122   576837.722   576837.920   576837.901   576837.092
  1795:   577137.902   578637.910   578639.614   581389.624   581390.714
  1800:   582581.124   582615.124   582643.124   582670.124   582706.124
  1805:   582779.124   582898.124   583125.124   583198.124   583292.124
  1810:   583535.124   583613.124   583677.124   583718.124   583971.124
  1815:   584018.124   584230.724   584230.920   584230.901   584230.094
  1820:   584530.902   586030.910   586032.615   589882.625   589883.715
  1825:   591376.125   591413.125   591709.125   591817.125   591923.125
  1830:   592136.125   592254.125   592335.125   592407.125   592580.125
  1835:   592766.125   592926.125   593025.125   593068.125   593148.125
  1840:   593182.125   593476.125   593518.125   593784.725   593784.920
  1845:   593784.901   593784.095   594084.902   595584.910   595586.614
  1850:   598336.624   598337.814   599766.134   600047.134   600216.134
  1855:   600343.134   600504.134   600672.134   600862.134   600985.134
  1860:   601033.134   601134.134   601426.134   601462.134   601557.134
  1865:   601599.134   602248.134   602427.134   602659.134   603135.134
  1870:   603209.134   603256.134   603294.134   603368.134   603404.134
  1875:   603470.134   603606.134   603837.824   603837.920   605337.910
  1880:   605339.611   606339.621   606340.711   606886.121   606929.121
  1885:   607323.121   607480.721   607480.920   607480.901   607480.091
  1890:   607780.902   609280.910   609282.612   610682.622   610683.712
  1895:   611474.122   611786.122   611857.122   611926.122   611974.122
  1900:   612049.122   612284.722   612284.920   612284.901   612284.092
  1905:   612584.902   614084.910   614086.614   616836.624   616837.714
  1910:   618727.124   618895.124   619044.124   619123.124   619213.124
  1915:   619259.124   619290.124   619324.124   619556.124   619801.724
  1920:   619801.920   619801.901   619801.094   620101.902   621601.910
  1925:   621603.612   623003.622   623004.712   623627.122   623689.122
  1930:   623830.122   624011.122   624104.122   624186.122   624269.122
  1935:   625280.722   625280.920   625280.901   625280.092   625580.902
  1940:   627080.910   627082.613   629032.623   629033.713   629883.123
  1945:   630063.123   630330.123   630408.123   630447.123   630919.123
  1950:   631254.723   631254.920   631254.901   631254.093   631554.902
  1955:   633054.910   633056.615   636906.625   636907.715   639129.125
  1960:   639370.125   639465.125   639605.125   639818.125   639863.125
  1965:   639993.125   640030.125   640654.125   640919.725   640919.920
  1970:   640919.901   640919.095   641219.902   642719.910   642721.613
  1975:   644671.623   644672.713   645687.123   645717.123   645774.123
  1980:   645877.123   646028.123   646255.123   646530.123   646563.123
  1985:   646935.723   646935.920   646935.901   646935.093   647235.902
  1990:   648735.910   648737.611   649737.621   649738.811   650185.131
  1995:   650275.131   650384.131   650514.131   650579.131   650819.131
  2000:   650890.131   650981.131   651128.131   651166.131   651243.131
  2005:   652078.131   652117.131   652241.131   652482.131   652517.131
  2010:   652594.131   652636.131   652750.131   652938.821   652938.920
  2015:   654438.910   654440.613   656390.623   656391.813   657374.133
  2020:   657968.133   658195.133   658432.133   658696.133   658841.133
  2025:   658972.133   659043.133   659326.133   659506.133   659777.133
  2030:   660031.133   660068.133   660117.133   660329.133   660396.133
  2035:   660439.133   660480.133   660517.133   660569.133   660591.823
  2040:   660591.920   662091.910   662093.614   664843.624   664844.814
  2045:   666540.134   667336.134   667422.134   667563.134   667736.134
  2050:   667822.134   667875.134   668010.134   668100.134   668196.134
  2055:   668325.134   668932.134   668972.134   669077.134   669119.134
  2060:   669395.134   669443.134   669623.134   670061.134   670106.134
  2065:   670235.134   670344.824   670344.920   670357.411   671844.910
  2070:   671846.611   672846.621   672847.711   673290.121   673506.121
  2075:   673719.121   673822.121   673922.721   673922.920   673922.901
  2080:   673922.091   674222.902   675722.910   675724.611   676724.621
  2085:   676725.711   677064.121   677263.121   677381.121   677984.721
  2090:   677984.920   677984.901   677984.091   678284.902   679784.910
  2095:   679786.615   683636.625   683637.715   685532.125   685844.125
  2100:   686243.125   686468.125   686611.125   686719.125   686990.125
  2105:   687100.125   687349.125   687394.125   687518.725   687518.920
  2110:   687518.901   687518.095   687818.902   687818.902   687818.005
  2115:   687818.006   687818.007   687818.020        
D:
     0:        0.000        0.000        0.000        0.000        0.000
     5:        0.000        0.000        0.000        0.000        0.000
    10:        0.000        0.000        0.000        0.000        0.000
    15:        0.000        0.000        0.000        0.000        0.000
    20:        0.000        0.000        0.000        0.000        0.000
    25:        0.000        2.000        0.000        0.000        0.000
    30:        0.000        0.000        0.000        0.000        0.000
    35:        0.000
F:
     0:       10.000       14.000       19.500       27.500       38.500
     5:       10.000       14.000       19.500       27.500       38.500
    10:       10.000       14.000       19.500       27.500       38.500
    15:       20.000       28.000       39.000       55.000       77.000
    20:       20.000       28.000       39.000       55.000       77.000
    25:       20.000       28.000       39.000       55.000       77.000
    30:       10.000       14.000       19.500       27.500       38.500
    35:       10.000       14.000       19.500       27.500       38.500
    40:       10.000       14.000       19.500       27.500       38.500
    45:       10.000       14.000       19.500       27.500       38.500
    50:       10.000       14.000       19.500       27.500       38.500
    55:       10.000       14.000       19.500       27.500       38.500
    60:       10.000       14.000       19.500       27.500       38.500
    65:       10.000       14.000       19.500       27.500       38.500
    70:       10.000       14.000       19.500       27.500       38.500
    75:       20.000       28.000       39.000       55.000       77.000
    80:       20.000       28.000       39.000       55.000       77.000
    85:       10.000       14.000       19.500       27.500       38.500
    90:       10.000       14.000       19.500       27.500       38.500
    95:       10.000       14.000       19.500       27.500       38.500
I:
     0:       75.000        0.000        0.000
M:
     0:       15.000       15.000       15.000       15.000       15.000
     5:        5.000        5.000        5.000        5.000        5.000
    10:      100.000
N:
     0:       20.000       20.000       20.000       20.000       20.000
     5:        0.000
Q:
     0:       15.000       15.000       15.000       15.000       15.000
     5:        0.000
V:
     0:        0.000        0.000        0.000        0.000        0.000
     5:       87.000      137.000      132.000      187.000      260.000
    10:       88.000      103.000      105.000      112.000      149.000
    15:        0.000
