File: C:\MED-PC IV\DATA\M_PEAK_A130875


Start Date: 10/21/17
End Date: 10/21/17
Subject: P875
Experiment: IF-PICO
Group: 0
Box: 8
Start Time: 10:33:09
End Time: 12:44:06
MSN: Multiple_Peak
B:       0.000
C:       0.000
E:    4788.000
G:      19.500
H:    1950.000
J:       0.000
K:       0.000
L:       0.000
O:       0.000
P:       0.000
R:       0.000
S:       0.000
T:  785775.000
U:       0.000
W:       0.000
X:       0.000
Y:       0.000
Z:       0.000
A:
     0:        0.010      500.910      502.611     1502.621     1503.711
     5:     1849.121     1882.121     1918.121     2068.121     2158.121
    10:     2189.121     2223.121     2256.121     2403.121     2459.121
    15:     2565.721     2565.920     2565.901     2565.091     2865.902
    20:     4365.910     4367.614     7117.624     7118.714     8192.124
    25:     8204.124     8232.124     8241.124     8269.124     8280.124
    30:     8291.124     8325.124     8334.124     8379.124     8439.124
    35:     8452.124     8699.124     8821.124     8886.124     8923.124
    40:     9078.124     9087.124     9117.124     9147.124     9182.124
    45:     9220.124     9305.124     9397.124     9405.124     9437.124
    50:     9555.124     9590.124     9687.124     9697.124     9907.724
    55:     9907.920     9907.901     9907.094    10207.902    11707.910
    60:    11709.614    14459.624    14460.714    14950.124    14967.124
    65:    15001.124    15044.124    15093.124    15188.124    15283.124
    70:    15329.124    15444.124    15451.124    15482.124    15514.124
    75:    15652.124    15738.124    15770.124    15946.124    16094.124
    80:    16120.124    16279.124    16317.124    16538.124    16703.124
    85:    16710.124    16760.124    16857.124    16865.124    16969.124
    90:    17078.124    17197.124    17471.724    17471.920    17471.901
    95:    17471.094    17771.902    19271.910    19273.611    20273.621
   100:    20274.811    20416.131    20451.131    20483.131    20513.131
   105:    20544.131    20574.131    20607.131    20642.131    20676.131
   110:    20743.131    20769.131    20804.131    20830.131    20865.131
   115:    20878.131    20908.131    20937.131    20969.131    20996.131
   120:    21032.131    21059.131    21092.131    21128.131    21189.131
   125:    21220.131    21249.131    21282.131    21308.131    21343.131
   130:    21370.131    21406.131    21436.131    21470.131    21498.131
   135:    21531.131    21559.131    21623.131    21660.131    21690.131
   140:    21722.131    21750.131    21784.131    21814.131    21843.131
   145:    21877.131    21904.131    21939.131    21970.131    22006.131
   150:    22034.131    22067.131    22099.131    22142.131    22177.131
   155:    22248.131    22289.131    22328.131    22339.131    22373.131
   160:    22384.131    22415.131    22444.131    22469.131    22497.131
   165:    22522.131    22654.131    22739.131    22821.131    22969.131
   170:    22976.131    23044.131    23055.131    23096.131    23106.131
   175:    23138.131    23228.131    23237.131    23268.131    23279.131
   180:    23307.131    23370.131    23416.131    23474.821    23474.920
   185:    24974.910    24976.612    26376.622    26377.712    26911.122
   190:    26921.122    26952.122    26999.122    27010.122    27096.122
   195:    27209.122    27248.122    27325.122    27416.122    27458.122
   200:    27488.122    27528.122    27558.122    27589.122    27619.122
   205:    27647.122    27676.122    27709.122    27741.122    27774.122
   210:    27804.722    27804.920    27804.901    27804.092    28104.902
   215:    29604.910    29606.613    31556.623    31557.813    31781.133
   220:    31814.133    31846.133    31880.133    31915.133    31946.133
   225:    31978.133    32006.133    32038.133    32068.133    32098.133
   230:    32131.133    32162.133    32195.133    32227.133    32262.133
   235:    32290.133    32319.133    32355.133    32383.133    32420.133
   240:    32450.133    32480.133    32510.133    32550.133    32579.133
   245:    32608.133    32651.133    32679.133    32713.133    32748.133
   250:    32779.133    32812.133    32848.133    32877.133    32909.133
   255:    32940.133    33002.133    33037.133    33067.133    33098.133
   260:    33141.133    33168.133    33197.133    33224.133    33257.133
   265:    33285.133    33319.133    33344.133    33378.133    33405.133
   270:    33438.133    33466.133    33503.133    33528.133    33555.133
   275:    33625.133    33657.133    33724.133    33759.133    33799.133
   280:    33830.133    33872.133    33959.133    33966.133    33998.133
   285:    34030.133    34056.133    34089.133    34114.133    34151.133
   290:    34186.133    34218.133    34298.133    34325.133    34354.133
   295:    34382.133    34413.133    34439.133    34483.133    34521.133
   300:    34556.133    34655.133    34700.133    34801.133    34837.133
   305:    34882.133    34921.133    34956.133    35040.133    35065.133
   310:    35088.133    35187.133    35312.133    35464.133    35475.133
   315:    35505.133    35658.133    35687.133    35715.133    35752.133
   320:    35757.823    35757.920    37257.910    37259.615    41109.625
   325:    41110.815    42194.135    42280.135    42334.135    42384.135
   330:    42605.135    42614.135    42749.135    42781.135    42812.135
   335:    42843.135    42911.135    42940.135    43078.135    43131.135
   340:    43158.135    43192.135    43323.135    43429.135    43510.135
   345:    43537.135    43550.135    43641.135    43736.135    43827.135
   350:    43870.135    44132.135    44140.135    44172.135    44197.135
   355:    44230.135    44260.135    44293.135    44422.135    44459.135
   360:    44710.135    44718.135    44784.135    44892.135    45007.135
   365:    45101.135    45133.135    45302.135    45342.135    45402.135
   370:    45530.135    45652.135    45754.135    45924.135    46036.135
   375:    46082.135    46095.135    46195.135    46315.135    46720.135
   380:    46731.135    46814.135    46973.135    48207.135    48253.135
   385:    48286.135    48326.135    48399.135    48470.135    48504.135
   390:    48531.135    48563.135    48589.135    48620.135    48651.135
   395:    48681.135    48708.135    48742.135    48766.135    48800.135
   400:    48810.825    48810.920    50310.910    50312.611    51312.621
   405:    51313.711    51831.121    51873.121    51919.121    51948.121
   410:    52119.121    52128.121    52364.721    52364.920    52364.901
   415:    52364.091    52664.902    54164.910    54166.611    55166.621
   420:    55167.711    55469.121    55478.121    55543.121    55578.121
   425:    55611.121    55645.121    55674.121    55711.121    55746.121
   430:    55781.121    55816.121    55849.121    55885.121    55930.121
   435:    55962.121    55995.121    56032.121    56062.121    56099.121
   440:    56136.121    56169.721    56169.920    56169.901    56169.091
   445:    56469.902    57969.910    57971.615    61821.625    61822.715
   450:    62425.125    62505.125    62539.125    62573.125    62611.125
   455:    62655.125    62691.125    62728.125    62756.125    62793.125
   460:    62830.125    62866.125    62894.125    62931.125    62962.125
   465:    62999.125    63029.125    63062.125    63093.125    63134.125
   470:    63165.125    63200.125    63231.125    63267.125    63297.125
   475:    63338.125    63370.125    63409.125    63441.125    63475.125
   480:    63517.125    63548.125    63584.125    63617.125    63653.125
   485:    63684.125    63723.125    63753.125    63793.125    63824.125
   490:    63859.125    63890.125    63927.125    63965.125    64015.125
   495:    64048.125    64085.125    64124.125    64156.125    64193.125
   500:    64226.125    64263.125    64294.125    64332.125    64367.125
   505:    64406.125    64439.125    64477.125    64509.125    64546.125
   510:    64579.125    64617.125    64648.125    64685.125    64724.125
   515:    64761.125    64789.125    64824.125    64852.125    64888.125
   520:    64918.125    64957.125    64986.125    65023.125    65056.125
   525:    65130.125    65148.125    65183.125    65212.125    65250.125
   530:    65279.125    65318.125    65406.125    65436.125    65469.125
   535:    65498.125    65532.125    65562.125    65605.125    65640.125
   540:    65724.725    65724.920    65724.901    65724.095    66024.902
   545:    67524.910    67526.612    68926.622    68927.712    69080.122
   550:    69120.122    69150.122    69185.122    69219.122    69253.122
   555:    69291.122    69329.122    69361.122    69399.122    69436.122
   560:    69474.122    69501.122    69537.122    69575.122    69607.122
   565:    69646.122    69677.122    69715.122    69744.122    69783.122
   570:    69814.122    69853.122    69882.122    69918.122    69949.122
   575:    69984.122    70016.122    70054.122    70085.122    70122.122
   580:    70155.122    70195.122    70226.122    70264.122    70294.122
   585:    70334.722    70334.920    70334.901    70334.092    70634.902
   590:    72134.910    72136.612    73536.622    73537.712    73757.122
   595:    73830.122    73868.122    73900.122    73934.122    73964.122
   600:    74003.122    74033.122    74071.122    74107.122    74138.122
   605:    74177.122    74209.122    74247.122    74277.122    74316.122
   610:    74350.122    74386.122    74418.122    74455.122    74486.122
   615:    74524.122    74553.122    74591.122    74627.122    74660.122
   620:    74698.122    74731.122    74770.122    74800.122    74837.122
   625:    74868.122    74904.122    74939.722    74939.920    74939.901
   630:    74939.092    75239.902    76739.910    76741.613    78691.623
   635:    78692.713    78886.123    78972.123    79012.123    79046.123
   640:    79083.123    79113.123    79150.123    79179.123    79220.123
   645:    79259.123    79298.123    79334.123    79374.123    79404.123
   650:    79443.123    79477.123    79511.123    79558.123    79599.123
   655:    79634.123    79678.123    79713.123    79748.123    79792.123
   660:    79829.123    79866.123    79902.123    79941.123    79970.123
   665:    80007.123    80036.123    80075.123    80113.123    80135.123
   670:    80168.123    80206.123    80237.123    80275.123    80312.123
   675:    80341.123    80381.123    80412.123    80449.123    80489.123
   680:    80520.123    80559.123    80591.123    80624.123    80660.723
   685:    80660.920    80660.901    80660.093    80960.902    82460.910
   690:    82462.611    83462.621    83463.711    83757.121    83790.121
   695:    83824.121    83853.121    83889.121    83921.121    83959.121
   700:    83992.121    84029.121    84060.121    84099.121    84134.121
   705:    84164.121    84203.121    84233.121    84271.121    84307.121
   710:    84338.121    84376.121    84408.121    84444.121    84473.721
   715:    84473.920    84473.901    84473.091    84773.902    86273.910
   720:    86275.613    88225.623    88226.813    88375.133    88416.133
   725:    88457.133    88487.133    88525.133    88559.133    88594.133
   730:    88625.133    88660.133    88696.133    88728.133    88761.133
   735:    88791.133    88825.133    88860.133    88890.133    88924.133
   740:    88954.133    88988.133    89015.133    89053.133    89081.133
   745:    89116.133    89150.133    89181.133    89220.133    89249.133
   750:    89283.133    89313.133    89351.133    89379.133    89415.133
   755:    89447.133    89482.133    89511.133    89552.133    89582.133
   760:    89618.133    89649.133    89687.133    89716.133    89752.133
   765:    89783.133    89819.133    89849.133    89885.133    89919.133
   770:    89959.133    89991.133    90029.133    90061.133    90096.133
   775:    90141.133    90170.133    90206.133    90236.133    90273.133
   780:    90305.133    90347.133    90377.133    90413.133    90447.133
   785:    90482.133    90519.133    90554.133    90593.133    90626.133
   790:    90660.133    90691.133    90721.133    90757.133    90787.133
   795:    90831.133    90871.133    90912.133    90960.133    91046.133
   800:    91074.133    91111.133    91143.133    91184.133    91222.133
   805:    91335.133    91378.133    91412.133    91448.133    91560.133
   810:    91570.133    91609.133    91647.133    91758.133    91816.133
   815:    91848.133    91948.133    91980.133    92032.133    92229.133
   820:    92426.823    92426.920    93926.910    93928.615    97778.625
   825:    97779.815    98551.135    98627.135    98667.135    98710.135
   830:    98748.135    98782.135    98822.135    98859.135    98909.135
   835:    99006.135    99169.135    99208.135    99248.135    99283.135
   840:    99320.135    99353.135    99388.135    99427.135    99458.135
   845:    99495.135    99529.135    99569.135    99601.135    99634.135
   850:    99667.135    99703.135    99737.135    99769.135    99808.135
   855:    99841.135    99876.135    99918.135    99947.135    99977.135
   860:   100011.135   100043.135   100082.135   100113.135   100148.135
   865:   100182.135   100212.135   100246.135   100278.135   100317.135
   870:   100346.135   100381.135   100416.135   100448.135   100485.135
   875:   100521.135   100557.135   100590.135   100627.135   100659.135
   880:   100695.135   100728.135   100767.135   100800.135   100839.135
   885:   100869.135   100907.135   100937.135   100970.135   101001.135
   890:   101036.135   101077.135   101110.135   101145.135   101177.135
   895:   101214.135   101246.135   101311.135   101378.135   101413.135
   900:   101476.135   101507.135   101585.135   101633.135   101670.135
   905:   101704.135   101734.135   101766.135   101793.135   101829.135
   910:   101862.135   101899.135   101928.135   101965.135   101993.135
   915:   102028.135   102059.135   102097.135   102126.135   102162.135
   920:   102187.135   102225.135   102296.135   102325.135   102354.135
   925:   102388.135   102463.135   102496.135   102524.135   102581.135
   930:   102707.135   102782.135   102811.135   102847.135   102930.135
   935:   102975.135   103181.135   103227.135   103438.135   103449.135
   940:   103541.135   103645.135   103737.135   103769.135   103880.135
   945:   103890.135   103992.135   105479.825   105479.920   106979.910
   950:   106981.611   107981.621   107982.711   109083.721   109083.920
   955:   109083.901   109083.091   109383.902   110883.910   110885.612
   960:   112285.622   112286.812   112699.132   112774.132   112809.132
   965:   112844.132   112871.132   112903.132   112932.132   112963.132
   970:   112997.132   113025.132   113057.132   113084.132   113118.132
   975:   113149.132   113180.132   113220.132   113246.132   113283.132
   980:   113311.132   113344.132   113380.132   113408.132   113442.132
   985:   113470.132   113508.132   113539.132   113566.132   113599.132
   990:   113628.132   113663.132   113730.132   113760.132   113793.132
   995:   113829.132   113857.132   113892.132   113923.132   113962.132
  1000:   113990.132   114030.132   114059.132   114093.132   114131.132
  1005:   114162.132   114231.132   114261.132   114300.132   114331.132
  1010:   114367.132   114396.132   114433.132   114465.132   114504.132
  1015:   114542.132   114581.132   114613.132   114681.132   114726.132
  1020:   114752.132   114783.132   114821.132   114847.132   114928.132
  1025:   114946.132   114981.132   115008.132   115043.132   115110.132
  1030:   115185.132   115226.132   115332.132   115343.132   115452.132
  1035:   115531.132   115597.132   115692.132   115704.132   115770.132
  1040:   115799.132   115819.132   115886.822   115886.920   117386.910
  1045:   117388.614   120138.624   120139.714   128106.724   128106.920
  1050:   128106.901   128106.094   128406.902   129906.910   129908.612
  1055:   131308.622   131309.712   131796.122   131841.122   131930.122
  1060:   132003.122   132073.122   132227.122   132277.122   132325.122
  1065:   132356.122   132389.122   132429.122   132502.122   132529.122
  1070:   132562.122   132599.122   132631.122   132703.122   132746.722
  1075:   132746.920   132746.901   132746.092   133046.902   134546.910
  1080:   134548.613   136498.623   136499.713   137081.123   137118.123
  1085:   137151.123   137185.123   137218.123   137285.123   137318.123
  1090:   137346.123   137378.123   137411.123   137446.123   137476.123
  1095:   137522.123   137552.123   137584.123   137613.123   137646.123
  1100:   137675.123   137712.123   137739.123   137774.123   137844.123
  1105:   137874.123   137905.123   137969.123   138006.123   138039.123
  1110:   138067.123   138099.123   138130.123   138168.123   138202.123
  1115:   138237.123   138269.123   138304.123   138341.123   138370.123
  1120:   138405.123   138436.123   138474.723   138474.920   138474.901
  1125:   138474.093   138774.902   140274.910   140276.613   142226.623
  1130:   142227.713   142575.123   142642.123   142678.123   142710.123
  1135:   142741.123   142776.123   142803.123   142836.123   142872.123
  1140:   142900.123   142934.123   142964.123   142997.123   143026.123
  1145:   143057.123   143095.123   143124.123   143160.123   143191.123
  1150:   143225.123   143261.123   143292.123   143355.123   143390.123
  1155:   143419.123   143456.123   143488.123   143525.123   143557.123
  1160:   143595.123   143624.123   143661.123   143691.123   143725.123
  1165:   143794.123   143825.123   143863.123   143894.123   143935.123
  1170:   143973.123   144003.123   144039.123   144069.123   144105.123
  1175:   144136.123   144175.123   144203.723   144203.920   144203.901
  1180:   144203.093   144503.902   146003.910   146005.614   148755.624
  1185:   148756.714   150234.124   150264.124   150300.124   150327.124
  1190:   150362.124   150393.124   150431.124   150458.124   150497.124
  1195:   150526.124   150562.124   150593.124   150628.124   150660.124
  1200:   150693.124   150726.124   150756.124   150799.124   150831.124
  1205:   150860.124   150898.124   150927.124   150963.124   150995.124
  1210:   151027.124   151063.124   151092.124   151126.124   151158.124
  1215:   151194.124   151227.124   151258.124   151293.124   151321.124
  1220:   151353.124   151386.124   151415.124   151457.124   151487.124
  1225:   151522.724   151522.920   151522.901   151522.094   151822.902
  1230:   153322.910   153324.614   156074.624   156075.714   160542.724
  1235:   160542.920   160542.901   160542.094   160842.902   162342.910
  1240:   162344.615   166194.625   166195.715   168743.125   168777.125
  1245:   168815.125   168855.125   168889.125   168926.125   168964.125
  1250:   169004.125   169047.125   169088.125   169119.125   169157.125
  1255:   169198.125   169234.125   169271.125   169303.125   169339.125
  1260:   169377.125   169408.125   169444.125   169484.125   169515.125
  1265:   169553.125   169596.125   169629.125   169665.125   169705.125
  1270:   169736.125   169775.125   169808.125   169846.125   169888.125
  1275:   169921.125   169957.125   169996.125   170029.125   170062.725
  1280:   170062.920   170062.901   170062.095   170362.902   171862.910
  1285:   171864.611   172864.621   172865.811   173216.131   173253.131
  1290:   173291.131   173323.131   173360.131   173390.131   173426.131
  1295:   173461.131   173495.131   173535.131   173569.131   173607.131
  1300:   173644.131   173678.131   173720.131   173752.131   173790.131
  1305:   173824.131   173865.131   173895.131   173933.131   173964.131
  1310:   174005.131   174038.131   174074.131   174106.131   174147.131
  1315:   174180.131   174219.131   174253.131   174292.131   174324.131
  1320:   174363.131   174394.131   174433.131   174466.131   174506.131
  1325:   174546.131   174582.131   174619.131   174657.131   174695.131
  1330:   174726.131   174767.131   174799.131   174837.131   174870.131
  1335:   174907.131   174939.131   174977.131   175013.131   175053.131
  1340:   175086.131   175127.131   175162.131   175205.131   175243.131
  1345:   175278.131   175317.131   175354.131   175392.131   175425.131
  1350:   175519.131   175535.131   175576.131   175613.131   175644.131
  1355:   175684.131   175769.131   175798.131   175834.131   175861.131
  1360:   175905.131   175949.131   176027.131   176065.821   176065.920
  1365:   176074.411   176083.411   177565.910   177567.612   178967.622
  1370:   178968.712   185558.722   185558.920   185558.901   185558.092
  1375:   185858.902   187358.910   187360.611   188360.621   188361.711
  1380:   188601.121   188711.121   188746.121   188776.121   188803.121
  1385:   188838.121   188871.121   188908.121   188937.121   189002.121
  1390:   189031.121   189068.121   189100.121   189134.121   189172.121
  1395:   189199.121   189237.121   189267.121   189309.121   189343.121
  1400:   189373.721   189373.920   189373.901   189373.091   189673.902
  1405:   191173.910   191175.614   193925.624   193926.714   205849.724
  1410:   205849.920   205849.901   205849.094   206149.902   207649.910
  1415:   207651.613   209601.623   209602.713   209953.123   209987.123
  1420:   210021.123   210056.123   210114.123   210171.123   210205.123
  1425:   210232.123   210266.123   210303.123   210329.123   210362.123
  1430:   210397.123   210423.123   210459.123   210486.123   210518.123
  1435:   210555.123   210585.123   210620.123   210647.123   210683.123
  1440:   210712.123   210743.123   210772.123   210830.123   210862.123
  1445:   210895.123   210922.123   210957.123   210985.123   211019.123
  1450:   211048.123   211082.123   211114.123   211148.123   211214.123
  1455:   211238.123   211274.123   211301.123   211340.123   211370.123
  1460:   211405.123   211437.123   211470.123   211498.123   211533.123
  1465:   211564.723   211564.920   211564.901   211564.093   211864.902
  1470:   213364.910   213366.613   215316.623   215317.713   215573.123
  1475:   215655.123   215687.123   215732.123   215813.123   215851.123
  1480:   215878.123   215919.123   215956.123   216013.123   216043.123
  1485:   216103.123   216137.123   216164.123   216196.123   216224.123
  1490:   216257.123   216284.123   216320.123   216348.123   216380.123
  1495:   216410.123   216473.123   216507.123   216534.123   216566.123
  1500:   216593.123   216654.123   216688.123   216717.123   216753.123
  1505:   216783.123   216815.123   216843.123   216876.123   216903.123
  1510:   216937.123   216968.123   217001.123   217031.123   217062.123
  1515:   217091.123   217125.123   217155.123   217192.123   217222.123
  1520:   217259.123   217324.723   217324.920   217324.901   217324.093
  1525:   217624.902   219124.910   219126.615   222976.625   222977.815
  1530:   227135.135   227148.135   227222.135   227254.135   227301.135
  1535:   227385.135   227523.135   227532.135   227569.135   227602.135
  1540:   227642.135   227680.135   227978.135   228019.135   228085.135
  1545:   228171.135   228187.135   228224.135   228305.135   228348.135
  1550:   228446.135   228487.135   228498.135   228600.135   228638.135
  1555:   228673.135   228740.135   228783.135   228822.135   228933.135
  1560:   228942.135   228980.135   228993.135   229029.135   229067.135
  1565:   229139.135   229173.135   229205.135   229242.135   229273.135
  1570:   229314.135   229346.135   229381.135   229416.135   229445.135
  1575:   229481.135   229513.135   229546.135   229581.135   229613.135
  1580:   229649.135   229684.135   229717.135   229753.135   229787.135
  1585:   229828.135   229863.135   229896.135   229981.135   230009.135
  1590:   230042.135   230071.135   230109.135   230135.135   230171.135
  1595:   230206.135   230237.135   230276.135   230321.135   230350.135
  1600:   230385.135   230409.135   230442.135   230585.135   230627.135
  1605:   230677.825   230677.920   232177.910   232179.613   234129.623
  1610:   234130.813   238330.823   238330.920   239830.910   239832.613
  1615:   241782.623   241783.813   245983.823   245983.920   247483.910
  1620:   247485.612   248885.622   248886.712   251333.722   251333.920
  1625:   251333.901   251333.092   251633.902   253133.910   253135.613
  1630:   255085.623   255086.813   255517.133   255557.133   255598.133
  1635:   255634.133   255670.133   255703.133   255740.133   255768.133
  1640:   255805.133   255842.133   255875.133   255912.133   255942.133
  1645:   255977.133   256012.133   256041.133   256078.133   256114.133
  1650:   256143.133   256183.133   256217.133   256251.133   256295.133
  1655:   256325.133   256362.133   256397.133   256430.133   256474.133
  1660:   256509.133   256544.133   256587.133   256621.133   256659.133
  1665:   256696.133   256733.133   256770.133   256802.133   256844.133
  1670:   256877.133   256911.133   256952.133   256983.133   257021.133
  1675:   257063.133   257098.133   257141.133   257173.133   257212.133
  1680:   257245.133   257285.133   257321.133   257361.133   257395.133
  1685:   257440.133   257474.133   257514.133   257552.133   257590.133
  1690:   257626.133   257664.133   257697.133   257733.133   257767.133
  1695:   257807.133   257840.133   257877.133   257914.133   257951.133
  1700:   257988.133   258027.133   258078.133   258113.133   258152.133
  1705:   258190.133   258229.133   258265.133   258305.133   258384.133
  1710:   258412.133   258448.133   258480.133   258512.133   258551.133
  1715:   258579.133   258620.133   258655.133   258754.133   258764.133
  1720:   258848.133   258888.133   258925.133   259056.133   259097.133
  1725:   259135.133   259153.133   259242.133   259275.133   259286.823
  1730:   259286.920   260786.910   260788.615   264638.625   264639.715
  1735:   286522.725   286522.920   286522.901   286522.095   286822.902
  1740:   288322.910   288324.615   292174.625   292175.715   292296.125
  1745:   292331.125   292368.125   292483.125   292636.125   292683.125
  1750:   292717.125   292762.125   292810.125   292846.125   292885.125
  1755:   292926.125   292963.125   292995.125   293036.125   293076.125
  1760:   293109.125   293152.125   293296.125   293306.125   293339.125
  1765:   293398.125   293429.125   293440.125   293472.125   293563.125
  1770:   293571.125   293620.125   293654.125   293696.125   293739.125
  1775:   293830.125   293936.125   293944.125   293984.125   294036.125
  1780:   294070.125   294117.125   294278.125   294286.125   294325.125
  1785:   294356.125   294447.125   294581.125   294701.125   294709.125
  1790:   294805.125   294836.125   294880.125   294932.125   295073.125
  1795:   295248.125   295257.125   295497.125   295506.125   295547.125
  1800:   295735.125   296353.725   296353.920   296353.901   296353.095
  1805:   296653.902   298153.910   298155.615   302005.625   302006.715
  1810:   302375.125   302412.125   302450.125   302497.125   302529.125
  1815:   302565.125   302595.125   302631.125   302669.125   302706.125
  1820:   302741.125   302777.125   302815.125   302851.125   302880.125
  1825:   302920.125   302951.125   302999.125   303031.125   303067.125
  1830:   303102.125   303138.125   303169.125   303210.125   303241.125
  1835:   303281.125   303311.125   303347.125   303380.125   303416.125
  1840:   303447.125   303483.125   303517.125   303553.125   303586.125
  1845:   303626.125   303661.125   303697.125   303734.125   303767.125
  1850:   303806.125   303836.125   303877.125   303910.125   303947.125
  1855:   303983.125   304017.125   304057.125   304094.125   304133.125
  1860:   304169.125   304209.125   304239.125   304274.125   304310.125
  1865:   304348.125   304381.125   304418.125   304453.125   304486.125
  1870:   304533.125   304566.125   304603.125   304638.125   304675.125
  1875:   304708.125   304745.125   304775.125   304813.125   304847.125
  1880:   304889.125   304926.125   304966.125   304998.125   305039.125
  1885:   305074.125   305114.125   305152.125   305187.125   305225.125
  1890:   305258.125   305303.125   305343.125   305374.125   305413.125
  1895:   305447.125   305488.125   305523.125   305562.125   305597.125
  1900:   305635.125   305677.125   305709.125   305751.125   305781.125
  1905:   305828.125   305866.725   305866.920   305866.901   305866.095
  1910:   306166.902   307666.910   307668.612   309068.622   309069.712
  1915:   309418.122   309459.122   309490.122   309525.122   309559.122
  1920:   309605.122   309641.122   309678.122   309715.122   309751.122
  1925:   309788.122   309819.122   309855.122   309892.122   309925.122
  1930:   309963.122   309996.122   310036.122   310068.122   310108.122
  1935:   310142.122   310179.122   310212.122   310252.122   310284.122
  1940:   310321.122   310355.122   310394.122   310426.122   310463.122
  1945:   310497.722   310497.920   310497.901   310497.092   310797.902
  1950:   312297.910   312299.615   316149.625   316150.815   316697.135
  1955:   316785.135   316819.135   316858.135   316992.135   317071.135
  1960:   317213.135   317253.135   317292.135   317327.135   317360.135
  1965:   317399.135   317434.135   317469.135   317505.135   317540.135
  1970:   317576.135   317611.135   317651.135   317684.135   317717.135
  1975:   317755.135   317792.135   317830.135   317859.135   317892.135
  1980:   317932.135   317962.135   317999.135   318030.135   318068.135
  1985:   318099.135   318133.135   318168.135   318200.135   318239.135
  1990:   318271.135   318302.135   318346.135   318377.135   318413.135
  1995:   318446.135   318479.135   318512.135   318549.135   318580.135
  2000:   318617.135   318649.135   318684.135   318717.135   318753.135
  2005:   318785.135   318821.135   318852.135   318888.135   318921.135
  2010:   318958.135   318990.135   319028.135   319062.135   319099.135
  2015:   319128.135   319167.135   319198.135   319234.135   319271.135
  2020:   319303.135   319339.135   319372.135   319408.135   319441.135
  2025:   319476.135   319509.135   319545.135   319577.135   319615.135
  2030:   319651.135   319687.135   319718.135   319759.135   319790.135
  2035:   319826.135   319861.135   319896.135   319927.135   319966.135
  2040:   320003.135   320042.135   320076.135   320116.135   320155.135
  2045:   320282.135   320297.135   320332.135   320365.135   320397.135
  2050:   320437.135   320469.135   320502.135   320527.135   320566.135
  2055:   320596.135   320635.135   320677.135   320761.135   320858.135
  2060:   320888.135   320928.135   321036.135   321068.135   321262.135
  2065:   321592.135   322292.135   322325.135   322515.135   322751.135
  2070:   322789.135   322829.135   322873.135   322918.135   322961.135
  2075:   323005.135   323111.135   323225.135   323269.135   323351.135
  2080:   323384.135   323484.135   323605.135   323638.135   323675.135
  2085:   323835.135   323845.135   323850.825   323850.920   325350.910
  2090:   325352.615   329202.625   329203.715   329721.125   329758.125
  2095:   329796.125   329838.125   329875.125   329912.125   329953.125
  2100:   329988.125   330026.125   330056.125   330093.125   330125.125
  2105:   330163.125   330197.125   330235.125   330268.125   330302.125
  2110:   330339.125   330371.125   330415.125   330444.125   330485.125
  2115:   330514.125   330548.125   330589.125   330622.125   330656.125
  2120:   330702.125   330733.125   330778.125   330813.125   330851.125
  2125:   330883.125   330919.125   330954.125   330994.125   331029.125
  2130:   331070.125   331109.125   331141.125   331178.125   331213.125
  2135:   331252.125   331284.125   331323.125   331352.125   331388.125
  2140:   331424.125   331465.125   331503.125   331592.125   331622.125
  2145:   331660.125   331703.125   331741.125   331772.125   331809.125
  2150:   331840.125   331875.125   331905.125   331941.125   331972.125
  2155:   332006.125   332047.125   332082.125   332118.125   332160.125
  2160:   332194.125   332235.125   332271.125   332309.125   332346.125
  2165:   332430.125   332462.125   332491.125   332574.125   332605.125
  2170:   332695.125   332724.125   332794.125   332845.125   332985.125
  2175:   333013.125   333091.725   333091.920   333091.901   333091.095
  2180:   333391.902   334891.910   334893.614   337643.624   337644.714
  2185:   366013.724   366013.920   366013.901   366013.094   366313.902
  2190:   367813.910   367815.612   369215.622   369216.712   369497.122
  2195:   369534.122   369574.122   369607.122   369652.122   369691.122
  2200:   369734.122   369776.122   369854.122   369892.122   369929.122
  2205:   369961.122   370003.122   370034.122   370068.122   370110.122
  2210:   370141.122   370181.122   370218.122   370252.122   370293.122
  2215:   370324.122   370360.122   370398.122   370429.122   370468.122
  2220:   370506.122   370537.122   370578.122   370610.122   370651.722
  2225:   370651.920   370651.901   370651.092   370951.902   372451.910
  2230:   372453.615   376303.625   376304.715   376756.125   376799.125
  2235:   376879.125   376919.125   376961.125   376995.125   377031.125
  2240:   377070.125   377107.125   377134.125   377175.125   377205.125
  2245:   377246.125   377279.125   377318.125   377348.125   377385.125
  2250:   377423.125   377458.125   377501.125   377531.125   377568.125
  2255:   377604.125   377634.125   377677.125   377708.125   377747.125
  2260:   377778.125   377818.125   377854.125   377889.125   377921.125
  2265:   377954.125   377997.125   378029.125   378068.125   378102.125
  2270:   378139.125   378171.125   378208.125   378243.125   378284.125
  2275:   378319.125   378356.125   378391.125   378429.125   378461.125
  2280:   378497.125   378528.125   378563.125   378598.125   378640.125
  2285:   378672.125   378713.125   378745.125   378781.125   378822.125
  2290:   378859.125   378895.125   378934.125   378968.125   379008.125
  2295:   379041.125   379080.125   379118.125   379205.125   379236.125
  2300:   379271.125   379300.125   379339.125   379369.125   379410.125
  2305:   379444.125   379485.125   379526.125   379564.125   379605.125
  2310:   379637.125   379673.125   379712.125   379743.125   379785.125
  2315:   379819.125   379859.125   379900.125   379982.125   380017.125
  2320:   380056.125   380090.125   380156.725   380156.920   380156.901
  2325:   380156.095   380456.902   381956.910   381958.614   384708.624
  2330:   384709.814   385974.134   386089.134   386161.134   386194.134
  2335:   386226.134   386262.134   386289.134   386327.134   386363.134
  2340:   386404.134   386432.134   386465.134   386497.134   386536.134
  2345:   386571.134   386604.134   386643.134   386671.134   386702.134
  2350:   386736.134   386771.134   386799.134   386866.134   386900.134
  2355:   386928.134   386962.134   387027.134   387057.134   387090.134
  2360:   387121.134   387191.134   387258.134   387288.134   387324.134
  2365:   387351.134   387381.134   387419.134   387448.134   387479.134
  2370:   387509.134   387543.134   387571.134   387605.134   387670.134
  2375:   387702.134   387738.134   387768.134   387800.134   387836.134
  2380:   387898.134   387929.134   387965.134   387995.134   388032.134
  2385:   388062.134   388094.134   388122.134   388155.134   388185.134
  2390:   388219.134   388245.134   388281.134   388378.134   388416.134
  2395:   388457.134   388516.134   388544.134   388603.134   388638.134
  2400:   388666.134   388701.134   388729.134   388832.134   388868.134
  2405:   388897.134   388934.134   389004.134   389039.134   389078.134
  2410:   389108.134   389189.134   389261.134   389291.134   389321.134
  2415:   389350.134   389474.134   389483.134   389515.134   389591.134
  2420:   389622.134   389659.134   389752.134   389761.134   389848.134
  2425:   389861.134   390209.824   390209.920   391709.910   391711.613
  2430:   393661.623   393662.713   394327.123   394364.123   394398.123
  2435:   394432.123   394465.123   394497.123   394529.123   394556.123
  2440:   394592.123   394624.123   394651.123   394718.123   394746.123
  2445:   394780.123   394810.123   394842.123   394874.123   394901.123
  2450:   394938.123   394968.123   395000.123   395030.123   395065.123
  2455:   395097.123   395131.123   395202.123   395307.123   395338.123
  2460:   395367.123   395399.123   395432.123   395462.123   395497.123
  2465:   395526.123   395556.123   395586.123   395622.723   395622.920
  2470:   395622.901   395622.093   395922.902   397422.910   397424.615
  2475:   401274.625   401275.715   402615.125   402654.125   403204.125
  2480:   403279.125   403317.125   403349.125   403384.125   403418.125
  2485:   403449.125   403510.125   403546.125   403586.125   403617.125
  2490:   403649.125   403689.125   403723.125   403762.125   403798.125
  2495:   403832.125   403865.125   403900.125   403931.125   403965.125
  2500:   404003.125   404075.125   404117.125   404144.125   404176.125
  2505:   404239.125   404267.125   404298.125   404327.125   404359.125
  2510:   404386.125   404421.125   404483.125   404520.125   404560.125
  2515:   404595.125   404629.125   404663.125   404698.125   404728.125
  2520:   404760.125   404793.125   404827.125   404857.125   404892.125
  2525:   404949.125   404987.125   405016.125   405053.125   405082.125
  2530:   405121.125   405156.725   405156.920   405156.901   405156.095
  2535:   405456.902   406956.910   406958.613   408908.623   408909.713
  2540:   409148.123   409183.123   409222.123   409258.123   409293.123
  2545:   409331.123   409357.123   409395.123   409426.123   409492.123
  2550:   409529.123   409590.123   409625.123   409661.123   409690.123
  2555:   409723.123   409757.123   409823.123   409852.123   409884.123
  2560:   409915.123   409949.123   409984.123   410014.123   410045.123
  2565:   410075.123   410113.123   410143.123   410177.123   410207.123
  2570:   410242.123   410273.123   410309.123   410337.123   410368.123
  2575:   410402.123   410429.123   410466.123   410496.123   410528.123
  2580:   410557.123   410591.123   410623.123   410658.123   410687.123
  2585:   410723.123   410751.123   410787.123   410818.123   410853.123
  2590:   410885.723   410885.920   410885.901   410885.093   411185.902
  2595:   412685.910   412687.611   413687.621   413688.811   413881.131
  2600:   413914.131   413946.131   414009.131   414043.131   414100.131
  2605:   414130.131   414161.131   414193.131   414221.131   414287.131
  2610:   414316.131   414348.131   414376.131   414409.131   414441.131
  2615:   414469.131   414506.131   414533.131   414566.131   414595.131
  2620:   414628.131   414656.131   414688.131   414725.131   414754.131
  2625:   414786.131   414817.131   414850.131   414882.131   414918.131
  2630:   414947.131   414981.131   415044.131   415073.131   415114.131
  2635:   415142.131   415173.131   415209.131   415277.131   415308.131
  2640:   415344.131   415376.131   415412.131   415443.131   415476.131
  2645:   415513.131   415606.131   415631.131   415661.131   415685.131
  2650:   415749.131   415785.131   415816.131   415852.131   415886.131
  2655:   415922.131   415996.131   416025.131   416102.131   416129.131
  2660:   416213.131   416242.131   416270.131   416308.131   416341.131
  2665:   416457.131   416466.131   416556.131   416566.131   416660.131
  2670:   416688.131   416888.821   416888.920   418388.910   418390.612
  2675:   419790.622   419791.812   420035.132   420072.132   420113.132
  2680:   420147.132   420181.132   420214.132   420246.132   420281.132
  2685:   420315.132   420346.132   420378.132   420414.132   420443.132
  2690:   420510.132   420543.132   420574.132   420608.132   420640.132
  2695:   420675.132   420706.132   420740.132   420770.132   420810.132
  2700:   420839.132   420901.132   420934.132   420964.132   420999.132
  2705:   421030.132   421065.132   421093.132   421128.132   421160.132
  2710:   421197.132   421232.132   421266.132   421304.132   421337.132
  2715:   421372.132   421406.132   421443.132   421477.132   421512.132
  2720:   421545.132   421582.132   421613.132   421650.132   421680.132
  2725:   421717.132   421746.132   421783.132   421814.132   421854.132
  2730:   421883.132   421920.132   421952.132   421988.132   422020.132
  2735:   422052.132   422085.132   422121.132   422152.132   422233.132
  2740:   422261.132   422318.132   422346.132   422423.132   422448.132
  2745:   422483.132   422554.132   422581.132   422666.132   422917.132
  2750:   422925.132   423391.822   423391.920   424891.910   424893.614
  2755:   427643.624   427644.714   446484.724   446484.920   446484.901
  2760:   446484.094   446784.902   448284.910   448286.614   451036.624
  2765:   451037.814   452934.134   452972.134   453181.134   453318.134
  2770:   453326.134   453360.134   453392.134   453426.134   453462.134
  2775:   453499.134   453535.134   453566.134   453640.134   453707.134
  2780:   453742.134   453804.134   453871.134   453944.134   453986.134
  2785:   454020.134   454097.134   454125.134   454155.134   454186.134
  2790:   454199.134   454348.134   454415.134   454448.134   454542.134
  2795:   454550.134   454731.134   454741.134   454776.134   455195.134
  2800:   455225.134   455257.134   455289.134   455765.134   455802.134
  2805:   455929.134   456349.134   456537.824   456537.920   458037.910
  2810:   458039.614   460789.624   460790.814   461638.134   461671.134
  2815:   461707.134   461828.134   461862.134   461894.134   461980.134
  2820:   462097.134   462171.134   462200.134   462232.134   462266.134
  2825:   462368.134   462407.134   462441.134   462473.134   462510.134
  2830:   462584.134   462676.134   462703.134   462728.134   462759.134
  2835:   462793.134   462825.134   462862.134   462972.134   463039.134
  2840:   463077.134   463229.134   463238.134   463368.134   463377.134
  2845:   463458.134   463785.134   463819.134   464120.134   464157.134
  2850:   464188.134   464699.134   464735.134   464763.134   465366.134
  2855:   465400.134   465866.134   465905.134   465942.134   466036.134
  2860:   466290.824   466290.920   467790.910   467792.611   468792.621
  2865:   468793.711   469087.121   469120.121   469156.121   469192.121
  2870:   469226.121   469260.121   469292.121   469330.121   469362.121
  2875:   469395.121   469429.121   469490.121   469520.121   469553.121
  2880:   469582.121   469621.121   469651.121   469690.121   469720.121
  2885:   469751.121   469786.121   469816.721   469816.920   469816.901
  2890:   469816.091   470116.902   471616.910   471618.611   472618.621
  2895:   472619.711   472800.121   472840.121   472872.121   472909.121
  2900:   472945.121   472978.121   473009.121   473041.121   473077.121
  2905:   473105.121   473139.121   473174.121   473203.121   473242.121
  2910:   473271.121   473306.121   473336.121   473364.121   473401.121
  2915:   473432.121   473463.121   473498.121   473526.121   473559.121
  2920:   473589.121   473622.721   473622.920   473622.901   473622.091
  2925:   473922.902   475422.910   475424.612   476824.622   476825.712
  2930:   476934.122   476972.122   476999.122   477035.122   477071.122
  2935:   477103.122   477140.122   477168.122   477199.122   477233.122
  2940:   477259.122   477289.122   477322.122   477349.122   477379.122
  2945:   477412.122   477438.122   477476.122   477502.122   477539.122
  2950:   477605.122   477637.122   477671.122   477700.122   477732.122
  2955:   477799.122   477827.122   477863.122   477893.122   477922.122
  2960:   477955.122   477988.122   478016.122   478057.122   478088.122
  2965:   478121.122   478152.122   478187.122   478218.122   478254.722
  2970:   478254.920   478254.901   478254.092   478554.902   480054.910
  2975:   480056.613   482006.623   482007.713   482131.123   482175.123
  2980:   482216.123   482253.123   482285.123   482325.123   482363.123
  2985:   482400.123   482435.123   482472.123   482506.123   482539.123
  2990:   482576.123   482612.123   482640.123   482675.123   482703.123
  2995:   482739.123   482779.123   482810.123   482847.123   482877.123
  3000:   482915.123   482953.123   482983.123   483021.123   483050.123
  3005:   483085.123   483121.123   483159.123   483190.123   483231.123
  3010:   483263.123   483299.123   483331.123   483364.123   483404.123
  3015:   483435.123   483475.123   483512.123   483542.123   483580.123
  3020:   483610.123   483645.123   483679.123   483720.123   483753.123
  3025:   483790.123   483823.123   483859.123   483890.123   483928.123
  3030:   483960.723   483960.920   483960.901   483960.093   484260.902
  3035:   485760.910   485762.611   486762.621   486763.711   486914.121
  3040:   486956.121   486986.121   487020.121   487057.121   487091.121
  3045:   487127.121   487165.121   487194.121   487231.121   487262.121
  3050:   487298.121   487333.121   487363.121   487401.121   487439.121
  3055:   487469.121   487506.121   487540.121   487572.121   487609.121
  3060:   487641.121   487681.121   487716.121   487753.121   487784.721
  3065:   487784.920   487784.901   487784.091   488084.902   489584.910
  3070:   489586.612   490986.622   490987.712   491178.122   491218.122
  3075:   491253.122   491293.122   491324.122   491359.122   491388.122
  3080:   491422.122   491457.122   491484.122   491518.122   491552.122
  3085:   491581.122   491609.122   491653.122   491692.122   491723.122
  3090:   491763.122   491790.122   491829.122   491861.122   491897.122
  3095:   491930.122   491970.122   492002.122   492038.122   492077.122
  3100:   492108.122   492146.122   492178.122   492215.122   492248.122
  3105:   492280.122   492319.122   492350.122   492389.722   492389.920
  3110:   492389.901   492389.092   492689.902   494189.910   494191.614
  3115:   496941.624   496942.714   497559.124   497598.124   497626.124
  3120:   497668.124   497704.124   497735.124   497773.124   497813.124
  3125:   497846.124   497882.124   497918.124   497955.124   497982.124
  3130:   498021.124   498056.124   498091.124   498128.124   498157.124
  3135:   498197.124   498233.124   498262.124   498302.124   498332.124
  3140:   498370.124   498400.124   498440.124   498474.124   498504.124
  3145:   498543.124   498573.124   498615.124   498649.124   498683.124
  3150:   498728.124   498768.124   498808.124   498848.124   498882.124
  3155:   498921.124   498952.124   498992.124   499023.124   499066.124
  3160:   499100.124   499139.124   499171.124   499212.124   499244.124
  3165:   499280.124   499311.124   499350.124   499382.124   499425.124
  3170:   499456.124   499494.124   499530.124   499561.124   499601.124
  3175:   499631.124   499667.124   499699.724   499699.920   499699.901
  3180:   499699.094   499999.902   501499.910   501501.611   502501.621
  3185:   502502.811   502833.131   502872.131   502909.131   502949.131
  3190:   502983.131   503017.131   503055.131   503088.131   503126.131
  3195:   503162.131   503196.131   503229.131   503268.131   503299.131
  3200:   503336.131   503371.131   503402.131   503439.131   503477.131
  3205:   503508.131   503548.131   503579.131   503622.131   503655.131
  3210:   503693.131   503724.131   503762.131   503797.131   503839.131
  3215:   503870.131   503907.131   503939.131   503975.131   504008.131
  3220:   504044.131   504076.131   504111.131   504143.131   504180.131
  3225:   504212.131   504250.131   504279.131   504315.131   504349.131
  3230:   504386.131   504438.131   504475.131   504507.131   504544.131
  3235:   504576.131   504614.131   504646.131   504684.131   504716.131
  3240:   504752.131   504786.131   504825.131   504859.131   504898.131
  3245:   504933.131   504969.131   505006.131   505043.131   505081.131
  3250:   505122.131   505205.131   505237.131   505260.131   505295.131
  3255:   505329.131   505408.131   505438.131   505480.131   505514.131
  3260:   505636.131   505702.821   505702.920   507202.910   507204.614
  3265:   509954.624   509955.814   510468.134   510591.134   510637.134
  3270:   510672.134   510710.134   510744.134   510780.134   510808.134
  3275:   510847.134   510883.134   510922.134   510958.134   510996.134
  3280:   511030.134   511065.134   511105.134   511153.134   511185.134
  3285:   511214.134   511247.134   511277.134   511312.134   511344.134
  3290:   511383.134   511414.134   511450.134   511480.134   511512.134
  3295:   511540.134   511577.134   511607.134   511640.134   511679.134
  3300:   511708.134   511745.134   511776.134   511815.134   511845.134
  3305:   511878.134   511914.134   511944.134   511977.134   512015.134
  3310:   512046.134   512083.134   512113.134   512149.134   512181.134
  3315:   512214.134   512253.134   512285.134   512319.134   512349.134
  3320:   512385.134   512416.134   512436.134   512475.134   512507.134
  3325:   512545.134   512584.134   512614.134   512654.134   512687.134
  3330:   512723.134   512764.134   512807.134   512843.134   512876.134
  3335:   512916.134   512949.134   513006.134   513042.134   513074.134
  3340:   513106.134   513263.134   513361.134   513371.134   513681.134
  3345:   513695.134   513735.134   514293.134   514959.134   515455.824
  3350:   515455.920   516955.910   516957.611   517957.621   517958.711
  3355:   543544.721   543544.920   543544.901   543544.091   543844.902
  3360:   545344.910   545346.614   548096.624   548097.814   550823.134
  3365:   550859.134   551338.134   551374.134   551413.134   551453.134
  3370:   551546.134   551555.134   551712.134   551719.134   551752.134
  3375:   552258.134   552289.134   552318.134   552357.134   552847.134
  3380:   552880.134   552945.134   553039.134   553520.134   553547.134
  3385:   553561.134   553597.824   553597.920   553602.411   555097.910
  3390:   555099.612   556499.622   556500.812   556734.132   556819.132
  3395:   556850.132   556883.132   556916.132   556949.132   556979.132
  3400:   557013.132   557043.132   557078.132   557109.132   557135.132
  3405:   557170.132   557199.132   557235.132   557268.132   557298.132
  3410:   557330.132   557366.132   557400.132   557429.132   557460.132
  3415:   557492.132   557525.132   557556.132   557592.132   557623.132
  3420:   557659.132   557692.132   557726.132   557764.132   557790.132
  3425:   557857.132   557889.132   557917.132   557950.132   557981.132
  3430:   558017.132   558045.132   558079.132   558114.132   558143.132
  3435:   558175.132   558212.132   558242.132   558314.132   558341.132
  3440:   558375.132   558406.132   558436.132   558472.132   558501.132
  3445:   558534.132   558568.132   558680.132   558709.132   558717.132
  3450:   558770.132   558801.132   558839.132   558870.132   558910.132
  3455:   558947.132   558987.132   559351.132   559386.132   559415.132
  3460:   559915.132   559984.132   560100.822   560100.920   561600.910
  3465:   561602.613   563552.623   563553.713   564491.123   564525.123
  3470:   564882.123   564919.123   564984.123   565018.123   565083.123
  3475:   565110.123   565141.123   565173.123   565204.123   565230.123
  3480:   565264.123   565290.123   565320.123   565348.123   565377.123
  3485:   565408.123   565436.123   565470.123   565499.123   565532.723
  3490:   565532.920   565532.901   565532.093   565832.902   567332.910
  3495:   567334.614   570084.624   570085.714   571370.124   571809.124
  3500:   572184.124   572235.124   572266.124   572298.124   572330.124
  3505:   572363.124   572429.124   572459.124   572493.124   572528.124
  3510:   572566.124   572596.124   572631.124   572659.124   572693.124
  3515:   572736.124   572770.124   572804.124   572872.724   572872.920
  3520:   572872.901   572872.094   573172.902   574672.910   574674.614
  3525:   577424.624   577425.714   578473.124   578511.124   578549.124
  3530:   578587.124   579139.124   579176.124   579215.124   579257.124
  3535:   579298.124   579332.124   579373.124   579404.124   579443.124
  3540:   579476.124   579511.124   579544.124   579578.124   579609.124
  3545:   579643.124   579680.124   579709.124   579746.124   579776.124
  3550:   579810.124   579844.124   579879.124   579911.124   579944.124
  3555:   579982.124   580012.124   580046.124   580078.124   580114.124
  3560:   580145.124   580181.724   580181.920   580181.901   580181.094
  3565:   580481.902   581981.910   581983.614   584733.624   584734.714
  3570:   586587.124   587483.124   587519.724   587519.920   587519.901
  3575:   587519.094   587819.902   589319.910   589321.615   593171.625
  3580:   593172.715   594973.125   595014.125   595051.125   595090.125
  3585:   595130.125   595163.125   595201.125   595233.125   595265.125
  3590:   595303.125   595332.125   595366.125   595404.125   595434.125
  3595:   595470.125   595510.125   595543.125   595578.125   595610.125
  3600:   595644.125   595681.125   595712.125   595745.125   595785.125
  3605:   595817.125   595850.125   595889.125   595919.125   595957.125
  3610:   595991.125   596028.125   596063.125   596094.125   596130.125
  3615:   596167.125   596200.125   596242.125   596274.125   596311.125
  3620:   596350.125   596393.125   596434.125   596468.125   596497.125
  3625:   596534.125   596566.125   596606.125   596636.125   596670.125
  3630:   596709.125   596739.125   596778.125   596813.125   596836.125
  3635:   596884.125   596963.125   596994.125   597023.725   597023.920
  3640:   597023.901   597023.095   597323.902   598823.910   598825.611
  3645:   599825.621   599826.711   600426.121   600462.121   600499.121
  3650:   600536.121   600574.121   600608.121   600645.121   600675.121
  3655:   600713.121   600748.121   600777.121   600815.121   600848.721
  3660:   600848.920   600848.901   600848.091   601148.902   602648.910
  3665:   602650.612   604050.622   604051.712   604222.122   604258.122
  3670:   604294.122   604333.122   604366.122   604404.122   604439.122
  3675:   604478.122   604511.122   604539.122   604576.122   604613.122
  3680:   604645.122   604684.122   604716.122   604759.122   604790.122
  3685:   604823.122   604870.122   604904.122   604938.122   604982.122
  3690:   605012.122   605072.122   605107.122   605139.122   605175.122
  3695:   605216.122   605250.122   605280.122   605316.122   605358.122
  3700:   605393.122   605428.122   605467.722   605467.920   605467.901
  3705:   605467.092   605767.902   607267.910   607269.613   609219.623
  3710:   609220.713   609422.123   609496.123   609531.123   609570.123
  3715:   609603.123   609638.123   609671.123   609712.123   609751.123
  3720:   609782.123   609817.123   609854.123   609890.123   609921.123
  3725:   609959.123   609994.123   610033.123   610065.123   610104.123
  3730:   610135.123   610170.123   610203.123   610242.123   610273.123
  3735:   610310.123   610346.123   610377.123   610410.123   610449.123
  3740:   610482.123   610515.123   610574.123   610612.123   610644.123
  3745:   610680.123   610713.123   610747.123   610785.123   610813.123
  3750:   610850.123   610884.123   610914.123   610949.123   610981.123
  3755:   611019.123   611047.123   611087.123   611122.123   611153.123
  3760:   611190.723   611190.920   611190.901   611190.093   611490.902
  3765:   612990.910   612992.615   616842.625   616843.715   619000.125
  3770:   619660.125   619693.125   619729.125   619765.125   619801.125
  3775:   619839.125   619873.125   619911.125   619940.125   619972.125
  3780:   620008.125   620037.125   620072.125   620104.125   620136.125
  3785:   620173.125   620203.125   620239.125   620274.125   620308.125
  3790:   620338.125   620373.125   620409.125   620440.125   620478.125
  3795:   620508.125   620543.125   620570.125   620606.125   620639.125
  3800:   620675.125   620706.725   620706.920   620706.901   620706.095
  3805:   621006.902   622506.910   622508.615   626358.625   626359.715
  3810:   627425.125   627459.125   627501.125   627551.125   627660.125
  3815:   627668.125   627850.125   627883.125   627911.125   627945.125
  3820:   627981.125   628014.125   628048.125   628088.125   628212.125
  3825:   628242.125   628276.125   628310.125   628345.125   628377.125
  3830:   628411.125   628448.125   628481.125   628509.125   628548.125
  3835:   628575.125   628609.125   628647.125   628680.125   628713.125
  3840:   628748.125   628778.125   628814.125   628849.125   628880.125
  3845:   628918.125   628948.125   628985.125   629019.125   629050.125
  3850:   629083.125   629119.125   629149.125   629183.125   629221.125
  3855:   629251.125   629269.125   629310.125   629343.125   629373.125
  3860:   629408.125   629437.125   629470.125   629499.125   629532.125
  3865:   629561.125   629595.125   629625.125   629659.125   629692.125
  3870:   629749.125   629782.125   629816.125   629852.125   629884.125
  3875:   629917.125   629949.125   629983.125   630019.125   630057.125
  3880:   630092.125   630128.125   630155.125   630177.125   630212.725
  3885:   630212.920   630212.901   630212.095   630512.902   632012.910
  3890:   632014.615   635864.625   635865.715   637530.125   637567.125
  3895:   637602.125   637641.125   638158.125   638194.125   638231.125
  3900:   638265.125   638306.125   638339.125   638374.125   638403.125
  3905:   638441.125   638472.125   638509.125   638540.125   638572.125
  3910:   638602.125   638636.125   638667.125   638702.125   638736.125
  3915:   638774.125   638805.125   638842.125   638872.125   638908.125
  3920:   638938.125   638976.125   639008.125   639043.125   639072.125
  3925:   639110.125   639140.125   639177.125   639209.125   639242.125
  3930:   639273.125   639306.125   639343.125   639373.125   639414.125
  3935:   639448.125   639486.125   639518.125   639553.125   639582.125
  3940:   639618.125   639649.125   639686.125   639718.725   639718.920
  3945:   639718.901   639718.095   640018.902   641518.910   641520.612
  3950:   642920.622   642921.712   643130.122   643167.122   643202.122
  3955:   643237.122   643274.122   643318.122   643347.122   643381.122
  3960:   643418.122   643450.122   643489.122   643519.122   643553.122
  3965:   643589.122   643618.122   643654.122   643688.122   643719.122
  3970:   643755.122   643784.122   643822.122   643851.122   643887.122
  3975:   643918.122   643954.122   643986.122   644025.122   644054.122
  3980:   644089.122   644121.122   644157.122   644188.122   644222.122
  3985:   644255.122   644291.122   644327.722   644327.920   644327.901
  3990:   644327.092   644627.902   646127.910   646129.613   648079.623
  3995:   648080.713   648296.123   648337.123   648373.123   648405.123
  4000:   648438.123   648473.123   648507.123   648542.123   648576.123
  4005:   648608.123   648643.123   648672.123   648702.123   648742.123
  4010:   648769.123   648800.123   648837.123   648870.123   648901.123
  4015:   648936.123   648966.123   649000.123   649029.123   649064.123
  4020:   649094.123   649129.123   649163.123   649197.123   649232.123
  4025:   649263.123   649300.123   649333.123   649371.123   649401.123
  4030:   649432.123   649472.123   649504.123   649535.123   649570.123
  4035:   649601.123   649634.123   649665.123   649700.123   649735.123
  4040:   649765.123   649800.123   649835.123   649870.123   649898.123
  4045:   649933.123   649964.123   650000.123   650036.723   650036.920
  4050:   650036.901   650036.093   650336.902   651836.910   651838.614
  4055:   654588.624   654589.714   655341.124   655374.124   655413.124
  4060:   655448.124   655487.124   655522.124   655561.124   655600.124
  4065:   655629.124   655668.124   655700.124   655739.124   655769.124
  4070:   655804.124   655835.124   655874.124   655905.124   655943.124
  4075:   655976.124   656007.124   656042.124   656074.124   656112.124
  4080:   656146.124   656184.124   656213.124   656247.124   656280.124
  4085:   656300.124   656339.124   656369.124   656406.124   656434.124
  4090:   656468.124   656500.124   656538.124   656567.124   656619.124
  4095:   656652.124   656687.124   656716.124   656733.124   656770.124
  4100:   656805.124   656838.124   656868.124   656918.124   656943.124
  4105:   656981.124   657011.124   657047.124   657084.124   657113.124
  4110:   657149.124   657180.124   657217.124   657249.124   657282.124
  4115:   657311.124   657345.724   657345.920   657345.901   657345.094
  4120:   657645.902   659145.910   659147.612   660547.622   660548.712
  4125:   661466.122   661501.122   661539.122   661577.122   661613.122
  4130:   661650.122   661688.122   661716.122   661756.122   661790.122
  4135:   661831.122   661860.122   661900.122   661930.122   661967.722
  4140:   661967.920   661967.901   661967.092   662267.902   663767.910
  4145:   663769.615   667619.625   667620.715   670298.125   670332.125
  4150:   670370.125   670400.125   670435.125   670465.125   670499.125
  4155:   670531.125   670559.125   670592.125   670622.125   670653.125
  4160:   670684.125   670752.125   670784.125   670819.125   670901.125
  4165:   670976.125   671008.125   671036.125   671070.125   671097.125
  4170:   671131.125   671159.125   671193.125   671239.125   671275.125
  4175:   671307.125   671369.125   671407.125   671442.125   671478.725
  4180:   671478.920   671478.901   671478.095   671778.902   673278.910
  4185:   673280.611   674280.621   674281.711   674896.121   674930.121
  4190:   674966.121   675000.121   675029.121   675066.121   675097.121
  4195:   675132.121   675161.121   675195.121   675224.121   675272.121
  4200:   675292.721   675292.920   675292.901   675292.091   675592.902
  4205:   677092.910   677094.612   678494.622   678495.812   678715.132
  4210:   678746.132   678782.132   678815.132   678848.132   678881.132
  4215:   678914.132   678950.132   679009.132   679049.132   679078.132
  4220:   679114.132   679184.132   679213.132   679249.132   679276.132
  4225:   679309.132   679359.132   679389.132   679417.132   679438.132
  4230:   679470.132   679499.132   679534.132   679561.132   679592.132
  4235:   679629.132   679658.132   679691.132   679719.132   679735.132
  4240:   679769.132   679799.132   679869.132   679899.132   679916.132
  4245:   679952.132   679985.132   680013.132   680045.132   680076.132
  4250:   680104.132   680138.132   680177.132   680203.132   680237.132
  4255:   680269.132   680299.132   680335.132   680364.132   680404.132
  4260:   680435.132   680468.132   680499.132   680533.132   680570.132
  4265:   680644.132   680673.132   680703.132   680735.132   680775.132
  4270:   680801.132   680819.132   680849.132   680879.132   680914.132
  4275:   680940.132   680960.132   680998.132   681028.132   681063.132
  4280:   681095.132   681179.132   681207.132   681238.132   681267.132
  4285:   681301.132   681361.132   681390.132   681407.132   681485.132
  4290:   681519.132   681630.132   681657.132   681667.132   681732.132
  4295:   681807.132   681837.132   681870.132   682012.132   682041.132
  4300:   682048.132   682083.132   682095.822   682095.920   683595.910
  4305:   683597.611   684597.621   684598.711   684847.121   684877.121
  4310:   684909.121   684946.121   684978.121   685019.121   685087.121
  4315:   685115.121   685150.121   685182.121   685213.121   685249.121
  4320:   685278.121   685311.121   685373.121   685401.121   685481.121
  4325:   685541.121   685577.121   685604.721   685604.920   685604.901
  4330:   685604.091   685904.902   687404.910   687406.615   691256.625
  4335:   691257.715   692350.125   692384.125   692414.125   692445.125
  4340:   692476.125   692509.125   692537.125   692573.125   692601.125
  4345:   692631.125   692667.125   692759.125   692790.125   692819.125
  4350:   692849.125   692880.125   692908.125   692958.125   692988.125
  4355:   693018.125   693098.125   693128.125   693159.125   693188.125
  4360:   693219.125   693253.125   693280.125   693342.125   693373.125
  4365:   693409.125   693475.125   693511.125   693537.125   693568.125
  4370:   693602.125   693629.125   693663.125   693694.125   693722.125
  4375:   693759.125   693790.125   693820.125   693879.125   693939.125
  4380:   693969.125   694002.125   694033.125   694061.125   694097.125
  4385:   694124.125   694158.125   694187.125   694221.125   694248.125
  4390:   694281.125   694309.125   694341.125   694374.125   694402.125
  4395:   694433.125   694460.125   694490.125   694524.125   694552.125
  4400:   694587.125   694618.125   694652.125   694712.125   694745.125
  4405:   694773.125   694801.125   694839.125   694879.125   694913.125
  4410:   694954.125   695053.125   695088.125   695214.725   695214.920
  4415:   695214.901   695214.095   695514.902   697014.910   697016.611
  4420:   698016.621   698017.811   698958.131   698988.131   699019.131
  4425:   699052.131   699082.131   699116.131   699147.131   699176.131
  4430:   699210.131   699238.131   699441.131   699475.131   699508.131
  4435:   699540.131   699572.131   699601.131   699634.131   699668.131
  4440:   699696.131   699760.131   699791.131   699825.131   699856.131
  4445:   699908.131   699972.131   700005.131   700033.131   700069.131
  4450:   700134.131   700162.131   700240.131   700309.131   700344.131
  4455:   700372.131   700407.131   700435.131   700486.131   700517.131
  4460:   700588.131   700597.131   700628.131   700669.131   700752.131
  4465:   700777.131   701063.131   701101.131   701131.131   701217.821
  4470:   701217.920   702717.910   702719.615   706569.625   706570.715
  4475:   708289.125   708322.125   708361.125   708398.125   708431.125
  4480:   708462.125   708496.125   708530.125   708564.125   709008.125
  4485:   709038.125   709446.125   709485.125   709516.125   709527.125
  4490:   709975.125   710462.725   710462.920   710462.901   710462.095
  4495:   710762.902   712262.910   712264.613   714214.623   714215.713
  4500:   716010.123   716270.723   716270.920   716270.901   716270.093
  4505:   716570.902   718070.910   718072.614   720822.624   720823.714
  4510:   721150.124   721184.124   721579.124   721614.124   721648.124
  4515:   721678.124   721708.124   721741.124   721774.124   721801.124
  4520:   721834.124   721863.124   721894.124   721926.124   721952.124
  4525:   721984.124   722010.124   722041.124   722071.124   722100.124
  4530:   722165.124   722196.124   722222.124   722253.124   722282.124
  4535:   722331.124   722436.124   722444.124   722474.124   722500.124
  4540:   722563.124   722595.124   722625.124   722695.124   722729.124
  4545:   722755.124   722772.124   722896.124   722978.124   723011.124
  4550:   723329.124   723390.124   723478.124   723816.724   723816.920
  4555:   723816.901   723816.094   724116.902   725616.910   725618.613
  4560:   727568.623   727569.713   728537.123   728573.123   728609.123
  4565:   728646.123   728682.123   728716.123   728752.123   728905.123
  4570:   728943.123   728977.123   729012.123   729048.123   729081.123
  4575:   729115.123   729147.123   729190.123   729219.123   729254.123
  4580:   729287.123   729326.123   729357.123   729391.123   729425.123
  4585:   729454.123   729490.123   729529.723   729529.920   729529.901
  4590:   729529.093   729829.902   731329.910   731331.612   732731.622
  4595:   732732.712   733302.122   733341.122   733381.122   733495.122
  4600:   733530.122   733571.122   733608.122   733645.122   733680.122
  4605:   733719.122   733755.122   733787.122   733821.122   733849.122
  4610:   733886.122   733913.122   733951.122   733981.122   734014.122
  4615:   734052.122   734083.122   734115.122   734150.722   734150.920
  4620:   734150.901   734150.092   734450.902   735950.910   735952.612
  4625:   737352.622   737353.712   738364.122   738402.122   738448.122
  4630:   738896.722   738896.920   738896.901   738896.092   739196.902
  4635:   740696.910   740698.614   743448.624   743449.714   745346.124
  4640:   746291.724   746291.920   746291.901   746291.094   746591.902
  4645:   748091.910   748093.613   750043.623   750044.713   751797.123
  4650:   752205.723   752205.920   752205.901   752205.093   752505.902
  4655:   754005.910   754007.611   755007.621   755008.711   755263.121
  4660:   755298.121   755334.121   755381.121   755416.121   755488.121
  4665:   755515.121   755550.121   755585.121   755619.121   755647.121
  4670:   755681.121   755715.121   755747.121   755780.121   755813.121
  4675:   755851.121   755883.121   755915.121   755952.121   756163.721
  4680:   756163.920   756163.901   756163.091   756463.902   757963.910
  4685:   757965.612   759365.622   759366.812   760244.132   760346.132
  4690:   760745.132   760830.132   760836.132   760874.132   761070.132
  4695:   761081.132   761433.132   761442.132   761472.132   761479.132
  4700:   761602.132   761613.132   762010.132   762043.132   762132.132
  4705:   762449.132   762483.132   762511.132   762521.132   762885.132
  4710:   762920.132   762950.132   762966.822   762966.920   762975.411
  4715:   764466.910   764468.611   765468.621   765469.711   765979.121
  4720:   766019.121   766366.121   766429.121   766458.121   766506.721
  4725:   766506.920   766506.901   766506.091   766806.902   768306.910
  4730:   768308.615   772158.625   772159.815   773390.135   773781.135
  4735:   774201.135   774229.135   774257.135   774453.135   774461.135
  4740:   774740.135   774773.135   774801.135   774808.135   774838.135
  4745:   775273.135   775625.135   775681.135   775717.135   776121.135
  4750:   776188.135   776219.135   776645.135   776676.135   777021.135
  4755:   777050.135   777079.135   777470.135   777535.135   777632.135
  4760:   777967.135   777998.135   778028.135   778509.135   778545.135
  4765:   778597.135   778779.135   778868.135   779184.135   779217.135
  4770:   779709.135   779740.135   779859.825   779859.920   781359.910
  4775:   781361.613   783311.623   783312.713   785475.723   785475.920
  4780:   785475.901   785475.093   785775.902   785775.902   785775.005
  4785:   785775.006   785775.007   785775.020
D:
     0:        0.000        0.000        0.000        0.000        0.000
     5:        0.000        0.000        0.000        0.000        0.000
    10:        0.000        0.000        0.000        0.000        0.000
    15:        0.000        0.000        0.000        0.000        0.000
    20:        0.000        0.000        0.000        0.000        0.000
    25:        0.000        4.000        0.000        0.000        0.000
    30:        0.000        0.000        0.000        0.000        0.000
    35:        0.000
F:
     0:       10.000       14.000       19.500       27.500       38.500
     5:       10.000       14.000       19.500       27.500       38.500
    10:       10.000       14.000       19.500       27.500       38.500
    15:       20.000       28.000       39.000       55.000       77.000
    20:       20.000       28.000       39.000       55.000       77.000
    25:       20.000       28.000       39.000       55.000       77.000
    30:       10.000       14.000       19.500       27.500       38.500
    35:       10.000       14.000       19.500       27.500       38.500
    40:       10.000       14.000       19.500       27.500       38.500
    45:       10.000       14.000       19.500       27.500       38.500
    50:       10.000       14.000       19.500       27.500       38.500
    55:       10.000       14.000       19.500       27.500       38.500
    60:       10.000       14.000       19.500       27.500       38.500
    65:       10.000       14.000       19.500       27.500       38.500
    70:       10.000       14.000       19.500       27.500       38.500
    75:       20.000       28.000       39.000       55.000       77.000
    80:       20.000       28.000       39.000       55.000       77.000
    85:       10.000       14.000       19.500       27.500       38.500
    90:       10.000       14.000       19.500       27.500       38.500
    95:       10.000       14.000       19.500       27.500       38.500
I:
     0:       75.000        0.000        0.000
M:
     0:       15.000       15.000       15.000       15.000       15.000
     5:        5.000        5.000        5.000        5.000        5.000
    10:      100.000
N:
     0:       20.000       20.000       20.000       20.000       20.000
     5:        0.000
Q:
     0:       15.000       15.000       15.000       15.000       15.000
     5:        0.000
V:
     0:        0.000        0.000        0.000        0.000        0.000
     5:      231.000      364.000      529.000      332.000      857.000
    10:      351.000      340.000      295.000      287.000      442.000
    15:        0.000
