File: C:\MED-PC IV\DATA\M_PEAK_A16P002


Start Date: 10/26/17
End Date: 10/26/17
Subject: P002
Experiment: IF-PICO
Group: 0
Box: 5
Start Time: 10:26:55
End Time: 12:20:29
MSN: Multiple_Peak
B:       0.000
C:       0.000
E:    2415.000
G:      19.500
H:    1950.000
J:       0.000
K:       0.000
L:       0.000
O:       0.000
P:       0.000
R:       0.000
S:       0.000
T:  681343.000
U:       0.000
W:       0.000
X:       0.000
Y:       0.000
Z:       0.000
A:
     0:        0.010      500.910      502.614     3252.624     3253.714
     5:     3556.124     3689.124     3966.124     4039.124     4104.124
    10:     4142.124     4180.124     4216.124     4250.124     4286.124
    15:     4324.124     4364.124     4404.124     4444.124     4491.124
    20:     4529.124     4573.124     4641.124     4831.124     4917.124
    25:     4955.124     5038.124     5079.124     5141.124     5176.124
    30:     5224.124     5265.124     5304.124     5343.124     5422.124
    35:     5463.124     5506.124     5548.124     5593.124     5634.124
    40:     5677.124     5717.124     5758.124     5803.124     5880.124
    45:     5917.124     5966.124     6009.724     6009.920     6009.901
    50:     6009.094     6309.902     7809.910     7811.611     8811.621
    55:     8812.711     9137.121     9174.121     9341.121     9378.121
    60:     9428.121     9463.121     9542.121     9584.121     9623.121
    65:     9695.121     9735.121     9770.121     9813.721     9813.920
    70:     9813.901     9813.091    10113.902    11613.910    11615.615
    75:    15465.625    15466.715    16845.125    16964.125    16995.125
    80:    17076.125    17110.125    17244.125    17413.125    17534.125
    85:    17571.125    17607.125    17649.125    17691.125    17726.125
    90:    17765.125    17801.125    17871.125    17912.125    17948.125
    95:    17985.125    18026.125    18108.125    18147.125    18259.125
   100:    18335.125    18417.125    18450.125    18557.125    18635.125
   105:    18669.125    18710.125    18813.125    18844.125    19108.125
   110:    19143.125    19179.125    19293.125    19328.725    19328.920
   115:    19328.901    19328.095    19628.902    21128.910    21130.614
   120:    23880.624    23881.814    24677.134    24897.134    25006.134
   125:    25042.134    25164.134    25203.134    25240.134    25349.134
   130:    25427.134    25475.134    25511.134    25547.134    25584.134
   135:    25661.134    25779.134    25861.134    25893.134    25940.134
   140:    25979.134    26017.134    26060.134    26097.134    26177.134
   145:    26287.134    26330.134    26367.134    26409.134    26568.134
   150:    26604.134    26648.134    26682.134    26725.134    26853.134
   155:    26986.134    27023.134    27066.134    27301.134    27338.134
   160:    27374.134    27458.134    27498.134    27573.134    27690.134
   165:    27727.134    27764.134    27800.134    27956.134    28035.134
   170:    28070.134    28120.134    28155.134    28198.134    28239.134
   175:    28275.134    28333.134    28378.134    28425.134    28472.134
   180:    28520.134    28561.134    28601.134    28999.134    29038.134
   185:    29081.134    29121.134    29302.134    29349.134    29381.824
   190:    29381.920    29391.411    30881.910    30883.614    33633.624
   195:    33634.714    35013.124    35132.124    35246.124    35279.124
   200:    35355.124    35390.124    35456.124    35574.124    35646.124
   205:    35724.124    35836.124    35956.124    36004.124    36112.124
   210:    36218.124    36344.124    36377.124    36461.724    36461.920
   215:    36461.901    36461.094    36761.902    38261.910    38263.611
   220:    39263.621    39264.711    39698.121    39808.121    39938.121
   225:    40005.121    40081.121    40124.121    40186.121    40267.721
   230:    40267.920    40267.901    40267.091    40567.902    42067.910
   235:    42069.614    44819.624    44820.714    45988.124    46088.124
   240:    46195.124    46232.124    46268.124    46339.124    46420.124
   245:    46581.124    46791.124    46826.124    46899.124    47058.124
   250:    47173.124    47286.124    47425.124    47465.124    47614.724
   255:    47614.920    47614.901    47614.094    47914.902    49414.910
   260:    49416.615    53266.625    53267.715    53623.125    54032.125
   265:    54590.125    54743.125    54782.125    54830.125    54878.125
   270:    54913.125    55070.125    55148.125    55227.125    55308.125
   275:    55394.125    55475.125    55582.125    55662.125    55697.125
   280:    55748.125    55795.125    55926.125    56054.125    56090.125
   285:    56427.125    56470.125    56514.125    56703.125    56739.125
   290:    56782.125    56828.125    56862.125    56970.125    57199.725
   295:    57199.920    57199.901    57199.095    57499.902    58999.910
   300:    59001.614    61751.624    61752.714    63307.124    63410.124
   305:    63444.124    63577.124    63649.124    63683.124    63805.124
   310:    64041.124    64079.124    64152.124    64220.124    64336.124
   315:    64417.124    64448.124    64495.124    64634.724    64634.920
   320:    64634.901    64634.094    64934.902    66434.910    66436.615
   325:    70286.625    70287.715    72090.125    72241.125    72346.125
   330:    72425.125    72600.125    72752.125    73004.125    73042.125
   335:    73190.125    73347.125    73427.125    73547.125    73653.125
   340:    73686.125    73731.125    73836.125    73891.125    73993.125
   345:    74132.125    74212.725    74212.920    74212.901    74212.095
   350:    74512.902    76012.910    76014.613    77964.623    77965.713
   355:    79112.123    79319.123    79349.123    79428.123    79549.123
   360:    79596.123    79690.123    79903.123    79936.723    79936.920
   365:    79936.901    79936.093    80236.902    81736.910    81738.615
   370:    85588.625    85589.715    86308.125    86710.125    86751.125
   375:    86886.125    86953.125    87031.125    87133.125    87266.125
   380:    87309.125    87381.125    87667.125    87739.125    87814.125
   385:    87854.125    88004.125    88219.125    88261.125    88301.125
   390:    88429.125    88461.125    88531.125    88644.125    88681.125
   395:    88716.125    88753.125    88797.125    88838.125    88916.125
   400:    88962.125    89000.125    89041.125    89082.125    89209.125
   405:    89257.125    89301.125    89394.125    89475.725    89475.920
   410:    89475.901    89475.095    89775.902    91275.910    91277.612
   415:    92677.622    92678.812    93078.132    93173.132    93248.132
   420:    93627.132    93670.132    93826.132    93906.132    93948.132
   425:    94063.132    94105.132    94175.132    94326.132    94370.132
   430:    94510.132    94708.132    94787.132    94857.132    94966.132
   435:    95015.132    95054.132    95092.132    95130.132    95173.132
   440:    95214.132    95257.132    95300.132    95345.132    95469.132
   445:    95525.132    95579.132    95622.132    95727.132    95776.132
   450:    95817.132    95976.132    96056.132    96177.132    96221.132
   455:    96278.822    96278.920    97778.910    97780.615   101630.625
   460:   101631.815   103003.135   103172.135   103283.135   103361.135
   465:   103459.135   103551.135   103670.135   103703.135   103785.135
   470:   103867.135   103948.135   103983.135   104029.135   104063.135
   475:   104253.135   104286.135   104565.135   104644.135   104748.135
   480:   104780.135   104971.135   105047.135   105083.135   105126.135
   485:   105168.135   105207.135   105305.135   105362.135   105414.135
   490:   105456.135   105495.135   105642.135   105727.135   106163.135
   495:   109206.135   109331.825   109331.920   109345.411   110831.910
   500:   110833.615   114683.625   114684.715   115302.125   115704.125
   505:   115976.125   116013.125   116554.125   116594.125   116634.125
   510:   116747.125   116832.125   116960.125   117074.125   117114.125
   515:   117229.125   117429.125   117508.125   117543.125   117587.125
   520:   117637.125   117677.125   117817.125   117904.125   118026.125
   525:   118064.125   118190.125   118298.125   118417.125   118529.125
   530:   118614.725   118614.920   118614.901   118614.095   118914.902
   535:   120414.910   120416.612   121816.622   121817.812   122143.132
   540:   122284.132   122396.132   122616.132   122651.132   122813.132
   545:   122900.132   122984.132   123028.132   123072.132   123196.132
   550:   123355.132   123401.132   123735.132   123773.132   123828.132
   555:   123865.132   124026.132   124139.132   124175.132   124296.132
   560:   124341.132   124390.132   124429.132   124469.132   124505.132
   565:   124543.132   124582.132   124631.132   124697.132   124735.132
   570:   124811.132   124905.132   124952.132   124990.132   125074.132
   575:   125133.132   125179.132   125262.132   125404.132   125417.822
   580:   125417.920   126917.910   126919.613   128869.623   128870.713
   585:   129248.123   129411.123   129549.123   129673.123   129713.123
   590:   129952.123   130025.123   130104.123   130138.123   130185.123
   595:   130428.123   130505.123   130621.123   130659.123   130868.723
   600:   130868.920   130868.901   130868.093   131168.902   132668.910
   605:   132670.615   136520.625   136521.715   138523.125   138657.125
   610:   138778.125   138972.125   139141.125   139246.125   139410.125
   615:   139528.125   139618.125   139699.125   139779.125   139954.125
   620:   140072.125   140104.125   140273.125   140392.725   140392.920
   625:   140392.901   140392.095   140692.902   142192.910   142194.614
   630:   144944.624   144945.714   146187.124   146224.124   146344.124
   635:   146488.124   146644.124   146794.124   147248.124   147330.124
   640:   147373.124   147528.124   147572.124   147684.124   147819.724
   645:   147819.920   147819.901   147819.094   148119.902   149619.910
   650:   149621.612   151021.622   151022.712   151715.122   151823.122
   655:   151900.122   151967.122   152039.122   152175.122   152253.122
   660:   152297.122   152377.122   152454.722   152454.920   152454.901
   665:   152454.092   152754.902   154254.910   154256.613   156206.623
   670:   156207.713   156882.123   156982.123   157203.123   157415.123
   675:   157453.123   157562.123   157681.123   157713.123   157758.123
   680:   157797.123   158029.123   158065.123   158174.723   158174.920
   685:   158174.901   158174.093   158474.902   159974.910   159976.614
   690:   162726.624   162727.714   164258.124   164505.124   164713.124
   695:   164787.124   164896.124   165055.124   165138.124   165219.124
   700:   165377.124   165569.724   165569.920   165569.901   165569.094
   705:   165869.902   167369.910   167371.612   168771.622   168772.712
   710:   169404.122   169586.122   169778.122   169899.122   169976.122
   715:   170129.122   170249.722   170249.920   170249.901   170249.092
   720:   170549.902   172049.910   172051.615   175901.625   175902.815
   725:   177928.135   177969.135   178136.135   178252.135   178306.135
   730:   178336.135   178387.135   178419.135   178547.135   178731.135
   735:   178772.135   178846.135   178965.135   179039.135   179114.135
   740:   179232.135   179457.135   179615.135   179825.135   179912.135
   745:   179961.135   179999.135   180121.135   180235.135   180444.135
   750:   180660.135   180705.135   180741.135   180777.135   180817.135
   755:   180930.135   181078.135   181126.135   181172.135   181217.135
   760:   181298.135   181505.135   181553.135   181601.135   183602.825
   765:   183602.920   185102.910   185104.611   186104.621   186105.811
   770:   186515.131   186620.131   186693.131   186806.131   186923.131
   775:   187053.131   187137.131   187218.131   187289.131   187367.131
   780:   187413.131   187598.131   187722.131   187907.131   188120.131
   785:   188289.131   188483.131   188728.131   188854.131   188935.131
   790:   189022.131   189287.131   189305.821   189305.920   190805.910
   795:   190807.611   191807.621   191808.811   191997.131   192076.131
   800:   192138.131   192186.131   192314.131   192348.131   192500.131
   805:   192644.131   192724.131   193056.131   193144.131   193247.131
   810:   193286.131   193462.131   193531.131   193648.131   193738.131
   815:   193779.131   193901.131   193946.131   193989.131   194036.131
   820:   194137.131   194173.131   194255.131   194335.131   194441.131
   825:   194563.131   194615.131   194704.131   194752.131   195008.821
   830:   195008.920   196508.910   196510.611   197510.621   197511.711
   835:   197592.121   197886.121   197962.121   198036.121   198074.121
   840:   198112.121   198259.121   198298.121   198417.121   198580.721
   845:   198580.920   198580.901   198580.091   198880.902   200380.910
   850:   200382.613   202332.623   202333.713   202850.123   202940.123
   855:   203014.123   203065.123   203181.123   203234.123   203394.123
   860:   203651.123   203837.123   203886.123   204055.123   204238.123
   865:   204285.723   204285.920   204285.901   204285.093   204585.902
   870:   206085.910   206087.611   207087.621   207088.811   207550.131
   875:   207591.131   207636.131   207749.131   207916.131   208050.131
   880:   208184.131   208275.131   208319.131   208550.131   208597.131
   885:   208771.131   208821.131   208909.131   209078.131   209559.131
   890:   209636.131   209686.131   209809.131   209886.131   209936.131
   895:   209994.131   210035.131   210118.131   210154.131   210234.131
   900:   210279.131   210288.821   210288.920   211788.910   211790.614
   905:   214540.624   214541.714   217390.724   217390.920   217390.901
   910:   217390.094   217690.902   219190.910   219192.611   220192.621
   915:   220193.711   220610.121   220677.121   220756.121   220841.121
   920:   220877.121   220954.121   221033.121   221145.121   221314.721
   925:   221314.920   221314.901   221314.091   221614.902   223114.910
   930:   223116.615   226966.625   226967.715   227993.125   228099.125
   935:   228387.125   228529.125   228708.125   228755.125   228873.125
   940:   229040.125   229148.125   229200.125   229238.125   229388.125
   945:   229474.125   229637.125   229800.125   229895.125   230099.125
   950:   230255.125   230268.125   230347.125   230395.125   230453.125
   955:   230535.125   230575.125   230729.125   230843.725   230843.920
   960:   230843.901   230843.095   231143.902   232643.910   232645.613
   965:   234595.623   234596.713   235158.123   235347.123   235490.123
   970:   235570.123   235790.123   235927.123   235965.123   236110.123
   975:   236353.123   236426.123   236472.123   236657.723   236657.920
   980:   236657.901   236657.093   236957.902   238457.910   238459.612
   985:   239859.622   239860.712   240439.122   240518.122   240634.122
   990:   240792.122   240832.122   240920.122   241002.122   241051.122
   995:   241144.122   241233.122   241315.722   241315.920   241315.901
  1000:   241315.092   241615.902   243115.910   243117.612   244517.622
  1005:   244518.812   244953.132   245206.132   245396.132   245520.132
  1010:   245721.132   245765.132   245923.132   246010.132   246051.132
  1015:   246266.132   246346.132   246521.132   246569.132   246645.132
  1020:   246684.132   246739.132   246783.132   246902.132   246935.132
  1025:   247068.132   247125.132   247169.132   247230.132   247318.132
  1030:   247415.132   247549.132   247595.132   247644.132   247712.132
  1035:   247772.132   248118.822   248118.920   249618.910   249620.615
  1040:   253470.625   253471.815   255772.135   255954.135   256099.135
  1045:   256213.135   256314.135   256500.135   256645.135   256764.135
  1050:   256904.135   257069.135   257249.135   257360.135   257486.135
  1055:   257583.135   257619.135   257812.135   257965.135   258176.135
  1060:   258294.135   258468.135   258622.135   258781.135   258886.135
  1065:   258982.135   259032.135   259084.135   259201.135   259329.135
  1070:   261171.825   261171.920   262671.910   262673.614   265423.624
  1075:   265424.814   268188.134   268319.134   268354.134   268472.134
  1080:   268629.134   268759.134   268983.134   269137.134   269337.134
  1085:   269429.134   269465.134   269632.134   269828.134   269951.134
  1090:   270036.134   270181.134   270349.134   270581.134   270714.134
  1095:   270824.134   270860.134   270924.824   270924.920   272424.910
  1100:   272426.615   276276.625   276277.815   278210.135   278317.135
  1105:   278489.135   278579.135   278759.135   278983.135   279148.135
  1110:   279231.135   279543.135   279870.135   280077.135   280273.135
  1115:   280358.135   280409.135   280565.135   280716.135   280858.135
  1120:   280987.135   281141.135   281212.135   281295.135   281340.135
  1125:   281390.135   281473.135   281521.135   281638.135   281825.135
  1130:   283977.825   283977.920   285477.910   285479.614   288229.624
  1135:   288230.714   289026.124   289623.124   289784.124   290034.124
  1140:   290138.124   290235.124   290269.124   290427.124   290554.124
  1145:   290640.124   290768.124   290846.124   290896.124   290947.124
  1150:   291029.724   291029.920   291029.901   291029.094   291329.902
  1155:   292829.910   292831.612   294231.622   294232.712   294553.122
  1160:   294614.122   294754.122   294912.122   294962.122   295043.122
  1165:   295205.122   295331.122   295542.122   295675.722   295675.920
  1170:   295675.901   295675.092   295975.902   297475.910   297477.612
  1175:   298877.622   298878.712   299654.122   299789.122   299872.122
  1180:   299946.122   300096.122   300214.122   300294.722   300294.920
  1185:   300294.901   300294.092   300594.902   302094.910   302096.611
  1190:   303096.621   303097.711   303510.121   303604.121   303747.121
  1195:   303826.121   303894.121   303964.121   304095.121   304124.721
  1200:   304124.920   304124.901   304124.091   304424.902   305924.910
  1205:   305926.614   308676.624   308677.714   310185.124   310318.124
  1210:   310459.124   310615.124   310809.124   311007.124   311090.124
  1215:   311194.124   311229.124   311280.124   311327.124   311559.724
  1220:   311559.920   311559.901   311559.094   311859.902   313359.910
  1225:   313361.612   314761.622   314762.712   315395.122   315689.122
  1230:   315876.122   316121.122   316238.722   316238.920   316238.901
  1235:   316238.092   316538.902   318038.910   318040.612   319440.622
  1240:   319441.712   319959.122   320123.122   320190.122   320303.122
  1245:   320378.122   320484.122   320632.122   320672.122   320762.122
  1250:   321008.722   321008.920   321008.901   321008.092   321308.902
  1255:   322808.910   322810.611   323810.621   323811.711   324128.121
  1260:   324298.121   324441.121   324554.121   324791.121   324915.721
  1265:   324915.920   324915.901   324915.091   325215.902   326715.910
  1270:   326717.613   328667.623   328668.813   329708.133   329955.133
  1275:   330025.133   330100.133   330210.133   330320.133   330429.133
  1280:   330512.133   330694.133   330807.133   330856.133   330961.133
  1285:   331205.133   331441.133   331528.133   331714.133   331793.133
  1290:   331840.133   331937.133   331986.133   332026.133   332068.133
  1295:   332112.133   332156.133   332199.133   332250.133   332289.133
  1300:   332348.133   332382.133   332427.133   332518.133   332557.133
  1305:   332593.133   332688.133   332740.133   332798.133   332868.823
  1310:   332868.920   334368.910   334370.613   336320.623   336321.713
  1315:   337622.123   337758.123   337936.123   338068.123   338251.123
  1320:   338303.723   338303.920   338303.901   338303.093   338603.902
  1325:   340103.910   340105.613   342055.623   342056.813   343113.133
  1330:   343146.133   343238.133   343506.133   343703.133   343785.133
  1335:   343818.133   343892.133   343949.133   344169.133   344633.133
  1340:   344641.133   345022.133   345241.133   345287.133   345400.133
  1345:   345484.133   345604.133   345660.133   345698.133   345742.133
  1350:   345800.133   345901.133   345955.133   346003.133   346068.133
  1355:   346256.823   346256.920   347756.910   347758.615   351608.625
  1360:   351609.815   353183.135   353567.135   353943.135   354087.135
  1365:   354214.135   354420.135   354451.135   354634.135   354928.135
  1370:   355131.135   355227.135   355324.135   355451.135   355566.135
  1375:   355688.135   355802.135   355929.135   356050.135   356196.135
  1380:   356244.135   356293.135   356342.135   356391.135   356456.135
  1385:   356509.135   356598.135   356650.135   356776.135   359309.825
  1390:   359309.920   360809.910   360811.613   362761.623   362762.713
  1395:   363838.123   363974.123   364057.123   364170.123   364207.123
  1400:   364336.123   364370.123   364495.123   364657.123   364696.123
  1405:   364759.723   364759.920   364759.901   364759.093   365059.902
  1410:   366559.910   366561.612   367961.622   367962.712   368372.122
  1415:   368573.122   368701.122   368880.122   368964.122   369053.122
  1420:   369097.122   369176.122   369216.122   369262.122   369296.122
  1425:   369376.722   369376.920   369376.901   369376.092   369676.902
  1430:   371176.910   371178.615   375028.625   375029.715   377081.125
  1435:   377116.125   377313.125   377352.125   377389.125   377461.125
  1440:   377542.125   377721.125   377826.125   377934.125   377984.125
  1445:   378025.125   378181.125   378265.125   378365.125   378401.125
  1450:   378447.125   378642.125   378724.125   378807.125   378930.725
  1455:   378930.920   378930.901   378930.095   379230.902   380730.910
  1460:   380732.611   381732.621   381733.711   382178.121   382289.121
  1465:   382366.121   382478.121   382588.121   382625.121   382670.121
  1470:   382779.721   382779.920   382779.901   382779.091   383079.902
  1475:   384579.910   384581.611   385581.621   385582.711   386291.121
  1480:   386362.121   386500.121   386614.721   386614.920   386614.901
  1485:   386614.091   386914.902   388414.910   388416.612   389816.622
  1490:   389817.712   390263.122   390481.122   390617.122   390764.122
  1495:   390872.122   391024.122   391113.122   391159.122   391205.122
  1500:   391333.722   391333.920   391333.901   391333.092   391633.902
  1505:   393133.910   393135.615   396985.625   396986.715   398621.125
  1510:   399302.125   399698.125   399828.125   399968.125   400086.125
  1515:   400135.125   400251.125   400346.125   400506.125   400544.125
  1520:   400720.125   400797.125   400912.725   400912.920   400912.901
  1525:   400912.095   401212.902   402712.910   402714.611   403714.621
  1530:   403715.811   404333.131   404448.131   404522.131   404641.131
  1535:   404759.131   404836.131   404952.131   404989.131   405071.131
  1540:   405113.131   405159.131   405310.131   405479.131   405603.131
  1545:   405719.131   405764.131   405812.131   405848.131   405907.131
  1550:   405946.131   406042.131   406115.131   406167.131   406305.131
  1555:   406486.131   406569.131   406915.821   406915.920   408415.910
  1560:   408417.613   410367.623   410368.813   410997.133   411068.133
  1565:   411176.133   411217.133   411268.133   411414.133   411545.133
  1570:   411624.133   411662.133   411708.133   411750.133   411796.133
  1575:   412075.133   412113.133   412221.133   412418.133   412502.133
  1580:   412639.133   412677.133   412736.133   412786.133   412825.133
  1585:   412880.133   414568.823   414568.920   416068.910   416070.612
  1590:   417470.622   417471.812   418097.132   418253.132   418326.132
  1595:   418369.132   418445.132   418537.132   418710.132   418773.132
  1600:   418936.132   419009.132   419054.132   419139.132   419269.132
  1605:   419309.132   419402.132   419450.132   419535.132   419570.132
  1610:   419718.132   420442.132   421071.822   421071.920   421086.411
  1615:   422571.910   422573.613   424523.623   424524.713   425343.123
  1620:   425536.123   425772.123   425809.123   425854.123   425900.123
  1625:   425982.123   426119.123   426240.123   426323.123   426365.123
  1630:   426411.123   426541.723   426541.920   426541.901   426541.093
  1635:   426841.902   428341.910   428343.614   431093.624   431094.714
  1640:   432774.124   432805.124   433011.124   433047.124   433105.124
  1645:   433236.124   433384.124   433509.124   433607.124   433681.124
  1650:   433854.724   433854.920   433854.901   433854.094   434154.902
  1655:   435654.910   435656.611   436656.621   436657.711   436951.121
  1660:   437023.121   437164.121   437401.121   437919.721   437919.920
  1665:   437919.901   437919.091   438219.902   439719.910   439721.612
  1670:   441121.622   441122.712   441742.122   441883.122   441956.122
  1675:   442005.122   442208.122   442251.122   442547.722   442547.920
  1680:   442547.901   442547.092   442847.902   444347.910   444349.615
  1685:   448199.625   448200.715   450059.125   450201.125   450586.125
  1690:   450854.125   451015.125   451058.125   451214.125   451292.125
  1695:   451419.125   451531.125   451725.125   451847.125   451928.125
  1700:   451968.125   452090.725   452090.920   452090.901   452090.095
  1705:   452390.902   453890.910   453892.614   456642.624   456643.714
  1710:   458179.124   458351.124   458438.124   458544.124   458698.124
  1715:   458827.124   458952.124   459062.124   459175.124   459387.124
  1720:   459469.724   459469.920   459469.901   459469.094   459769.902
  1725:   461269.910   461271.613   463221.623   463222.713   463906.123
  1730:   464009.123   464107.123   464269.123   464384.123   464623.123
  1735:   464701.123   464737.123   464812.123   464880.123   465131.123
  1740:   465249.723   465249.920   465249.901   465249.093   465549.902
  1745:   467049.910   467051.611   468051.621   468052.711   468486.121
  1750:   468603.121   468746.121   468820.121   468963.121   469041.121
  1755:   469218.721   469218.920   469218.901   469218.091   469518.902
  1760:   471018.910   471020.613   472970.623   472971.813   473403.133
  1765:   473752.133   473988.133   474115.133   474229.133   474329.133
  1770:   474482.133   474514.133   474563.133   474781.133   474860.133
  1775:   475196.133   475273.133   475308.133   475555.133   475722.133
  1780:   475801.133   475889.133   475997.133   476075.133   476147.133
  1785:   476185.133   476224.133   476274.133   476312.133   476363.133
  1790:   476412.133   476457.133   477171.823   477171.920   478671.910
  1795:   478673.612   480073.622   480074.712   480922.122   481055.122
  1800:   481245.122   481453.122   481506.722   481506.920   481506.901
  1805:   481506.092   481806.902   483306.910   483308.613   485258.623
  1810:   485259.713   486642.123   486773.123   486859.123   487041.123
  1815:   487178.123   487335.723   487335.920   487335.901   487335.093
  1820:   487635.902   489135.910   489137.614   491887.624   491888.714
  1825:   494375.124   494672.724   494672.920   494672.901   494672.094
  1830:   494972.902   496472.910   496474.612   497874.622   497875.712
  1835:   498213.122   498340.122   498499.122   498616.122   498728.122
  1840:   498810.122   498879.122   498961.122   499037.122   499312.722
  1845:   499312.920   499312.901   499312.092   499612.902   501112.910
  1850:   501114.615   504964.625   504965.715   507316.125   507744.125
  1855:   507885.125   507988.125   508097.125   508240.125   508407.125
  1860:   508533.125   508632.125   508766.125   508917.725   508917.920
  1865:   508917.901   508917.095   509217.902   510717.910   510719.613
  1870:   512669.623   512670.713   513490.123   513597.123   513695.123
  1875:   513899.123   513979.123   514019.123   514064.123   514246.123
  1880:   514324.123   514476.123   514554.123   514676.723   514676.920
  1885:   514676.901   514676.093   514976.902   516476.910   516478.611
  1890:   517478.621   517479.711   518099.121   518277.121   518489.721
  1895:   518489.920   518489.901   518489.091   518789.902   520289.910
  1900:   520291.614   523041.624   523042.814   524145.134   524444.134
  1905:   524550.134   524667.134   524836.134   524973.134   525023.134
  1910:   525250.134   525373.134   525905.134   525988.134   526095.134
  1915:   526141.134   526266.134   526468.134   526541.134   526667.134
  1920:   526977.134   527025.134   527109.134   527191.134   527231.134
  1925:   527273.134   527359.134   527461.134   527570.134   527607.134
  1930:   527656.134   527715.134   527832.134   527906.134   528008.134
  1935:   528542.824   528542.920   530042.910   530044.613   531994.623
  1940:   531995.813   532535.133   532776.133   532940.133   533096.133
  1945:   533171.133   533367.133   533485.133   533569.133   533612.133
  1950:   533691.133   533777.133   533893.133   534094.133   534214.133
  1955:   534250.133   534296.133   534431.133   534471.133   534522.133
  1960:   534617.133   534666.133   534707.133   534745.133   534790.133
  1965:   536195.823   536195.920   537695.910   537697.611   538697.621
  1970:   538698.711   539080.121   539238.121   539390.121   539516.121
  1975:   539560.121   539601.121   539688.121   539730.721   539730.920
  1980:   539730.901   539730.091   540030.902   541530.910   541532.611
  1985:   542532.621   542533.811   542736.131   543041.131   543154.131
  1990:   543218.131   543264.131   543385.131   543498.131   543538.131
  1995:   543640.131   543806.131   544115.131   544200.131   544351.131
  2000:   544430.131   544522.131   544554.131   544595.131   544643.131
  2005:   544688.131   544731.131   544766.131   544964.131   545733.821
  2010:   545733.920   547233.910   547235.614   549985.624   549986.814
  2015:   551318.134   551459.134   551565.134   551740.134   551888.134
  2020:   552099.134   552146.134   552355.134   552440.134   552556.134
  2025:   552682.134   552732.134   552854.134   552903.134   552986.134
  2030:   553267.134   553461.134   553556.134   553668.134   553717.134
  2035:   553753.134   553800.134   553879.134   553917.134   553962.134
  2040:   554054.134   554134.134   554175.134   554219.134   554308.134
  2045:   555486.824   555486.920   556986.910   556988.612   558388.622
  2050:   558389.712   558751.122   558861.122   559003.122   559154.122
  2055:   559246.122   559327.122   559452.122   559595.122   559637.122
  2060:   559681.122   559808.722   559808.920   559808.901   559808.092
  2065:   560108.902   561608.910   561610.613   563560.623   563561.713
  2070:   564401.123   564542.123   564642.123   564733.123   564835.123
  2075:   564911.123   565059.123   565099.123   565185.123   565227.123
  2080:   565339.123   565537.723   565537.920   565537.901   565537.093
  2085:   565837.902   567337.910   567339.615   571189.625   571190.715
  2090:   573391.125   573763.125   573979.125   574095.125   574265.125
  2095:   574350.125   574507.125   574621.125   574763.125   574848.125
  2100:   574878.125   574931.125   575005.125   575123.725   575123.920
  2105:   575123.901   575123.095   575423.902   576923.910   576925.614
  2110:   579675.624   579676.714   581667.124   581967.124   582161.124
  2115:   582312.124   582386.124   582553.724   582553.920   582553.901
  2120:   582553.094   582853.902   584353.910   584355.611   585355.621
  2125:   585356.711   585631.121   585925.121   586072.121   586184.121
  2130:   586340.121   586582.721   586582.920   586582.901   586582.091
  2135:   586882.902   588382.910   588384.615   592234.625   592235.715
  2140:   593998.125   594249.125   594364.125   594507.125   594591.125
  2145:   594630.125   594823.125   594912.125   594988.125   595028.125
  2150:   595082.125   595285.125   595721.125   595837.125   595989.125
  2155:   596103.725   596103.920   596103.901   596103.095   596403.902
  2160:   597903.910   597905.612   599305.622   599306.812   599803.132
  2165:   599916.132   599962.132   600066.132   600255.132   600398.132
  2170:   600436.132   600517.132   600554.132   600600.132   600677.132
  2175:   600711.132   600758.132   600804.132   600855.132   601064.132
  2180:   601143.132   601269.132   601420.132   601457.132   601542.132
  2185:   601584.132   601771.132   601875.132   601923.132   601961.132
  2190:   602076.132   602124.132   602161.132   602208.132   602259.132
  2195:   602312.132   602359.132   602474.132   602531.132   602906.822
  2200:   602906.920   604406.910   604408.613   606358.623   606359.713
  2205:   607409.123   607582.123   607663.123   607813.123   607895.123
  2210:   607978.123   608047.123   608130.123   608311.723   608311.920
  2215:   608311.901   608311.093   608611.902   610111.910   610113.613
  2220:   612063.623   612064.713   612762.123   613156.123   613194.123
  2225:   613270.123   613541.123   613618.123   613661.123   613743.123
  2230:   613873.123   613950.123   614178.723   614178.920   614178.901
  2235:   614178.093   614478.902   615978.910   615980.612   617380.622
  2240:   617381.712   618163.122   618306.122   618428.122   618666.122
  2245:   618817.722   618817.920   618817.901   618817.092   619117.902
  2250:   620617.910   620619.615   624469.625   624470.715   626926.125
  2255:   627099.125   627241.125   627416.125   627471.125   627506.125
  2260:   627620.125   627765.125   627818.125   627929.125   628051.125
  2265:   628214.125   628416.725   628416.920   628416.901   628416.095
  2270:   628716.902   630216.910   630218.615   634068.625   634069.715
  2275:   635921.125   636090.125   636384.125   636538.125   636612.125
  2280:   636694.125   636801.125   637148.125   637286.125   637579.125
  2285:   637711.125   637896.125   637973.725   637973.920   637973.901
  2290:   637973.095   638273.902   639773.910   639775.614   642525.624
  2295:   642526.714   644331.124   644547.124   644782.124   644928.124
  2300:   645156.124   645202.124   645400.724   645400.920   645400.901
  2305:   645400.094   645700.902   647200.910   647202.614   649952.624
  2310:   649953.714   651846.124   652222.124   652324.124   652492.124
  2315:   652619.124   652769.724   652769.920   652769.901   652769.094
  2320:   653069.902   654569.910   654571.611   655571.621   655572.711
  2325:   655953.121   656274.121   656339.121   656401.121   656679.721
  2330:   656679.920   656679.901   656679.091   656979.902   658479.910
  2335:   658481.611   659481.621   659482.711   659871.121   659944.121
  2340:   660105.121   660150.121   660225.121   660412.121   660454.121
  2345:   660800.721   660800.920   660800.901   660800.091   661100.902
  2350:   662600.910   662602.612   664002.622   664003.712   664234.122
  2355:   664501.122   664601.122   664748.122   664823.122   665014.122
  2360:   665049.122   665093.122   665305.122   665429.722   665429.920
  2365:   665429.901   665429.092   665729.902   667229.910   667231.614
  2370:   669981.624   669982.814   670710.134   670869.134   671006.134
  2375:   671241.134   671435.134   671504.134   671722.134   671764.134
  2380:   671841.134   671946.134   671994.134   672213.134   672275.134
  2385:   672394.134   672469.134   672548.134   672690.134   672792.134
  2390:   672898.134   673109.134   673215.134   673264.134   673357.134
  2395:   673447.134   675482.824   675482.920   676982.910   676984.613
  2400:   678934.623   678935.713   680498.123   680650.123   680724.123
  2405:   681043.723   681043.920   681043.901   681043.093   681343.902
  2410:   681343.902   681343.005   681343.006   681343.007   681343.020
D:
     0:        0.000        0.000        0.000        0.000        0.000
     5:        0.000        0.000        0.000        0.000        0.000
    10:        0.000        0.000        0.000        0.000        0.000
    15:        0.000        0.000        0.000        0.000        0.000
    20:        0.000        0.000        0.000        0.000        0.000
    25:        0.000        3.000        0.000        0.000        0.000
    30:        0.000        0.000        0.000        0.000        0.000
    35:        0.000
F:
     0:       10.000       14.000       19.500       27.500       38.500
     5:       10.000       14.000       19.500       27.500       38.500
    10:       10.000       14.000       19.500       27.500       38.500
    15:       20.000       28.000       39.000       55.000       77.000
    20:       20.000       28.000       39.000       55.000       77.000
    25:       20.000       28.000       39.000       55.000       77.000
    30:       10.000       14.000       19.500       27.500       38.500
    35:       10.000       14.000       19.500       27.500       38.500
    40:       10.000       14.000       19.500       27.500       38.500
    45:       10.000       14.000       19.500       27.500       38.500
    50:       10.000       14.000       19.500       27.500       38.500
    55:       10.000       14.000       19.500       27.500       38.500
    60:       10.000       14.000       19.500       27.500       38.500
    65:       10.000       14.000       19.500       27.500       38.500
    70:       10.000       14.000       19.500       27.500       38.500
    75:       20.000       28.000       39.000       55.000       77.000
    80:       20.000       28.000       39.000       55.000       77.000
    85:       10.000       14.000       19.500       27.500       38.500
    90:       10.000       14.000       19.500       27.500       38.500
    95:       10.000       14.000       19.500       27.500       38.500
I:
     0:       75.000        0.000        0.000
M:
     0:       15.000       15.000       15.000       15.000       15.000
     5:        5.000        5.000        5.000        5.000        5.000
    10:      100.000
N:
     0:       20.000       20.000       20.000       20.000       20.000
     5:        0.000
Q:
     0:       15.000       15.000       15.000       15.000       15.000
     5:        0.000
V:
     0:        0.000        0.000        0.000        0.000        0.000
     5:      108.000      130.000      158.000      188.000      313.000
    10:      128.000      163.000      137.000      174.000      157.000
    15:        0.000
