File: C:\MED-PC IV\DATA\M_PEAK_A6P105


Start Date: 10/16/17
End Date: 10/16/17
Subject: P105
Experiment: IF-PICO
Group: 0
Box: 6
Start Time: 10:02:19
End Time: 11:55:58
MSN: Multiple_Peak
B:       0.000
C:       0.000
E:    3797.000
G:      27.500
H:    2750.000
J:       0.000
K:       0.000
L:       0.000
O:       0.000
P:       0.000
R:       0.000
S:       0.000
T:  681902.000
U:       0.000
W:       0.000
X:       0.000
Y:       0.000
Z:       0.000
A:
     0:        0.010      500.910      502.615     4352.625     4353.715
     5:     4617.125     4654.125     4691.125     4735.125     4778.125
    10:     4896.125     4929.125     4969.125     5137.125     5184.125
    15:     5232.125     5324.125     5445.125     5508.125     5654.125
    20:     5898.125     6074.125     6091.125     6168.125     6295.125
    25:     6338.125     6383.125     6416.125     6508.125     6737.125
    30:     6749.125     6789.125     6801.125     6905.125     6958.125
    35:     7011.125     7026.125     7140.125     7207.125     7302.125
    40:     7351.125     7439.125     7455.125     7632.125     7685.125
    45:     7718.125     7731.125     7765.125     7770.125     7787.125
    50:     7804.125     7960.125     8001.125     8016.125     8083.125
    55:     8090.125     8098.125     8110.125     8251.725     8251.920
    60:     8251.901     8251.095     8551.902    10051.910    10053.615
    65:    13903.625    13904.715    14090.125    14128.125    14166.125
    70:    14202.125    14241.125    14377.125    14517.125    14531.125
    75:    14581.125    14633.125    14675.125    14682.125    14788.125
    80:    14825.125    14917.125    14931.125    15017.125    15251.125
    85:    15301.125    15357.125    15422.125    15467.125    15503.125
    90:    15533.125    15549.125    15648.125    15660.125    15781.125
    95:    15791.125    15822.125    15830.125    15981.125    16116.125
   100:    16131.125    16257.125    16271.125    16396.125    16543.125
   105:    16688.125    16724.125    16772.125    16824.125    16844.125
   110:    16857.125    16922.125    17079.125    17114.125    17130.125
   115:    17208.125    17311.125    17361.125    17378.125    17487.125
   120:    17503.125    17516.125    17609.125    17693.125    17705.125
   125:    17796.725    17796.920    17796.901    17796.095    18096.902
   130:    19596.910    19598.615    23448.625    23449.715    23531.125
   135:    23667.125    23882.125    24018.125    24031.125    24098.125
   140:    24375.125    24411.125    24490.125    24499.125    24673.125
   145:    24684.125    24699.125    24869.125    24888.125    25035.125
   150:    25046.125    25182.125    25197.125    25340.125    25386.125
   155:    25545.125    25725.125    25738.125    25846.125    25859.125
   160:    25942.125    25966.125    25975.125    26014.125    26139.125
   165:    26152.125    26361.125    26372.125    26387.125    26435.125
   170:    26473.125    26489.125    26630.125    26704.125    26807.125
   175:    26866.125    26944.125    26957.125    26973.125    27131.125
   180:    27146.125    27270.125    27462.725    27462.920    27462.901
   185:    27462.095    27762.902    29262.910    29264.613    31214.623
   190:    31215.813    31336.133    31375.133    31415.133    31497.133
   195:    31693.133    31735.133    31814.133    31949.133    32116.133
   200:    32131.133    32323.133    32330.133    32385.133    32399.133
   205:    32544.133    32559.133    32642.133    32716.133    32727.133
   210:    32760.133    32770.133    32957.133    33048.133    33277.133
   215:    33293.133    33350.133    33462.133    33531.133    33546.133
   220:    33778.133    33803.133    33809.133    33818.133    33830.133
   225:    33918.133    33932.133    33993.133    34295.133    34427.133
   230:    34440.133    34454.133    34538.133    34659.133    34670.133
   235:    34702.133    34779.133    34994.133    35042.133    35093.133
   240:    35237.133    35326.133    35339.133    35399.133    35415.823
   245:    35415.920    35425.411    36915.910    36917.611    37917.621
   250:    37918.811    38066.131    38103.131    38141.131    38186.131
   255:    38235.131    38288.131    38337.131    38355.131    38371.131
   260:    38433.131    38449.131    38627.131    38768.131    39062.131
   265:    39075.131    39168.131    39330.131    39384.131    39552.131
   270:    39605.131    39634.131    39729.131    39742.131    39756.131
   275:    39861.131    40011.131    40194.131    40339.131    40389.131
   280:    40402.131    40499.131    40513.131    40680.131    40732.131
   285:    40745.131    40847.131    40932.131    40983.131    41118.821
   290:    41118.920    42618.910    42620.612    44020.622    44021.712
   295:    44195.122    44231.122    44267.122    44315.122    44439.122
   300:    44579.122    44910.122    44923.122    45109.122    45200.122
   305:    45211.122    45336.122    45380.122    45392.122    45442.722
   310:    45442.920    45442.901    45442.092    45742.902    47242.910
   315:    47244.612    48644.622    48645.812    48879.132    48919.132
   320:    49164.132    49217.132    49449.132    49607.132    49982.132
   325:    50027.132    50039.132    50168.132    50183.132    50449.132
   330:    50665.132    50718.132    50872.132    50923.132    51013.132
   335:    51042.132    51058.132    51281.132    51294.132    51407.132
   340:    51420.132    51453.132    51467.132    51525.132    51539.132
   345:    51596.132    51748.132    51763.132    51995.132    52008.132
   350:    52021.132    52099.132    52143.132    52153.132    52185.132
   355:    52245.822    52245.920    52271.411    52295.411    53745.910
   360:    53747.614    56497.624    56498.814    56716.134    56764.134
   365:    56810.134    57130.134    57900.134    57993.134    58036.134
   370:    58087.134    58140.134    58152.134    58217.134    58594.134
   375:    58807.134    58830.134    59379.134    59430.134    59497.134
   380:    59585.134    59841.134    60049.134    60221.134    60271.134
   385:    60287.134    60373.134    60387.134    60546.134    60643.134
   390:    60655.134    60738.134    60749.134    60796.134    60814.134
   395:    60985.134    60994.134    61038.134    61064.134    61098.134
   400:    61203.134    61219.134    61227.134    61318.134    61537.134
   405:    61551.134    61590.134    61617.134    61631.134    61814.134
   410:    61977.134    61998.824    61998.920    62022.411    63498.910
   415:    63500.611    64500.621    64501.711    64666.121    64705.121
   420:    64747.121    64786.121    64834.121    64876.121    64889.121
   425:    64948.121    65044.121    65211.121    65256.121    65335.121
   430:    65610.721    65610.920    65610.901    65610.091    65910.902
   435:    67410.910    67412.611    68412.621    68413.711    69131.121
   440:    69172.121    69215.121    69256.121    69294.121    69330.121
   445:    69350.121    69401.121    69416.721    69416.920    69416.901
   450:    69416.091    69716.902    71216.910    71218.614    73968.624
   455:    73969.814    74289.134    74329.134    74369.134    74405.134
   460:    74425.134    74442.134    74619.134    74729.134    74775.134
   465:    74866.134    74913.134    74928.134    75108.134    75122.134
   470:    75287.134    75329.134    75354.134    75364.134    75451.134
   475:    75535.134    75550.134    75564.134    75627.134    75768.134
   480:    75854.134    75869.134    75971.134    75988.134    76004.134
   485:    76094.134    76286.134    76369.134    76398.134    76545.134
   490:    76602.134    76612.134    76722.134    76736.134    76776.134
   495:    76792.134    76805.134    76817.134    77011.134    77030.134
   500:    77202.134    77214.134    77292.134    77309.134    77394.134
   505:    77655.134    77665.134    77707.134    77725.134    77759.134
   510:    77797.134    77814.134    77821.134    77992.134    78050.134
   515:    78159.134    78300.134    78318.134    78331.134    78343.134
   520:    78361.134    78520.134    78584.134    78597.134    78794.134
   525:    78842.134    78945.134    78961.134    79137.134    79469.824
   530:    79469.920    80969.910    80971.615    84821.625    84822.815
   535:    85191.135    85230.135    85248.135    85319.135    85656.135
   540:    85729.135    85735.135    85877.135    86013.135    86133.135
   545:    86246.135    86441.135    86451.135    86480.135    86514.135
   550:    86568.135    86765.135    87000.135    87142.135    87157.135
   555:    87327.135    87342.135    87354.135    87707.135    87733.135
   560:    87852.135    87870.135    88122.135    88211.135    88280.135
   565:    88379.135    88387.135    88394.135    88477.135    88498.135
   570:    88543.135    88561.135    88718.135    88781.135    88796.135
   575:    88807.135    88920.135    88934.135    89546.135    89586.135
   580:    89625.135    89668.135    89717.135    89756.135    89794.135
   585:    89837.135    89934.135    89955.135    89967.135    90073.135
   590:    90089.135    90132.135    90281.135    90353.135    90369.135
   595:    91129.135    91170.135    91208.135    91288.135    91327.135
   600:    91340.135    91384.135    91489.135    91502.135    91516.135
   605:    91569.135    91575.135    91668.135    91750.135    91795.135
   610:    91825.135    91910.135    91948.135    91974.135    92078.135
   615:    92093.135    92522.825    92522.920    94022.910    94024.612
   620:    95424.622    95425.712    95702.122    95787.122    95853.122
   625:    95972.122    96097.122    96136.122    96236.122    96302.122
   630:    96382.122    96395.122    96574.122    96724.122    96737.122
   635:    96758.122    96950.722    96950.920    96950.901    96950.092
   640:    97250.902    98750.910    98752.615   102602.625   102603.715
   645:   102830.125   103034.125   103078.125   103114.125   103376.125
   650:   103666.125   103965.125   103977.125   104045.125   104224.125
   655:   104271.125   104388.125   104539.125   104734.125   104780.125
   660:   104793.125   104959.125   105384.125   105533.125   105562.125
   665:   105573.125   105607.125   105618.125   105633.125   105704.125
   670:   105847.125   105966.125   105976.125   106015.125   106090.125
   675:   106128.125   106141.125   106347.125   106425.125   106440.125
   680:   106589.725   106589.920   106589.901   106589.095   106889.902
   685:   108389.910   108391.612   109791.622   109792.712   110160.122
   690:   110199.122   110238.122   110271.122   110303.122   110322.122
   695:   110359.122   110590.122   110604.122   110617.122   110721.122
   700:   110732.122   110785.122   110953.122   111222.722   111222.920
   705:   111222.901   111222.092   111522.902   113022.910   113024.613
   710:   114974.623   114975.713   115251.123   115317.123   115364.123
   715:   115411.123   115499.123   115648.123   115770.123   115815.123
   720:   115868.123   115984.123   116053.123   116403.123   116419.123
   725:   116579.123   116594.123   116638.123   116670.123   116795.123
   730:   117002.723   117002.920   117002.901   117002.093   117302.902
   735:   118802.910   118804.615   122654.625   122655.715   123004.125
   740:   123043.125   123255.125   123289.125   123328.125   123510.125
   745:   123546.125   123727.125   123737.125   123892.125   124048.125
   750:   124322.125   124379.125   124411.125   124426.125   124693.125
   755:   124704.125   124768.125   124989.125   125082.125   125106.125
   760:   125247.125   125260.125   125528.125   125640.125   125651.125
   765:   125679.125   125793.125   126056.125   126324.125   126759.725
   770:   126759.920   126759.901   126759.095   127059.902   128559.910
   775:   128561.615   132411.625   132412.715   132627.125   132879.125
   780:   132910.125   133468.125   133502.125   133680.125   133718.125
   785:   133961.125   133975.125   134011.125   134186.125   134301.125
   790:   134475.125   134636.125   134783.125   134790.125   134824.125
   795:   134918.125   135149.125   135374.125   135405.125   135455.125
   800:   135504.125   135561.125   135745.125   135897.125   135975.125
   805:   135986.125   136018.125   136157.125   136402.725   136402.920
   810:   136402.901   136402.095   136702.902   138202.910   138204.613
   815:   140154.623   140155.713   140276.123   140313.123   140352.123
   820:   140397.123   140520.123   140650.123   141044.123   141084.123
   825:   141365.123   141669.123   141867.123   141883.123   141984.123
   830:   142104.123   142401.723   142401.920   142401.901   142401.093
   835:   142701.902   144201.910   144203.612   145603.622   145604.712
   840:   145780.122   145819.122   145930.122   146054.122   146402.122
   845:   146417.122   146430.122   146508.122   146539.122   146590.122
   850:   146650.122   146744.122   146756.122   146835.122   146872.122
   855:   146906.122   147107.722   147107.920   147107.901   147107.092
   860:   147407.902   148907.910   148909.614   151659.624   151660.714
   865:   153649.124   153685.124   153827.124   153994.124   154229.124
   870:   154806.724   154806.920   154806.901   154806.094   155106.902
   875:   156606.910   156608.615   160458.625   160459.815   161460.135
   880:   161875.135   162093.135   162424.135   162770.135   163198.135
   885:   163208.135   163412.135   163548.135   163766.135   163773.135
   890:   164038.135   164052.135   164207.135   164262.135   164273.135
   895:   164364.135   164544.135   164849.135   164862.135   165073.135
   900:   165457.135   165472.135   165491.135   165528.135   165540.135
   905:   165659.135   165674.135   165709.135   165726.135   165901.135
   910:   165912.135   166041.135   166115.135   166129.135   166421.135
   915:   166463.135   166613.135   166628.135   166640.135   166749.135
   920:   166784.135   167025.135   167040.135   167118.135   167168.135
   925:   167272.135   167287.135   167529.135   167636.135   167727.135
   930:   167783.135   167939.135   168042.135   168159.825   168159.920
   935:   169659.910   169661.613   171611.623   171612.813   172673.133
   940:   172959.133   173232.133   173437.133   173623.133   173801.133
   945:   173838.133   174377.133   174388.133   174402.133   174478.133
   950:   174521.133   174538.133   174599.133   174696.133   174707.133
   955:   174914.133   174993.133   175006.133   175108.133   175220.133
   960:   175317.133   175329.133   175364.133   175381.133   175568.133
   965:   175624.133   175637.133   175733.133   175743.133   175758.133
   970:   175795.133   175812.823   175812.920   175850.411   177312.910
   975:   177314.613   179264.623   179265.713   179369.123   179499.123
   980:   179548.123   179683.123   179749.123   179867.123   179878.123
   985:   180050.123   180204.123   180392.123   180410.123   180490.123
   990:   180545.123   180613.123   180827.123   180869.123   180998.123
   995:   181011.123   181027.123   181073.123   181141.123   181221.723
  1000:   181221.920   181221.901   181221.093   181521.902   183021.910
  1005:   183023.611   184023.621   184024.711   184170.121   184209.121
  1010:   184246.121   184278.121   184298.121   184338.121   184343.121
  1015:   184427.121   184467.121   184473.121   184530.121   184588.121
  1020:   184672.121   184688.121   184880.121   184993.121   185042.721
  1025:   185042.920   185042.901   185042.091   185342.902   186842.910
  1030:   186844.614   189594.624   189595.814   189808.134   189846.134
  1035:   190630.134   190667.134   190710.134   190801.134   190842.134
  1040:   190928.134   191231.134   191323.134   191639.134   191898.134
  1045:   191952.134   191964.134   192055.134   192069.134   192159.134
  1050:   192242.134   192304.134   192313.134   192421.134   192553.134
  1055:   192568.134   192718.134   192914.134   193041.134   193172.134
  1060:   193291.134   193306.134   193434.134   193523.134   193537.134
  1065:   193552.134   193751.134   193766.134   193824.134   194088.134
  1070:   194104.134   194138.134   194152.134   194301.134   194323.134
  1075:   194536.134   194549.134   194598.134   194616.134   194900.134
  1080:   195040.134   195054.134   195095.824   195095.920   196595.910
  1085:   196597.613   198547.623   198548.713   198644.123   198771.123
  1090:   199280.123   199322.123   199364.123   199407.123   199449.123
  1095:   199498.123   199543.123   199600.123   199840.123   199984.123
  1100:   200034.123   200046.123   200085.123   200201.123   200212.123
  1105:   200347.123   200447.123   200461.123   200638.723   200638.920
  1110:   200638.901   200638.093   200938.902   202438.910   202440.612
  1115:   203840.622   203841.812   203971.132   204016.132   204056.132
  1120:   204093.132   204266.132   204352.132   204452.132   204512.132
  1125:   204708.132   204871.132   204883.132   204998.132   205007.132
  1130:   205106.132   205186.132   205198.132   205400.132   205417.132
  1135:   205430.132   205444.132   205686.132   205700.132   205716.132
  1140:   205853.132   205904.132   205922.132   206069.132   206083.132
  1145:   206405.132   206505.132   206516.132   206533.132   206723.132
  1150:   206735.132   206751.132   206852.132   206866.132   206883.132
  1155:   207133.132   207423.132   207434.132   207441.822   207441.920
  1160:   208941.910   208943.612   210343.622   210344.712   210653.122
  1165:   210775.122   210824.122   210910.122   210956.122   211182.122
  1170:   211221.122   211236.122   211334.122   211350.122   211450.122
  1175:   211463.122   211512.122   211545.122   211585.122   211604.122
  1180:   211719.122   211973.722   211973.920   211973.901   211973.092
  1185:   212273.902   213773.910   213775.614   216525.624   216526.714
  1190:   217869.124   217911.124   217958.124   218058.124   218255.124
  1195:   218598.124   218640.124   218680.124   219058.124   219239.124
  1200:   219312.724   219312.920   219312.901   219312.094   219612.902
  1205:   221112.910   221114.614   223864.624   223865.714   224829.124
  1210:   225549.124   225766.124   225808.124   226000.124   226038.124
  1215:   226240.124   226478.124   226525.124   226572.124   226589.124
  1220:   226644.724   226644.920   226644.901   226644.094   226944.902
  1225:   228444.910   228446.611   229446.621   229447.711   229584.121
  1230:   229621.121   229657.121   229695.121   229735.121   229783.121
  1235:   229862.121   230064.121   230169.121   230185.121   230197.121
  1240:   230338.121   230387.121   230399.121   230550.721   230550.920
  1245:   230550.901   230550.091   230850.902   232350.910   232352.612
  1250:   233752.622   233753.712   233903.122   233941.122   233981.122
  1255:   234027.122   234260.122   234363.122   234531.122   234545.122
  1260:   234642.122   234785.122   234968.122   234985.122   234997.122
  1265:   235045.122   235058.122   235144.122   235394.722   235394.920
  1270:   235394.901   235394.092   235694.902   237194.910   237196.611
  1275:   238196.621   238197.711   238358.121   238402.121   238446.121
  1280:   238517.121   238561.121   238644.121   238741.121   238754.121
  1285:   238792.121   238881.121   239108.121   239309.721   239309.920
  1290:   239309.901   239309.091   239609.902   241109.910   241111.613
  1295:   243061.623   243062.713   243193.123   243247.123   243400.123
  1300:   243496.123   243577.123   243876.123   244012.123   244023.123
  1305:   244057.123   244225.123   244309.123   244321.123   244375.123
  1310:   244489.123   244582.123   244594.123   244746.123   244783.123
  1315:   244913.123   244926.123   245005.123   245019.723   245019.920
  1320:   245019.901   245019.093   245319.902   246819.910   246821.613
  1325:   248771.623   248772.713   249222.123   249237.123   249462.123
  1330:   249507.123   249518.123   249712.123   249727.123   249759.123
  1335:   249772.123   249920.123   249934.123   250048.123   250406.123
  1340:   250467.123   250478.123   250492.123   250597.123   250609.123
  1345:   250719.123   250737.723   250737.920   250737.901   250737.093
  1350:   251037.902   252537.910   252539.612   253939.622   253940.712
  1355:   254068.122   254106.122   254152.122   254192.122   254234.122
  1360:   254330.122   254479.122   254512.122   254640.122   254768.122
  1365:   255032.122   255044.122   255082.122   255125.122   255255.122
  1370:   255392.722   255392.920   255392.901   255392.092   255692.902
  1375:   257192.910   257194.613   259144.623   259145.713   259275.123
  1380:   259322.123   259365.123   259410.123   259687.123   259732.123
  1385:   259886.123   260037.123   260053.123   260123.123   260135.123
  1390:   260326.123   260340.123   260422.123   260588.123   260636.123
  1395:   260648.123   260680.123   260947.123   261133.723   261133.920
  1400:   261133.901   261133.093   261433.902   262933.910   262935.615
  1405:   266785.625   266786.715   268157.125   268317.125   268606.125
  1410:   268671.125   268717.125   268789.125   269029.125   269072.125
  1415:   269106.125   269306.125   269349.125   269532.125   269581.125
  1420:   269672.125   269719.125   269890.125   269950.125   270009.125
  1425:   270022.125   270150.125   270182.125   270268.125   270317.125
  1430:   270329.125   270400.125   270489.125   270531.125   270639.725
  1435:   270639.920   270639.901   270639.095   270939.902   272439.910
  1440:   272441.611   273441.621   273442.811   273584.131   273631.131
  1445:   273673.131   273745.131   273856.131   273955.131   274130.131
  1450:   274214.131   274230.131   274327.131   274344.131   274450.131
  1455:   274546.131   274559.131   274692.131   274733.131   274771.131
  1460:   274854.131   275004.131   275021.131   275147.131   275160.131
  1465:   275254.131   275285.131   275298.131   275432.131   275448.131
  1470:   275471.131   275478.131   275581.131   275602.131   275774.131
  1475:   275807.131   275840.131   275922.131   275935.131   276116.131
  1480:   276129.131   276164.131   276177.131   276317.131   276332.131
  1485:   276366.131   276422.131   276438.131   276640.131   276642.821
  1490:   276642.920   278142.910   278144.615   281994.625   281995.815
  1495:   282212.135   282250.135   282336.135   282375.135   282500.135
  1500:   282689.135   282775.135   282861.135   283008.135   283185.135
  1505:   283224.135   283315.135   283326.135   283431.135   283604.135
  1510:   283618.135   283669.135   283679.135   283908.135   283946.135
  1515:   283960.135   283974.135   284001.135   284014.135   284128.135
  1520:   284194.135   284208.135   284262.135   284346.135   284606.135
  1525:   284645.135   284661.135   284802.135   284949.135   285130.135
  1530:   285177.135   285188.135   285221.135   285236.135   285296.135
  1535:   285441.135   285502.135   285661.135   285675.135   285794.135
  1540:   286277.135   286312.135   286349.135   286393.135   286443.135
  1545:   286458.135   286502.135   286520.135   286530.135   286543.135
  1550:   286619.135   286700.135   287491.135   287526.135   287564.135
  1555:   287633.135   287722.135   287863.135   287926.135   288659.135
  1560:   288728.135   288793.135   288807.135   288818.135   288851.135
  1565:   288863.135   288951.135   288963.135   288997.135   289034.135
  1570:   289039.135   289087.135   289179.135   289233.135   289322.135
  1575:   289330.135   289488.135   289581.135   289644.135   289695.825
  1580:   289695.920   291195.910   291197.615   295047.625   295048.715
  1585:   295284.125   295322.125   295404.125   295475.125   295562.125
  1590:   295602.125   295687.125   296075.125   296229.125   296305.125
  1595:   296335.125   296348.125   296466.125   296512.125   296526.125
  1600:   296793.125   296803.125   296940.125   297106.125   297124.125
  1605:   297230.125   297242.125   297423.125   297435.125   297530.125
  1610:   297703.125   297713.125   297748.125   297757.125   297871.125
  1615:   298000.125   298059.125   298229.125   298330.125   298400.125
  1620:   298844.125   298959.725   298959.920   298959.901   298959.095
  1625:   299259.902   300759.910   300761.612   302161.622   302162.712
  1630:   302330.122   302362.122   302397.122   302441.122   302569.122
  1635:   302800.122   302865.122   302899.122   302904.122   303038.122
  1640:   303049.122   303178.122   303267.122   303380.122   303393.122
  1645:   303483.122   303495.122   303679.722   303679.920   303679.901
  1650:   303679.092   303979.902   305479.910   305481.611   306481.621
  1655:   306482.711   306609.121   306648.121   306684.121   306724.121
  1660:   306728.121   306836.121   306874.121   306947.121   307094.121
  1665:   307238.121   307409.121   307427.121   307522.721   307522.920
  1670:   307522.901   307522.091   307822.902   309322.910   309324.613
  1675:   311274.623   311275.713   311394.123   311435.123   311853.123
  1680:   312101.123   312253.123   312599.123   312670.123   312902.123
  1685:   312947.123   312984.123   312996.123   313368.723   313368.920
  1690:   313368.901   313368.093   313668.902   315168.910   315170.611
  1695:   316170.621   316171.811   316520.131   316562.131   316594.131
  1700:   316623.131   316761.131   316774.131   316870.131   316964.131
  1705:   317068.131   317112.131   317316.131   317363.131   317449.131
  1710:   317489.131   317568.131   317577.131   317803.131   317817.131
  1715:   317889.131   317900.131   317952.131   317964.131   318103.131
  1720:   318176.131   318229.131   318427.131   318511.131   318632.131
  1725:   318646.131   318674.131   318704.131   318785.131   319174.131
  1730:   319246.131   319287.131   319342.131   319371.821   319371.920
  1735:   319381.411   319392.411   320871.910   320873.614   323623.624
  1740:   323624.714   324720.124   325157.124   325416.124   325431.124
  1745:   325627.124   325643.124   325730.124   325744.124   325923.124
  1750:   326016.124   326028.124   326410.724   326410.920   326410.901
  1755:   326410.094   326710.902   328210.910   328212.615   332062.625
  1760:   332063.715   332390.125   332731.125   332884.125   333061.125
  1765:   333144.125   333390.125   333403.125   333585.125   333676.125
  1770:   333944.125   334287.125   334361.125   334570.125   334617.125
  1775:   334762.125   334771.125   334879.125   334893.125   335036.125
  1780:   335084.125   335096.125   335182.125   335223.125   335414.125
  1785:   335425.125   335566.125   335581.125   335615.125   335854.125
  1790:   335981.725   335981.920   335981.901   335981.095   336281.902
  1795:   337781.910   337783.612   339183.622   339184.812   339534.132
  1800:   339760.132   339931.132   340087.132   340122.132   340255.132
  1805:   340531.132   340620.132   341132.132   341145.132   341162.132
  1810:   341236.132   341253.132   341503.132   341596.132   341612.132
  1815:   341625.132   341718.132   341729.132   341744.132   341898.132
  1820:   341917.132   341930.132   341980.132   341995.132   342216.132
  1825:   342272.132   342282.132   342436.132   342449.132   342501.132
  1830:   342723.132   342784.822   342784.920   344284.910   344286.611
  1835:   345286.621   345287.711   345410.121   345447.121   345487.121
  1840:   345537.121   345621.121   345780.121   345861.121   345931.121
  1845:   346025.121   346224.121   346232.121   346273.121   346329.721
  1850:   346329.920   346329.901   346329.091   346629.902   348129.910
  1855:   348131.611   349131.621   349132.711   349231.121   349278.121
  1860:   349326.121   349411.121   349486.121   349514.121   349553.121
  1865:   349775.121   349870.121   349888.121   349945.121   350069.121
  1870:   350305.721   350305.920   350305.901   350305.091   350605.902
  1875:   352105.910   352107.614   354857.624   354858.714   356174.124
  1880:   356229.124   356243.124   356313.124   356601.124   356796.124
  1885:   357021.124   357057.124   357068.124   357160.124   357380.124
  1890:   357394.124   357625.724   357625.920   357625.901   357625.094
  1895:   357925.902   359425.910   359427.613   361377.623   361378.713
  1900:   361816.123   362007.123   362205.123   362396.123   362408.123
  1905:   362602.123   362622.123   362850.123   362943.123   363029.123
  1910:   363038.123   363245.123   363337.723   363337.920   363337.901
  1915:   363337.093   363637.902   365137.910   365139.614   367889.624
  1920:   367890.714   369295.124   369336.124   369376.124   369415.124
  1925:   369483.124   369608.124   369842.124   370215.124   370231.124
  1930:   370372.124   370419.124   370593.124   370680.724   370680.920
  1935:   370680.901   370680.094   370980.902   372480.910   372482.614
  1940:   375232.624   375233.714   375436.124   375891.124   376426.124
  1945:   376476.124   376523.124   376563.124   376724.124   376838.124
  1950:   376887.124   376980.124   377159.124   377213.124   377338.124
  1955:   377444.124   377518.124   377666.124   377720.124   377735.124
  1960:   377879.124   378052.724   378052.920   378052.901   378052.094
  1965:   378352.902   379852.910   379854.613   381804.623   381805.813
  1970:   382214.133   382414.133   382569.133   382614.133   382694.133
  1975:   382910.133   382924.133   383121.133   383135.133   383361.133
  1980:   383405.133   383417.133   383572.133   383588.133   383608.133
  1985:   383799.133   383827.133   383936.133   384064.133   384108.133
  1990:   384291.133   384415.133   384432.133   384445.133   384461.133
  1995:   384697.133   384753.133   384803.133   384911.133   385142.133
  2000:   385155.133   385207.133   385283.133   385467.133   385474.133
  2005:   385610.133   385815.133   385852.133   385865.133   385894.133
  2010:   386005.823   386005.920   387505.910   387507.614   390257.624
  2015:   390258.714   390683.124   390721.124   390965.124   391000.124
  2020:   391153.124   391192.124   391339.124   391351.124   391563.124
  2025:   391574.124   391692.124   391951.124   392002.124   392110.124
  2030:   392249.124   392431.124   392639.124   392671.124   392718.124
  2035:   392733.124   392910.124   393045.724   393045.920   393045.901
  2040:   393045.094   393345.902   394845.910   394847.611   395847.621
  2045:   395848.711   395942.121   395986.121   396065.121   396101.121
  2050:   396139.121   396279.121   396319.121   396356.121   396372.121
  2055:   396405.121   396419.121   396491.121   396539.121   396554.121
  2060:   396863.721   396863.920   396863.901   396863.091   397163.902
  2065:   398663.910   398665.615   402515.625   402516.715   402777.125
  2070:   402852.125   402902.125   403277.125   403322.125   403362.125
  2075:   403403.125   403648.125   403704.125   403806.125   403902.125
  2080:   404039.125   404056.125   404090.125   404173.125   404188.125
  2085:   404318.125   404409.125   404422.125   404618.125   404668.125
  2090:   404679.125   404745.125   404759.125   404926.125   404965.125
  2095:   404979.125   405031.125   405045.125   405059.125   405142.125
  2100:   405155.125   405169.125   405344.125   405396.125   405408.125
  2105:   405528.125   405543.125   405636.125   405646.125   405662.125
  2110:   405764.125   405934.125   405985.125   406000.125   406035.125
  2115:   406091.125   406104.125   406122.125   406265.125   406318.125
  2120:   406333.125   406377.725   406377.920   406377.901   406377.095
  2125:   406677.902   408177.910   408179.615   412029.625   412030.715
  2130:   412110.125   412475.125   412550.125   412754.125   413019.125
  2135:   413063.125   413106.125   413152.125   413228.125   413352.125
  2140:   413387.125   413399.125   413492.125   413610.125   413736.125
  2145:   413767.125   413817.125   413863.125   414134.125   414184.125
  2150:   414334.125   414350.125   414558.125   414573.125   414784.125
  2155:   414811.125   414863.125   414899.125   414917.125   415052.125
  2160:   415064.125   415079.125   415114.125   415128.125   415279.125
  2165:   415341.125   415504.125   415561.125   415726.125   415740.125
  2170:   415785.125   415793.125   415916.725   415916.920   415916.901
  2175:   415916.095   416216.902   417716.910   417718.613   419668.623
  2180:   419669.813   419831.133   419875.133   419980.133   420025.133
  2185:   420097.133   420252.133   420266.133   420389.133   420700.133
  2190:   420747.133   420759.133   420850.133   421112.133   421164.133
  2195:   421216.133   421233.133   421364.133   421378.133   421400.133
  2200:   421565.133   421579.133   421598.133   421718.133   421730.133
  2205:   421824.133   421838.133   421848.133   421940.133   421953.133
  2210:   422114.133   422127.133   422145.133   422176.133   422357.133
  2215:   422370.133   422561.133   422649.133   422664.133   422694.133
  2220:   422707.133   422764.133   422835.133   422906.133   422945.133
  2225:   423157.133   423171.133   423203.133   423216.133   423318.133
  2230:   423367.133   423537.133   423586.133   423599.133   423671.133
  2235:   423869.823   423869.920   425369.910   425371.611   426371.621
  2240:   426372.711   426521.121   426561.121   426600.121   426638.121
  2245:   426682.121   426726.121   426773.121   426779.121   426832.121
  2250:   426903.121   426919.121   426962.121   427001.121   427040.121
  2255:   427094.121   427230.121   427246.121   427426.721   427426.920
  2260:   427426.901   427426.091   427726.902   429226.910   429228.613
  2265:   431178.623   431179.713   431353.123   431393.123   431505.123
  2270:   431541.123   431677.123   431693.123   431724.123   431917.123
  2275:   431927.123   431969.123   432018.123   432032.123   432220.123
  2280:   432235.123   432334.123   432347.123   432435.123   432448.123
  2285:   432471.123   432633.123   432645.123   432687.123   432804.123
  2290:   432862.123   432875.123   432972.123   432984.123   433220.723
  2295:   433220.920   433220.901   433220.093   433520.902   435020.910
  2300:   435022.614   437772.624   437773.814   437976.134   438016.134
  2305:   438139.134   438241.134   438353.134   438475.134   438642.134
  2310:   438784.134   438854.134   439014.134   439023.134   439057.134
  2315:   439243.134   439692.134   439746.134   439758.134   439811.134
  2320:   439822.134   439836.134   439955.134   439967.134   440273.134
  2325:   440325.134   440338.134   440387.134   440440.134   440479.134
  2330:   440642.134   440678.134   440690.134   440753.134   440766.134
  2335:   440853.134   440927.134   440937.134   441077.134   441125.134
  2340:   441146.134   441335.134   441510.134   441584.134   441597.134
  2345:   441736.134   441778.134   441908.134   441942.134   442063.134
  2350:   442075.134   442310.134   442360.134   442514.134   442546.134
  2355:   442560.134   442701.134   442764.134   442819.134   442968.134
  2360:   443016.134   443106.134   443158.134   443273.824   443273.920
  2365:   444773.910   444775.614   447525.624   447526.714   447797.124
  2370:   448244.124   448351.124   448532.124   448570.124   448576.124
  2375:   448688.124   448700.124   448773.124   448925.124   449094.124
  2380:   449133.124   449299.124   449344.124   449414.124   449491.124
  2385:   449499.124   449549.124   449697.124   449742.124   449804.124
  2390:   449997.124   450041.124   450278.724   450278.920   450278.901
  2395:   450278.094   450578.902   452078.910   452080.612   453480.622
  2400:   453481.712   453596.122   453646.122   453688.122   453834.122
  2405:   453864.122   454121.122   454164.122   454175.122   454322.122
  2410:   454333.122   454366.122   454568.122   454598.122   454870.122
  2415:   455003.722   455003.920   455003.901   455003.092   455303.902
  2420:   456803.910   456805.615   460655.625   460656.715   460828.125
  2425:   460926.125   461004.125   461379.125   461454.125   461664.125
  2430:   461675.125   461717.125   461873.125   461911.125   462028.125
  2435:   462040.125   462188.125   462227.125   462269.125   462443.125
  2440:   462525.125   462602.125   462612.125   462740.125   462849.125
  2445:   462940.125   462954.125   462969.125   463130.125   463258.125
  2450:   463394.125   463569.125   463681.125   463845.125   463855.125
  2455:   463880.125   463912.125   463924.125   464002.125   464014.125
  2460:   464228.125   464240.125   464319.125   464438.125   464479.125
  2465:   464538.725   464538.920   464538.901   464538.095   464838.902
  2470:   466338.910   466340.611   467340.621   467341.811   467463.131
  2475:   467498.131   467537.131   467574.131   467647.131   467755.131
  2480:   467876.131   468052.131   468129.131   468142.131   468252.131
  2485:   468281.131   468335.131   468405.131   468417.131   468433.131
  2490:   468520.131   468705.131   468731.131   468747.131   468814.131
  2495:   468827.131   468840.131   468852.131   469054.131   469114.131
  2500:   469140.131   469225.131   469239.131   469421.131   469441.131
  2505:   469450.131   469498.131   469716.131   469877.131   469920.131
  2510:   470132.131   470170.131   470232.131   470281.131   470541.821
  2515:   470541.920   472041.910   472043.611   473043.621   473044.711
  2520:   473165.121   473239.121   473273.121   473309.121   473352.121
  2525:   473422.121   473455.121   473497.121   473540.121   473664.121
  2530:   473718.121   473732.121   473816.121   473828.121   473898.121
  2535:   473949.121   473967.121   474109.721   474109.920   474109.901
  2540:   474109.091   474409.902   475909.910   475911.612   477311.622
  2545:   477312.712   477435.122   477471.122   477511.122   477547.122
  2550:   477647.122   477712.122   477835.122   477879.122   477894.122
  2555:   478008.122   478149.122   478557.122   478570.122   478691.122
  2560:   478704.122   478765.722   478765.920   478765.901   478765.092
  2565:   479065.902   480565.910   480567.615   484417.625   484418.715
  2570:   484695.125   484731.125   484766.125   484800.125   484974.125
  2575:   485260.125   485486.125   485674.125   485753.125   485952.125
  2580:   486034.125   486288.125   486303.125   486400.125   486437.125
  2585:   486521.125   486783.125   486949.125   487130.125   487140.125
  2590:   487362.125   487622.125   487700.125   487720.125   487800.125
  2595:   487854.125   487868.125   487937.125   487949.125   488146.125
  2600:   488185.125   488199.125   488233.125   488247.125   488392.725
  2605:   488392.920   488392.901   488392.095   488692.902   490192.910
  2610:   490194.614   492944.624   492945.714   493099.124   493360.124
  2615:   493873.124   493910.124   493920.124   494127.124   494353.124
  2620:   494394.124   494409.124   494657.124   494797.124   494810.124
  2625:   494984.124   495100.124   495229.124   495416.124   495459.124
  2630:   495509.124   495651.124   495660.124   495672.124   495781.724
  2635:   495781.920   495781.901   495781.094   496081.902   497581.910
  2640:   497583.613   499533.623   499534.713   499717.123   499814.123
  2645:   499891.123   499907.123   499945.123   499981.123   500195.123
  2650:   500234.123   500248.123   500323.123   500513.123   500553.123
  2655:   500642.123   500759.123   500772.123   500807.123   501010.123
  2660:   501054.123   501090.123   501101.123   501117.123   501201.123
  2665:   501337.123   501387.123   501597.723   501597.920   501597.901
  2670:   501597.093   501897.902   503397.910   503399.611   504399.621
  2675:   504400.711   504523.121   504560.121   504634.121   504680.121
  2680:   504723.121   504765.121   504800.121   504842.121   505106.121
  2685:   505115.121   505246.121   505259.121   505373.121   505409.721
  2690:   505409.920   505409.901   505409.091   505709.902   507209.910
  2695:   507211.611   508211.621   508212.811   508390.131   508531.131
  2700:   508572.131   508662.131   508699.131   508737.131   508930.131
  2705:   508968.131   508986.131   509085.131   509100.131   509210.131
  2710:   509223.131   509298.131   509366.131   509380.131   509426.131
  2715:   509555.131   509752.131   509768.131   509934.131   509992.131
  2720:   510226.131   510261.131   510276.131   510577.131   510590.131
  2725:   510608.131   510626.131   510707.131   510752.131   510902.131
  2730:   511240.131   511255.131   511412.821   511412.920   512912.910
  2735:   512914.613   514864.623   514865.713   515082.123   515120.123
  2740:   515235.123   515312.123   515347.123   515525.123   515574.123
  2745:   515694.123   515785.123   515828.123   515872.123   516048.123
  2750:   516092.123   516275.123   516323.123   516368.123   516454.123
  2755:   516465.123   516513.123   516529.123   516597.123   516612.123
  2760:   516671.123   516839.723   516839.920   516839.901   516839.093
  2765:   517139.902   518639.910   518641.613   520591.623   520592.813
  2770:   520831.133   520900.133   520937.133   521057.133   521247.133
  2775:   521280.133   521376.133   521412.133   521571.133   521639.133
  2780:   521653.133   521821.133   521863.133   521972.133   521986.133
  2785:   522037.133   522168.133   522185.133   522208.133   522322.133
  2790:   522422.133   522467.133   522481.133   522631.133   522645.133
  2795:   522830.133   522851.133   522986.133   523003.133   523092.133
  2800:   523220.133   523274.133   523470.133   523486.133   523502.133
  2805:   523518.133   523581.133   523665.133   523874.133   523941.133
  2810:   523989.133   524032.133   524049.133   524636.133   524683.133
  2815:   524721.133   524768.133   524792.823   524792.920   526292.910
  2820:   526294.614   529044.624   529045.714   529706.124   529745.124
  2825:   529828.124   530022.124   530164.124   530201.124   530380.124
  2830:   530401.124   530451.124   530536.124   530616.124   530625.124
  2835:   530721.124   530862.124   530871.124   530907.124   530990.124
  2840:   531005.124   531096.124   531135.124   531228.124   531246.124
  2845:   531439.124   531572.124   531587.124   531699.124   531712.124
  2850:   531813.724   531813.920   531813.901   531813.094   532113.902
  2855:   533613.910   533615.612   535015.622   535016.712   535127.122
  2860:   535182.122   535225.122   535265.122   535301.122   535339.122
  2865:   535383.122   535389.122   535494.122   535526.122   535601.122
  2870:   535659.122   535779.122   535822.122   535900.122   535988.122
  2875:   535997.122   536141.122   536263.122   536444.722   536444.920
  2880:   536444.901   536444.092   536744.902   538244.910   538246.612
  2885:   539646.622   539647.712   539738.122   539784.122   539826.122
  2890:   539870.122   539912.122   540025.122   540169.122   540259.122
  2895:   540366.122   540567.122   540727.122   540756.122   540770.122
  2900:   540969.122   540981.122   541032.122   541069.722   541069.920
  2905:   541069.901   541069.092   541369.902   542869.910   542871.612
  2910:   544271.622   544272.712   544359.122   544407.122   544676.122
  2915:   544956.122   544973.122   545049.122   545063.122   545135.122
  2920:   545195.122   545209.122   545440.122   545456.122   545679.722
  2925:   545679.920   545679.901   545679.092   545979.902   547479.910
  2930:   547481.612   548881.622   548882.812   549049.132   549088.132
  2935:   549133.132   549167.132   549301.132   549324.132   549354.132
  2940:   549440.132   549472.132   549479.132   549639.132   549691.132
  2945:   549815.132   549829.132   549908.132   549954.132   550048.132
  2950:   550060.132   550275.132   550360.132   550461.132   550506.132
  2955:   550522.132   550556.132   550649.132   550661.132   550790.132
  2960:   550824.132   550876.132   550940.132   551087.132   551098.132
  2965:   551322.132   551336.132   551465.132   551622.132   551640.132
  2970:   551677.132   551691.132   551738.132   552166.132   552203.132
  2975:   552258.132   552301.132   552361.132   552421.132   552482.822
  2980:   552482.920   552504.411   552563.411   553982.910   553984.615
  2985:   557834.625   557835.715   558070.125   558107.125   558150.125
  2990:   558196.125   558240.125   558283.125   558326.125   558369.125
  2995:   558411.125   558490.125   558594.125   558631.125   558641.125
  3000:   558738.125   558853.125   558992.125   559022.125   559068.125
  3005:   559080.125   559164.125   559178.125   559250.125   559261.125
  3010:   559499.125   559571.125   559738.125   559861.125   559874.125
  3015:   559960.125   559972.125   560008.125   560022.125   560092.125
  3020:   560200.125   560213.125   560222.125   560337.125   560459.125
  3025:   560479.125   560557.125   560571.125   560587.125   560608.125
  3030:   560643.125   560661.125   560888.125   560903.125   560943.125
  3035:   560958.125   560992.125   561004.125   561281.125   561294.125
  3040:   561329.125   561378.125   561394.125   561584.125   561641.125
  3045:   561710.725   561710.920   561710.901   561710.095   562010.902
  3050:   563510.910   563512.613   565462.623   565463.713   565660.123
  3055:   565696.123   565742.123   565785.123   565837.123   565880.123
  3060:   566027.123   566164.123   566316.123   566348.123   566409.123
  3065:   566438.123   566445.123   566633.123   566648.123   566676.123
  3070:   566767.123   566780.123   566995.123   567257.123   567271.123
  3075:   567380.123   567516.723   567516.920   567516.901   567516.093
  3080:   567816.902   569316.910   569318.612   570718.622   570719.712
  3085:   570853.122   571013.122   571110.122   571147.122   571181.122
  3090:   571245.122   571319.122   571356.122   571445.122   571487.122
  3095:   571573.122   571709.122   571755.122   571773.122   571803.122
  3100:   572071.122   572085.122   572099.122   572336.722   572336.920
  3105:   572336.901   572336.092   572636.902   574136.910   574138.611
  3110:   575138.621   575139.711   575276.121   575315.121   575351.121
  3115:   575388.121   575431.121   575521.121   575597.121   575632.121
  3120:   575663.121   575782.121   575799.121   575963.121   576037.121
  3125:   576049.121   576198.721   576198.920   576198.901   576198.091
  3130:   576498.902   577998.910   578000.615   581850.625   581851.815
  3135:   581948.135   581992.135   582034.135   582122.135   582207.135
  3140:   582251.135   582304.135   582337.135   582512.135   582550.135
  3145:   582699.135   582709.135   582749.135   582820.135   583014.135
  3150:   583029.135   583181.135   583309.135   583360.135   583455.135
  3155:   583495.135   583658.135   583702.135   583809.135   583825.135
  3160:   583971.135   583984.135   584080.135   584146.135   584236.135
  3165:   584248.135   584283.135   584296.135   584362.135   584373.135
  3170:   584474.135   584487.135   584503.135   584581.135   584593.135
  3175:   584637.135   584652.135   584726.135   584736.135   584755.135
  3180:   584943.135   584983.135   584997.135   585085.135   585140.135
  3185:   585152.135   585229.135   585243.135   585343.135   585401.135
  3190:   585665.135   585803.135   586202.135   586241.135   586280.135
  3195:   586320.135   586339.135   586387.135   586440.135   586629.135
  3200:   586765.135   586811.135   587179.135   587216.135   587253.135
  3205:   587291.135   587323.135   587381.135   587611.135   587728.135
  3210:   587975.135   587986.135   588445.135   588485.135   588527.135
  3215:   588604.135   588905.135   588951.135   588991.135   589044.135
  3220:   589207.135   589256.135   589292.135   589348.135   589431.135
  3225:   589445.135   589484.135   589551.825   589551.920   591051.910
  3230:   591053.612   592453.622   592454.812   592540.132   592587.132
  3235:   592629.132   592668.132   592756.132   592835.132   592869.132
  3240:   592944.132   592976.132   593066.132   593135.132   593318.132
  3245:   593426.132   593441.132   593474.132   593563.132   593670.132
  3250:   593682.132   593794.132   593808.132   593974.132   593986.132
  3255:   594053.132   594067.132   594080.132   594269.132   594531.132
  3260:   594546.132   594610.132   594624.132   594843.132   594859.132
  3265:   595285.132   595325.132   595368.132   595407.132   595425.132
  3270:   595458.132   595500.132   595556.132   595601.132   595706.132
  3275:   595723.132   595782.132   595801.132   595860.132   595988.132
  3280:   596006.132   596054.822   596054.920   597554.910   597556.613
  3285:   599506.623   599507.713   599603.123   599645.123   599761.123
  3290:   599797.123   599867.123   599919.123   599990.123   600038.123
  3295:   600076.123   600125.123   600174.123   600246.123   600257.123
  3300:   600418.123   600465.123   600479.123   600588.123   600737.123
  3305:   600751.123   600832.123   600884.123   600902.123   601011.123
  3310:   601026.123   601043.123   601126.123   601138.123   601224.123
  3315:   601449.123   601460.723   601460.920   601460.901   601460.093
  3320:   601760.902   603260.910   603262.615   607112.625   607113.815
  3325:   607191.135   607227.135   607316.135   607353.135   607454.135
  3330:   607565.135   607727.135   607853.135   607937.135   608050.135
  3335:   608082.135   608167.135   608301.135   608425.135   608665.135
  3340:   608709.135   608721.135   608778.135   608937.135   608991.135
  3345:   609007.135   609081.135   609094.135   609205.135   609275.135
  3350:   609343.135   609357.135   609533.135   609679.135   609692.135
  3355:   609706.135   609796.135   609811.135   609844.135   610019.135
  3360:   610086.135   610099.135   610204.135   610219.135   610329.135
  3365:   610436.135   610570.135   610661.135   610674.135   610729.135
  3370:   610798.135   610812.135   610904.135   611031.135   611045.135
  3375:   611098.135   611215.135   611266.135   611402.135   611466.135
  3380:   611487.135   611687.135   611807.135   611845.135   611987.135
  3385:   612209.135   612247.135   612280.135   612293.135   612330.135
  3390:   612348.135   612435.135   612474.135   612628.135   612793.135
  3395:   612808.135   612992.135   613004.135   613039.135   613051.135
  3400:   613100.135   613106.135   613189.135   613199.135   613330.135
  3405:   613376.135   613533.135   613584.135   613715.135   613750.135
  3410:   613774.135   613888.135   613923.135   614088.135   614173.135
  3415:   614319.135   614370.135   614490.135   614813.825   614813.920
  3420:   614814.411   616313.910   616315.614   619065.624   619066.714
  3425:   619141.124   619183.124   619227.124   619268.124   619308.124
  3430:   619353.124   619400.124   619609.124   619688.124   619718.124
  3435:   619771.124   619846.124   619966.124   619997.124   620112.124
  3440:   620146.124   620258.124   620272.124   620372.124   620385.124
  3445:   620536.124   620550.124   620649.124   620715.124   620882.124
  3450:   621064.124   621118.124   621132.124   621166.124   621201.124
  3455:   621312.124   621321.124   621336.124   621440.124   621454.124
  3460:   621547.124   621560.124   621708.124   621795.124   621806.124
  3465:   621865.724   621865.920   621865.901   621865.094   622165.902
  3470:   623665.910   623667.615   627517.625   627518.715   627849.125
  3475:   627890.125   627930.125   627968.125   628090.125   628125.125
  3480:   628203.125   628232.125   628341.125   628374.125   628597.125
  3485:   628646.125   628660.125   628820.125   628868.125   628881.125
  3490:   628937.125   629120.125   629236.125   629270.125   629460.125
  3495:   629561.125   629605.125   629799.125   629812.125   629847.125
  3500:   629864.125   629940.125   629953.125   630099.125   630114.125
  3505:   630179.125   630196.125   630207.125   630345.125   630359.125
  3510:   630380.125   630393.125   630467.125   630480.125   630495.125
  3515:   630512.125   630626.125   630639.125   630712.125   630724.125
  3520:   630809.125   630819.125   630835.125   630960.125   630974.125
  3525:   631026.125   631094.125   631126.125   631140.125   631173.125
  3530:   631189.125   631233.125   631249.125   631390.725   631390.920
  3535:   631390.901   631390.095   631690.902   633190.910   633192.613
  3540:   635142.623   635143.713   635251.123   635357.123   635574.123
  3545:   635713.123   635897.123   636048.123   636181.123   636215.123
  3550:   636244.123   636488.123   636531.123   636576.123   636680.123
  3555:   636787.123   636801.123   636948.123   636960.123   636972.123
  3560:   637055.123   637098.723   637098.920   637098.901   637098.093
  3565:   637398.902   638898.910   638900.612   640300.622   640301.712
  3570:   640455.122   640552.122   640719.122   640735.122   640859.122
  3575:   640875.122   640918.122   641099.122   641160.122   641271.122
  3580:   641412.122   641455.122   641468.122   641638.122   641880.722
  3585:   641880.920   641880.901   641880.092   642180.902   643680.910
  3590:   643682.611   644682.621   644683.711   644788.121   644825.121
  3595:   644864.121   644968.121   645043.121   645074.121   645118.121
  3600:   645154.121   645305.121   645345.121   645357.121   645505.121
  3605:   645655.121   645759.721   645759.920   645759.901   645759.091
  3610:   646059.902   647559.910   647561.614   650311.624   650312.814
  3615:   650477.134   650542.134   650603.134   650785.134   651254.134
  3620:   651272.134   651302.134   651440.134   651641.134   651750.134
  3625:   651779.134   651948.134   652091.134   652375.134   652418.134
  3630:   652503.134   652618.134   652633.134   652723.134   653004.134
  3635:   653016.134   653029.134   653041.134   653127.134   653142.134
  3640:   653188.134   653211.134   653408.134   653422.134   653498.134
  3645:   653584.134   653595.134   653608.134   653627.134   653718.134
  3650:   653729.134   653745.134   653958.134   653972.134   654000.134
  3655:   654014.134   654027.134   654128.134   654155.134   654250.134
  3660:   654262.134   654273.134   654442.134   654560.134   654613.134
  3665:   654783.134   654968.134   655113.134   655124.134   655166.134
  3670:   655526.134   655562.134   655609.134   655812.824   655812.920
  3675:   657312.910   657314.614   660064.624   660065.714   660170.124
  3680:   660672.124   660708.124   660829.124   660971.124   661319.124
  3685:   661637.124   661685.124   661779.124   661822.124   662058.124
  3690:   662101.124   662116.124   662161.124   662263.124   662467.124
  3695:   662478.124   662512.124   662522.124   662537.124   662614.124
  3700:   662635.124   662839.724   662839.920   662839.901   662839.094
  3705:   663139.902   664639.910   664641.611   665641.621   665642.711
  3710:   665748.121   665783.121   665824.121   665890.121   665961.121
  3715:   666007.121   666040.121   666074.121   666211.121   666434.121
  3720:   666539.121   666594.121   666727.721   666727.920   666727.901
  3725:   666727.091   667027.902   668527.910   668529.614   671279.624
  3730:   671280.714   671369.124   671757.124   671975.124   672120.124
  3735:   672444.124   672820.124   672855.124   672906.124   672917.124
  3740:   672930.124   673014.124   673027.124   673112.124   673152.124
  3745:   673165.124   673174.124   673275.124   673286.124   673359.124
  3750:   673370.124   673544.124   673556.124   673568.124   673645.124
  3755:   673743.124   673880.124   673944.124   673978.124   673994.124
  3760:   674138.724   674138.920   674138.901   674138.094   674438.902
  3765:   675938.910   675940.614   678690.624   678691.714   678743.124
  3770:   679442.124   679513.124   679917.124   680254.124   680348.124
  3775:   680354.124   680564.124   680793.124   680810.124   680871.124
  3780:   681050.124   681084.124   681097.124   681234.124   681247.124
  3785:   681262.124   681347.124   681602.724   681602.920   681602.901
  3790:   681602.094   681902.902   681902.902   681902.005   681902.006
  3795:   681902.007   681902.020        
D:
     0:        0.000        0.000        0.000        0.000        0.000
     5:        0.000        0.000        0.000        0.000        0.000
    10:        0.000        0.000        0.000        0.000        0.000
    15:        0.000        0.000        0.000        0.000        0.000
    20:        0.000        0.000        0.000        0.000        0.000
    25:        0.000       10.000        0.000        0.000        0.000
    30:        0.000        0.000        0.000        0.000        0.000
    35:        0.000
F:
     0:       10.000       14.000       19.500       27.500       38.500
     5:       10.000       14.000       19.500       27.500       38.500
    10:       10.000       14.000       19.500       27.500       38.500
    15:       20.000       28.000       39.000       55.000       77.000
    20:       20.000       28.000       39.000       55.000       77.000
    25:       20.000       28.000       39.000       55.000       77.000
    30:       10.000       14.000       19.500       27.500       38.500
    35:       10.000       14.000       19.500       27.500       38.500
    40:       10.000       14.000       19.500       27.500       38.500
    45:       10.000       14.000       19.500       27.500       38.500
    50:       10.000       14.000       19.500       27.500       38.500
    55:       10.000       14.000       19.500       27.500       38.500
    60:       10.000       14.000       19.500       27.500       38.500
    65:       10.000       14.000       19.500       27.500       38.500
    70:       10.000       14.000       19.500       27.500       38.500
    75:       20.000       28.000       39.000       55.000       77.000
    80:       20.000       28.000       39.000       55.000       77.000
    85:       10.000       14.000       19.500       27.500       38.500
    90:       10.000       14.000       19.500       27.500       38.500
    95:       10.000       14.000       19.500       27.500       38.500
I:
     0:       75.000        0.000        0.000
M:
     0:       15.000       15.000       15.000       15.000       15.000
     5:        5.000        5.000        5.000        5.000        5.000
    10:      100.000
N:
     0:       20.000       20.000       20.000       20.000       20.000
     5:        0.000
Q:
     0:       15.000       15.000       15.000       15.000       15.000
     5:        0.000
V:
     0:        0.000        0.000        0.000        0.000        0.000
     5:      212.000      246.000      314.000      296.000      647.000
    10:      194.000      204.000      226.000      288.000      404.000
    15:        0.000
