File: C:\MED-PC IV\DATA\M_PEAK_A8P002

Start Date: 10/18/17
End Date: 10/18/17
Subject: P002
Experiment: IF-PICO
Group: 0
Box: 5
Start Time:  9:59:42
End Time: 11:53:47
MSN: Multiple_Peak
B:       0.000
C:       0.000
E:    2230.000
G:      19.500
H:    1950.000
J:       0.000
K:       0.000
L:       0.000
O:       0.000
P:       0.000
R:       0.000
S:       0.000
T:  684490.000
U:       0.000
W:       0.000
X:       0.000
Y:       0.000
Z:       0.000
A:
     0:        0.010      500.910      502.613     2452.623     2453.713
     5:     2730.123     2769.123     2852.123     2886.123     2925.123
    10:     2965.123     3057.123     3168.123     3209.123     3246.123
    15:     3384.123     3425.123     3507.123     3544.123     3622.123
    20:     3703.123     3751.123     3865.123     4068.123     4102.123
    25:     4211.123     4255.123     4294.123     4329.123     4368.123
    30:     4513.723     4513.920     4513.901     4513.093     4813.902
    35:     6313.910     6315.611     7315.621     7316.811     7546.131
    40:     7635.131     7726.131     7770.131     7843.131     7879.131
    45:     7992.131     8148.131     8359.131     8403.131     8440.131
    50:     8518.131     8558.131     8626.131     8667.131     8770.131
    55:     8811.131     8850.131     8886.131     8921.131     9009.131
    60:     9052.131     9091.131     9128.131     9303.131     9343.131
    65:     9381.131     9427.131     9468.131     9502.131     9540.131
    70:     9616.131     9651.131     9686.131     9717.131     9748.131
    75:     9836.131     9875.131     9908.131     9942.131     9985.131
    80:    10023.131    10069.131    10106.131    10186.131    10222.131
    85:    10262.131    10376.131    10503.131    10516.821    10516.920
    90:    12016.910    12018.613    13968.623    13969.813    14541.133
    95:    14676.133    14778.133    14811.133    14891.133    15036.133
   100:    15117.133    15209.133    15330.133    15437.133    15517.133
   105:    15675.133    15797.133    15910.133    15943.133    16058.133
   110:    16171.133    16248.133    16291.133    16443.133    16516.133
   115:    16554.133    16685.133    16925.133    16962.133    17091.133
   120:    17209.133    17287.133    17323.133    17531.133    17968.133
   125:    18079.133    18169.823    18169.920    19669.910    19671.614
   130:    22421.624    22422.814    23059.134    23510.134    23616.134
   135:    23734.134    23866.134    24077.134    24146.134    24265.134
   140:    24379.134    24490.134    24563.134    24646.134    24757.134
   145:    24871.134    24973.134    25096.134    25246.134    25388.134
   150:    25495.134    25543.134    25649.134    25698.134    25732.134
   155:    25905.134    25999.134    26233.134    26368.134    26496.134
   160:    26636.134    26712.134    26791.134    26871.134    27029.134
   165:    27136.134    27207.134    27299.134    27449.134    27569.134
   170:    27666.134    27703.134    27793.134    27853.134    27922.824
   175:    27922.920    29422.910    29424.613    31374.623    31375.813
   180:    31448.133    32044.133    32099.133    32133.133    32420.133
   185:    32491.133    32566.133    32773.133    32841.133    32905.133
   190:    33012.133    33250.133    33413.133    33558.133    33626.133
   195:    33763.133    33834.133    34081.133    34168.133    34204.133
   200:    34239.133    34379.133    34644.133    34973.133    35054.133
   205:    35175.133    35211.133    35419.133    35564.133    35575.823
   210:    35575.920    37075.910    37077.615    40927.625    40928.715
   215:    42005.125    42068.125    42181.125    42364.125    42393.125
   220:    42462.125    42597.125    42673.125    42737.125    42851.125
   225:    42975.125    43147.125    43283.125    43431.125    43515.125
   230:    43619.125    43752.125    43834.125    43970.125    44006.125
   235:    44124.125    44157.125    44284.125    44384.125    44565.125
   240:    44679.125    44754.125    44796.725    44796.920    44796.901
   245:    44796.095    45096.902    46596.910    46598.611    47598.621
   250:    47599.711    47927.121    48041.121    48148.121    48259.121
   255:    48293.121    48366.121    48437.121    48588.121    48740.721
   260:    48740.920    48740.901    48740.091    49040.902    50540.910
   265:    50542.611    51542.621    51543.711    51634.121    51666.121
   270:    51769.121    51890.121    51921.121    52016.121    52059.121
   275:    52091.121    52197.121    52260.121    52337.121    52379.121
   280:    52461.121    52633.721    52633.920    52633.901    52633.091
   285:    52933.902    54433.910    54435.611    55435.621    55436.811
   290:    56017.131    56126.131    56188.131    56290.131    56462.131
   295:    56538.131    56615.131    56697.131    56748.131    56891.131
   300:    57072.131    57160.131    57378.131    57690.131    57739.131
   305:    58037.131    58115.131    58157.131    58204.131    58336.131
   310:    58527.131    58636.821    58636.920    60136.910    60138.614
   315:    62888.624    62889.814    65175.134    65305.134    65408.134
   320:    65563.134    65715.134    65803.134    65893.134    66035.134
   325:    66109.134    66323.134    66446.134    66702.134    66833.134
   330:    66873.134    67027.134    67179.134    67334.134    67536.134
   335:    67661.134    67702.134    67744.134    67785.134    67914.134
   340:    68026.134    68148.134    68389.824    68389.920    69889.910
   345:    69891.615    73741.625    73742.815    75700.135    76200.135
   350:    76432.135    76587.135    76736.135    76859.135    77014.135
   355:    77168.135    77320.135    77400.135    77521.135    77569.135
   360:    77609.135    77721.135    77814.135    77906.135    78113.135
   365:    78198.135    78367.135    78751.135    78832.135    78870.135
   370:    78926.135    79092.135    79208.135    79259.135    79302.135
   375:    79348.135    79392.135    79440.135    79518.135    79693.135
   380:    79834.135    79906.135    81442.825    81442.920    82942.910
   385:    82944.612    84344.622    84345.712    85211.122    85287.122
   390:    85401.122    85512.122    85602.122    85715.122    85805.722
   395:    85805.920    85805.901    85805.092    86105.902    87605.910
   400:    87607.614    90357.624    90358.714    91551.124    91761.124
   405:    91927.124    92057.124    92145.124    92285.124    92323.124
   410:    92444.124    92482.124    92593.124    92792.124    92906.124
   415:    92983.124    93272.724    93272.920    93272.901    93272.094
   420:    93572.902    95072.910    95074.614    97824.624    97825.714
   425:    99347.124    99724.124    99889.124    99968.124   100080.124
   430:   100173.124   100283.124   100364.124   100485.124   100629.724
   435:   100629.920   100629.901   100629.094   100929.902   102429.910
   440:   102431.611   103431.621   103432.711   103538.121   103755.121
   445:   103858.121   103972.121   104047.121   104115.121   104191.121
   450:   104272.121   104399.121   104526.721   104526.920   104526.901
   455:   104526.091   104826.902   106326.910   106328.615   110178.625
   460:   110179.715   112198.125   112437.125   112557.125   112638.125
   465:   112789.125   112988.125   113028.125   113118.125   113231.125
   470:   113346.125   113552.125   113700.125   113746.125   113836.125
   475:   114090.725   114090.920   114090.901   114090.095   114390.902
   480:   115890.910   115892.614   118642.624   118643.714   120221.124
   485:   120347.124   120459.124   120544.124   120764.124   120930.124
   490:   121059.124   121179.124   121319.124   121525.724   121525.920
   495:   121525.901   121525.094   121825.902   123325.910   123327.615
   500:   127177.625   127178.715   129194.125   129307.125   129351.125
   505:   129454.125   129599.125   129685.125   129801.125   129839.125
   510:   129974.125   130089.125   130217.125   130259.125   130368.125
   515:   130405.125   130457.125   130618.125   130709.125   130746.125
   520:   130803.125   130935.125   131090.725   131090.920   131090.901
   525:   131090.095   131390.902   132890.910   132892.611   133892.621
   530:   133893.711   134281.121   134386.121   134467.121   134578.121
   535:   134654.121   134729.121   134811.121   134852.121   134894.721
   540:   134894.920   134894.901   134894.091   135194.902   136694.910
   545:   136696.612   138096.622   138097.712   138548.122   138582.122
   550:   138651.122   138731.122   138853.122   138929.122   139005.122
   555:   139079.122   139123.122   139444.122   139727.722   139727.920
   560:   139727.901   139727.092   140027.902   141527.910   141529.615
   565:   145379.625   145380.715   147363.125   147450.125   147659.125
   570:   147776.125   147929.125   148128.125   148196.125   148394.125
   575:   148482.125   148520.125   148647.125   148803.125   149024.125
   580:   149072.125   149109.125   149675.725   149675.920   149675.901
   585:   149675.095   149975.902   151475.910   151477.612   152877.622
   590:   152878.712   153339.122   153451.122   153531.122   153608.122
   595:   153688.122   153762.122   153882.122   154049.122   154128.122
   600:   154173.122   154243.122   154291.722   154291.920   154291.901
   605:   154291.092   154591.902   156091.910   156093.614   158843.624
   610:   158844.714   158921.124   159979.124   160095.124   160183.124
   615:   160283.124   160367.124   160405.124   160505.124   160571.124
   620:   160723.124   160768.124   161192.124   161367.124   161492.124
   625:   161532.124   161680.724   161680.920   161680.901   161680.094
   630:   161980.902   163480.910   163482.612   164882.622   164883.812
   635:   165229.132   165427.132   165568.132   165650.132   165773.132
   640:   165860.132   165939.132   166021.132   166068.132   166151.132
   645:   166221.132   166255.132   166325.132   166375.132   166424.132
   650:   166463.132   166516.132   166960.132   167005.132   167080.132
   655:   167130.132   167170.132   167220.132   167268.132   167320.132
   660:   167361.132   167411.132   167536.132   167964.132   168022.132
   665:   168066.132   168113.132   168259.132   168334.132   168483.822
   670:   168483.920   169983.910   169985.612   171385.622   171386.712
   675:   171769.122   171902.122   172050.122   172128.122   172207.122
   680:   172589.122   172674.122   173197.722   173197.920   173197.901
   685:   173197.092   173497.902   174997.910   174999.612   176399.622
   690:   176400.712   177058.122   177139.122   177248.122   177322.122
   695:   177477.122   177521.122   177563.122   177637.122   177683.122
   700:   177723.122   177774.122   177865.722   177865.920   177865.901
   705:   177865.092   178165.902   179665.910   179667.611   180667.621
   710:   180668.811   180983.131   181093.131   181280.131   181361.131
   715:   181405.131   181549.131   181683.131   181779.131   181871.131
   720:   181916.131   182084.131   182159.131   182386.131   182434.131
   725:   182710.131   182892.131   182985.131   183027.131   183135.131
   730:   183286.131   183868.821   183868.920   185368.910   185370.611
   735:   186370.621   186371.811   186705.131   186820.131   187030.131
   740:   187143.131   187186.131   187266.131   187388.131   187529.131
   745:   188008.131   188048.131   188130.131   188172.131   188215.131
   750:   188294.131   188352.131   188438.131   188488.131   189571.821
   755:   189571.920   191071.910   191073.612   192473.622   192474.712
   760:   192856.122   192970.122   193040.122   193070.122   193187.122
   765:   193269.122   193316.122   193352.122   193432.122   193642.122
   770:   193814.122   193858.122   194062.722   194062.920   194062.901
   775:   194062.092   194362.902   195862.910   195864.615   199714.625
   780:   199715.715   202038.125   202261.125   202347.125   202444.125
   785:   202636.125   202785.125   202996.125   203044.125   203080.125
   790:   203136.125   203269.125   203405.125   203476.125   203544.125
   795:   203660.725   203660.920   203660.901   203660.095   203960.902
   800:   205460.910   205462.615   209312.625   209313.715   210650.125
   805:   210737.125   210850.125   210934.125   211015.125   211111.125
   810:   211236.125   211332.125   211419.125   211626.125   211791.125
   815:   211825.125   211992.125   212198.125   212286.125   212666.125
   820:   212908.125   212975.125   213178.725   213178.920   213178.901
   825:   213178.095   213478.902   214978.910   214980.614   217730.624
   830:   217731.714   218880.124   219020.124   219107.124   219195.124
   835:   219355.124   219476.124   219681.124   219848.124   220222.124
   840:   220444.124   220495.724   220495.920   220495.901   220495.094
   845:   220795.902   222295.910   222297.612   223697.622   223698.712
   850:   224301.122   224393.122   224606.122   224655.122   224813.122
   855:   224898.122   224948.122   224999.122   225113.722   225113.920
   860:   225113.901   225113.092   225413.902   226913.910   226915.614
   865:   229665.624   229666.814   230879.134   231004.134   231114.134
   870:   231194.134   231383.134   231493.134   231681.134   231884.134
   875:   232012.134   232143.134   232185.134   232487.134   232537.134
   880:   232625.134   232694.134   232817.134   232977.134   233275.134
   885:   233395.134   233465.134   233516.134   233566.134   233612.134
   890:   233752.134   233801.134   235166.824   235166.920   236666.910
   895:   236668.612   238068.622   238069.812   238505.132   238744.132
   900:   238855.132   239101.132   239234.132   239367.132   239418.132
   905:   239501.132   239540.132   239684.132   239772.132   239889.132
   910:   239953.132   240004.132   240049.132   240145.132   240189.132
   915:   240245.132   240299.132   240463.132   240584.132   240635.132
   920:   240682.132   240904.132   241028.132   241118.132   241230.132
   925:   241669.822   241669.920   243169.910   243171.612   244571.622
   930:   244572.712   245108.122   245219.122   245348.122   245426.122
   935:   245511.122   245674.122   245772.122   246290.722   246290.920
   940:   246290.901   246290.092   246590.902   248090.910   248092.612
   945:   249492.622   249493.812   250015.132   250097.132   250247.132
   950:   250332.132   250456.132   250620.132   250739.132   250822.132
   955:   250911.132   250956.132   251129.132   251270.132   251320.132
   960:   251360.132   251410.132   251517.132   251646.132   251743.132
   965:   251803.132   251884.132   253093.822   253093.920   254593.910
   970:   254595.612   255995.622   255996.712   256883.122   257034.122
   975:   257124.122   257257.122   257362.122   257473.722   257473.920
   980:   257473.901   257473.092   257773.902   259273.910   259275.612
   985:   260675.622   260676.712   261475.122   261771.122   261925.122
   990:   262079.722   262079.920   262079.901   262079.092   262379.902
   995:   263879.910   263881.613   265831.623   265832.713   266481.123
  1000:   266594.123   266703.123   266811.123   266885.123   266966.123
  1005:   267159.123   267319.123   267411.123   267531.123   267614.123
  1010:   267781.123   267985.723   267985.920   267985.901   267985.093
  1015:   268285.902   269785.910   269787.614   272537.624   272538.714
  1020:   274368.124   274479.124   274619.124   274796.124   274944.124
  1025:   275093.124   275243.124   275408.724   275408.920   275408.901
  1030:   275408.094   275708.902   277208.910   277210.612   278610.622
  1035:   278611.812   279048.132   279233.132   279310.132   279420.132
  1040:   279570.132   279651.132   279733.132   279894.132   280016.132
  1045:   280051.132   280336.132   280470.132   280567.132   280663.132
  1050:   280881.132   280927.132   281066.132   281202.132   281323.132
  1055:   281441.132   281508.132   281786.132   281913.132   281984.132
  1060:   282211.822   282211.920   283711.910   283713.613   285663.623
  1065:   285664.713   286445.123   286520.123   286651.123   286686.123
  1070:   286829.123   287025.123   287102.123   287201.123   287455.123
  1075:   287748.723   287748.920   287748.901   287748.093   288048.902
  1080:   289548.910   289550.613   291500.623   291501.713   292197.123
  1085:   292320.123   292450.123   292559.123   292705.123   293006.123
  1090:   293050.123   293138.123   293184.123   293334.123   293456.723
  1095:   293456.920   293456.901   293456.093   293756.902   295256.910
  1100:   295258.614   298008.624   298009.714   299043.124   299373.124
  1105:   299448.124   299662.124   299832.124   299955.124   300080.124
  1110:   300192.124   300486.124   300532.124   300577.124   300631.124
  1115:   300718.124   300798.724   300798.920   300798.901   300798.094
  1120:   301098.902   302598.910   302600.615   306450.625   306451.715
  1125:   309052.125   309199.125   309287.125   309430.125   309536.125
  1130:   309652.125   309802.125   309957.125   310120.125   310365.725
  1135:   310365.920   310365.901   310365.095   310665.902   312165.910
  1140:   312167.611   313167.621   313168.711   313807.121   313994.121
  1145:   314045.121   314200.721   314200.920   314200.901   314200.091
  1150:   314500.902   316000.910   316002.613   317952.623   317953.713
  1155:   318725.123   318834.123   318952.123   319060.123   319209.123
  1160:   319367.123   319416.123   319462.123   319551.123   319586.123
  1165:   319707.123   319841.123   320015.723   320015.920   320015.901
  1170:   320015.093   320315.902   321815.910   321817.614   324567.624
  1175:   324568.714   325677.124   325869.124   325986.124   326133.124
  1180:   326243.124   326431.124   326563.124   326749.124   327078.124
  1185:   327298.124   327347.724   327347.920   327347.901   327347.094
  1190:   327647.902   329147.910   329149.612   330549.622   330550.812
  1195:   331165.132   331278.132   331414.132   331528.132   331709.132
  1200:   331793.132   331950.132   332180.132   332231.132   332281.132
  1205:   332331.132   332627.132   332760.132   332943.132   333324.132
  1210:   333553.132   333626.132   333670.132   333716.132   333764.132
  1215:   333815.132   333907.132   333983.132   334150.822   334150.920
  1220:   334163.411   335650.910   335652.615   339502.625   339503.815
  1225:   341683.135   341863.135   341968.135   342008.135   342207.135
  1230:   342321.135   342470.135   342655.135   342850.135   342890.135
  1235:   343204.135   343297.135   343338.135   343390.135   343605.135
  1240:   343654.135   344067.135   344155.135   344258.135   344298.135
  1245:   344353.135   344468.135   344527.135   344571.135   344656.135
  1250:   344717.135   346124.135   346476.135   346518.135   346959.135
  1255:   347052.135   347144.135   347203.825   347203.920   348703.910
  1260:   348705.614   351455.624   351456.714   353083.124   353163.124
  1265:   353252.124   353691.124   353764.124   353861.124   353929.124
  1270:   354061.124   354196.124   354486.724   354486.920   354486.901
  1275:   354486.094   354786.902   356286.910   356288.613   358238.623
  1280:   358239.713   359511.123   359678.123   359784.123   360243.723
  1285:   360243.920   360243.901   360243.093   360543.902   362043.910
  1290:   362045.611   363045.621   363046.811   363485.131   363622.131
  1295:   363729.131   363846.131   364205.131   364278.131   364473.131
  1300:   364558.131   364635.131   364648.131   364869.131   364910.131
  1305:   365025.131   365103.131   365290.131   365404.131   365466.131
  1310:   365555.131   365645.131   365691.131   365745.131   365851.131
  1315:   365906.131   366064.131   366246.821   366246.920   367746.910
  1320:   367748.614   370498.624   370499.714   371971.124   372133.124
  1325:   372260.124   372464.124   372634.124   372718.124   372845.124
  1330:   372963.124   373085.124   373202.124   373504.724   373504.920
  1335:   373504.901   373504.094   373804.902   375304.910   375306.611
  1340:   376306.621   376307.711   376908.121   377011.121   377146.121
  1345:   377453.721   377453.920   377453.901   377453.091   377753.902
  1350:   379253.910   379255.613   381205.623   381206.713   382520.123
  1355:   382846.123   382978.123   383129.123   383282.723   383282.920
  1360:   383282.901   383282.093   383582.902   385082.910   385084.613
  1365:   387034.623   387035.813   387798.133   387875.133   387976.133
  1370:   388248.133   388501.133   388582.133   388684.133   388806.133
  1375:   388853.133   388890.133   389034.133   389080.133   389291.133
  1380:   389385.133   389664.133   389879.133   390146.133   390186.133
  1385:   390267.133   390406.133   390553.133   390869.133   391026.133
  1390:   391235.823   391235.920   392735.910   392737.613   394687.623
  1395:   394688.713   396325.123   396463.123   396561.123   396679.723
  1400:   396679.920   396679.901   396679.093   396979.902   398479.910
  1405:   398481.612   399881.622   399882.712   400714.122   400847.122
  1410:   400987.122   401072.122   401217.122   401447.722   401447.920
  1415:   401447.901   401447.092   401747.902   403247.910   403249.615
  1420:   407099.625   407100.715   409902.125   410229.125   410345.125
  1425:   410570.125   410764.125   410901.125   410986.725   410986.920
  1430:   410986.901   410986.095   411286.902   412786.910   412788.612
  1435:   414188.622   414189.712   414796.122   414998.122   415115.122
  1440:   415266.122   415364.122   415481.122   415560.122   415773.722
  1445:   415773.920   415773.901   415773.092   416073.902   417573.910
  1450:   417575.611   418575.621   418576.711   419180.121   419260.121
  1455:   419373.121   419499.121   419655.721   419655.920   419655.901
  1460:   419655.091   419955.902   421455.910   421457.613   423407.623
  1465:   423408.713   424128.123   424230.123   424371.123   424526.123
  1470:   424665.123   424787.123   425172.123   425539.723   425539.920
  1475:   425539.901   425539.093   425839.902   427339.910   427341.611
  1480:   428341.621   428342.711   428670.121   428819.121   428897.121
  1485:   429045.121   429300.121   429567.721   429567.920   429567.901
  1490:   429567.091   429867.902   431367.910   431369.611   432369.621
  1495:   432370.711   432674.121   432801.121   432876.121   432965.121
  1500:   433052.121   433127.121   433551.721   433551.920   433551.901
  1505:   433551.091   433851.902   435351.910   435353.613   437303.623
  1510:   437304.713   438536.123   438648.123   438763.123   438924.123
  1515:   439078.123   439214.123   439337.723   439337.920   439337.901
  1520:   439337.093   439637.902   441137.910   441139.615   444989.625
  1525:   444990.715   447054.125   447182.125   447373.125   447447.125
  1530:   447563.125   447721.125   447929.125   448074.125   448292.125
  1535:   448426.125   448617.125   448740.125   448905.725   448905.920
  1540:   448905.901   448905.095   449205.902   450705.910   450707.613
  1545:   452657.623   452658.713   453957.123   454066.123   454181.123
  1550:   454261.123   454364.123   454484.123   454621.723   454621.920
  1555:   454621.901   454621.093   454921.902   456421.910   456423.615
  1560:   460273.625   460274.815   462594.135   462791.135   463032.135
  1565:   463173.135   463380.135   463588.135   463743.135   463907.135
  1570:   464247.135   464369.135   464658.135   464746.135   464795.135
  1575:   464894.135   465016.135   465203.135   465433.135   465556.135
  1580:   465597.135   465710.135   465759.135   465900.135   465961.135
  1585:   466033.135   466097.135   466196.135   466315.135   466499.135
  1590:   466657.135   467956.135   467974.825   467974.920   469474.910
  1595:   469476.613   471426.623   471427.813   472670.133   472786.133
  1600:   472870.133   472971.133   473116.133   473199.133   473233.133
  1605:   473289.133   473443.133   473536.133   473695.133   473911.133
  1610:   473919.133   473992.133   474129.133   474174.133   474229.133
  1615:   474394.133   474668.133   474758.133   474799.133   475031.133
  1620:   475073.133   475165.133   475210.133   475297.133   475371.133
  1625:   475507.133   475627.823   475627.920   477127.910   477129.611
  1630:   478129.621   478130.711   478538.121   478686.121   478752.121
  1635:   479187.721   479187.920   479187.901   479187.091   479487.902
  1640:   480987.910   480989.614   483739.624   483740.714   485586.124
  1645:   485733.124   485820.124   485921.124   486076.124   486224.124
  1650:   486480.124   486786.724   486786.920   486786.901   486786.094
  1655:   487086.902   488586.910   488588.613   490538.623   490539.813
  1660:   490720.133   491354.133   491479.133   491594.133   491738.133
  1665:   491824.133   491975.133   492054.133   492221.133   492271.133
  1670:   492517.133   492615.133   492660.133   492936.133   492982.133
  1675:   493470.133   493520.133   493772.133   493896.133   493949.133
  1680:   493992.133   494094.133   494164.133   494739.823   494739.920
  1685:   496239.910   496241.611   497241.621   497242.711   497689.121
  1690:   497787.121   497975.121   498122.121   498368.721   498368.920
  1695:   498368.901   498368.091   498668.902   500168.910   500170.614
  1700:   502920.624   502921.814   504494.134   504596.134   504672.134
  1705:   504818.134   504937.134   505121.134   505762.134   505776.134
  1710:   505886.134   505970.134   506276.134   506363.134   506452.134
  1715:   506619.134   506716.134   506788.134   506991.134   507077.134
  1720:   507141.134   507215.134   507343.134   507461.134   507590.134
  1725:   507670.134   507764.134   508421.824   508421.920   509921.910
  1730:   509923.615   513773.625   513774.715   517615.125   517810.725
  1735:   517810.920   517810.901   517810.095   518110.902   519610.910
  1740:   519612.613   521562.623   521563.713   523041.123   523185.123
  1745:   523322.123   523523.723   523523.920   523523.901   523523.093
  1750:   523823.902   525323.910   525325.613   527275.623   527276.713
  1755:   528269.123   528392.123   528471.123   528609.123   528788.123
  1760:   528844.123   529030.123   529080.123   529385.723   529385.920
  1765:   529385.901   529385.093   529685.902   531185.910   531187.611
  1770:   532187.621   532188.711   532479.121   532803.121   533003.121
  1775:   533087.121   533211.721   533211.920   533211.901   533211.091
  1780:   533511.902   535011.910   535013.615   538863.625   538864.715
  1785:   541638.125   541835.125   541870.125   541980.125   542122.125
  1790:   542233.125   542406.125   542503.125   542752.725   542752.920
  1795:   542752.901   542752.095   543052.902   544552.910   544554.615
  1800:   548404.625   548405.815   550837.135   550944.135   551064.135
  1805:   551176.135   551263.135   551426.135   551636.135   551805.135
  1810:   551973.135   552134.135   552330.135   552573.135   552731.135
  1815:   552886.135   553164.135   553207.135   553377.135   553531.135
  1820:   553638.135   553737.135   553881.135   554173.135   554218.135
  1825:   555482.135   556105.825   556105.920   557605.910   557607.615
  1830:   561457.625   561458.815   563954.135   564110.135   564193.135
  1835:   564346.135   564474.135   564526.135   564685.135   564953.135
  1840:   565246.135   565411.135   565493.135   565529.135   565896.135
  1845:   565935.135   566099.135   566317.135   566466.135   566673.135
  1850:   566713.135   566758.135   566799.135   566842.135   566883.135
  1855:   566976.135   567086.135   567145.135   567187.135   567309.135
  1860:   567354.135   568912.135   569158.825   569158.920   570658.910
  1865:   570660.615   574510.625   574511.715   575381.125   575612.125
  1870:   575767.125   575922.125   576088.125   576236.125   576395.125
  1875:   576632.125   576695.125   576779.125   576820.125   577060.125
  1880:   577332.125   577421.125   577515.125   577527.125   577599.125
  1885:   577742.125   577785.125   577952.125   578078.125   578235.125
  1890:   578280.125   578382.725   578382.920   578382.901   578382.095
  1895:   578682.902   580182.910   580184.614   582934.624   582935.714
  1900:   583927.124   584369.124   584553.124   584968.124   585154.124
  1905:   585401.124   585497.124   585605.124   585737.724   585737.920
  1910:   585737.901   585737.094   586037.902   587537.910   587539.614
  1915:   590289.624   590290.714   591519.124   591660.124   591762.124
  1920:   591896.124   592197.124   592303.124   592428.124   592577.124
  1925:   592616.124   592864.124   593123.724   593123.920   593123.901
  1930:   593123.094   593423.902   594923.910   594925.615   598775.625
  1935:   598776.715   600692.125   600807.125   600991.125   601121.125
  1940:   601220.125   601357.125   601574.125   601687.125   601734.125
  1945:   601925.125   602041.125   602080.125   602299.125   602666.725
  1950:   602666.920   602666.901   602666.095   602966.902   604466.910
  1955:   604468.614   607218.624   607219.714   609049.124   609188.124
  1960:   609328.124   609430.124   609525.124   609626.124   610103.724
  1965:   610103.920   610103.901   610103.094   610403.902   611903.910
  1970:   611905.615   615755.625   615756.715   617624.125   617763.125
  1975:   617885.125   617981.125   618304.125   618516.125   618674.125
  1980:   619000.125   619078.125   619120.125   619345.125   619561.125
  1985:   619605.125   619759.725   619759.920   619759.901   619759.095
  1990:   620059.902   621559.910   621561.613   623511.623   623512.713
  1995:   624439.123   624611.123   624822.123   624953.123   625076.123
  2000:   625211.123   625319.123   625583.723   625583.920   625583.901
  2005:   625583.093   625883.902   627383.910   627385.614   630135.624
  2010:   630136.714   630852.124   630976.124   631117.124   631328.124
  2015:   631358.124   631438.124   631558.124   631693.124   631776.124
  2020:   631922.124   632141.124   632356.124   632614.124   632848.124
  2025:   633163.724   633163.920   633163.901   633163.094   633463.902
  2030:   634963.910   634965.612   636365.622   636366.712   636924.122
  2035:   637026.122   637076.122   637105.122   637202.122   637549.122
  2040:   637603.122   637735.122   637851.722   637851.920   637851.901
  2045:   637851.092   638151.902   639651.910   639653.611   640653.621
  2050:   640654.711   640774.121   641110.121   641187.121   641352.121
  2055:   641444.121   641546.121   641685.721   641685.920   641685.901
  2060:   641685.091   641985.902   643485.910   643487.611   644487.621
  2065:   644488.711   644638.121   644711.121   644923.121   645000.121
  2070:   645087.121   645159.121   645230.121   645282.121   645398.121
  2075:   645487.121   645942.721   645942.920   645942.901   645942.091
  2080:   646242.902   647742.910   647744.611   648744.621   648745.711
  2085:   649082.121   649213.121   649323.121   649478.121   649596.121
  2090:   649752.721   649752.920   649752.901   649752.091   650052.902
  2095:   651552.910   651554.614   654304.624   654305.814   654489.134
  2100:   654871.134   655051.134   655238.134   655344.134   655466.134
  2105:   655558.134   655593.134   655681.134   655924.134   656199.134
  2110:   656427.134   656600.134   656706.134   656974.134   657136.134
  2115:   657254.134   657623.134   657757.134   657801.134   657852.134
  2120:   657903.134   657946.134   657987.134   658026.134   658068.134
  2125:   658145.134   658191.134   658249.134   658289.134   658374.134
  2130:   658418.134   658589.134   658691.134   658791.134   658850.134
  2135:   658905.134   658952.134   659057.134   659129.134   659249.134
  2140:   659347.134   659490.134   659569.134   659645.134   659698.134
  2145:   659805.824   659805.920   661305.910   661307.615   665157.625
  2150:   665158.715   666455.125   666629.125   666753.125   666872.125
  2155:   666993.125   667143.125   667411.125   667507.125   668035.125
  2160:   668082.125   668214.125   668305.125   668447.125   668486.125
  2165:   668669.125   668719.125   668764.125   668925.125   669113.725
  2170:   669113.920   669113.901   669113.095   669413.902   670913.910
  2175:   670915.612   672315.622   672316.712   672743.122   672915.122
  2180:   673023.122   673060.122   673193.122   673305.122   673344.122
  2185:   673383.122   673502.122   673821.722   673821.920   673821.901
  2190:   673821.092   674121.902   675621.910   675623.612   677023.622
  2195:   677024.712   677406.122   677679.122   677817.122   677941.122
  2200:   677986.122   678135.122   678169.122   678255.122   678464.722
  2205:   678464.920   678464.901   678464.092   678764.902   680264.910
  2210:   680266.613   682216.623   682217.713   683377.123   683473.123
  2215:   683581.123   683681.123   683789.123   683824.123   683924.123
  2220:   684190.723   684190.920   684190.901   684190.093   684490.902
  2225:   684490.902   684490.005   684490.006   684490.007   684490.020
  2230:   
D:
     0:        0.000        0.000        0.000        0.000        0.000
     5:        0.000        0.000        0.000        0.000        0.000
    10:        0.000        0.000        0.000        0.000        0.000
    15:        0.000        0.000        0.000        0.000        0.000
    20:        0.000        0.000        0.000        0.000        0.000
    25:        0.000        1.000        0.000        0.000        0.000
    30:        0.000        0.000        0.000        0.000        0.000
    35:        0.000
F:
     0:       10.000       14.000       19.500       27.500       38.500
     5:       10.000       14.000       19.500       27.500       38.500
    10:       10.000       14.000       19.500       27.500       38.500
    15:       20.000       28.000       39.000       55.000       77.000
    20:       20.000       28.000       39.000       55.000       77.000
    25:       20.000       28.000       39.000       55.000       77.000
    30:       10.000       14.000       19.500       27.500       38.500
    35:       10.000       14.000       19.500       27.500       38.500
    40:       10.000       14.000       19.500       27.500       38.500
    45:       10.000       14.000       19.500       27.500       38.500
    50:       10.000       14.000       19.500       27.500       38.500
    55:       10.000       14.000       19.500       27.500       38.500
    60:       10.000       14.000       19.500       27.500       38.500
    65:       10.000       14.000       19.500       27.500       38.500
    70:       10.000       14.000       19.500       27.500       38.500
    75:       20.000       28.000       39.000       55.000       77.000
    80:       20.000       28.000       39.000       55.000       77.000
    85:       10.000       14.000       19.500       27.500       38.500
    90:       10.000       14.000       19.500       27.500       38.500
    95:       10.000       14.000       19.500       27.500       38.500
I:
     0:       75.000        0.000        0.000
M:
     0:       15.000       15.000       15.000       15.000       15.000
     5:        5.000        5.000        5.000        5.000        5.000
    10:      100.000
N:
     0:       20.000       20.000       20.000       20.000       20.000
     5:        0.000
Q:
     0:       15.000       15.000       15.000       15.000       15.000
     5:        0.000
V:
     0:        0.000        0.000        0.000        0.000        0.000
     5:      106.000      132.000      137.000      165.000      226.000
    10:      131.000      128.000      135.000      163.000      150.000
    15:        0.000
