File: C:\MED-PC IV\DATA\M_PEAK_A3P875


Start Date: 10/11/17
End Date: 10/11/17
Subject: P875
Experiment: IF-PICO
Group: 0
Box: 8
Start Time: 10:03:23
End Time: 12:04:20
MSN: Multiple_Peak
B:       0.000
C:       0.000
E:    5045.000
G:      19.500
H:    1950.000
J:       0.000
K:       0.000
L:       0.000
O:       0.000
P:       0.000
R:       0.000
S:       0.000
T:  725745.000
U:       0.000
W:       0.000
X:       0.000
Y:       0.000
Z:       0.000
A:
     0:        0.010      500.910      502.612     1902.622     1903.712
     5:     2237.122     2272.122     2312.122     2348.122     2379.122
    10:     2463.122     2489.122     2527.122     2569.122     2590.122
    15:     2628.122     2694.122     2724.122     2750.122     2784.122
    20:     2819.122     2847.122     2881.122     2912.122     2941.122
    25:     2972.122     3001.122     3035.122     3093.122     3116.122
    30:     3146.122     3171.122     3203.122     3258.122     3284.122
    35:     3317.722     3317.920     3317.901     3317.092     3617.902
    40:     5117.910     5119.611     6119.621     6120.711     7010.121
    45:     7045.121     7075.121     7106.121     7140.721     7140.920
    50:     7140.901     7140.091     7440.902     8940.910     8942.612
    55:    10342.622    10343.712    10731.122    10763.122    10796.122
    60:    10824.122    10861.122    10890.122    10924.122    10958.122
    65:    10993.122    11020.122    11054.122    11083.122    11116.122
    70:    11145.122    11178.122    11215.122    11246.122    11280.122
    75:    11308.122    11339.122    11376.122    11408.122    11438.122
    80:    11467.122    11498.122    11539.122    11567.122    11623.122
    85:    11656.122    11685.122    11718.122    11755.722    11755.920
    90:    11755.901    11755.092    12055.902    13555.910    13557.614
    95:    16307.624    16308.714    16630.124    16670.124    16708.124
   100:    16744.124    16779.124    16816.124    16861.124    16944.124
   105:    16975.124    17015.124    17053.124    17084.124    17117.124
   110:    17146.124    17183.124    17211.124    17241.124    17276.124
   115:    17304.124    17340.124    17373.124    17409.124    17442.124
   120:    17480.124    17513.124    17550.124    17582.124    17614.124
   125:    17646.124    17676.124    17711.124    17743.124    17819.124
   130:    17851.124    17882.124    17910.124    17943.124    17970.124
   135:    18001.124    18035.124    18074.124    18103.124    18135.124
   140:    18162.124    18225.124    18257.124    18285.124    18316.124
   145:    18346.124    18367.124    18403.124    18430.124    18458.124
   150:    18493.124    18517.124    18549.124    18578.124    18612.124
   155:    18639.124    18667.124    18703.124    18732.124    18760.124
   160:    18820.124    18852.124    18880.124    18914.124    18941.124
   165:    18971.124    19031.124    19063.724    19063.920    19063.901
   170:    19063.094    19363.902    20863.910    20865.611    21865.621
   175:    21866.811    21984.131    22018.131    22051.131    22084.131
   180:    22118.131    22152.131    22186.131    22220.131    22255.131
   185:    22292.131    22327.131    22365.131    22399.131    22434.131
   190:    22467.131    22502.131    22529.131    22564.131    22592.131
   195:    22659.131    22700.131    22730.131    22764.131    22792.131
   200:    22823.131    22855.131    22889.131    22919.131    22954.131
   205:    22982.131    23014.131    23050.131    23114.131    23143.131
   210:    23174.131    23210.131    23239.131    23271.131    23299.131
   215:    23334.131    23361.131    23394.131    23424.131    23460.131
   220:    23488.131    23515.131    23552.131    23579.131    23598.131
   225:    23637.131    23668.131    23697.131    23731.131    23762.131
   230:    23800.131    23832.131    23869.131    23897.131    23931.131
   235:    23961.131    23997.131    24029.131    24062.131    24089.131
   240:    24124.131    24152.131    24187.131    24215.131    24250.131
   245:    24280.131    24315.131    24344.131    24409.131    24444.131
   250:    24472.131    24506.131    24538.131    24574.131    24600.131
   255:    24637.131    24664.131    24702.131    24771.131    24800.131
   260:    24834.131    24862.131    24897.131    24927.131    24965.131
   265:    24994.131    25030.131    25066.821    25066.920    26566.910
   270:    26568.613    28518.623    28519.713    28675.123    28707.123
   275:    28740.123    28772.123    28839.123    28871.123    28946.123
   280:    29015.123    29044.123    29071.123    29104.123    29138.123
   285:    29164.123    29197.123    29225.123    29259.123    29289.123
   290:    29320.123    29386.123    29416.123    29445.123    29548.123
   295:    29578.123    29611.123    29638.123    29667.123    29696.123
   300:    29727.123    29758.123    29826.123    29857.123    29886.123
   305:    29910.123    29947.123    29974.123    30002.123    30068.123
   310:    30159.123    30189.123    30221.123    30253.123    30312.123
   315:    30331.123    30368.123    30396.123    30426.123    30460.123
   320:    30488.723    30488.920    30488.901    30488.093    30788.902
   325:    32288.910    32290.611    33290.621    33291.711    33583.121
   330:    33777.121    33809.121    33842.121    33872.121    33904.121
   335:    33936.121    33962.121    33994.121    34060.121    34089.121
   340:    34125.121    34155.121    34185.121    34220.121    34253.121
   345:    34284.121    34316.721    34316.920    34316.901    34316.091
   350:    34616.902    36116.910    36118.611    37118.621    37119.711
   355:    37277.121    37312.121    37346.121    37376.121    37410.121
   360:    37441.121    37474.121    37502.121    37537.121    37563.121
   365:    37594.121    37622.121    37651.121    37679.121    37713.121
   370:    37741.121    37772.121    37800.121    37832.121    37860.121
   375:    37892.121    37927.121    37955.121    37986.121    38016.121
   380:    38049.121    38077.121    38108.121    38134.721    38134.920
   385:    38134.901    38134.091    38434.902    39934.910    39936.615
   390:    43786.625    43787.715    44548.125    44580.125    44610.125
   395:    44643.125    44706.125    44739.125    44772.125    44799.125
   400:    44830.125    44892.125    44926.125    44986.125    45017.125
   405:    45043.125    45071.125    45101.125    45132.125    45159.125
   410:    45192.125    45287.125    45317.125    45345.125    45375.125
   415:    45402.125    45433.125    45466.125    45496.125    45556.125
   420:    45588.125    45619.125    45651.125    45681.125    45711.125
   425:    45743.125    45772.125    45809.125    45841.125    45870.125
   430:    45904.125    45933.125    45961.125    45992.125    46026.125
   435:    46064.125    46094.125    46123.125    46153.125    46183.125
   440:    46242.125    46276.125    46308.125    46339.125    46375.125
   445:    46407.125    46436.125    46497.125    46531.125    46560.125
   450:    46586.125    46630.125    46658.125    46692.125    46722.125
   455:    46754.125    46782.125    46805.125    46841.125    46871.125
   460:    46905.125    47009.125    47031.125    47070.125    47102.125
   465:    47136.125    47163.125    47198.125    47226.125    47255.125
   470:    47286.125    47321.125    47347.125    47375.125    47412.125
   475:    47442.125    47477.125    47512.125    47543.125    47610.125
   480:    47645.725    47645.920    47645.901    47645.095    47945.902
   485:    49445.910    49447.613    51397.623    51398.813    51578.133
   490:    51610.133    51645.133    51678.133    51712.133    51839.133
   495:    51869.133    51905.133    51940.133    51972.133    52008.133
   500:    52040.133    52071.133    52107.133    52141.133    52175.133
   505:    52206.133    52261.133    52288.133    52360.133    52390.133
   510:    52424.133    52456.133    52489.133    52524.133    52554.133
   515:    52585.133    52615.133    52643.133    52675.133    52744.133
   520:    52771.133    52801.133    52857.133    52892.133    52926.133
   525:    52954.133    52983.133    53016.133    53045.133    53074.133
   530:    53107.133    53137.133    53169.133    53198.133    53265.133
   535:    53295.133    53324.133    53354.133    53385.133    53416.133
   540:    53447.133    53512.133    53541.133    53575.133    53605.133
   545:    53635.133    53672.133    53727.133    53766.133    53796.133
   550:    53826.133    53891.133    53946.133    53979.133    54005.133
   555:    54038.133    54068.133    54102.133    54132.133    54165.133
   560:    54192.133    54221.133    54254.133    54283.133    54316.133
   565:    54344.133    54376.133    54408.133    54440.133    54472.133
   570:    54503.133    54535.133    54565.133    54602.133    54632.133
   575:    54663.133    54690.133    54724.133    54753.133    54786.133
   580:    54819.133    54850.133    54872.133    54906.133    54932.133
   585:    54993.133    55028.133    55059.133    55094.133    55124.133
   590:    55156.133    55220.133    55255.133    55289.133    55318.133
   595:    55355.133    55383.133    55420.133    55450.133    55488.133
   600:    55549.133    55582.133    55598.823    55598.920    57098.910
   605:    57100.614    59850.624    59851.714    63890.724    63890.920
   610:    63890.901    63890.094    64190.902    65690.910    65692.615
   615:    69542.625    69543.715    70398.125    70666.125    70703.125
   620:    70739.125    70768.125    70804.125    70834.125    70864.125
   625:    70896.125    70926.125    70955.125    70987.125    71018.125
   630:    71051.125    71084.125    71112.125    71147.125    71180.125
   635:    71216.125    71250.125    71281.125    71315.125    71344.125
   640:    71380.125    71409.125    71442.125    71472.125    71507.125
   645:    71539.125    71571.125    71606.125    71637.125    71670.125
   650:    71699.125    71760.125    71793.125    71828.125    71858.125
   655:    71889.125    71921.125    71955.125    71986.125    72024.125
   660:    72085.125    72117.125    72149.125    72186.125    72222.125
   665:    72253.125    72285.125    72318.125    72376.125    72408.125
   670:    72441.125    72503.125    72533.125    72562.125    72595.125
   675:    72627.125    72660.125    72708.125    72778.125    72808.125
   680:    72836.125    72876.125    72903.125    72937.125    72968.125
   685:    73001.125    73037.125    73066.125    73103.125    73135.125
   690:    73170.125    73198.125    73233.125    73261.125    73300.125
   695:    73335.125    73376.125    73409.725    73409.920    73409.901
   700:    73409.095    73709.902    75209.910    75211.611    76211.621
   705:    76212.711    76386.121    76426.121    76462.121    76499.121
   710:    76533.121    76566.121    76600.121    76633.121    76669.121
   715:    76705.121    76739.121    76777.121    76812.121    76848.121
   720:    76881.121    76917.121    76952.121    76997.121    77030.121
   725:    77058.121    77100.121    77131.121    77167.121    77200.121
   730:    77237.721    77237.920    77237.901    77237.091    77537.902
   735:    79037.910    79039.612    80439.622    80440.712    80696.122
   740:    80731.122    80769.122    80807.122    80848.122    80885.122
   745:    80916.122    80948.122    80983.122    81018.122    81057.122
   750:    81090.122    81122.122    81155.122    81190.122    81225.122
   755:    81262.122    81295.122    81329.122    81372.122    81406.122
   760:    81440.122    81477.122    81511.122    81541.122    81581.122
   765:    81616.122    81652.122    81689.122    81725.122    81763.122
   770:    81797.122    81830.122    81870.722    81870.920    81870.901
   775:    81870.092    82170.902    83670.910    83672.611    84672.621
   780:    84673.711    84982.121    85020.121    85056.121    85094.121
   785:    85130.121    85167.121    85199.121    85232.121    85264.121
   790:    85296.121    85338.121    85373.121    85408.121    85439.121
   795:    85477.121    85512.121    85550.121    85589.121    85623.121
   800:    85655.121    85697.721    85697.920    85697.901    85697.091
   805:    85997.902    87497.910    87499.613    89449.623    89450.713
   810:    89651.123    89695.123    89733.123    89771.123    89810.123
   815:    89848.123    89924.123    89963.123    90007.123    90046.123
   820:    90082.123    90113.123    90151.123    90184.123    90229.123
   825:    90268.123    90298.123    90332.123    90361.123    90393.123
   830:    90424.123    90457.123    90489.123    90521.123    90557.123
   835:    90589.123    90625.123    90658.123    90691.123    90729.123
   840:    90764.123    90797.123    90834.123    90866.123    90903.123
   845:    90935.123    90972.123    91004.123    91038.123    91069.123
   850:    91102.123    91142.123    91175.123    91211.123    91256.123
   855:    91289.123    91323.123    91358.123    91395.123    91427.723
   860:    91427.920    91427.901    91427.093    91727.902    93227.910
   865:    93229.612    94629.622    94630.712    95078.122    95111.122
   870:    95144.122    95177.122    95215.122    95253.122    95289.122
   875:    95332.122    95372.122    95407.122    95446.122    95482.122
   880:    95513.122    95545.122    95579.122    95612.122    95644.122
   885:    95675.122    95708.122    95738.122    95775.122    95815.122
   890:    95849.122    95886.122    95920.122    95954.122    95992.122
   895:    96028.122    96063.722    96063.920    96063.901    96063.092
   900:    96363.902    97863.910    97865.614   100615.624   100616.714
   905:   101369.124   101440.124   101477.124   101510.124   101567.124
   910:   101606.124   101647.124   101683.124   101905.124   101942.124
   915:   101979.124   102013.124   102049.124   102154.124   102198.124
   920:   102234.124   102268.124   102297.124   102335.124   102366.124
   925:   102400.124   102433.124   102473.124   102505.124   102547.124
   930:   102579.124   102613.124   102648.124   102677.124   102714.124
   935:   102746.124   102771.124   102809.124   102842.124   102875.124
   940:   102910.124   102945.124   102980.124   103014.124   103053.124
   945:   103086.124   103120.124   103162.124   103194.124   103231.124
   950:   103265.124   103303.124   103329.124   103364.124   103399.724
   955:   103399.920   103399.901   103399.094   103699.902   105199.910
   960:   105201.615   109051.625   109052.715   109507.125   109544.125
   965:   109579.125   109621.125   109796.125   109832.125   109868.125
   970:   109902.125   109938.125   109973.125   110008.125   110039.125
   975:   110072.125   110102.125   110136.125   110168.125   110202.125
   980:   110239.125   110271.125   110305.125   110340.125   110371.125
   985:   110406.125   110442.125   110478.125   110512.125   110544.125
   990:   110578.125   110612.125   110646.125   110681.125   110720.125
   995:   110754.125   110796.125   110829.125   110869.125   110899.125
  1000:   110934.125   110968.125   111003.125   111035.125   111070.125
  1005:   111103.125   111136.125   111176.125   111208.125   111243.125
  1010:   111282.125   111316.125   111352.125   111383.125   111419.125
  1015:   111452.125   111492.125   111524.125   111557.125   111592.125
  1020:   111624.125   111658.125   111698.125   111730.125   111771.125
  1025:   111806.125   111849.125   111885.125   111922.125   111952.125
  1030:   111990.125   112024.125   112045.125   112084.125   112119.125
  1035:   112156.125   112190.125   112230.125   112253.125   112291.125
  1040:   112323.125   112346.125   112384.125   112405.125   112443.125
  1045:   112500.125   112536.125   112566.125   112607.125   112637.125
  1050:   112676.125   112708.125   112747.125   112781.125   112820.125
  1055:   112852.125   112891.125   112926.725   112926.920   112926.901
  1060:   112926.095   113226.902   114726.910   114728.612   116128.622
  1065:   116129.712   116635.122   116763.122   116807.122   116844.122
  1070:   116881.122   116924.122   116959.122   117000.122   117037.122
  1075:   117069.122   117103.122   117137.122   117171.122   117202.122
  1080:   117238.122   117276.122   117312.122   117346.122   117383.122
  1085:   117416.122   117452.122   117485.122   117518.122   117551.722
  1090:   117551.920   117551.901   117551.092   117851.902   119351.910
  1095:   119353.611   120353.621   120354.711   121223.121   121257.121
  1100:   121292.121   121333.121   121368.721   121368.920   121368.901
  1105:   121368.091   121668.902   123168.910   123170.612   124570.622
  1110:   124571.712   124759.122   124796.122   124838.122   124872.122
  1115:   124908.122   124942.122   124972.122   125010.122   125039.122
  1120:   125071.122   125110.122   125141.122   125177.122   125209.122
  1125:   125242.122   125276.122   125306.122   125342.122   125374.122
  1130:   125409.122   125443.122   125477.122   125514.122   125550.122
  1135:   125586.122   125617.122   125653.122   125688.122   125723.122
  1140:   125764.122   125798.122   125836.122   125868.122   125899.122
  1145:   125940.122   125974.722   125974.920   125974.901   125974.092
  1150:   126274.902   127774.910   127776.613   129726.623   129727.713
  1155:   130011.123   130046.123   130083.123   130123.123   130160.123
  1160:   130195.123   130234.123   130271.123   130304.123   130342.123
  1165:   130376.123   130425.123   130459.123   130501.123   130542.123
  1170:   130577.123   130611.123   130646.123   130684.123   130724.123
  1175:   130759.123   130797.123   130836.123   130871.123   130907.123
  1180:   130943.123   130980.123   131018.123   131051.123   131088.123
  1185:   131120.123   131157.123   131186.123   131221.123   131257.123
  1190:   131296.123   131331.123   131369.123   131401.123   131440.123
  1195:   131478.123   131511.123   131546.123   131583.123   131623.123
  1200:   131656.123   131693.723   131693.920   131693.901   131693.093
  1205:   131993.902   133493.910   133495.615   137345.625   137346.715
  1210:   139599.125   139638.125   139718.125   139757.125   139796.125
  1215:   139838.125   139877.125   139912.125   139946.125   139980.125
  1220:   140017.125   140054.125   140094.125   140127.125   140165.125
  1225:   140206.125   140237.125   140274.125   140308.125   140344.125
  1230:   140387.125   140420.125   140457.125   140486.125   140523.125
  1235:   140558.125   140597.125   140632.125   140667.125   140703.125
  1240:   140746.125   140782.125   140817.125   140855.125   140890.125
  1245:   140926.125   140956.125   140993.125   141027.125   141066.125
  1250:   141099.125   141138.125   141170.125   141206.725   141206.920
  1255:   141206.901   141206.095   141506.902   143006.910   143008.613
  1260:   144958.623   144959.813   146104.133   146307.133   146367.133
  1265:   146455.133   146615.133   146722.133   146881.133   146913.133
  1270:   146949.133   146989.133   147024.133   147059.133   147094.133
  1275:   147130.133   147169.133   147201.133   147235.133   147269.133
  1280:   147305.133   147338.133   147371.133   147405.133   147442.133
  1285:   147473.133   147506.133   147542.133   147578.133   147612.133
  1290:   147644.133   147683.133   147715.133   147750.133   147793.133
  1295:   147825.133   147862.133   147892.133   147929.133   147961.133
  1300:   147996.133   148033.133   148071.133   148104.133   148142.133
  1305:   148173.133   148210.133   148243.133   148279.133   148311.133
  1310:   148344.133   148391.133   148427.133   148463.133   148496.133
  1315:   148534.133   148565.133   148600.133   148635.133   148673.133
  1320:   148705.133   148745.133   148777.133   148797.133   148837.133
  1325:   148877.133   148916.133   148946.133   148984.133   149004.133
  1330:   149045.133   149079.133   149115.133   149156.133   149159.823
  1335:   149159.920   150659.910   150661.613   152611.623   152612.713
  1340:   152896.123   152934.123   152974.123   153008.123   153044.123
  1345:   153080.123   153117.123   153159.123   153199.123   153242.123
  1350:   153275.123   153314.123   153349.123   153384.123   153421.123
  1355:   153456.123   153491.123   153525.123   153561.123   153597.123
  1360:   153631.123   153667.123   153710.123   153744.123   153781.123
  1365:   153816.123   153849.123   153885.123   153920.123   153960.123
  1370:   153991.123   154032.123   154064.123   154101.123   154135.123
  1375:   154194.123   154230.123   154271.123   154305.123   154343.123
  1380:   154375.123   154404.123   154444.123   154486.123   154519.123
  1385:   154545.123   154589.723   154589.920   154589.901   154589.093
  1390:   154889.902   156389.910   156391.611   157391.621   157392.711
  1395:   157610.121   157645.121   157680.121   157713.121   157748.121
  1400:   157784.121   157818.121   157856.121   157891.121   157927.121
  1405:   157964.121   157998.121   158034.121   158074.121   158109.121
  1410:   158148.121   158183.121   158216.121   158259.121   158292.121
  1415:   158329.121   158365.121   158403.721   158403.920   158403.901
  1420:   158403.091   158703.902   160203.910   160205.615   164055.625
  1425:   164056.715   166147.125   166186.125   166222.125   166261.125
  1430:   166296.125   166335.125   166377.125   166414.125   166462.125
  1435:   166499.125   166535.125   166566.125   166602.125   166637.125
  1440:   166680.125   166769.125   166797.125   166830.125   166865.125
  1445:   166899.125   166933.125   166964.125   167001.125   167036.125
  1450:   167077.125   167110.125   167148.125   167183.125   167217.125
  1455:   167257.125   167293.125   167325.125   167360.125   167396.125
  1460:   167434.125   167469.125   167507.125   167537.125   167571.125
  1465:   167609.125   167643.125   167679.125   167720.125   167757.125
  1470:   167792.125   167840.125   167861.125   167899.125   167934.725
  1475:   167934.920   167934.901   167934.095   168234.902   169734.910
  1480:   169736.615   173586.625   173587.715   174285.125   174894.125
  1485:   174932.125   174977.125   175023.125   175220.125   175250.125
  1490:   175286.125   175322.125   175358.125   175398.125   175484.125
  1495:   175520.125   175635.125   175682.125   175720.125   175753.125
  1500:   175793.125   175820.125   175897.125   175927.125   175964.125
  1505:   175997.125   176027.125   176065.125   176099.125   176133.125
  1510:   176173.125   176205.125   176241.125   176271.125   176308.125
  1515:   176339.125   176378.125   176408.125   176442.125   176476.125
  1520:   176510.125   176545.125   176581.125   176611.125   176646.125
  1525:   176678.125   176716.125   176752.125   176789.125   176823.125
  1530:   176859.125   176893.125   176932.125   176965.125   177002.125
  1535:   177039.125   177075.125   177107.125   177143.125   177183.125
  1540:   177217.125   177257.125   177290.125   177329.125   177361.125
  1545:   177396.125   177442.725   177442.920   177442.901   177442.095
  1550:   177742.902   179242.910   179244.611   180244.621   180245.711
  1555:   180394.121   180433.121   180473.121   180506.121   180543.121
  1560:   180577.121   180611.121   180642.121   180679.121   180710.121
  1565:   180745.121   180777.121   180814.121   180849.121   180881.121
  1570:   180916.121   180950.121   180987.121   181020.121   181057.121
  1575:   181089.121   181126.121   181159.121   181195.121   181228.121
  1580:   181264.721   181264.920   181264.901   181264.091   181564.902
  1585:   183064.910   183066.612   184466.622   184467.712   184634.122
  1590:   184668.122   184700.122   184743.122   184783.122   184818.122
  1595:   184854.122   184893.122   184923.122   184955.122   184985.122
  1600:   185018.122   185055.122   185088.122   185126.122   185163.122
  1605:   185199.122   185231.122   185266.122   185299.122   185333.122
  1610:   185365.122   185401.122   185433.122   185470.122   185502.122
  1615:   185535.122   185572.122   185602.122   185636.122   185671.122
  1620:   185704.122   185738.122   185779.122   185814.122   185851.122
  1625:   185881.722   185881.920   185881.901   185881.092   186181.902
  1630:   187681.910   187683.615   191533.625   191534.815   192088.135
  1635:   192126.135   192159.135   192200.135   192239.135   192279.135
  1640:   192314.135   192474.135   192510.135   192540.135   192573.135
  1645:   192614.135   192648.135   192684.135   192723.135   192754.135
  1650:   192791.135   192822.135   192858.135   192889.135   192924.135
  1655:   192955.135   192987.135   193019.135   193054.135   193088.135
  1660:   193123.135   193159.135   193193.135   193229.135   193265.135
  1665:   193310.135   193343.135   193381.135   193413.135   193454.135
  1670:   193488.135   193525.135   193542.135   193581.135   193616.135
  1675:   193653.135   193687.135   193725.135   193758.135   193793.135
  1680:   193829.135   193862.135   193898.135   193933.135   193968.135
  1685:   194009.135   194043.135   194081.135   194118.135   194152.135
  1690:   194190.135   194222.135   194257.135   194303.135   194336.135
  1695:   194376.135   194410.135   194463.135   194489.135   194534.135
  1700:   194569.135   194608.135   194645.135   194679.135   194715.135
  1705:   194770.135   194805.135   194837.135   194872.135   194913.135
  1710:   194947.135   194987.135   195019.135   195057.135   195151.135
  1715:   195181.135   195212.135   195252.135   195290.135   195330.135
  1720:   195367.135   195397.135   195443.135   195479.135   195513.135
  1725:   195552.135   195566.135   195659.135   195678.135   195724.135
  1730:   195780.135   195902.135   196012.135   196059.135   196213.135
  1735:   196452.135   196489.135   196580.135   196609.135   196723.135
  1740:   196752.135   196788.135   196820.135   196858.135   196893.135
  1745:   197031.135   197064.135   199234.825   199234.920   200734.910
  1750:   200736.614   203486.624   203487.714   203759.124   203795.124
  1755:   203829.124   203903.124   203941.124   203978.124   204020.124
  1760:   204052.124   204083.124   204116.124   204151.124   204193.124
  1765:   204231.124   204268.124   204302.124   204336.124   204374.124
  1770:   204412.124   204446.124   204480.124   204512.124   204550.124
  1775:   204584.124   204620.124   204655.124   204695.124   204728.124
  1780:   204764.124   204797.124   204830.124   204862.124   204898.124
  1785:   204929.124   204965.124   205000.124   205034.124   205068.124
  1790:   205102.124   205136.124   205171.124   205211.124   205245.124
  1795:   205282.124   205313.124   205349.124   205382.124   205416.124
  1800:   205449.124   205487.124   205521.124   205560.124   205593.124
  1805:   205630.124   205663.124   205699.124   205714.124   205756.124
  1810:   205787.124   205813.124   205849.124   205881.124   205918.124
  1815:   205943.124   205981.124   206015.124   206052.124   206083.124
  1820:   206118.124   206182.124   206222.124   206255.724   206255.920
  1825:   206255.901   206255.094   206555.902   208055.910   208057.615
  1830:   209899.115   209947.115   209983.115   210035.115   210058.115
  1835:   210088.115   210137.115   210147.115   210210.115   210220.115
  1840:   210248.115   210306.115   210317.115   210357.115   210396.115
  1845:   210432.115   210481.115   210543.115   210585.115   210622.115
  1850:   210664.115   210697.115   210717.115   210750.115   210786.115
  1855:   210826.115   210871.115   211010.115   211040.115   211084.115
  1860:   211095.115   211146.115   211178.115   211217.115   211258.115
  1865:   211294.115   211310.115   211340.115   211397.115   211432.115
  1870:   211467.115   211510.115   211545.115   211589.115   211631.115
  1875:   211666.115   211686.115   211737.115   211781.115   211817.115
  1880:   211903.115   211907.625   211908.815   211914.315   211986.315
  1885:   212285.135   212465.135   212521.135   212558.135   212597.135
  1890:   212637.135   212672.135   212711.135   212745.135   212781.135
  1895:   212814.135   212849.135   212883.135   212921.135   212951.135
  1900:   212988.135   213017.135   213053.135   213086.135   213122.135
  1905:   213153.135   213189.135   213221.135   213257.135   213289.135
  1910:   213326.135   213356.135   213396.135   213432.135   213471.135
  1915:   213503.135   213538.135   213573.135   213609.135   213644.135
  1920:   213683.135   213699.135   213739.135   213775.135   213808.135
  1925:   213846.135   213861.135   213910.135   213945.135   213984.135
  1930:   214040.135   214080.135   214121.135   214152.135   214189.135
  1935:   214227.135   214258.135   214301.135   214343.135   214447.135
  1940:   214489.135   214540.135   214666.135   214717.135   214751.135
  1945:   214779.135   214909.135   214982.135   215091.135   216973.135
  1950:   216985.135   217021.135   217059.135   217098.135   217329.135
  1955:   217381.135   217420.135   217490.135   217558.135   217601.135
  1960:   217721.135   217737.135   217848.135   217942.135   217981.135
  1965:   218025.135   218124.135   218255.135   218360.135   218490.135
  1970:   218615.135   219161.135   219195.135   219434.135   219574.135
  1975:   219586.135   219608.825   219608.920   221108.910   221110.611
  1980:   222110.621   222111.711   241776.721   241776.920   241776.901
  1985:   241776.091   242076.902   243576.910   243578.615   247428.625
  1990:   247429.815   247681.135   247716.135   247749.135   247789.135
  1995:   247826.135   247869.135   247904.135   248038.135   248122.135
  2000:   248160.135   248199.135   248235.135   248269.135   248306.135
  2005:   248340.135   248379.135   248416.135   248449.135   248489.135
  2010:   248527.135   248562.135   248600.135   248643.135   248714.135
  2015:   248869.135   248903.135   248946.135   248981.135   249020.135
  2020:   249059.135   249102.135   249144.135   249199.135   249234.135
  2025:   249380.135   249480.135   249522.135   249646.135   249715.135
  2030:   249759.135   249802.135   249844.135   249914.135   250106.135
  2035:   250168.135   250372.135   250423.135   250629.135   252157.135
  2040:   252309.135   252775.135   252947.135   252993.135   253147.135
  2045:   253194.135   253225.135   253392.135   253711.135   253761.135
  2050:   253797.135   253904.135   253935.135   254014.135   254115.135
  2055:   254244.135   255129.825   255129.920   256629.910   256631.613
  2060:   258581.623   258582.713   279102.723   279102.920   279102.901
  2065:   279102.093   279402.902   280902.910   280904.614   283654.624
  2070:   283655.714   283994.124   284006.124   284039.124   284055.124
  2075:   284095.124   284302.124   284339.124   284375.124   284414.124
  2080:   284456.124   284487.124   284520.124   284561.124   284595.124
  2085:   284634.124   284671.124   284709.124   284737.124   284768.124
  2090:   284802.124   284835.124   284875.124   284905.124   284970.124
  2095:   285002.124   285032.124   285071.124   285101.124   285135.124
  2100:   285168.124   285201.124   285229.124   285264.124   285303.124
  2105:   285336.124   285365.124   285401.124   285431.124   285465.124
  2110:   285496.124   285531.124   285558.124   285594.124   285621.124
  2115:   285655.124   285689.124   285718.124   285756.124   285784.124
  2120:   285820.124   285851.124   285903.124   285943.124   285979.124
  2125:   286014.124   286046.124   286078.124   286125.124   286276.124
  2130:   286340.124   286457.724   286457.920   286457.901   286457.094
  2135:   286757.902   288257.910   288259.615   292109.625   292110.715
  2140:   293230.125   293262.125   293868.125   293902.125   293968.125
  2145:   293997.125   294032.125   294148.125   294180.125   294221.125
  2150:   294259.125   294298.125   294333.125   294366.125   294427.125
  2155:   294457.125   294521.125   294553.125   294584.125   294614.125
  2160:   294646.125   294679.125   294717.125   294746.125   294778.125
  2165:   294810.125   294841.125   294875.125   294906.125   294939.125
  2170:   294977.125   295019.125   295053.125   295135.125   295169.125
  2175:   295202.125   295237.125   295272.125   295310.125   295338.125
  2180:   295374.125   295439.125   295471.125   295525.125   295595.125
  2185:   295629.125   295666.125   295697.125   295730.125   295767.125
  2190:   295796.125   295830.125   295892.125   295928.125   295955.125
  2195:   295988.725   295988.920   295988.901   295988.095   296288.902
  2200:   297788.910   297790.611   298790.621   298791.711   298947.121
  2205:   298984.121   299018.121   299051.121   299086.121   299152.121
  2210:   299187.121   299223.121   299255.121   299289.121   299320.121
  2215:   299354.121   299386.121   299453.121   299489.121   299520.121
  2220:   299556.121   299586.121   299632.121   299665.121   299701.121
  2225:   299731.121   299765.121   299805.721   299805.920   299805.901
  2230:   299805.091   300105.902   301605.910   301607.614   304357.624
  2235:   304358.714   305414.124   305488.124   305746.124   305780.124
  2240:   305818.124   305853.124   305887.124   306232.124   306244.124
  2245:   306284.124   306323.124   306353.124   306386.124   306417.124
  2250:   306485.124   306518.124   306552.124   306585.124   306654.124
  2255:   306687.124   306722.124   306755.124   306785.124   306820.124
  2260:   306851.124   306883.124   306913.124   306949.124   306980.124
  2265:   307012.124   307050.124   307081.124   307115.724   307115.920
  2270:   307115.901   307115.094   307415.902   308915.910   308917.615
  2275:   312767.625   312768.715   313099.125   313134.125   313319.125
  2280:   313329.125   313476.125   313738.125   313750.125   314227.125
  2285:   314239.125   314665.125   314890.125   315194.125   315368.125
  2290:   315409.125   315447.125   315485.125   315524.125   315563.125
  2295:   315794.125   315835.125   316076.125   316229.125   316561.125
  2300:   316571.125   316613.125   317843.725   317843.920   317843.901
  2305:   317843.095   318143.902   319643.910   319645.612   321045.622
  2310:   321046.712   321242.122   321309.122   321379.122   321412.122
  2315:   321445.122   321483.122   321519.122   321557.122   321598.122
  2320:   321632.122   321670.122   321751.122   321793.122   321820.122
  2325:   321853.122   321866.122   321904.122   321969.122   322001.122
  2330:   322032.122   322068.122   322105.122   322134.122   322169.122
  2335:   322209.122   322242.122   322275.122   322313.122   322341.122
  2340:   322374.122   322391.122   322427.122   322467.722   322467.920
  2345:   322467.901   322467.092   322767.902   324267.910   324269.614
  2350:   327019.624   327020.714   327370.124   327414.124   327461.124
  2355:   328057.124   328090.124   328541.124   328555.124   328915.124
  2360:   328961.124   329083.124   329122.124   329611.124   329681.124
  2365:   330030.724   330030.920   330030.901   330030.094   330330.902
  2370:   331830.910   331832.612   333232.622   333233.712   333753.122
  2375:   333785.122   333835.122   333870.122   333905.122   333939.122
  2380:   333977.122   334014.122   334053.122   334092.122   334128.122
  2385:   334159.122   334193.122   334225.122   334257.122   334288.122
  2390:   334319.122   334388.122   334419.122   334456.122   334490.122
  2395:   334522.122   334553.122   334618.122   334649.722   334649.920
  2400:   334649.901   334649.092   334949.902   336449.910   336451.614
  2405:   339201.624   339202.714   339586.124   339622.124   339812.124
  2410:   339877.124   339916.124   339961.124   340002.124   340042.124
  2415:   340180.124   340221.124   340258.124   340339.124   340378.124
  2420:   340412.124   340449.124   340485.124   340519.124   340563.124
  2425:   340597.124   340632.124   340665.124   340697.124   340733.124
  2430:   340768.124   340805.124   340841.124   340877.124   340914.124
  2435:   340951.124   340987.124   341026.124   341059.124   341096.124
  2440:   341135.124   341167.124   341205.124   341219.124   341261.124
  2445:   341296.124   341340.124   341382.124   341414.124   341451.124
  2450:   341492.124   341524.124   341560.124   341599.124   341636.124
  2455:   341672.124   341723.124   341763.124   341798.124   341816.124
  2460:   341857.124   341892.124   341923.124   341961.724   341961.920
  2465:   341961.901   341961.094   342261.902   343761.910   343763.611
  2470:   344763.621   344764.711   345622.121   345669.121   345758.121
  2475:   345791.721   345791.920   345791.901   345791.091   346091.902
  2480:   347591.910   347593.613   349543.623   349544.813   350212.133
  2485:   350252.133   350292.133   350327.133   350405.133   350444.133
  2490:   350473.133   350510.133   350553.133   350581.133   350618.133
  2495:   350658.133   350691.133   350727.133   350774.133   350807.133
  2500:   350866.133   350899.133   350931.133   350970.133   351005.133
  2505:   351046.133   351079.133   351110.133   351143.133   351175.133
  2510:   351211.133   351243.133   351279.133   351299.133   351336.133
  2515:   351369.133   351409.133   351441.133   351477.133   351515.133
  2520:   351546.133   351581.133   351612.133   351650.133   351672.133
  2525:   351715.133   351746.133   351780.133   351816.133   351853.133
  2530:   351906.133   351946.133   351976.133   352012.133   352027.133
  2535:   352063.133   352096.133   352117.133   352157.133   352189.133
  2540:   352226.133   352255.133   352294.133   352324.133   352360.133
  2545:   352414.133   352451.133   352480.133   352503.133   352542.133
  2550:   352574.133   352616.133   352647.133   352686.133   352725.133
  2555:   352752.133   352787.133   352837.133   352873.133   352910.133
  2560:   352946.133   352979.133   353019.133   353049.133   353092.133
  2565:   353123.133   353165.133   353203.133   353243.133   353290.133
  2570:   353333.133   353380.133   353418.133   353456.133   353489.133
  2575:   353529.133   353544.133   353580.133   353617.133   353656.133
  2580:   353697.133   353729.133   353744.823   353744.920   355244.910
  2585:   355246.613   357196.623   357197.713   358267.123   358340.123
  2590:   358375.123   358410.123   358477.123   358512.123   358547.123
  2595:   358586.123   358617.123   358647.123   358678.123   358712.123
  2600:   358743.123   358784.123   358824.123   358855.123   358890.123
  2605:   358921.123   358953.123   358984.123   359045.123   359073.123
  2610:   359106.123   359135.123   359180.723   359180.920   359180.901
  2615:   359180.093   359480.902   360980.910   360982.615   364832.625
  2620:   364833.715   365469.125   365514.125   366008.125   366036.125
  2625:   366114.125   366321.125   366352.125   366381.125   366440.125
  2630:   366471.125   366505.125   366536.125   366562.125   366597.125
  2635:   366661.125   366694.125   366721.125   366752.125   366811.125
  2640:   366842.125   366905.125   366960.125   367019.125   367055.125
  2645:   367084.125   367117.125   367148.125   367212.125   367244.125
  2650:   367294.125   367324.125   367356.125   367385.125   367415.125
  2655:   367459.125   367489.125   367520.125   367558.125   367593.125
  2660:   367621.125   367655.125   367683.125   367718.125   367779.125
  2665:   367808.125   367847.125   367881.125   367895.125   367928.125
  2670:   367966.125   368004.125   368071.125   368100.125   368137.125
  2675:   368165.125   368198.125   368231.125   368262.125   368361.125
  2680:   368395.125   368425.125   368498.125   368528.125   368563.125
  2685:   368590.125   368623.125   368660.125   368691.725   368691.920
  2690:   368691.901   368691.095   368991.902   370491.910   370493.612
  2695:   371893.622   371894.712   372065.122   372101.122   372140.122
  2700:   372179.122   372207.122   372242.122   372271.122   372302.122
  2705:   372343.122   372376.122   372411.122   372449.122   372482.122
  2710:   372519.122   372546.122   372577.122   372605.122   372634.122
  2715:   372666.122   372697.122   372731.122   372759.122   372794.122
  2720:   372828.122   372856.122   372888.122   372921.122   372953.122
  2725:   372984.122   373016.122   373048.122   373081.122   373118.122
  2730:   373145.122   373177.122   373215.122   373246.122   373278.122
  2735:   373313.722   373313.920   373313.901   373313.092   373613.902
  2740:   375113.910   375115.614   376160.114   376170.114   376180.114
  2745:   376235.114   377865.624   377866.714   378693.124   378863.124
  2750:   378895.124   378931.124   378994.124   379025.124   379086.124
  2755:   379121.124   379151.124   379182.124   379280.124   379310.124
  2760:   379342.124   379370.124   379400.124   379464.124   379493.124
  2765:   379557.124   379586.124   379618.124   379647.124   379679.124
  2770:   379708.124   379739.124   379771.124   379805.124   379835.124
  2775:   379868.124   379900.124   379933.124   379965.124   379997.124
  2780:   380027.124   380059.124   380089.124   380117.124   380146.124
  2785:   380182.124   380212.124   380242.124   380283.124   380316.124
  2790:   380347.124   380384.124   380417.124   380455.124   380485.124
  2795:   380519.124   380547.124   380582.124   380613.124   380643.724
  2800:   380643.920   380643.901   380643.094   380943.902   382443.910
  2805:   382445.615   386295.625   386296.715   387393.125   387473.125
  2810:   387539.125   387582.125   387614.125   387684.125   387718.125
  2815:   387756.125   387791.125   387820.125   387846.125   387876.125
  2820:   387903.125   387938.125   387966.125   387996.125   388026.125
  2825:   388058.125   388086.125   388116.125   388145.125   388206.125
  2830:   388237.125   388269.125   388300.125   388329.125   388361.125
  2835:   388398.125   388428.125   388456.125   388490.125   388530.125
  2840:   388564.125   388621.125   388656.125   388702.125   388730.125
  2845:   388763.125   388794.125   388834.125   388864.125   388894.125
  2850:   388924.125   388957.125   388992.125   389058.125   389122.125
  2855:   389162.125   389188.125   389226.125   389252.125   389280.125
  2860:   389352.125   389388.125   389418.125   389454.125   389485.125
  2865:   389514.125   389551.125   389578.125   389615.125   389646.125
  2870:   389680.125   389707.125   389737.125   389773.125   389804.125
  2875:   389840.125   389869.125   389904.125   389935.125   389964.125
  2880:   390000.125   390033.125   390064.125   390100.125   390125.125
  2885:   390159.725   390159.920   390159.901   390159.095   390459.902
  2890:   391959.910   391961.612   393361.622   393362.812   393546.132
  2895:   393577.132   393609.132   393639.132   393675.132   393715.132
  2900:   393744.132   393776.132   393806.132   393838.132   393867.132
  2905:   393906.132   393940.132   393979.132   394038.132   394076.132
  2910:   394108.132   394141.132   394172.132   394205.132   394243.132
  2915:   394277.132   394308.132   394344.132   394383.132   394452.132
  2920:   394485.132   394517.132   394560.132   394593.132   394661.132
  2925:   394693.132   394727.132   394763.132   394798.132   394833.132
  2930:   394864.132   394888.132   394928.132   394960.132   394989.132
  2935:   395025.132   395096.132   395131.132   395165.132   395238.132
  2940:   395267.132   395305.132   395339.132   395407.132   395444.132
  2945:   395459.132   395496.132   395530.132   395565.132   395592.132
  2950:   395630.132   395661.132   395699.132   395729.132   395769.132
  2955:   395805.132   395854.132   395892.132   395929.132   395966.132
  2960:   396002.132   396039.132   396086.132   396137.132   396169.132
  2965:   396206.132   396233.132   396270.132   396306.132   396347.132
  2970:   396390.132   396482.132   396528.132   396559.132   396642.132
  2975:   396718.132   396749.132   396849.132   396893.132   396962.822
  2980:   396962.920   398462.910   398464.614   401214.624   401215.814
  2985:   401736.134   401779.134   401790.134   401868.134   401953.134
  2990:   401985.134   402019.134   402053.134   402084.134   402116.134
  2995:   402187.134   402220.134   402252.134   402318.134   402351.134
  3000:   402380.134   402412.134   402442.134   402474.134   402504.134
  3005:   402538.134   402570.134   402604.134   402632.134   402667.134
  3010:   402698.134   402771.134   402892.134   403024.134   403144.134
  3015:   403225.134   403264.134   403341.134   403397.134   403434.134
  3020:   403534.134   403641.134   403687.134   403785.134   406715.824
  3025:   406715.920   408215.910   408217.614   410967.624   410968.714
  3030:   411412.124   411989.124   412021.124   412051.124   412083.124
  3035:   412122.124   412231.124   412380.124   412431.124   412502.124
  3040:   412643.124   412675.124   412708.124   412735.124   412766.124
  3045:   412801.124   412840.124   412876.124   412907.124   412940.124
  3050:   412975.124   413006.124   413042.124   413077.124   413121.124
  3055:   413153.124   413185.124   413216.124   413256.124   413297.124
  3060:   413362.124   413431.124   413461.124   413504.124   413534.124
  3065:   413565.124   413600.124   413635.124   413668.124   413682.124
  3070:   413728.724   413728.920   413728.901   413728.094   414028.902
  3075:   415528.910   415530.613   417480.623   417481.813   421681.823
  3080:   421681.920   423181.910   423183.613   425133.623   425134.713
  3085:   433956.723   433956.920   433956.901   433956.093   434256.902
  3090:   435756.910   435758.612   437158.622   437159.712   437511.122
  3095:   437718.122   437754.122   437789.122   437821.122   437854.122
  3100:   437892.122   437977.122   438110.122   438147.122   438181.122
  3105:   438214.122   438249.122   438283.122   438319.122   438360.122
  3110:   438390.122   438428.122   438465.122   438501.122   438537.122
  3115:   438571.722   438571.920   438571.901   438571.092   438871.902
  3120:   440371.910   440373.614   443123.624   443124.814   443504.134
  3125:   443915.134   443954.134   444135.134   444405.134   444440.134
  3130:   444473.134   444507.134   444543.134   444582.134   444613.134
  3135:   444643.134   444679.134   444713.134   444746.134   444780.134
  3140:   444815.134   444848.134   444885.134   444921.134   444956.134
  3145:   444994.134   445032.134   445066.134   445104.134   445137.134
  3150:   445174.134   445207.134   445243.134   445279.134   445311.134
  3155:   445346.134   445389.134   445425.134   445462.134   445493.134
  3160:   445530.134   445563.134   445599.134   445631.134   445651.134
  3165:   445695.134   445728.134   445767.134   445807.134   445839.134
  3170:   445874.134   445915.134   445947.134   445982.134   446018.134
  3175:   446059.134   446090.134   446126.134   446161.134   446199.134
  3180:   446230.134   446268.134   446303.134   446339.134   446370.134
  3185:   446410.134   446426.134   446460.134   446499.134   446538.134
  3190:   446575.134   446603.134   446642.134   446681.134   446712.134
  3195:   446761.134   446799.134   446837.134   446870.134   446909.134
  3200:   446942.134   446978.134   447015.134   447047.134   447089.134
  3205:   447120.134   447161.134   447190.134   447226.134   447256.134
  3210:   447293.134   447327.134   447362.134   447403.134   447438.134
  3215:   447477.134   447512.134   447549.134   447592.134   447628.134
  3220:   447663.134   447703.134   447736.134   447775.134   447805.134
  3225:   447843.134   447881.134   447920.134   447951.134   447990.134
  3230:   448028.134   448073.134   448113.134   448158.134   448195.134
  3235:   448331.134   448368.134   448449.134   448624.824   448624.920
  3240:   450124.910   450126.612   451526.622   451527.712   451982.122
  3245:   452056.122   452109.122   452156.122   452203.122   452239.122
  3250:   452271.122   452403.122   452441.122   452476.122   452553.122
  3255:   452762.122   452848.122   452963.722   452963.920   452963.901
  3260:   452963.092   453263.902   454763.910   454765.612   456165.622
  3265:   456166.712   456324.122   456400.122   456441.122   456480.122
  3270:   456515.122   456549.122   456586.122   456616.122   456651.122
  3275:   456686.122   456721.122   456754.122   456788.122   456819.122
  3280:   456855.122   456888.122   456925.122   456956.122   456992.122
  3285:   457032.122   457064.122   457098.122   457134.122   457168.122
  3290:   457202.122   457239.122   457269.122   457304.122   457341.122
  3295:   457376.122   457409.122   457446.122   457475.122   457512.122
  3300:   457549.122   457581.722   457581.920   457581.901   457581.092
  3305:   457881.902   459381.910   459383.613   461333.623   461334.713
  3310:   461481.123   461549.123   461583.123   461616.123   461654.123
  3315:   461686.123   461720.123   461753.123   461788.123   461823.123
  3320:   461856.123   461888.123   461924.123   461956.123   461994.123
  3325:   462024.123   462060.123   462094.123   462128.123   462163.123
  3330:   462194.123   462229.123   462246.123   462283.123   462314.123
  3335:   462348.123   462380.123   462417.123   462448.123   462482.123
  3340:   462517.123   462553.123   462576.123   462613.123   462645.123
  3345:   462680.123   462712.123   462748.123   462779.123   462814.123
  3350:   462853.123   462890.123   462920.123   462957.123   462990.123
  3355:   463028.123   463058.123   463095.123   463127.123   463164.123
  3360:   463198.123   463234.123   463265.123   463305.723   463305.920
  3365:   463305.901   463305.093   463605.902   465105.910   465107.613
  3370:   467057.623   467058.713   467175.123   467215.123   467253.123
  3375:   467286.123   467327.123   467361.123   467401.123   467436.123
  3380:   467468.123   467501.123   467539.123   467580.123   467611.123
  3385:   467644.123   467677.123   467711.123   467741.123   467776.123
  3390:   467807.123   467843.123   467876.123   467913.123   467945.123
  3395:   467981.123   468011.123   468053.123   468095.123   468127.123
  3400:   468164.123   468194.123   468231.123   468266.123   468302.123
  3405:   468332.123   468368.123   468407.123   468439.123   468476.123
  3410:   468508.123   468543.123   468576.123   468615.123   468646.123
  3415:   468681.123   468721.123   468751.123   468784.123   468820.123
  3420:   468851.123   468891.123   468921.123   468955.123   468997.123
  3425:   469030.723   469030.920   469030.901   469030.093   469330.902
  3430:   470830.910   470832.615   474682.625   474683.815   475123.135
  3435:   475160.135   475198.135   475274.135   475317.135   475369.135
  3440:   475537.135   475572.135   475611.135   475644.135   475675.135
  3445:   475709.135   475745.135   475779.135   475809.135   475847.135
  3450:   475878.135   475913.135   475948.135   475984.135   476017.135
  3455:   476051.135   476085.135   476119.135   476156.135   476190.135
  3460:   476228.135   476261.135   476299.135   476335.135   476369.135
  3465:   476406.135   476442.135   476478.135   476508.135   476542.135
  3470:   476584.135   476621.135   476654.135   476696.135   476729.135
  3475:   476766.135   476800.135   476835.135   476873.135   476914.135
  3480:   476949.135   476981.135   477019.135   477054.135   477092.135
  3485:   477127.135   477164.135   477195.135   477233.135   477266.135
  3490:   477305.135   477344.135   477412.135   477450.135   477487.135
  3495:   477521.135   477557.135   477594.135   477624.135   477660.135
  3500:   477696.135   477746.135   477783.135   477816.135   477858.135
  3505:   477891.135   477933.135   477963.135   478006.135   478046.135
  3510:   478081.135   478164.135   478204.135   478249.135   478411.135
  3515:   478510.135   478543.135   478610.135   478691.135   478834.135
  3520:   478927.135   478960.135   480573.135   481359.135   481393.135
  3525:   481993.135   482033.135   482071.135   482174.135   482381.135
  3530:   482383.825   482383.920   483883.910   483885.612   485285.622
  3535:   485286.812   485811.132   485848.132   485883.132   485921.132
  3540:   485953.132   485986.132   486025.132   486060.132   486092.132
  3545:   486129.132   486160.132   486196.132   486229.132   486263.132
  3550:   486296.132   486333.132   486372.132   486404.132   486440.132
  3555:   486474.132   486512.132   486545.132   486582.132   486620.132
  3560:   486658.132   486693.132   486733.132   486768.132   486805.132
  3565:   486835.132   486872.132   486908.132   486945.132   486989.132
  3570:   487024.132   487064.132   487099.132   487134.132   487171.132
  3575:   487208.132   487244.132   487280.132   487303.132   487338.132
  3580:   487375.132   487411.132   487447.132   487494.132   487535.132
  3585:   487570.132   487605.132   487683.132   487722.132   487765.132
  3590:   487808.132   487849.132   487884.132   487915.132   487950.132
  3595:   487989.132   488026.132   488059.132   488096.132   488131.132
  3600:   488169.132   488224.132   488260.132   488290.132   488321.132
  3605:   488360.132   488405.132   488441.132   488492.132   488528.132
  3610:   488567.132   488607.132   488643.132   488676.132   488760.132
  3615:   488793.132   488826.132   488886.822   488886.920   490386.910
  3620:   490388.612   491788.622   491789.812   492159.132   492201.132
  3625:   492243.132   492278.132   492313.132   492350.132   492540.132
  3630:   492776.132   492831.132   492930.132   492967.132   493001.132
  3635:   493160.132   493270.132   493279.132   493323.132   493357.132
  3640:   493399.132   493493.132   493542.132   493673.132   493874.132
  3645:   493949.132   494547.132   494622.132   494659.132   494739.132
  3650:   494776.132   494813.132   494844.132   494880.132   495006.132
  3655:   495037.132   495067.132   495181.132   495389.822   495389.920
  3660:   496889.910   496891.613   498841.623   498842.713   499098.123
  3665:   499167.123   499243.123   499305.123   499344.123   499378.123
  3670:   499416.123   499459.123   499564.123   499597.123   499799.123
  3675:   499836.123   499867.123   499945.123   500144.123   500188.123
  3680:   500273.123   500368.123   500404.123   500877.723   500877.920
  3685:   500877.901   500877.093   501177.902   502677.910   502679.613
  3690:   504629.623   504630.813   504790.133   504828.133   504867.133
  3695:   504910.133   504949.133   504980.133   505021.133   505059.133
  3700:   505092.133   505129.133   505166.133   505202.133   505238.133
  3705:   505276.133   505311.133   505346.133   505380.133   505415.133
  3710:   505450.133   505488.133   505520.133   505558.133   505589.133
  3715:   505625.133   505659.133   505697.133   505729.133   505765.133
  3720:   505797.133   505833.133   505875.133   505913.133   505944.133
  3725:   505981.133   506015.133   506052.133   506084.133   506119.133
  3730:   506149.133   506183.133   506218.133   506250.133   506283.133
  3735:   506326.133   506356.133   506394.133   506428.133   506464.133
  3740:   506496.133   506534.133   506565.133   506597.133   506638.133
  3745:   506671.133   506710.133   506741.133   506780.133   506811.133
  3750:   506852.133   506896.133   506929.133   506964.133   507004.133
  3755:   507039.133   507078.133   507111.133   507149.133   507185.133
  3760:   507280.133   507308.133   507351.133   507402.133   507474.133
  3765:   507514.133   507565.133   507639.133   507728.133   507761.133
  3770:   507774.133   507867.133   507900.133   507938.133   508012.133
  3775:   508115.133   508311.133   508356.133   508830.823   508830.920
  3780:   510330.910   510332.615   514182.625   514183.715   514376.125
  3785:   514804.125   514841.125   514917.125   514954.125   515083.125
  3790:   515122.125   515257.125   515359.125   515387.125   515464.125
  3795:   515600.125   515682.125   515733.125   515806.125   515893.125
  3800:   515901.125   516671.125   516682.125   516720.125   516769.125
  3805:   517186.125   517198.125   517234.125   517287.125   517390.125
  3810:   517850.125   517884.125   517920.125   518025.125   518411.725
  3815:   518411.920   518411.901   518411.095   518711.902   520211.910
  3820:   520213.614   522963.624   522964.714   523169.124   523795.124
  3825:   523831.124   523868.124   523899.124   523935.124   523972.124
  3830:   524008.124   524045.124   524084.124   524121.124   524157.124
  3835:   524202.124   524235.124   524271.124   524310.124   524346.124
  3840:   524377.124   524413.124   524443.124   524475.124   524508.124
  3845:   524545.124   524576.124   524611.124   524642.124   524679.124
  3850:   524711.124   524746.124   524777.124   524812.124   524846.124
  3855:   524890.124   524919.124   524955.124   524988.124   525025.124
  3860:   525056.124   525091.124   525122.124   525159.124   525192.124
  3865:   525232.124   525273.124   525312.124   525353.124   525392.124
  3870:   525435.124   525471.124   525509.124   525549.124   525591.124
  3875:   525631.124   525712.124   525753.724   525753.920   525753.901
  3880:   525753.094   526053.902   527553.910   527555.614   530305.624
  3885:   530306.814   530535.134   530978.134   531015.134   531057.134
  3890:   531184.134   531227.134   531266.134   531342.134   531378.134
  3895:   531420.134   531454.134   531489.134   531525.134   531562.134
  3900:   531600.134   531639.134   531690.134   531727.134   531791.134
  3905:   531902.134   531951.134   531983.134   532021.134   532054.134
  3910:   532090.134   532123.134   532159.134   532197.134   532227.134
  3915:   532262.134   532296.134   532332.134   532361.134   532399.134
  3920:   532429.134   532463.134   532493.134   532527.134   532560.134
  3925:   532599.134   532632.134   532667.134   532698.134   532730.134
  3930:   532766.134   532805.134   532838.134   532873.134   532909.134
  3935:   532946.134   532978.134   533014.134   533048.134   533085.134
  3940:   533121.134   533156.134   533188.134   533226.134   533258.134
  3945:   533294.134   533328.134   533362.134   533396.134   533433.134
  3950:   533477.134   533507.134   533540.134   533568.134   533603.134
  3955:   533637.134   533672.134   533704.134   533748.134   533782.134
  3960:   533816.134   533848.134   533883.134   533913.134   533952.134
  3965:   533984.134   534021.134   534061.134   534105.134   534142.134
  3970:   534246.134   534289.134   534372.134   534404.134   534484.134
  3975:   534553.134   534589.134   534676.134   534712.134   535199.134
  3980:   535231.134   535247.134   535746.134   535781.134   535806.824
  3985:   535806.920   535817.411   537306.910   537308.613   539258.623
  3990:   539259.713   539829.123   540337.123   540410.123   540442.123
  3995:   540478.123   540519.123   540556.123   540593.123   540629.123
  4000:   540666.123   540701.123   540743.123   540774.123   540812.123
  4005:   540847.123   540884.123   540919.123   540958.123   540994.123
  4010:   541036.123   541066.123   541104.123   541138.123   541173.123
  4015:   541213.723   541213.920   541213.901   541213.093   541513.902
  4020:   543013.910   543015.611   544015.621   544016.711   544187.121
  4025:   544363.121   544401.121   544438.121   544475.121   544511.121
  4030:   544551.121   544586.121   544623.121   544657.121   544692.121
  4035:   544726.121   544757.121   544792.121   544825.121   544862.121
  4040:   544892.121   544927.121   544965.121   544999.121   545037.721
  4045:   545037.920   545037.901   545037.091   545337.902   546837.910
  4050:   546839.615   550689.625   550690.715   551453.125   551491.125
  4055:   551529.125   551569.125   551610.125   551653.125   551693.125
  4060:   551732.125   551769.125   551809.125   551857.125   551897.125
  4065:   551942.125   551995.125   552073.125   552107.125   552144.125
  4070:   552180.125   552221.125   552265.125   552300.125   552337.125
  4075:   552375.125   552412.125   552447.125   552478.125   552513.125
  4080:   552545.125   552580.125   552611.125   552645.125   552679.125
  4085:   552715.125   552754.125   552785.125   552820.125   552858.125
  4090:   552895.125   552932.125   552969.125   553002.125   553038.125
  4095:   553069.125   553106.125   553139.125   553174.125   553216.125
  4100:   553249.125   553285.125   553317.125   553353.125   553391.125
  4105:   553428.125   553461.125   553499.125   553530.125   553568.125
  4110:   553605.125   553644.125   553681.125   553719.125   553752.125
  4115:   553790.125   553833.125   553871.125   553909.125   553944.125
  4120:   553995.125   554030.125   554059.125   554098.125   554133.125
  4125:   554171.125   554204.125   554242.125   554278.125   554316.125
  4130:   554350.125   554389.125   554425.125   554462.125   554494.125
  4135:   554536.125   554617.725   554617.920   554617.901   554617.095
  4140:   554917.902   556417.910   556419.615   560269.625   560270.715
  4145:   560764.125   560960.125   561355.125   561367.125   561480.125
  4150:   561514.125   561552.125   561594.125   561664.125   561697.125
  4155:   561738.125   561779.125   561823.125   561893.125   561931.125
  4160:   561969.125   562009.125   562048.125   562085.125   562122.125
  4165:   562169.125   562203.125   562240.125   562279.125   562320.125
  4170:   562357.125   562399.125   562432.125   562464.125   562497.125
  4175:   562532.125   562563.125   562597.125   562630.125   562664.125
  4180:   562700.125   562729.125   562768.125   562803.125   562838.125
  4185:   562873.125   562908.125   562947.125   562983.125   563014.125
  4190:   563049.125   563080.125   563118.125   563153.125   563190.125
  4195:   563220.125   563256.125   563293.125   563332.125   563366.125
  4200:   563413.125   563453.125   563483.125   563520.125   563552.125
  4205:   563590.125   563631.125   563672.125   563704.125   563743.125
  4210:   563774.125   563815.125   563846.125   563883.125   563933.125
  4215:   563970.125   564001.125   564036.125   564110.125   564148.725
  4220:   564148.920   564148.901   564148.095   564448.902   565948.910
  4225:   565950.614   568700.624   568701.714   569410.124   569453.124
  4230:   569589.124   569626.124   569761.124   569961.124   570072.124
  4235:   570197.124   570235.124   570270.124   570305.124   570339.124
  4240:   570376.124   570419.124   570458.124   570544.124   570653.124
  4245:   570701.124   570743.124   570781.124   570851.124   570939.124
  4250:   570977.124   571053.124   571089.124   571124.124   571166.124
  4255:   571206.124   571240.124   571277.124   571361.124   571415.124
  4260:   571452.724   571452.920   571452.901   571452.094   571752.902
  4265:   573252.910   573254.614   576004.624   576005.814   576870.134
  4270:   577377.134   577410.134   577449.134   577482.134   577525.134
  4275:   577564.134   577642.134   577719.134   577758.134   577793.134
  4280:   577832.134   577870.134   577911.134   577948.134   577984.134
  4285:   578029.134   578063.134   578101.134   578139.134   578176.134
  4290:   578262.134   578298.134   578338.134   578379.134   578424.134
  4295:   578463.134   578496.134   578540.134   578576.134   578618.134
  4300:   578692.134   578729.134   578766.134   578803.134   578842.134
  4305:   578879.134   578922.134   578963.134   579004.134   579047.134
  4310:   579119.134   579159.134   579194.134   579222.134   579296.134
  4315:   579403.134   579437.134   579517.134   579599.134   579677.134
  4320:   579709.134   580169.134   580205.134   580270.134   580601.134
  4325:   580643.134   580678.134   581072.134   581110.134   581505.824
  4330:   581505.920   581512.411   583005.910   583007.612   584407.622
  4335:   584408.812   584872.132   585270.132   585305.132   585342.132
  4340:   585382.132   585421.132   585503.132   585548.132   585584.132
  4345:   585697.132   585747.132   585790.132   585869.132   585946.132
  4350:   586126.132   586235.132   586349.132   586781.132   586816.132
  4355:   586904.132   587312.132   587351.132   587387.132   587851.132
  4360:   587889.132   587920.132   587956.132   587995.132   588008.822
  4365:   588008.920   589508.910   589510.615   593360.625   593361.715
  4370:   594496.125   595126.125   595520.125   595559.125   595593.125
  4375:   595675.125   596090.125   596134.125   596172.125   596316.125
  4380:   596795.125   596842.125   596882.125   597293.725   597293.920
  4385:   597293.901   597293.095   597593.902   599093.910   599095.614
  4390:   601845.624   601846.714   603138.124   603174.124   603208.124
  4395:   603244.124   603282.124   603323.124   603400.124   603436.124
  4400:   603469.124   603510.124   603545.124   603579.124   603622.124
  4405:   603709.124   603747.124   603780.124   603817.124   603859.124
  4410:   603904.124   603943.124   604013.124   604056.124   604095.124
  4415:   604183.124   604233.124   604268.124   604307.124   604339.124
  4420:   604379.124   604418.124   604461.124   604533.124   604567.124
  4425:   604603.724   604603.920   604603.901   604603.094   604903.902
  4430:   606403.910   606405.614   609155.624   609156.714   610675.124
  4435:   610715.124   610753.124   611228.124   611263.124   611301.124
  4440:   611338.124   611375.124   611478.124   611701.124   611744.124
  4445:   611809.124   611864.124   612055.724   612055.920   612055.901
  4450:   612055.094   612355.902   613855.910   613857.612   615257.622
  4455:   615258.712   616119.122   616155.122   616191.122   616473.122
  4460:   616503.122   616537.122   616570.122   616673.722   616673.920
  4465:   616673.901   616673.092   616973.902   618473.910   618475.612
  4470:   619875.622   619876.712   620059.122   620094.122   620130.122
  4475:   620161.122   620233.122   620264.122   620298.122   620329.122
  4480:   620360.122   620425.122   620461.122   620522.122   620560.122
  4485:   620591.122   620622.122   620657.122   620687.122   620719.122
  4490:   620760.122   620788.122   620823.122   620860.122   620891.122
  4495:   620965.122   621025.122   621064.122   621101.122   621136.122
  4500:   621172.122   621201.122   621233.122   621264.122   621296.722
  4505:   621296.920   621296.901   621296.092   621596.902   623096.910
  4510:   623098.613   625048.623   625049.713   625663.123   625697.123
  4515:   625731.123   625801.123   625841.123   625881.123   625953.123
  4520:   625988.123   626026.123   626055.123   626092.123   626130.123
  4525:   626164.123   626204.123   626240.123   626276.123   626315.123
  4530:   626347.123   626385.123   626419.123   626459.123   626496.123
  4535:   626574.123   626602.123   626666.123   626696.123   626730.123
  4540:   626760.123   626796.123   626824.123   626860.123   626900.123
  4545:   626930.123   626965.123   626995.123   627029.723   627029.920
  4550:   627029.901   627029.093   627329.902   628829.910   628831.611
  4555:   629831.621   629832.711   630638.121   630675.121   630705.121
  4560:   630740.121   630934.721   630934.920   630934.901   630934.091
  4565:   631234.902   632734.910   632736.615   636586.625   636587.815
  4570:   637945.135   637979.135   638082.135   638194.135   638241.135
  4575:   638281.135   638316.135   638350.135   638385.135   638455.135
  4580:   638486.135   638517.135   638583.135   638620.135   638654.135
  4585:   638694.135   638762.135   638795.135   638833.135   638866.135
  4590:   638908.135   638946.135   638983.135   639017.135   639078.135
  4595:   639107.135   639140.135   639205.135   639233.135   639263.135
  4600:   639297.135   639324.135   639356.135   639389.135   639426.135
  4605:   639455.135   639488.135   639520.135   639584.135   639618.135
  4610:   639646.135   639685.135   639718.135   639749.135   639785.135
  4615:   639821.135   639853.135   639890.135   639923.135   639961.135
  4620:   640029.135   640065.135   640168.135   640201.135   640268.135
  4625:   640301.135   640407.135   640445.135   640477.135   640530.135
  4630:   640569.135   640670.135   640708.135   640777.135   640814.135
  4635:   640898.135   640975.135   641016.135   641177.135   642085.135
  4640:   642120.135   642157.135   642254.135   642493.135   642724.135
  4645:   643164.135   643195.135   643229.135   643306.135   643376.135
  4650:   643696.135   643992.135   644029.135   644064.135   644287.825
  4655:   644287.920   645787.910   645789.611   646789.621   646790.811
  4660:   647613.131   647648.131   647679.131   647709.131   647743.131
  4665:   647775.131   647812.131   647843.131   647880.131   647914.131
  4670:   647955.131   648023.131   648054.131   648084.131   648150.131
  4675:   648187.131   648217.131   648248.131   648285.131   648315.131
  4680:   648349.131   648382.131   648413.131   648439.131   648470.131
  4685:   648506.131   648560.131   648591.131   648662.131   648731.131
  4690:   648763.131   648790.131   648829.131   648859.131   648893.131
  4695:   648924.131   648960.131   649029.131   649058.131   649090.131
  4700:   649122.131   649182.131   649216.131   649250.131   649286.131
  4705:   649317.131   649359.131   649395.131   649422.131   649456.131
  4710:   649498.131   649574.131   649615.131   649699.131   649732.131
  4715:   649826.131   649853.131   649886.131   649949.131   649990.821
  4720:   649990.920   651490.910   651492.611   652492.621   652493.811
  4725:   652942.131   653013.131   653435.131   653468.131   653538.131
  4730:   653630.131   653647.131   653721.131   653736.131   653763.131
  4735:   653793.131   653825.131   653853.131   653888.131   653921.131
  4740:   653991.131   654052.131   654115.131   654184.131   654194.131
  4745:   654272.131   654359.131   654450.131   654795.131   655191.131
  4750:   655224.131   655238.131   655616.131   655649.131   655693.821
  4755:   655693.920   657193.910   657195.611   658195.621   658196.711
  4760:   658661.121   658702.121   658735.121   658951.121   658958.121
  4765:   658991.121   659020.121   659058.121   659093.121   659122.121
  4770:   659154.121   659188.121   659220.721   659220.920   659220.901
  4775:   659220.091   659520.902   661020.910   661022.611   662022.621
  4780:   662023.811   662247.131   662319.131   662352.131   662387.131
  4785:   662421.131   662456.131   662485.131   662519.131   662554.131
  4790:   662585.131   662618.131   662648.131   662700.131   662730.131
  4795:   662764.131   662795.131   662823.131   662890.131   662919.131
  4800:   662955.131   662982.131   663013.131   663049.131   663077.131
  4805:   663110.131   663145.131   663177.131   663204.131   663236.131
  4810:   663269.131   663335.131   663364.131   663397.131   663429.131
  4815:   663466.131   663506.131   663536.131   663563.131   663611.131
  4820:   663639.131   663664.131   663698.131   663765.131   663802.131
  4825:   663874.131   663986.131   664073.131   664104.131   664211.131
  4830:   664651.131   665108.131   665146.131   665223.821   665223.920
  4835:   666723.910   666725.611   667725.621   667726.811   668118.131
  4840:   668216.131   668282.131   668311.131   668337.131   668401.131
  4845:   668428.131   668466.131   668497.131   668533.131   668566.131
  4850:   668600.131   668629.131   668745.131   668811.131   668882.131
  4855:   668987.131   669024.131   669529.131   669560.131   669593.131
  4860:   669626.131   669656.131   669690.131   669730.131   669804.131
  4865:   669834.131   669905.131   670012.131   670051.131   670170.131
  4870:   670202.131   670246.131   670533.131   670926.821   670926.920
  4875:   672426.910   672428.615   676278.625   676279.715   676694.125
  4880:   677275.125   677313.125   677630.125   677663.125   677699.125
  4885:   678038.125   678074.125   678111.125   678189.125   678334.125
  4890:   678369.125   678783.125   679161.125   679961.125   679999.125
  4895:   680388.725   680388.920   680388.901   680388.095   680688.902
  4900:   682188.910   682190.612   683590.622   683591.812   684143.132
  4905:   684212.132   684244.132   684278.132   684312.132   684474.132
  4910:   684509.132   684580.132   684645.132   684823.132   684851.132
  4915:   684880.132   684914.132   684945.132   684994.132   685497.132
  4920:   685557.132   685588.132   685982.132   686013.132   686049.132
  4925:   686084.132   686496.132   686853.132   686885.132   687191.822
  4930:   687191.920   688691.910   688693.614   691443.624   691444.814
  4935:   693333.134   693344.134   693382.134   693822.134   693849.134
  4940:   693882.134   694296.134   694348.134   694758.134   695803.134
  4945:   695835.134   695901.134   696265.134   696307.134   696340.134
  4950:   696412.134   696792.134   696944.824   696944.920   698444.910
  4955:   698446.613   700396.623   700397.713   701550.123   701734.123
  4960:   701753.123   702333.123   702364.723   702364.920   702364.901
  4965:   702364.093   702664.902   704164.910   704166.613   706116.623
  4970:   706117.713   707400.123   707760.123   707794.123   707900.123
  4975:   708298.723   708298.920   708298.901   708298.093   708598.902
  4980:   710098.910   710100.614   712850.624   712851.714   713511.124
  4985:   714402.124   714436.124   714471.124   714814.124   714848.124
  4990:   714882.124   714996.124   715315.124   715753.724   715753.920
  4995:   715753.901   715753.094   716053.902   717553.910   717555.611
  5000:   718555.621   718556.711   719161.121   719480.121   719509.121
  5005:   719573.721   719573.920   719573.901   719573.091   719873.902
  5010:   721373.910   721375.613   723325.623   723326.713   723836.123
  5015:   723868.123   724130.123   724171.123   724199.123   724230.123
  5020:   724261.123   724292.123   724353.123   724386.123   724418.123
  5025:   724453.123   724482.123   724523.123   724576.123   724626.123
  5030:   724753.123   724817.123   724938.123   724962.123   725001.123
  5035:   725445.723   725445.920   725445.901   725445.093   725745.902
  5040:   725745.902   725745.005   725745.006   725745.007   725745.020
  5045:       
D:
     0:        0.000        0.000        0.000        0.000        0.000
     5:        0.000        0.000        0.000        0.000        0.000
    10:        0.000        0.000        0.000        0.000        2.000
    15:        0.000        0.000        0.000        0.000        0.000
    20:        0.000        0.000        0.000        0.000        0.000
    25:        0.000        2.000        0.000        0.000        0.000
    30:        0.000        0.000        0.000        0.000        0.000
    35:        0.000
F:
     0:       10.000       14.000       19.500       27.500       38.500
     5:       10.000       14.000       19.500       27.500       38.500
    10:       10.000       14.000       19.500       27.500       38.500
    15:       20.000       28.000       39.000       55.000       77.000
    20:       20.000       28.000       39.000       55.000       77.000
    25:       20.000       28.000       39.000       55.000       77.000
    30:       10.000       14.000       19.500       27.500       38.500
    35:       10.000       14.000       19.500       27.500       38.500
    40:       10.000       14.000       19.500       27.500       38.500
    45:       10.000       14.000       19.500       27.500       38.500
    50:       10.000       14.000       19.500       27.500       38.500
    55:       10.000       14.000       19.500       27.500       38.500
    60:       10.000       14.000       19.500       27.500       38.500
    65:       10.000       14.000       19.500       27.500       38.500
    70:       10.000       14.000       19.500       27.500       38.500
    75:       20.000       28.000       39.000       55.000       77.000
    80:       20.000       28.000       39.000       55.000       77.000
    85:       10.000       14.000       19.500       27.500       38.500
    90:       10.000       14.000       19.500       27.500       38.500
    95:       10.000       14.000       19.500       27.500       38.500
I:
     0:       75.000        0.000        0.000
M:
     0:       15.000       15.000       15.000       15.000       15.000
     5:        5.000        5.000        5.000        5.000        5.000
    10:      100.000
N:
     0:       20.000       20.000       20.000       20.000       20.000
     5:        0.000
Q:
     0:       15.000       15.000       15.000       15.000       15.000
     5:        0.000
V:
     0:        0.000        0.000        0.000        4.000       51.000
     5:      224.000      433.000      440.000      597.000      871.000
    10:      265.000      254.000      369.000      328.000      449.000
    15:        0.000
