File: C:\MED-PC IV\DATA\M_PEAK_A21P003


Start Date: 10/29/17
End Date: 10/29/17
Subject: P003
Experiment: IF-PICO
Group: 0
Box: 7
Start Time:  9:43:10
End Time: 11:37:06
MSN: Multiple_Peak
B:       0.000
C:       0.000
E:    5418.000
G:      14.000
H:    1400.000
J:       0.000
K:       0.000
L:       0.000
O:       0.000
P:       0.000
R:       0.000
S:       0.000
T:  683652.000
U:       0.000
W:       0.000
X:       0.000
Y:       0.000
Z:       0.000
A:
     0:        0.010      500.910      502.615      786.115      847.115
     5:     4352.625     4353.715     4449.125     4488.125     4523.125
    10:     4565.125     4642.125     4669.125     4708.125     4746.125
    15:     4777.125     4807.125     4836.125     4869.125     4903.125
    20:     4935.125     4963.125     4994.125     5028.125     5062.125
    25:     5092.125     5123.125     5153.125     5186.125     5218.125
    30:     5249.125     5281.125     5313.125     5345.125     5376.125
    35:     5408.125     5472.125     5505.125     5537.125     5568.125
    40:     5598.125     5631.125     5664.125     5698.125     5732.125
    45:     5770.125     5804.125     5839.125     5873.125     5911.125
    50:     5945.125     5978.125     6046.125     6081.125     6117.125
    55:     6153.125     6188.125     6220.125     6291.125     6327.125
    60:     6399.125     6433.125     6465.125     6497.125     6535.125
    65:     6570.125     6606.125     6641.125     6675.125     6711.125
    70:     6746.125     6787.125     6825.125     6863.125     6942.125
    75:     6982.125     7055.125     7094.125     7134.125     7168.125
    80:     7202.125     7240.125     7273.125     7311.125     7353.125
    85:     7391.125     7427.125     7464.125     7501.125     7535.125
    90:     7610.125     7648.125     7686.125     7718.125     7756.125
    95:     7793.125     7830.125     7874.125     7916.125     7951.125
   100:     7984.125     8018.125     8056.125     8091.125     8127.125
   105:     8166.125     8201.125     8273.725     8273.920     8273.901
   110:     8273.095     8573.902    10073.910    10075.614    12825.624
   115:    12826.714    13311.124    13462.124    13595.124    13626.124
   120:    13664.124    13698.124    13728.124    13759.124    13787.124
   125:    13817.124    13853.124    13885.124    13915.124    13944.124
   130:    13976.124    14009.124    14039.124    14071.124    14137.124
   135:    14207.124    14271.124    14306.124    14338.124    14371.124
   140:    14437.124    14473.124    14507.124    14544.124    14579.124
   145:    14615.124    14650.124    14685.124    14722.124    14790.124
   150:    14828.124    14864.124    14899.124    14935.124    14970.124
   155:    15007.124    15040.124    15075.124    15148.124    15185.124
   160:    15220.124    15295.124    15329.124    15371.124    15406.124
   165:    15446.124    15485.124    15556.124    15590.724    15590.920
   170:    15590.901    15590.094    15890.902    17390.910    17392.613
   175:    19342.623    19343.813    19590.133    19664.133    19781.133
   180:    19823.133    19897.133    19935.133    19976.133    20013.133
   185:    20043.133    20078.133    20117.133    20218.133    20283.133
   190:    20317.133    20349.133    20381.133    20442.133    20474.133
   195:    20508.133    20541.133    20572.133    20605.133    20638.133
   200:    20671.133    20704.133    20739.133    20772.133    20806.133
   205:    20842.133    20876.133    20938.133    20972.133    21008.133
   210:    21041.133    21076.133    21111.133    21146.133    21178.133
   215:    21214.133    21248.133    21284.133    21319.133    21354.133
   220:    21389.133    21425.133    21527.133    21560.133    21593.133
   225:    21628.133    21660.133    21697.133    21732.133    21770.133
   230:    21806.133    21880.133    21915.133    21947.133    21981.133
   235:    22016.133    22051.133    22087.133    22120.133    22154.133
   240:    22188.133    22229.133    22264.133    22297.133    22328.133
   245:    22361.133    22395.133    22428.133    22464.133    22499.133
   250:    22536.133    22569.133    22604.133    22636.133    22668.133
   255:    22770.133    22810.133    22848.133    22880.133    22916.133
   260:    22949.133    22989.133    23063.133    23095.133    23133.133
   265:    23171.133    23204.133    23237.133    23271.133    23305.133
   270:    23347.133    23387.133    23425.133    23456.133    23490.133
   275:    23530.133    23543.823    23543.920    25043.910    25045.614
   280:    27795.624    27796.814    28466.134    28749.134    28781.134
   285:    28814.134    28851.134    28884.134    28914.134    28948.134
   290:    28982.134    29045.134    29075.134    29108.134    29174.134
   295:    29208.134    29240.134    29276.134    29309.134    29343.134
   300:    29378.134    29413.134    29448.134    29479.134    29508.134
   305:    29585.134    29620.134    29653.134    29684.134    29715.134
   310:    29751.134    29786.134    29820.134    29854.134    29887.134
   315:    29919.134    29954.134    29988.134    30023.134    30057.134
   320:    30089.134    30125.134    30157.134    30194.134    30229.134
   325:    30264.134    30298.134    30332.134    30370.134    30410.134
   330:    30443.134    30480.134    30513.134    30547.134    30582.134
   335:    30618.134    30653.134    30688.134    30725.134    30761.134
   340:    30794.134    30833.134    30871.134    30907.134    30942.134
   345:    30976.134    31015.134    31047.134    31082.134    31114.134
   350:    31147.134    31209.134    31284.134    31317.134    31354.134
   355:    31389.134    31430.134    31473.134    31593.134    31664.134
   360:    31696.134    31732.134    31771.134    31852.134    31986.134
   365:    32019.134    32063.134    32139.134    32173.134    32300.134
   370:    32335.134    32390.134    32430.134    32478.134    32660.134
   375:    32696.134    32729.134    32763.134    32807.134    32843.134
   380:    32924.134    32970.134    33067.134    33107.134    33155.134
   385:    33264.134    33296.824    33296.920    33305.411    34796.910
   390:    34798.614    37548.624    37549.714    37815.124    38111.124
   395:    38253.124    38283.124    38315.124    38347.124    38376.124
   400:    38409.124    38441.124    38472.124    38503.124    38537.124
   405:    38570.124    38603.124    38642.124    38680.124    38715.124
   410:    38750.124    38783.124    38834.124    38870.124    38905.124
   415:    38944.124    38973.124    39006.124    39041.124    39075.124
   420:    39110.124    39144.124    39180.124    39212.124    39285.124
   425:    39318.124    39355.124    39389.124    39426.124    39457.124
   430:    39495.124    39529.124    39568.124    39607.124    39647.124
   435:    39683.124    39716.124    39753.124    39789.124    39825.124
   440:    39860.124    39895.124    39932.124    39972.124    40008.124
   445:    40044.124    40077.124    40114.124    40149.124    40185.124
   450:    40223.124    40298.124    40333.724    40333.920    40333.901
   455:    40333.094    40633.902    42133.910    42135.615    45985.625
   460:    45986.815    47299.135    47347.135    47579.135    47610.135
   465:    47643.135    47684.135    47731.135    47764.135    47804.135
   470:    47838.135    47872.135    47907.135    47941.135    47978.135
   475:    48013.135    48049.135    48089.135    48129.135    48163.135
   480:    48201.135    48238.135    48275.135    48313.135    48387.135
   485:    48423.135    48459.135    48495.135    48543.135    48580.135
   490:    48617.135    48659.135    48695.135    48733.135    48769.135
   495:    48809.135    48851.135    48887.135    48925.135    48961.135
   500:    49000.135    49084.135    49123.135    49161.135    49204.135
   505:    49247.135    49302.135    49341.135    49378.135    49415.135
   510:    49454.135    49495.135    49535.135    49610.135    49647.135
   515:    49686.135    49722.135    49761.135    49800.135    49839.135
   520:    49886.135    49930.135    49973.135    50013.135    50052.135
   525:    50092.135    50135.135    50175.135    50212.135    50250.135
   530:    50288.135    50325.135    50363.135    50405.135    50445.135
   535:    50483.135    50517.135    50597.135    50637.135    50684.135
   540:    50723.135    50762.135    50803.135    50841.135    50877.135
   545:    50924.135    50965.135    51007.135    51059.135    51104.135
   550:    51142.135    51183.135    51260.135    51432.135    51441.135
   555:    51484.135    51527.135    51567.135    51611.135    51668.135
   560:    51776.135    51818.135    51860.135    51913.135    52087.135
   565:    52124.135    53355.135    53402.135    53410.135    53628.135
   570:    53665.135    53686.825    53686.920    53702.411    55186.910
   575:    55188.612    56588.622    56589.712    56972.122    57060.122
   580:    57094.122    57122.122    57157.122    57190.122    57223.122
   585:    57254.122    57285.122    57317.122    57383.122    57414.122
   590:    57444.122    57477.122    57514.122    57547.122    57612.122
   595:    57649.122    57688.122    57725.122    57800.122    57838.122
   600:    57917.122    57954.122    57991.722    57991.920    57991.901
   605:    57991.092    58291.902    59791.910    59793.613    61743.623
   610:    61744.813    62151.133    62196.133    62233.133    62265.133
   615:    62307.133    62343.133    62378.133    62410.133    62475.133
   620:    62507.133    62540.133    62572.133    62605.133    62638.133
   625:    62669.133    62701.133    62732.133    62836.133    62872.133
   630:    62906.133    62940.133    62973.133    63009.133    63043.133
   635:    63080.133    63117.133    63155.133    63192.133    63231.133
   640:    63268.133    63305.133    63341.133    63377.133    63415.133
   645:    63455.133    63527.133    63565.133    63597.133    63636.133
   650:    63675.133    63712.133    63753.133    63788.133    63827.133
   655:    63860.133    63894.133    63928.133    63962.133    64029.133
   660:    64132.133    64165.133    64199.133    64232.133    64308.133
   665:    64351.133    64395.133    64433.133    64473.133    64513.133
   670:    64548.133    64586.133    64627.133    64671.133    64738.133
   675:    64777.133    64813.133    64849.133    64888.133    64930.133
   680:    64976.133    65066.133    65111.133    65161.133    65265.133
   685:    65944.823    65944.920    67444.910    67446.612    68846.622
   690:    68847.712    70363.722    70363.920    70363.901    70363.092
   695:    70663.902    72163.910    72165.614    74915.624    74916.814
   700:    75711.134    75757.134    75791.134    75822.134    75861.134
   705:    75901.134    75940.134    75977.134    76026.134    76071.134
   710:    76115.134    76149.134    76185.134    76220.134    76254.134
   715:    76290.134    76322.134    76356.134    76390.134    76430.134
   720:    76464.134    76500.134    76568.134    76604.134    76641.134
   725:    76714.134    76751.134    76788.134    76825.134    76859.134
   730:    76895.134    76935.134    76969.134    77007.134    77041.134
   735:    77078.134    77113.134    77149.134    77185.134    77221.134
   740:    77257.134    77335.134    77374.134    77412.134    77448.134
   745:    77483.134    77518.134    77557.134    77601.134    77649.134
   750:    77689.134    77728.134    77765.134    77840.134    77877.134
   755:    77912.134    77950.134    78023.134    78060.134    78095.134
   760:    78132.134    78168.134    78203.134    78287.134    78329.134
   765:    78371.134    78410.134    78453.134    78493.134    78531.134
   770:    78569.134    78610.134    78647.134    78729.134    78765.134
   775:    78803.134    78856.134    78914.134    78961.134    79009.134
   780:    79048.134    79097.134    79143.134    79188.134    79229.134
   785:    79280.134    79454.134    80219.134    80228.134    80337.134
   790:    80416.824    80416.920    81916.910    81918.615    85768.625
   795:    85769.815    86454.135    86460.135    86496.135    86679.135
   800:    86686.135    86860.135    86901.135    86936.135    86967.135
   805:    87002.135    87034.135    87110.135    87186.135    87221.135
   810:    87254.135    87285.135    87317.135    87350.135    87384.135
   815:    87485.135    87520.135    87551.135    87586.135    87619.135
   820:    87653.135    87689.135    87724.135    87759.135    87793.135
   825:    87828.135    87864.135    87901.135    87938.135    87977.135
   830:    88012.135    88048.135    88083.135    88161.135    88202.135
   835:    88240.135    88274.135    88311.135    88349.135    88386.135
   840:    88424.135    88462.135    88505.135    88553.135    88591.135
   845:    88628.135    88670.135    88716.135    88757.135    88801.135
   850:    88840.135    88877.135    88916.135    88999.135    89043.135
   855:    89083.135    89120.135    89158.135    89201.135    89241.135
   860:    89281.135    89331.135    89374.135    89417.135    89456.135
   865:    89497.135    89538.135    89578.135    89621.135    89665.135
   870:    89711.135    89754.135    89789.135    89833.135    89938.135
   875:    89989.135    90051.135    90098.135    90140.135    90782.135
   880:    90788.135    90940.135    91101.135    91280.135    91325.135
   885:    91368.135    91424.135    91487.135    92882.135    92888.135
   890:    92934.135    92980.135    93056.135    93105.135    93116.135
   895:    93237.135    93273.135    93331.135    93363.135    93425.135
   900:    93456.135    93469.825    93469.920    94969.910    94971.612
   905:    96371.622    96372.712    96725.122    96731.122    96881.122
   910:    96918.122    96994.122    97025.122    97055.122    97085.122
   915:    97118.122    97149.122    97182.122    97213.122    97246.122
   920:    97313.122    97347.122    97380.122    97421.122    97457.122
   925:    97491.122    97527.122    97563.122    97603.122    97637.122
   930:    97673.122    97715.122    97753.122    97789.722    97789.920
   935:    97789.901    97789.092    98089.902    99589.910    99591.613
   940:   101541.623   101542.713   101900.123   102066.123   102125.123
   945:   102209.123   102242.123   102273.123   102316.123   102356.123
   950:   102392.123   102430.123   102463.123   102498.123   102532.123
   955:   102570.123   102606.123   102640.123   102676.123   102714.123
   960:   102752.123   102791.123   102829.123   102866.123   102904.123
   965:   102940.123   102979.123   103020.123   103059.123   103098.123
   970:   103137.123   103175.123   103214.123   103254.123   103294.123
   975:   103332.123   103370.123   103410.123   103449.123   103491.123
   980:   103531.723   103531.920   103531.901   103531.093   103831.902
   985:   105331.910   105333.613   107283.623   107284.713   107643.123
   990:   107675.123   107708.123   107745.123   107779.123   107816.123
   995:   107849.123   107882.123   107918.123   107954.123   107989.123
  1000:   108025.123   108060.123   108095.123   108131.123   108168.123
  1005:   108208.123   108245.123   108282.123   108319.123   108357.123
  1010:   108394.123   108432.123   108470.123   108509.123   108548.123
  1015:   108588.123   108627.123   108667.123   108710.123   108752.123
  1020:   108793.123   108834.123   108875.123   108917.123   108955.123
  1025:   108999.123   109042.123   109082.123   109143.123   109182.123
  1030:   109223.123   109263.723   109263.920   109263.901   109263.093
  1035:   109563.902   111063.910   111065.615   114915.625   114916.715
  1040:   115592.125   115643.125   115688.125   115816.125   115855.125
  1045:   115905.125   115949.125   116069.125   116104.125   116136.125
  1050:   116171.125   116206.125   116240.125   116273.125   116310.125
  1055:   116346.125   116382.125   116419.125   116457.125   116496.125
  1060:   116534.125   116572.125   116612.125   116654.125   116693.125
  1065:   116731.125   116770.125   116812.125   116852.125   116897.125
  1070:   116950.125   116993.125   117043.125   117085.125   117124.125
  1075:   117163.125   117198.125   117238.125   117279.125   117321.125
  1080:   117364.125   117403.125   117442.125   117480.125   117528.125
  1085:   117570.125   117611.125   117653.125   117694.125   117737.125
  1090:   117782.125   117829.125   117873.125   117919.125   117970.125
  1095:   118016.125   118054.125   118098.125   118141.125   118183.125
  1100:   118230.125   118280.125   118322.125   118367.125   118413.125
  1105:   118453.125   118505.125   118552.125   118597.125   118639.125
  1110:   118684.125   118729.125   118776.725   118776.920   118776.901
  1115:   118776.095   119076.902   120576.910   120578.612   121978.622
  1120:   121979.712   122406.122   122442.122   122474.122   122508.122
  1125:   122544.122   122579.122   122611.122   122644.122   122678.122
  1130:   122713.122   122747.122   122788.122   122824.122   122859.122
  1135:   122895.122   122931.122   122967.122   123003.122   123040.122
  1140:   123078.122   123115.122   123154.122   123194.122   123231.122
  1145:   123268.122   123309.122   123349.122   123390.722   123390.920
  1150:   123390.901   123390.092   123690.902   125190.910   125192.614
  1155:   127942.624   127943.714   128883.124   128931.124   128982.124
  1160:   129031.124   129122.124   129154.124   129192.124   129230.124
  1165:   129265.124   129301.124   129336.124   129370.124   129404.124
  1170:   129440.124   129475.124   129512.124   129547.124   129583.124
  1175:   129622.124   129659.124   129693.124   129729.124   129765.124
  1180:   129801.124   129839.124   129876.124   129913.124   129949.124
  1185:   129985.124   130027.124   130070.124   130108.124   130145.124
  1190:   130184.124   130222.124   130262.124   130301.124   130341.124
  1195:   130382.124   130423.124   130463.124   130503.124   130544.124
  1200:   130584.124   130627.124   130667.124   130710.724   130710.920
  1205:   130710.901   130710.094   131010.902   132510.910   132512.611
  1210:   133512.621   133513.711   134166.121   134203.121   134236.121
  1215:   134269.121   134302.121   134335.121   134370.121   134403.121
  1220:   134436.121   134470.121   134505.121   134540.721   134540.920
  1225:   134540.901   134540.091   134840.902   136340.910   136342.611
  1230:   137342.621   137343.811   137741.131   137781.131   137812.131
  1235:   137849.131   137880.131   137914.131   137948.131   137982.131
  1240:   138017.131   138051.131   138084.131   138119.131   138154.131
  1245:   138188.131   138223.131   138259.131   138295.131   138333.131
  1250:   138371.131   138408.131   138449.131   138486.131   138524.131
  1255:   138563.131   138602.131   138641.131   138684.131   138722.131
  1260:   138761.131   138804.131   138845.131   138889.131   138929.131
  1265:   138968.131   139009.131   139050.131   139090.131   139130.131
  1270:   139170.131   139210.131   139249.131   139290.131   139343.131
  1275:   139387.131   139425.131   139463.131   139504.131   139550.131
  1280:   139591.131   139633.131   139671.131   139712.131   139752.131
  1285:   139791.131   139831.131   139870.131   139911.131   139954.131
  1290:   139994.131   140034.131   140073.131   140112.131   140150.131
  1295:   140193.131   140240.131   140283.131   140331.131   140376.131
  1300:   140422.131   140463.131   140504.131   140543.821   140543.920
  1305:   140547.411   142043.910   142045.614   144795.624   144796.714
  1310:   145354.124   145397.124   145431.124   145467.124   145499.124
  1315:   145535.124   145565.124   145598.124   145629.124   145662.124
  1320:   145696.124   145729.124   145761.124   145797.124   145831.124
  1325:   145866.124   145900.124   145935.124   145971.124   146007.124
  1330:   146045.124   146084.124   146121.124   146157.124   146194.124
  1335:   146232.124   146270.124   146309.124   146348.124   146390.124
  1340:   146430.124   146472.124   146518.124   146560.124   146599.124
  1345:   146640.124   146680.124   146719.124   146758.124   146797.124
  1350:   146835.124   146876.124   146918.124   146956.124   146996.124
  1355:   147035.124   147074.124   147112.124   147150.124   147186.124
  1360:   147239.124   147283.124   147321.124   147360.124   147397.124
  1365:   147435.124   147475.124   147513.124   147552.724   147552.920
  1370:   147552.901   147552.094   147852.902   149352.910   149354.614
  1375:   152104.624   152105.814   152549.134   152586.134   152623.134
  1380:   152666.134   152774.134   152807.134   152837.134   152872.134
  1385:   152905.134   152938.134   152970.134   153003.134   153036.134
  1390:   153070.134   153102.134   153137.134   153171.134   153204.134
  1395:   153238.134   153269.134   153306.134   153340.134   153379.134
  1400:   153415.134   153453.134   153491.134   153524.134   153561.134
  1405:   153595.134   153632.134   153669.134   153706.134   153746.134
  1410:   153782.134   153817.134   153855.134   153891.134   153928.134
  1415:   153965.134   154002.134   154044.134   154084.134   154120.134
  1420:   154161.134   154202.134   154241.134   154283.134   154322.134
  1425:   154361.134   154403.134   154441.134   154479.134   154516.134
  1430:   154558.134   154597.134   154645.134   154694.134   154739.134
  1435:   154779.134   154818.134   154856.134   154894.134   154934.134
  1440:   154978.134   155020.134   155059.134   155102.134   155146.134
  1445:   155187.134   155228.134   155274.134   155316.134   155359.134
  1450:   155403.134   155447.134   155489.134   155528.134   155578.134
  1455:   155617.134   155656.134   155696.134   155740.134   155785.134
  1460:   155837.134   155879.134   155925.134   155970.134   156012.134
  1465:   156100.134   156409.134   156463.134   157605.824   157605.920
  1470:   159105.910   159107.615   162957.625   162958.715   163691.125
  1475:   163741.125   163750.125   164509.125   164554.125   164596.125
  1480:   164632.125   164666.125   164708.125   164759.125   164894.125
  1485:   164931.125   164969.125   165129.125   165166.125   165198.125
  1490:   165229.125   165262.125   165294.125   165328.125   165363.125
  1495:   165399.125   165432.125   165468.125   165505.125   165541.125
  1500:   165578.125   165616.125   165655.125   165693.125   165729.125
  1505:   165765.125   165802.125   165843.125   165880.125   165916.125
  1510:   165957.125   165993.125   166031.125   166072.125   166108.125
  1515:   166147.125   166182.125   166219.125   166259.125   166296.125
  1520:   166334.125   166375.125   166415.125   166454.125   166495.125
  1525:   166535.125   166574.125   166615.125   166654.125   166695.125
  1530:   166740.125   166780.125   166820.725   166820.920   166820.901
  1535:   166820.095   167120.902   168620.910   168622.613   170572.623
  1540:   170573.713   171144.123   171181.123   171217.123   171252.123
  1545:   171287.123   171325.123   171361.123   171392.123   171427.123
  1550:   171460.123   171492.123   171525.123   171558.123   171592.123
  1555:   171626.123   171659.123   171695.123   171731.123   171767.123
  1560:   171805.123   171841.123   171877.123   171912.123   171949.123
  1565:   171986.123   172023.123   172062.123   172102.123   172140.123
  1570:   172181.123   172222.123   172262.123   172303.123   172342.123
  1575:   172381.123   172422.123   172461.123   172499.123   172539.723
  1580:   172539.920   172539.901   172539.093   172839.902   174339.910
  1585:   174341.611   175341.621   175342.711   175624.121   175662.121
  1590:   175697.121   175728.121   175763.121   175798.121   175830.121
  1595:   175863.121   175895.121   175927.121   175961.121   175995.121
  1600:   176030.121   176067.121   176103.121   176141.121   176176.121
  1605:   176213.121   176249.121   176285.121   176322.121   176361.721
  1610:   176361.920   176361.901   176361.091   176661.902   178161.910
  1615:   178163.612   179563.622   179564.712   179786.122   179824.122
  1620:   179860.122   179891.122   179923.122   179956.122   179990.122
  1625:   180029.122   180070.122   180108.122   180142.122   180175.122
  1630:   180210.122   180245.122   180278.122   180312.122   180347.122
  1635:   180385.122   180421.122   180457.122   180495.122   180532.122
  1640:   180567.122   180602.122   180639.122   180676.122   180713.122
  1645:   180749.122   180786.122   180825.122   180866.122   180906.122
  1650:   180946.122   180986.722   180986.920   180986.901   180986.092
  1655:   181286.902   182786.910   182788.613   184738.623   184739.713
  1660:   185145.123   185183.123   185255.123   185301.123   185342.123
  1665:   185437.123   185478.123   185511.123   185545.123   185577.123
  1670:   185609.123   185643.123   185678.123   185710.123   185743.123
  1675:   185776.123   185812.123   185846.123   185881.123   185915.123
  1680:   185949.123   185986.123   186020.123   186055.123   186090.123
  1685:   186127.123   186161.123   186197.123   186234.123   186272.123
  1690:   186311.123   186349.123   186386.123   186424.123   186461.123
  1695:   186500.123   186541.123   186581.123   186621.123   186661.123
  1700:   186701.723   186701.920   186701.901   186701.093   187001.902
  1705:   188501.910   188503.611   189503.621   189504.711   189976.121
  1710:   190017.121   190049.121   190086.121   190118.121   190154.121
  1715:   190187.121   190220.121   190254.121   190289.121   190322.121
  1720:   190357.121   190394.121   190428.121   190463.121   190499.121
  1725:   190536.721   190536.920   190536.901   190536.091   190836.902
  1730:   192336.910   192338.611   193338.621   193339.711   193623.121
  1735:   193664.121   193703.121   193744.121   193788.121   193820.121
  1740:   193853.121   193890.121   193932.121   193969.121   194004.121
  1745:   194041.121   194077.121   194113.121   194149.121   194184.121
  1750:   194218.121   194255.121   194294.121   194329.121   194362.721
  1755:   194362.920   194362.901   194362.091   194662.902   196162.910
  1760:   196164.614   198914.624   198915.714   199604.124   199639.124
  1765:   199890.124   200086.124   200118.124   200179.124   200209.124
  1770:   200240.124   200269.124   200300.124   200361.124   200396.124
  1775:   200434.124   200467.124   200497.124   200528.124   200596.124
  1780:   200663.124   200697.124   200731.124   200800.124   200870.124
  1785:   200905.124   200940.124   201011.124   201047.124   201083.124
  1790:   201120.124   201156.124   201192.124   201235.124   201278.124
  1795:   201319.124   201358.124   201396.124   201435.124   201474.124
  1800:   201511.124   201548.124   201588.124   201624.124   201662.124
  1805:   201701.724   201701.920   201701.901   201701.094   202001.902
  1810:   203501.910   203503.612   204903.622   204904.812   205313.132
  1815:   205342.132   205374.132   205406.132   205470.132   205502.132
  1820:   205531.132   205561.132   205591.132   205651.132   205686.132
  1825:   205718.132   205754.132   205787.132   205821.132   205854.132
  1830:   205888.132   205922.132   205957.132   205991.132   206026.132
  1835:   206061.132   206096.132   206130.132   206168.132   206204.132
  1840:   206279.132   206314.132   206352.132   206387.132   206462.132
  1845:   206500.132   206538.132   206574.132   206612.132   206650.132
  1850:   206688.132   206759.132   206798.132   206837.132   206881.132
  1855:   206924.132   207045.132   207099.132   207148.132   207199.132
  1860:   207982.132   208033.132   208199.132   208381.132   208390.132
  1865:   208445.132   208489.132   208504.822   208504.920   210004.910
  1870:   210006.615   213856.625   213857.815   216131.135   216165.135
  1875:   216197.135   216353.135   216396.135   216538.135   216574.135
  1880:   216665.135   216699.135   216730.135   216768.135   216801.135
  1885:   216868.135   216902.135   216971.135   217002.135   217033.135
  1890:   217069.135   217103.135   217138.135   217168.135   217202.135
  1895:   217239.135   217274.135   217309.135   217346.135   217381.135
  1900:   217417.135   217490.135   217524.135   217560.135   217596.135
  1905:   217633.135   217669.135   217706.135   217745.135   217782.135
  1910:   217819.135   217893.135   217931.135   217968.135   218005.135
  1915:   218044.135   218081.135   218123.135   218166.135   218208.135
  1920:   218250.135   218288.135   218325.135   218365.135   218406.135
  1925:   218443.135   218484.135   218519.135   218556.135   218596.135
  1930:   218634.135   218674.135   218710.135   218787.135   218829.135
  1935:   218868.135   218905.135   218942.135   218978.135   219022.135
  1940:   219059.135   219102.135   219139.135   219177.135   219223.135
  1945:   219355.135   219562.135   219607.135   219649.135   219690.135
  1950:   219741.135   219789.135   219836.135   219879.135   219998.135
  1955:   221168.135   221215.135   221392.135   221398.135   221474.135
  1960:   221481.135   221554.135   221557.825   221557.920   223057.910
  1965:   223059.612   224459.622   224460.812   224961.132   224995.132
  1970:   225023.132   225059.132   225089.132   225118.132   225147.132
  1975:   225177.132   225207.132   225238.132   225268.132   225299.132
  1980:   225331.132   225362.132   225393.132   225460.132   225492.132
  1985:   225523.132   225557.132   225592.132   225626.132   225662.132
  1990:   225695.132   225729.132   225764.132   225799.132   225835.132
  1995:   225870.132   225907.132   225942.132   225976.132   226012.132
  2000:   226050.132   226086.132   226124.132   226161.132   226230.132
  2005:   226269.132   226305.132   226347.132   226389.132   226460.132
  2010:   226498.132   226537.132   226575.132   226612.132   226695.132
  2015:   226739.132   226780.132   226823.132   226860.132   226900.132
  2020:   226937.132   226990.132   227035.132   227074.132   227113.132
  2025:   227153.132   227192.132   227232.132   227269.132   227315.132
  2030:   227356.132   227399.132   227442.132   227484.132   227566.132
  2035:   227612.132   227662.132   227710.132   227754.132   227795.132
  2040:   227834.132   227876.132   227920.132   228060.822   228060.920
  2045:   229560.910   229562.613   231512.623   231513.713   231837.123
  2050:   231878.123   231920.123   231954.123   231990.123   232071.123
  2055:   232100.123   232128.123   232158.123   232187.123   232219.123
  2060:   232280.123   232310.123   232368.123   232400.123   232431.123
  2065:   232462.123   232524.123   232556.123   232587.123   232616.123
  2070:   232648.123   232681.123   232716.123   232751.123   232786.123
  2075:   232821.123   232924.123   232962.123   232998.123   233034.123
  2080:   233068.123   233108.123   233144.123   233176.123   233212.123
  2085:   233245.123   233282.123   233319.123   233391.123   233427.123
  2090:   233498.723   233498.920   233498.901   233498.093   233798.902
  2095:   235298.910   235300.615   239150.625   239151.715   248611.725
  2100:   248611.920   248611.901   248611.095   248911.902   250411.910
  2105:   250413.612   251813.622   251814.712   251962.122   252006.122
  2110:   252014.122   252123.122   252174.122   252285.122   252321.122
  2115:   252364.122   252398.122   252464.122   252497.122   252534.122
  2120:   252569.122   252611.122   252657.122   252689.122   252722.122
  2125:   252754.122   252787.122   252820.122   252888.122   252924.122
  2130:   252994.122   253032.122   253066.122   253177.122   253250.722
  2135:   253250.920   253250.901   253250.092   253550.902   255050.910
  2140:   255052.615   258902.625   258903.815   259357.135   259471.135
  2145:   259693.135   259733.135   259772.135   259806.135   259843.135
  2150:   259903.135   259935.135   260039.135   260076.135   260108.135
  2155:   260137.135   260203.135   260236.135   260268.135   260301.135
  2160:   260337.135   260370.135   260401.135   260431.135   260466.135
  2165:   260502.135   260535.135   260571.135   260608.135   260641.135
  2170:   260680.135   260725.135   260765.135   260799.135   260835.135
  2175:   260870.135   260907.135   260943.135   260978.135   261014.135
  2180:   261048.135   261084.135   261117.135   261155.135   261192.135
  2185:   261227.135   261261.135   261297.135   261338.135   261375.135
  2190:   261411.135   261452.135   261489.135   261525.135   261565.135
  2195:   261600.135   261678.135   261717.135   261791.135   261827.135
  2200:   261865.135   261900.135   261940.135   261978.135   262015.135
  2205:   262055.135   262093.135   262133.135   262172.135   262215.135
  2210:   262256.135   262293.135   262331.135   262365.135   262401.135
  2215:   262439.135   262478.135   262524.135   262563.135   262601.135
  2220:   262636.135   262675.135   262715.135   262755.135   262794.135
  2225:   262836.135   262915.135   262951.135   262990.135   263027.135
  2230:   263063.135   263146.135   263185.135   263226.135   263267.135
  2235:   263381.135   263467.135   263509.135   263559.135   263609.135
  2240:   263657.135   263701.135   263747.135   263897.135   263936.135
  2245:   264199.135   265039.135   265165.135   265487.135   265538.135
  2250:   265628.135   265665.135   265804.135   265836.135   265880.135
  2255:   265924.135   265967.135   266266.135   266314.135   266603.825
  2260:   266603.920   268103.910   268105.611   269105.621   269106.711
  2265:   269484.121   269517.121   269548.121   269582.121   269614.121
  2270:   269674.121   269704.121   269735.121   269766.121   269798.121
  2275:   269831.121   269863.121   269897.121   269966.121   270000.121
  2280:   270036.121   270070.121   270103.121   270138.721   270138.920
  2285:   270138.901   270138.091   270438.902   271938.910   271940.615
  2290:   275790.625   275791.715   276350.125   276697.125   276819.125
  2295:   276865.125   276966.125   277227.125   277266.125   277317.125
  2300:   277466.125   277500.125   277620.125   277653.125   277694.125
  2305:   277728.125   277768.125   277804.125   277872.125   277903.125
  2310:   277937.125   277978.125   278012.125   278045.125   278077.125
  2315:   278109.125   278142.125   278177.125   278213.125   278249.125
  2320:   278285.125   278320.125   278358.125   278399.125   278439.125
  2325:   278475.125   278512.125   278550.125   278589.125   278628.125
  2330:   278669.125   278711.125   278750.125   278788.125   278827.125
  2335:   278865.125   278907.125   278945.125   278987.125   279028.125
  2340:   279067.125   279108.125   279149.125   279190.125   279235.125
  2345:   279279.125   279318.125   279361.125   279403.125   279446.125
  2350:   279487.125   279526.125   279571.125   279613.125   279652.725
  2355:   279652.920   279652.901   279652.095   279952.902   281452.910
  2360:   281454.615   285304.625   285305.815   286881.135   287057.135
  2365:   287100.135   287141.135   287259.135   287300.135   287333.135
  2370:   287369.135   287407.135   287442.135   287478.135   287511.135
  2375:   287547.135   287583.135   287619.135   287656.135   287692.135
  2380:   287732.135   287768.135   287806.135   287844.135   287882.135
  2385:   287919.135   287955.135   287993.135   288032.135   288070.135
  2390:   288114.135   288155.135   288194.135   288229.135   288267.135
  2395:   288309.135   288348.135   288389.135   288432.135   288469.135
  2400:   288510.135   288552.135   288593.135   288636.135   288677.135
  2405:   288720.135   288764.135   288806.135   288848.135   288895.135
  2410:   288938.135   288979.135   289021.135   289061.135   289104.135
  2415:   289142.135   289182.135   289220.135   289261.135   289304.135
  2420:   289343.135   289385.135   289429.135   289474.135   289514.135
  2425:   289560.135   289603.135   289644.135   289688.135   289729.135
  2430:   289774.135   289818.135   289861.135   289905.135   289944.135
  2435:   289990.135   290035.135   290076.135   290120.135   290163.135
  2440:   290210.135   290249.135   290290.135   290332.135   290379.135
  2445:   290428.135   290474.135   290519.135   290566.135   290612.135
  2450:   290665.135   290673.135   290727.135   290771.135   290818.135
  2455:   290862.135   290909.135   290956.135   291050.135   291112.135
  2460:   291161.135   292211.135   292263.135   292472.135   292513.135
  2465:   292562.135   292613.135   292738.135   292779.135   292823.135
  2470:   292952.135   293005.825   293005.920   294505.910   294507.614
  2475:   297257.624   297258.714   297518.124   297564.124   297619.124
  2480:   297702.124   297738.124   297769.124   297805.124   297847.124
  2485:   297881.124   297911.124   297946.124   297982.124   298024.124
  2490:   298063.124   298100.124   298133.124   298170.124   298206.124
  2495:   298243.124   298281.124   298319.124   298359.124   298399.124
  2500:   298435.124   298470.124   298509.124   298545.124   298579.124
  2505:   298615.124   298651.124   298692.124   298728.124   298767.124
  2510:   298808.124   298849.124   298889.124   298923.124   298962.124
  2515:   299004.124   299043.124   299082.124   299123.124   299165.124
  2520:   299205.124   299243.124   299282.124   299321.124   299360.124
  2525:   299399.124   299442.124   299480.124   299518.124   299557.124
  2530:   299595.124   299633.124   299671.124   299713.124   299754.124
  2535:   299793.124   299834.124   299877.124   299921.124   299958.124
  2540:   300003.124   300050.724   300050.920   300050.901   300050.094
  2545:   300350.902   301850.910   301852.611   302852.621   302853.711
  2550:   303157.121   303198.121   303311.121   303353.121   303397.121
  2555:   303437.121   303469.121   303502.121   303535.121   303568.121
  2560:   303601.121   303634.121   303669.121   303704.121   303738.121
  2565:   303773.121   303809.121   303843.121   303879.721   303879.920
  2570:   303879.901   303879.091   304179.902   305679.910   305681.614
  2575:   308431.624   308432.714   309207.124   309254.124   309298.124
  2580:   309346.124   309425.124   309502.124   309534.124   309570.124
  2585:   309604.124   309639.124   309685.124   309724.124   309844.124
  2590:   309880.124   309916.124   309948.124   309988.124   310030.124
  2595:   310065.124   310105.124   310141.124   310176.124   310216.124
  2600:   310255.124   310290.124   310322.124   310363.124   310401.124
  2605:   310436.124   310475.124   310518.124   310556.124   310601.124
  2610:   310639.124   310675.124   310711.124   310755.124   310792.124
  2615:   310829.124   310866.124   310906.124   310943.124   310982.124
  2620:   311020.124   311060.124   311100.124   311139.124   311174.124
  2625:   311210.724   311210.920   311210.901   311210.094   311510.902
  2630:   313010.910   313012.612   314412.622   314413.712   314895.122
  2635:   314927.122   314993.122   315029.122   315062.122   315094.122
  2640:   315127.122   315158.122   315191.122   315224.122   315259.122
  2645:   315293.122   315328.122   315362.122   315398.122   315433.122
  2650:   315469.122   315506.122   315542.122   315578.122   315615.122
  2655:   315654.122   315696.122   315730.122   315772.122   315810.122
  2660:   315849.722   315849.920   315849.901   315849.092   316149.902
  2665:   317649.910   317651.615   321501.625   321502.715   322122.125
  2670:   322812.125   323031.125   323370.125   323414.125   323447.125
  2675:   323486.125   323745.125   323788.125   323829.125   323866.125
  2680:   323902.125   323935.125   323970.125   324005.125   324040.125
  2685:   324075.125   324109.125   324142.125   324183.125   324217.125
  2690:   324255.125   324296.125   324332.125   324367.125   324406.125
  2695:   324442.125   324479.125   324515.125   324555.125   324592.125
  2700:   324627.125   324663.125   324701.125   324739.125   324777.125
  2705:   324814.125   324853.125   324892.125   324935.125   324974.125
  2710:   325013.125   325053.125   325092.125   325130.125   325169.125
  2715:   325212.125   325254.125   325300.125   325348.125   325390.725
  2720:   325390.920   325390.901   325390.095   325690.902   327190.910
  2725:   327192.614   329942.624   329943.714   331911.124   332021.124
  2730:   332070.124   332220.124   332258.124   332296.124   332328.124
  2735:   332361.124   332396.124   332440.124   332478.124   332518.124
  2740:   332557.124   332599.124   332640.124   332672.124   332706.724
  2745:   332706.920   332706.901   332706.094   333006.902   334506.910
  2750:   334508.615   338358.625   338359.715   340751.125   340783.125
  2755:   340817.125   340852.125   340897.125   340950.125   340990.125
  2760:   341028.125   341062.125   341104.125   341135.125   341175.125
  2765:   341206.125   341243.125   341278.125   341314.125   341351.125
  2770:   341383.125   341419.125   341456.125   341491.125   341532.125
  2775:   341567.125   341605.125   341645.125   341684.125   341722.125
  2780:   341762.125   341799.125   341837.125   341877.125   341918.125
  2785:   341957.125   341996.125   342037.125   342078.125   342117.125
  2790:   342156.125   342197.125   342237.725   342237.920   342237.901
  2795:   342237.095   342537.902   344037.910   344039.615   347889.625
  2800:   347890.715   348970.125   349149.125   349201.125   349318.125
  2805:   349367.125   349403.125   349436.125   349464.125   349498.125
  2810:   349527.125   349565.125   349596.125   349633.125   349667.125
  2815:   349702.125   349734.125   349767.125   349805.125   349843.125
  2820:   349875.125   349908.125   349941.125   349978.125   350011.125
  2825:   350047.125   350082.125   350116.125   350151.125   350190.125
  2830:   350225.125   350261.125   350296.125   350368.125   350403.125
  2835:   350442.125   350476.125   350547.125   350620.125   350659.125
  2840:   350736.125   350771.125   350805.125   350840.125   350877.125
  2845:   350913.125   350950.125   350983.125   351019.125   351056.125
  2850:   351092.125   351175.125   351211.125   351248.125   351287.125
  2855:   351321.125   351361.125   351399.125   351436.125   351472.125
  2860:   351510.125   351585.125   351656.125   351698.125   351735.125
  2865:   351770.725   351770.920   351770.901   351770.095   352070.902
  2870:   353570.910   353572.611   354572.621   354573.711   354915.121
  2875:   354959.121   355036.121   355096.121   355130.121   355159.121
  2880:   355188.121   355219.121   355250.121   355278.121   355309.121
  2885:   355339.121   355370.121   355403.121   355436.121   355470.121
  2890:   355503.121   355535.121   355567.121   355600.721   355600.920
  2895:   355600.901   355600.091   355900.902   357400.910   357402.613
  2900:   359352.623   359353.713   360173.123   360222.123   360276.123
  2905:   360360.123   360431.123   360473.123   360510.123   360539.123
  2910:   360575.123   360610.123   360644.123   360677.123   360708.123
  2915:   360741.123   360774.123   360810.123   360843.123   360876.123
  2920:   360910.123   360944.123   360977.123   361009.123   361044.123
  2925:   361111.123   361145.123   361180.123   361214.123   361250.123
  2930:   361285.123   361320.723   361320.920   361320.901   361320.093
  2935:   361620.902   363120.910   363122.612   364522.622   364523.712
  2940:   364810.122   364923.122   364962.122   364997.122   365028.122
  2945:   365059.122   365090.122   365122.122   365153.122   365187.122
  2950:   365220.122   365261.122   365293.122   365322.122   365385.122
  2955:   365417.122   365449.122   365481.122   365513.122   365545.122
  2960:   365579.122   365613.122   365648.122   365681.122   365713.122
  2965:   365746.122   365786.122   365821.122   365858.122   365895.122
  2970:   365931.722   365931.920   365931.901   365931.092   366231.902
  2975:   367731.910   367733.614   370483.624   370484.714   371696.124
  2980:   371884.124   371913.124   371954.124   371990.124   372020.124
  2985:   372084.124   372117.124   372152.124   372186.124   372215.124
  2990:   372247.124   372277.124   372315.124   372347.124   372384.124
  2995:   372420.124   372465.124   372499.124   372531.124   372564.124
  3000:   372598.124   372631.124   372664.124   372697.124   372735.124
  3005:   372768.124   372804.124   372838.124   372875.124   372909.124
  3010:   372946.124   372983.124   373018.124   373052.124   373088.124
  3015:   373126.124   373163.124   373197.124   373233.124   373270.724
  3020:   373270.920   373270.901   373270.094   373570.902   375070.910
  3025:   375072.615   378922.625   378923.715   379346.125   380222.125
  3030:   380267.125   380308.125   380347.125   380380.125   380530.125
  3035:   380561.125   380596.125   380640.125   380672.125   380706.125
  3040:   380743.125   380782.125   380818.125   380848.125   380878.125
  3045:   380910.125   380973.125   381005.125   381041.125   381075.125
  3050:   381107.125   381141.125   381209.125   381283.125   381316.125
  3055:   381350.125   381381.125   381414.125   381482.125   381516.125
  3060:   381549.125   381623.125   381663.125   381702.125   381740.125
  3065:   381777.125   381818.125   381857.125   381894.125   381929.125
  3070:   381963.125   382000.125   382035.125   382073.125   382153.125
  3075:   382192.125   382228.125   382266.125   382306.125   382434.125
  3080:   382473.125   382526.125   382566.125   382605.125   382643.125
  3085:   382695.125   382787.725   382787.920   382787.901   382787.095
  3090:   383087.902   384587.910   384589.611   385589.621   385590.811
  3095:   385993.131   386057.131   386090.131   386153.131   386187.131
  3100:   386219.131   386253.131   386283.131   386314.131   386346.131
  3105:   386377.131   386408.131   386437.131   386472.131   386503.131
  3110:   386534.131   386565.131   386597.131   386628.131   386662.131
  3115:   386693.131   386726.131   386761.131   386794.131   386826.131
  3120:   386859.131   386916.131   386955.131   386989.131   387021.131
  3125:   387054.131   387088.131   387127.131   387160.131   387194.131
  3130:   387228.131   387264.131   387302.131   387345.131   387395.131
  3135:   387441.131   387481.131   387523.131   387570.131   387614.131
  3140:   387693.131   387774.131   387875.131   387882.131   387928.131
  3145:   387968.131   388129.131   388228.131   388279.131   388285.131
  3150:   388415.131   388424.131   388474.131   388516.131   388680.131
  3155:   388757.131   388790.821   388790.920   390290.910   390292.614
  3160:   393042.624   393043.814   394185.134   394469.134   394516.134
  3165:   394566.134   394576.134   394698.134   394747.134   394798.134
  3170:   394977.134   395007.134   395034.134   395066.134   395096.134
  3175:   395129.134   395160.134   395188.134   395223.134   395255.134
  3180:   395290.134   395324.134   395365.134   395403.134   395470.134
  3185:   395502.134   395536.134   395577.134   395609.134   395644.134
  3190:   395682.134   395716.134   395750.134   395786.134   395820.134
  3195:   395863.134   395900.134   395933.134   395966.134   395998.134
  3200:   396028.134   396063.134   396096.134   396127.134   396197.134
  3205:   396265.134   396303.134   396344.134   396380.134   396458.134
  3210:   396557.134   396597.134   396643.134   396680.134   396718.134
  3215:   396752.134   396792.134   396834.134   396875.134   396914.134
  3220:   396960.134   397005.134   397065.134   397109.134   397156.134
  3225:   397197.134   397244.134   397334.134   397475.134   397541.134
  3230:   397624.134   397683.134   397749.134   397840.134   397948.134
  3235:   398276.134   398543.824   398543.920   400043.910   400045.614
  3240:   402795.624   402796.814   403213.134   403256.134   403264.134
  3245:   403599.134   403651.134   403758.134   403767.134   403947.134
  3250:   403981.134   404018.134   404048.134   404402.134   404434.134
  3255:   404462.134   404494.134   404524.134   404557.134   404588.134
  3260:   404618.134   404649.134   404681.134   404712.134   404744.134
  3265:   404776.134   404807.134   404874.134   404908.134   404941.134
  3270:   404975.134   405009.134   405042.134   405074.134   405109.134
  3275:   405147.134   405218.134   405251.134   405288.134   405327.134
  3280:   405373.134   405421.134   405497.134   405540.134   405592.134
  3285:   405638.134   405680.134   405735.134   405777.134   405816.134
  3290:   405856.134   405893.134   405944.134   406036.134   406119.134
  3295:   406161.134   406285.134   406292.134   406355.134   406406.134
  3300:   406452.134   406504.134   406693.134   406740.134   406847.134
  3305:   407213.134   407221.134   407500.134   408031.134   408088.134
  3310:   408296.824   408296.920   409796.910   409798.612   411198.622
  3315:   411199.712   411374.122   411476.122   411568.122   411595.122
  3320:   411623.122   411680.122   411706.122   411734.122   411762.122
  3325:   411822.122   411852.122   411910.122   411939.122   411968.122
  3330:   411998.122   412033.122   412062.122   412094.122   412124.122
  3335:   412156.122   412188.122   412218.122   412250.122   412281.122
  3340:   412312.122   412344.122   412386.122   412417.122   412451.122
  3345:   412501.122   412536.122   412570.122   412609.722   412609.920
  3350:   412609.901   412609.092   412909.902   414409.910   414411.611
  3355:   415411.621   415412.711   415753.121   415789.121   415818.121
  3360:   415891.121   415923.121   415951.121   415982.121   416012.121
  3365:   416043.121   416076.121   416107.121   416170.121   416202.121
  3370:   416264.121   416296.121   416326.121   416358.121   416391.121
  3375:   416423.721   416423.920   416423.901   416423.091   416723.902
  3380:   418223.910   418225.611   419225.621   419226.711   419509.121
  3385:   419837.121   419870.121   419946.121   419985.121   420026.121
  3390:   420066.121   420096.121   420132.121   420163.121   420198.121
  3395:   420228.721   420228.920   420228.901   420228.091   420528.902
  3400:   422028.910   422030.611   423030.621   423031.711   423698.121
  3405:   423730.121   423760.121   423794.121   423829.121   423905.121
  3410:   423993.121   424025.121   424053.721   424053.920   424053.901
  3415:   424053.091   424353.902   425853.910   425855.615   429705.625
  3420:   429706.715   430717.125   430723.125   430889.125   431825.125
  3425:   431917.125   431969.125   432092.125   432128.125   432159.125
  3430:   432194.125   432224.125   432251.125   432284.125   432318.125
  3435:   432347.125   432380.125   432420.125   432451.125   432481.125
  3440:   432511.125   432541.125   432572.125   432637.125   432669.125
  3445:   432705.125   432739.125   432839.125   432870.125   432906.125
  3450:   432940.125   432975.125   433041.125   433107.125   433142.125
  3455:   433176.125   433209.125   433305.125   433342.125   433379.125
  3460:   433412.125   433445.125   433481.125   433519.125   433552.125
  3465:   433608.725   433608.920   433608.901   433608.095   433908.902
  3470:   435408.910   435410.614   438160.624   438161.714   439792.124
  3475:   439837.124   439881.124   439919.124   439964.124   440104.124
  3480:   440140.124   440175.124   440205.124   440235.124   440264.124
  3485:   440295.124   440334.124   440370.124   440406.124   440486.124
  3490:   440557.124   440569.124   440640.124   440702.124   440739.124
  3495:   440767.124   440807.124   440837.124   440872.124   440907.124
  3500:   440942.724   440942.920   440942.901   440942.094   441242.902
  3505:   442742.910   442744.615   446594.625   446595.715   447960.125
  3510:   448001.125   448144.125   448289.125   448327.125   448437.125
  3515:   448516.125   448587.125   448624.125   448658.125   448692.125
  3520:   448727.125   448760.125   448796.125   448835.125   448875.125
  3525:   448909.125   448941.125   448974.125   449007.125   449040.125
  3530:   449077.125   449114.125   449156.125   449192.125   449228.125
  3535:   449266.125   449299.125   449333.125   449375.125   449410.125
  3540:   449448.125   449483.125   449517.125   449555.125   449596.125
  3545:   449632.125   449669.125   449706.125   449741.125   449780.125
  3550:   449819.125   449856.125   449892.125   449930.125   449972.125
  3555:   450011.125   450047.125   450085.125   450119.125   450158.125
  3560:   450197.125   450235.125   450273.125   450311.125   450348.125
  3565:   450383.125   450425.125   450464.725   450464.920   450464.901
  3570:   450464.095   450764.902   452264.910   452266.612   453666.622
  3575:   453667.812   454446.132   454486.132   454520.132   454552.132
  3580:   454615.132   454650.132   454680.132   454712.132   454747.132
  3585:   454781.132   454814.132   454845.132   454877.132   454910.132
  3590:   454990.132   455086.132   455125.132   455155.132   455185.132
  3595:   455218.132   455253.132   455284.132   455319.132   455352.132
  3600:   455388.132   455421.132   455455.132   455488.132   455522.132
  3605:   455559.132   455597.132   455631.132   455665.132   455701.132
  3610:   455755.132   455830.132   455967.132   456041.132   456080.132
  3615:   456115.132   456151.132   456192.132   456313.132   456349.132
  3620:   456382.132   456420.132   456454.132   456534.132   456572.132
  3625:   456609.132   456750.132   456786.132   456826.132   456864.132
  3630:   456902.132   456951.132   457001.132   457039.132   457077.132
  3635:   457112.132   457190.132   457233.132   457267.822   457267.920
  3640:   457270.411   458767.910   458769.613   460719.623   460720.713
  3645:   461260.123   461439.123   461468.123   461498.123   461536.123
  3650:   461645.123   461690.123   461725.123   461761.123   461792.123
  3655:   461828.123   461859.123   461890.123   461922.123   461955.123
  3660:   461988.123   462024.123   462061.123   462098.123   462131.123
  3665:   462169.123   462202.123   462238.123   462306.123   462344.123
  3670:   462376.123   462411.123   462447.123   462482.123   462522.123
  3675:   462557.123   462594.123   462632.123   462716.723   462716.920
  3680:   462716.901   462716.093   463016.902   464516.910   464518.611
  3685:   465518.621   465519.811   465778.131   465816.131   465854.131
  3690:   465890.131   465924.131   465954.131   465985.131   466014.131
  3695:   466046.131   466075.131   466106.131   466136.131   466166.131
  3700:   466197.131   466228.131   466259.131   466289.131   466321.131
  3705:   466352.131   466384.131   466418.131   466450.131   466483.131
  3710:   466513.131   466548.131   466580.131   466614.131   466648.131
  3715:   466718.131   466751.131   466787.131   466822.131   466889.131
  3720:   466923.131   466959.131   466995.131   467031.131   467067.131
  3725:   467106.131   467143.131   467178.131   467252.131   467289.131
  3730:   467323.131   467358.131   467392.131   467429.131   467473.131
  3735:   467512.131   467564.131   467609.131   467655.131   467701.131
  3740:   467750.131   467796.131   467873.131   467920.131   467961.131
  3745:   468045.131   468165.131   468277.131   468323.131   468404.131
  3750:   468453.131   468498.131   468535.131   468594.131   468719.821
  3755:   468719.920   470219.910   470221.612   471621.622   471622.812
  3760:   472032.132   472120.132   472152.132   472178.132   472212.132
  3765:   472266.132   472299.132   472336.132   472365.132   472396.132
  3770:   472427.132   472457.132   472489.132   472520.132   472551.132
  3775:   472582.132   472616.132   472650.132   472683.132   472713.132
  3780:   472745.132   472777.132   472810.132   472843.132   472875.132
  3785:   472908.132   472944.132   472979.132   473014.132   473048.132
  3790:   473083.132   473117.132   473152.132   473186.132   473221.132
  3795:   473259.132   473296.132   473332.132   473366.132   473402.132
  3800:   473447.132   473488.132   473525.132   473564.132   473711.132
  3805:   473754.132   473792.132   473833.132   474073.132   474761.132
  3810:   474959.132   475004.132   475043.132   475082.132   475222.822
  3815:   475222.920   476722.910   476724.614   479474.624   479475.714
  3820:   480571.124   480854.124   481011.124   481134.124   481167.124
  3825:   481255.124   481294.124   481521.124   481556.124   481590.124
  3830:   481623.124   481654.124   481687.124   481719.124   481751.124
  3835:   481789.124   481823.124   481858.124   481896.124   481931.124
  3840:   481965.124   482006.124   482040.124   482077.124   482113.124
  3845:   482148.124   482184.124   482222.124   482260.724   482260.920
  3850:   482260.901   482260.094   482560.902   484060.910   484062.613
  3855:   486012.623   486013.713   486569.123   486601.123   486634.123
  3860:   486667.123   486700.123   486741.123   486776.123   486810.123
  3865:   486842.123   486874.123   486910.123   486949.123   486981.123
  3870:   487019.123   487090.123   487123.123   487154.123   487186.123
  3875:   487220.123   487256.123   487292.123   487331.123   487362.123
  3880:   487394.123   487426.123   487458.123   487491.123   487524.123
  3885:   487560.123   487597.123   487631.123   487667.123   487703.123
  3890:   487756.123   487796.123   487872.123   487907.123   487943.123
  3895:   487978.723   487978.920   487978.901   487978.093   488278.902
  3900:   489778.910   489780.611   490780.621   490781.711   491225.121
  3905:   491254.121   491290.121   491361.121   491390.121   491455.121
  3910:   491483.121   491513.121   491544.121   491575.121   491633.121
  3915:   491665.121   491697.121   491764.121   491795.721   491795.920
  3920:   491795.901   491795.091   492095.902   493595.910   493597.613
  3925:   495547.623   495548.813   495730.133   495767.133   495928.133
  3930:   495961.133   495994.133   496028.133   496067.133   496111.133
  3935:   496140.133   496173.133   496209.133   496240.133   496275.133
  3940:   496311.133   496346.133   496376.133   496409.133   496441.133
  3945:   496476.133   496508.133   496541.133   496573.133   496605.133
  3950:   496638.133   496672.133   496705.133   496736.133   496769.133
  3955:   496804.133   496839.133   496879.133   496915.133   496950.133
  3960:   496984.133   497019.133   497051.133   497087.133   497125.133
  3965:   497167.133   497206.133   497240.133   497277.133   497312.133
  3970:   497346.133   497380.133   497420.133   497496.133   497532.133
  3975:   497568.133   497605.133   497639.133   497675.133   497746.133
  3980:   497787.133   497825.133   497862.133   497907.133   497954.133
  3985:   497994.133   498028.133   498040.133   498079.133   498122.133
  3990:   498160.133   498198.133   498233.133   498271.133   498306.133
  3995:   498343.133   498379.133   498414.133   498451.133   498486.133
  4000:   498525.133   498563.133   498605.133   498648.133   498730.133
  4005:   498768.133   498813.133   498855.133   498900.133   498982.133
  4010:   499019.133   499071.133   499116.133   499162.133   499274.133
  4015:   499369.133   499412.133   499520.133   499573.133   499748.823
  4020:   499748.920   501248.910   501250.612   502650.622   502651.712
  4025:   503664.122   503703.122   503815.122   503850.122   503927.122
  4030:   504002.122   504034.122   504063.722   504063.920   504063.901
  4035:   504063.092   504363.902   505863.910   505865.613   507815.623
  4040:   507816.813   508129.133   508218.133   508329.133   508373.133
  4045:   508408.133   508439.133   508488.133   508535.133   508667.133
  4050:   508706.133   508859.133   508892.133   508925.133   508964.133
  4055:   508997.133   509034.133   509071.133   509111.133   509181.133
  4060:   509216.133   509252.133   509286.133   509318.133   509355.133
  4065:   509391.133   509424.133   509462.133   509498.133   509535.133
  4070:   509569.133   509605.133   509644.133   509678.133   509714.133
  4075:   509750.133   509791.133   509830.133   509869.133   509905.133
  4080:   509940.133   509986.133   510027.133   510063.133   510099.133
  4085:   510136.133   510175.133   510210.133   510250.133   510289.133
  4090:   510327.133   510367.133   510414.133   510456.133   510494.133
  4095:   510534.133   510570.133   510611.133   510652.133   510694.133
  4100:   510735.133   510773.133   510818.133   510871.133   510912.133
  4105:   510986.133   511022.133   511063.133   511105.133   511151.133
  4110:   511190.133   511235.133   511278.133   511322.133   511427.133
  4115:   511470.133   511511.133   511553.133   511598.133   511731.133
  4120:   511788.133   511862.133   511911.133   511957.133   512013.133
  4125:   512016.823   512016.920   513516.910   513518.611   514518.621
  4130:   514519.711   514826.121   514860.121   514891.121   514928.121
  4135:   514959.121   514990.121   515021.121   515051.121   515082.121
  4140:   515114.121   515145.121   515177.121   515209.121   515243.121
  4145:   515277.121   515311.121   515344.121   515378.121   515411.121
  4150:   515444.121   515480.121   515515.121   515548.721   515548.920
  4155:   515548.901   515548.091   515848.902   517348.910   517350.614
  4160:   520100.624   520101.714   520684.124   520874.124   520912.124
  4165:   520966.124   521010.124   521063.124   521170.124   521207.124
  4170:   521245.124   521283.124   521394.124   521423.124   521452.124
  4175:   521481.124   521509.124   521539.124   521609.124   521642.124
  4180:   521673.124   521704.124   521737.124   521770.124   521801.124
  4185:   521836.124   521872.124   521907.124   521941.124   521974.124
  4190:   522006.124   522039.124   522072.124   522102.124   522207.124
  4195:   522240.124   522274.124   522311.124   522351.124   522383.124
  4200:   522415.124   522451.124   522488.124   522523.124   522562.124
  4205:   522601.124   522642.124   522677.124   522713.124   522748.124
  4210:   522785.124   522825.124   522866.724   522866.920   522866.901
  4215:   522866.094   523166.902   524666.910   524668.615   528518.625
  4220:   528519.715   528981.125   529307.125   529358.125   529494.125
  4225:   529533.125   529678.125   530081.125   530303.125   530463.125
  4230:   530504.125   530562.125   530644.125   530901.125   530943.125
  4235:   530992.125   531331.125   531381.125   531620.125   531668.125
  4240:   531714.125   531885.125   532024.125   532291.125   532598.725
  4245:   532598.920   532598.901   532598.095   532898.902   534398.910
  4250:   534400.613   536350.623   536351.813   536504.133   536552.133
  4255:   536910.133   537075.133   537236.133   537324.133   537433.133
  4260:   537469.133   537505.133   537550.133   537584.133   537727.133
  4265:   537757.133   537821.133   537904.133   537937.133   537970.133
  4270:   538003.133   538049.133   538102.133   538135.133   538177.133
  4275:   538341.133   538348.133   538386.133   538417.133   538445.133
  4280:   538477.133   538511.133   538547.133   538597.133   538633.133
  4285:   538661.133   538738.133   538773.133   538813.133   538845.133
  4290:   538877.133   538913.133   538944.133   539023.133   539056.133
  4295:   539085.133   539131.133   539172.133   539218.133   539260.133
  4300:   539303.133   539345.133   539430.133   539469.133   539511.133
  4305:   539554.133   539588.133   539629.133   539725.133   539732.133
  4310:   539773.133   539812.133   539863.133   539907.133   539951.133
  4315:   540024.133   540059.133   540103.133   540141.133   540177.133
  4320:   540241.133   540280.133   540404.133   540443.133   540478.133
  4325:   540515.133   540551.823   540551.920   540554.411   542051.910
  4330:   542053.613   544003.623   544004.713   544345.123   544386.123
  4335:   544449.123   544492.123   544540.123   544586.123   544621.123
  4340:   544665.123   544760.123   544791.123   544822.123   544914.123
  4345:   544947.123   544976.123   545037.123   545068.123   545099.123
  4350:   545126.123   545188.123   545222.123   545256.123   545289.123
  4355:   545321.123   545354.123   545404.123   545531.123   545564.123
  4360:   545595.123   545625.123   545661.123   545734.123   545770.123
  4365:   545821.123   545862.123   545900.123   545986.723   545986.920
  4370:   545986.901   545986.093   546286.902   547786.910   547788.614
  4375:   550538.624   550539.714   551537.124   551886.124   551988.124
  4380:   552075.124   552112.124   552154.124   552219.124   552269.124
  4385:   552305.124   552343.124   552389.124   552437.124   552525.124
  4390:   552564.124   552673.124   552712.124   552751.124   552852.124
  4395:   552884.124   552927.124   553032.124   553067.124   553103.124
  4400:   553137.124   553199.124   553284.124   553326.724   553326.920
  4405:   553326.901   553326.094   553626.902   555126.910   555128.613
  4410:   557078.623   557079.713   557338.123   558029.123   558134.123
  4415:   558183.123   558223.123   558384.123   558423.123   558469.123
  4420:   558504.123   558550.123   558589.123   558625.123   558665.123
  4425:   558699.123   558733.123   558765.123   558806.123   558838.123
  4430:   558869.123   558902.123   558934.123   558966.123   558999.123
  4435:   559030.723   559030.920   559030.901   559030.093   559330.902
  4440:   560830.910   560832.612   562232.622   562233.712   562567.122
  4445:   562599.122   562631.122   562664.122   562698.122   562740.122
  4450:   562769.122   562797.122   562827.122   562855.122   562887.122
  4455:   562920.122   562953.122   562984.122   563014.122   563044.122
  4460:   563075.122   563107.122   563139.122   563170.122   563201.122
  4465:   563232.122   563263.122   563294.122   563328.122   563361.122
  4470:   563396.122   563428.122   563461.122   563495.122   563527.122
  4475:   563565.122   563601.122   563638.722   563638.920   563638.901
  4480:   563638.092   563938.902   565438.910   565440.613   567390.623
  4485:   567391.713   568210.123   568451.123   568678.123   568723.123
  4490:   568773.123   568820.123   568936.123   568964.123   568993.123
  4495:   569022.123   569056.123   569092.123   569123.123   569151.123
  4500:   569188.123   569220.123   569254.123   569324.123   569356.723
  4505:   569356.920   569356.901   569356.093   569656.902   571156.910
  4510:   571158.613   573108.623   573109.713   574451.123   574493.123
  4515:   574539.123   574580.123   574627.123   574784.123   574820.123
  4520:   574851.123   574884.123   574913.123   574944.123   574978.123
  4525:   575037.123   575094.723   575094.920   575094.901   575094.093
  4530:   575394.902   576894.910   576896.612   578296.622   578297.812
  4535:   579063.132   579109.132   579203.132   579245.132   579278.132
  4540:   579316.132   579352.132   579388.132   579425.132   579470.132
  4545:   579560.132   579599.132   579633.132   579672.132   579704.132
  4550:   579741.132   579780.132   579815.132   579852.132   579886.132
  4555:   579921.132   579954.132   579994.132   580028.132   580064.132
  4560:   580100.132   580135.132   580171.132   580207.132   580247.132
  4565:   580283.132   580320.132   580362.132   580399.132   580437.132
  4570:   580476.132   580514.132   580557.132   580593.132   580636.132
  4575:   580676.132   580721.132   580759.132   580798.132   580835.132
  4580:   580876.132   580914.132   580953.132   580991.132   581028.132
  4585:   581067.132   581103.132   581139.132   581175.132   581216.132
  4590:   581257.132   581297.132   581335.132   581374.132   581416.132
  4595:   581453.132   581488.132   581525.132   581565.132   581601.132
  4600:   581639.132   581673.132   581711.132   581754.132   581801.132
  4605:   581843.132   581884.132   581897.822   581897.920   583397.910
  4610:   583399.613   585349.623   585350.713   585741.123   585800.123
  4615:   585953.123   585997.123   586030.123   586062.123   586097.123
  4620:   586136.123   586168.123   586201.123   586235.123   586268.123
  4625:   586302.123   586335.123   586366.123   586398.123   586432.123
  4630:   586466.123   586501.123   586535.123   586570.123   586604.123
  4635:   586636.123   586672.123   586708.123   586747.123   586782.123
  4640:   586820.123   586853.123   586889.123   586926.123   586962.123
  4645:   586997.123   587033.123   587070.123   587106.123   587144.123
  4650:   587184.123   587221.123   587264.123   587304.723   587304.920
  4655:   587304.901   587304.093   587604.902   589104.910   589106.613
  4660:   591056.623   591057.713   591505.123   591898.123   591945.123
  4665:   591996.123   592033.123   592071.123   592114.123   592156.123
  4670:   592206.123   592244.123   592275.123   592311.123   592344.123
  4675:   592378.123   592417.123   592450.123   592488.123   592525.123
  4680:   592559.123   592602.123   592638.123   592676.123   592714.123
  4685:   592753.123   592790.123   592827.123   592864.123   592900.123
  4690:   592935.123   592972.123   593009.723   593009.920   593009.901
  4695:   593009.093   593309.902   594809.910   594811.612   596211.622
  4700:   596212.712   596656.122   596688.122   596717.122   596753.122
  4705:   596788.122   596823.122   596856.122   596895.122   596930.122
  4710:   596964.122   597025.122   597061.122   597095.122   597130.122
  4715:   597165.122   597201.122   597237.122   597272.122   597308.122
  4720:   597340.122   597375.122   597410.122   597449.122   597483.122
  4725:   597518.122   597553.122   597589.122   597625.722   597625.920
  4730:   597625.901   597625.092   597925.902   599425.910   599427.611
  4735:   600427.621   600428.711   600721.121   600761.121   600794.121
  4740:   600832.121   600872.121   600914.121   600946.121   600978.121
  4745:   601014.121   601045.121   601077.121   601111.121   601145.121
  4750:   601178.121   601210.121   601244.121   601279.121   601313.121
  4755:   601347.121   601381.121   601414.121   601450.721   601450.920
  4760:   601450.901   601450.091   601750.902   603250.910   603252.615
  4765:   607102.625   607103.715   607950.125   608237.125   608279.125
  4770:   608515.125   608561.125   608879.125   608934.125   608987.125
  4775:   609034.125   609081.125   609133.125   609171.125   609207.125
  4780:   609243.125   609280.125   609314.125   609353.125   609384.125
  4785:   609439.125   609472.125   609507.125   609543.125   609584.125
  4790:   609617.125   609649.125   609686.125   609723.125   609763.125
  4795:   609799.125   609835.125   609874.125   609909.125   609948.125
  4800:   609985.125   610026.125   610059.125   610095.125   610131.125
  4805:   610167.125   610204.125   610238.125   610275.125   610312.125
  4810:   610350.125   610387.125   610423.125   610459.125   610495.125
  4815:   610532.125   610570.125   610610.125   610648.125   610684.125
  4820:   610721.125   610757.125   610794.125   610833.125   610871.125
  4825:   610911.125   610949.125   610992.725   610992.920   610992.901
  4830:   610992.095   611292.902   612792.910   612794.613   614744.623
  4835:   614745.713   615492.123   615628.123   615684.123   615779.123
  4840:   615890.123   615922.123   615954.123   615989.123   616027.123
  4845:   616062.123   616093.123   616127.123   616163.123   616194.123
  4850:   616232.123   616264.123   616298.123   616328.123   616359.123
  4855:   616394.123   616460.123   616494.123   616533.123   616601.123
  4860:   616636.123   616670.123   616704.723   616704.920   616704.901
  4865:   616704.093   617004.902   618504.910   618506.611   619506.621
  4870:   619507.711   619594.121   619709.121   619745.121   619824.121
  4875:   619919.121   619949.121   619980.121   620012.121   620040.121
  4880:   620103.121   620135.121   620165.121   620196.121   620227.121
  4885:   620260.121   620290.121   620327.121   620359.121   620390.121
  4890:   620425.121   620461.121   620494.121   620526.721   620526.920
  4895:   620526.901   620526.091   620826.902   622326.910   622328.612
  4900:   623728.622   623729.712   624081.122   624224.122   624269.122
  4905:   624306.122   624340.122   624372.122   624403.122   624434.122
  4910:   624466.122   624532.122   624564.122   624594.122   624624.122
  4915:   624655.122   624691.122   624722.122   624758.122   624791.122
  4920:   624822.122   624854.122   624886.122   624920.122   624954.122
  4925:   624989.122   625022.122   625055.122   625088.122   625122.122
  4930:   625159.722   625159.920   625159.901   625159.092   625459.902
  4935:   626959.910   626961.611   627961.621   627962.711   628486.121
  4940:   628573.121   628609.121   628639.121   628673.121   628709.121
  4945:   628742.121   628771.121   628801.121   628829.121   628858.121
  4950:   628890.121   628920.121   628954.121   629017.721   629017.920
  4955:   629017.901   629017.091   629317.902   630817.910   630819.612
  4960:   632219.622   632220.712   632887.122   632923.122   632964.122
  4965:   633081.122   633160.122   633188.122   633220.122   633252.122
  4970:   633282.122   633313.122   633347.122   633412.122   633445.122
  4975:   633472.122   633505.122   633536.122   633564.122   633595.122
  4980:   633626.722   633626.920   633626.901   633626.092   633926.902
  4985:   635426.910   635428.614   638178.624   638179.714   639610.124
  4990:   639651.124   639732.124   639779.124   639840.124   639878.124
  4995:   639912.124   639939.124   639976.124   640011.124   640044.124
  5000:   640076.124   640117.124   640153.124   640186.124   640224.124
  5005:   640261.124   640294.124   640324.124   640361.124   640397.124
  5010:   640431.124   640470.124   640502.124   640535.124   640570.124
  5015:   640604.124   640638.124   640674.124   640705.124   640738.124
  5020:   640771.124   640807.124   640841.124   640875.124   640910.124
  5025:   640945.724   640945.920   640945.901   640945.094   641245.902
  5030:   642745.910   642747.611   643747.621   643748.811   643988.131
  5035:   644025.131   644091.131   644130.131   644214.131   644245.131
  5040:   644277.131   644312.131   644343.131   644373.131   644405.131
  5045:   644434.131   644467.131   644528.131   644560.131   644589.131
  5050:   644620.131   644653.131   644684.131   644718.131   644748.131
  5055:   644778.131   644811.131   644875.131   644945.131   644981.131
  5060:   645015.131   645050.131   645088.131   645120.131   645155.131
  5065:   645189.131   645222.131   645253.131   645289.131   645323.131
  5070:   645355.131   645393.131   645429.131   645464.131   645500.131
  5075:   645537.131   645575.131   645610.131   645645.131   645677.131
  5080:   645711.131   645742.131   645778.131   645812.131   645847.131
  5085:   645881.131   645918.131   645950.131   645988.131   646022.131
  5090:   646062.131   646101.131   646138.131   646220.131   646257.131
  5095:   646295.131   646330.131   646369.131   646415.131   646454.131
  5100:   646491.131   646531.131   646571.131   646700.131   646740.131
  5105:   646778.131   646818.131   646925.131   646948.821   646948.920
  5110:   648448.910   648450.615   652300.625   652301.715   653107.125
  5115:   653152.125   653230.125   653401.125   653447.125   653497.125
  5120:   653642.125   653678.125   653711.125   653743.125   653886.125
  5125:   653911.125   653946.125   654026.125   654057.125   654088.125
  5130:   654149.125   654178.125   654208.125   654238.125   654307.125
  5135:   654340.125   654379.125   654446.125   654481.125   654513.125
  5140:   654542.125   654582.125   654619.125   654652.125   654685.125
  5145:   654719.125   654750.125   654783.125   654816.125   654849.125
  5150:   654882.125   654915.125   654948.125   654983.125   655016.125
  5155:   655048.125   655081.125   655116.125   655149.125   655180.125
  5160:   655215.125   655251.125   655286.125   655320.125   655352.125
  5165:   655391.125   655427.125   655471.125   655505.125   655541.125
  5170:   655573.125   655649.125   655728.125   655764.125   655797.125
  5175:   655834.125   655867.125   655901.125   655935.125   655970.125
  5180:   656061.125   656142.125   656178.725   656178.920   656178.901
  5185:   656178.095   656478.902   657978.910   657980.614   660730.624
  5190:   660731.714   661820.124   661865.124   661899.124   662017.124
  5195:   662050.124   662157.124   662191.124   662221.124   662259.124
  5200:   662294.124   662324.124   662353.124   662385.124   662426.124
  5205:   662456.124   662485.124   662517.124   662595.124   662659.124
  5210:   662690.124   662721.124   662752.124   662789.124   662828.124
  5215:   662859.124   662890.124   662957.124   662989.124   663025.124
  5220:   663057.124   663087.124   663122.124   663155.124   663191.124
  5225:   663230.124   663268.124   663301.124   663333.124   663370.124
  5230:   663402.124   663437.124   663470.124   663509.724   663509.920
  5235:   663509.901   663509.094   663809.902   665309.910   665311.615
  5240:   669161.625   669162.715   669845.125   669888.125   670381.125
  5245:   670466.125   670515.125   670745.125   670888.125   670894.125
  5250:   671057.125   671095.125   671138.125   671179.125   671208.125
  5255:   671246.125   671284.125   671325.125   671362.125   671413.125
  5260:   671447.125   671482.125   671514.125   671551.125   671590.125
  5265:   671624.125   671660.125   671695.125   671734.125   671766.125
  5270:   671805.125   671868.125   671910.125   671946.125   671979.125
  5275:   672016.125   672049.125   672084.125   672120.125   672155.125
  5280:   672190.125   672227.125   672266.125   672304.125   672339.125
  5285:   672376.125   672414.125   672452.125   672490.125   672534.125
  5290:   672574.125   672619.125   672660.125   672698.125   672733.125
  5295:   672773.125   672814.125   672856.125   672899.125   672940.125
  5300:   672982.125   673035.725   673035.920   673035.901   673035.095
  5305:   673335.902   674835.910   674837.611   675837.621   675838.811
  5310:   676162.131   676200.131   676345.131   676432.131   676468.131
  5315:   676503.131   676537.131   676575.131   676614.131   676645.131
  5320:   676677.131   676710.131   676743.131   676775.131   676808.131
  5325:   676841.131   676876.131   676911.131   676947.131   676982.131
  5330:   677018.131   677051.131   677088.131   677123.131   677158.131
  5335:   677195.131   677228.131   677263.131   677301.131   677344.131
  5340:   677380.131   677414.131   677450.131   677487.131   677525.131
  5345:   677561.131   677598.131   677634.131   677674.131   677713.131
  5350:   677778.131   677830.131   677876.131   677918.131   677953.131
  5355:   677989.131   678027.131   678066.131   678108.131   678150.131
  5360:   678254.131   678300.131   678336.131   678372.131   678423.131
  5365:   678465.131   678580.131   678748.131   678785.131   678822.131
  5370:   678858.131   678913.131   678954.131   678990.131   679038.821
  5375:   679038.920   680538.910   680540.612   681940.622   681941.712
  5380:   682288.122   682338.122   682384.122   682422.122   682455.122
  5385:   682492.122   682527.122   682558.122   682590.122   682624.122
  5390:   682656.122   682691.122   682727.122   682761.122   682796.122
  5395:   682832.122   682865.122   682903.122   682940.122   682975.122
  5400:   683009.122   683044.122   683081.122   683117.122   683151.122
  5405:   683187.122   683253.122   683312.122   683352.722   683352.920
  5410:   683352.901   683352.092   683652.902   683652.902   683652.005
  5415:   683652.006   683652.007   683652.020        
D:
     0:        0.000        0.000        0.000        0.000        0.000
     5:        0.000        0.000        0.000        0.000        0.000
    10:        0.000        0.000        0.000        0.000        0.000
    15:        0.000        0.000        0.000        0.000        0.000
    20:        0.000        0.000        0.000        0.000        0.000
    25:        0.000        5.000        0.000        0.000        0.000
    30:        0.000        0.000        0.000        0.000        0.000
    35:        0.000
F:
     0:       10.000       14.000       19.500       27.500       38.500
     5:       10.000       14.000       19.500       27.500       38.500
    10:       10.000       14.000       19.500       27.500       38.500
    15:       20.000       28.000       39.000       55.000       77.000
    20:       20.000       28.000       39.000       55.000       77.000
    25:       20.000       28.000       39.000       55.000       77.000
    30:       10.000       14.000       19.500       27.500       38.500
    35:       10.000       14.000       19.500       27.500       38.500
    40:       10.000       14.000       19.500       27.500       38.500
    45:       10.000       14.000       19.500       27.500       38.500
    50:       10.000       14.000       19.500       27.500       38.500
    55:       10.000       14.000       19.500       27.500       38.500
    60:       10.000       14.000       19.500       27.500       38.500
    65:       10.000       14.000       19.500       27.500       38.500
    70:       10.000       14.000       19.500       27.500       38.500
    75:       20.000       28.000       39.000       55.000       77.000
    80:       20.000       28.000       39.000       55.000       77.000
    85:       10.000       14.000       19.500       27.500       38.500
    90:       10.000       14.000       19.500       27.500       38.500
    95:       10.000       14.000       19.500       27.500       38.500
I:
     0:       75.000        0.000        0.000
M:
     0:       15.000       15.000       15.000       15.000       15.000
     5:        5.000        5.000        5.000        5.000        5.000
    10:      100.000
N:
     0:       20.000       20.000       20.000       20.000       20.000
     5:        0.000
Q:
     0:       15.000       15.000       15.000       15.000       15.000
     5:        0.000
V:
     0:        0.000        0.000        0.000        0.000        2.000
     5:      268.000      380.000      499.000      648.000      830.000
    10:      337.000      316.000      422.000      427.000      528.000
    15:        0.000
