File: C:\MED-PC IV\DATA\M_PEAK18P003


Start Date: 08/23/17
End Date: 08/23/17
Subject: P003
Experiment: IF-PICO
Group: 0
Box: 7
Start Time: 10:28:16
End Time: 12:21:49
MSN: Multiple_Peak
B:       0.000
C:       0.000
E:    5430.000
G:      20.000
H:    3200.000
J:       0.000
K:       0.000
L:       0.000
O:       0.000
P:       0.000
R:       0.000
S:       0.000
T:  678029.000
U:       0.000
W:       0.000
X:       0.000
Y:       0.000
Z:       0.000
A:
     0:        0.010      500.910      502.613     2452.623     2453.713
     5:     2590.123     2628.123     2661.123     2700.123     2728.123
    10:     2771.123     2801.123     2855.123     2884.123     2911.123
    15:     2937.123     2968.123     3047.123     3084.123     3117.123
    20:     3193.123     3221.123     3249.123     3282.123     3312.123
    25:     3341.123     3370.123     3399.123     3428.123     3459.123
    30:     3490.123     3551.123     3581.123     3609.123     3643.123
    35:     3677.123     3710.123     3744.123     3775.123     3817.123
    40:     3848.123     3878.123     3910.123     3945.123     3974.123
    45:     4009.123     4041.123     4075.123     4109.123     4140.123
    50:     4171.123     4206.123     4240.123     4306.123     4340.123
    55:     4376.123     4411.723     4411.920     4411.901     4411.093
    60:     4711.902     6211.910     6213.613     8163.623     8164.813
    65:     8356.133     8423.133     8455.133     8486.133     8517.133
    70:     8549.133     8581.133     8618.133     8649.133     8680.133
    75:     8711.133     8743.133     8780.133     8813.133     8841.133
    80:     8902.133     8931.133     8964.133     8998.133     9028.133
    85:     9059.133     9091.133     9126.133     9156.133     9187.133
    90:     9219.133     9249.133     9283.133     9314.133     9347.133
    95:     9381.133     9415.133     9450.133     9481.133     9513.133
   100:     9545.133     9577.133     9612.133     9648.133     9679.133
   105:     9713.133     9746.133     9778.133     9809.133     9846.133
   110:     9879.133     9911.133     9988.133    10027.133    10085.133
   115:    10120.133    10154.133    10188.133    10220.133    10253.133
   120:    10284.133    10317.133    10349.133    10382.133    10415.133
   125:    10451.133    10483.133    10544.133    10575.133    10636.133
   130:    10669.133    10705.133    10741.133    10771.133    10804.133
   135:    10838.133    10937.133    10971.133    11006.133    11040.133
   140:    11075.133    11106.133    11140.133    11175.133    11206.133
   145:    11241.133    11276.133    11309.133    11343.133    11375.133
   150:    11448.133    11516.133    11548.133    11579.133    11615.133
   155:    11652.133    11686.133    11723.133    11758.133    11795.133
   160:    11842.133    11879.133    11914.133    11950.133    11984.133
   165:    12021.133    12059.133    12122.133    12153.133    12189.133
   170:    12222.133    12257.133    12296.133    12333.133    12364.823
   175:    12364.920    13864.910    13866.614    16616.624    16617.714
   180:    16839.124    16872.124    16909.124    16936.124    17023.124
   185:    17050.124    17080.124    17148.124    17181.124    17213.124
   190:    17241.124    17269.124    17298.124    17326.124    17354.124
   195:    17382.124    17411.124    17440.124    17473.124    17504.124
   200:    17537.124    17631.124    17660.124    17692.124    17725.124
   205:    17753.124    17785.124    17814.124    17845.124    17877.124
   210:    17908.124    17941.124    17975.124    18008.124    18040.124
   215:    18076.124    18111.124    18149.124    18187.124    18219.124
   220:    18246.124    18276.124    18306.124    18402.124    18434.124
   225:    18465.124    18497.124    18530.124    18562.124    18600.124
   230:    18630.124    18658.124    18689.124    18720.124    18752.124
   235:    18783.124    18814.124    18858.124    18895.124    18931.124
   240:    18967.124    19005.124    19041.124    19076.124    19110.124
   245:    19146.124    19179.124    19248.124    19281.124    19315.124
   250:    19343.124    19372.724    19372.920    19372.901    19372.094
   255:    19672.902    21172.910    21174.615    25024.625    25025.715
   260:    25376.125    25413.125    25444.125    25513.125    25545.125
   265:    25651.125    25689.125    25720.125    25752.125    25824.125
   270:    25855.125    25893.125    25926.125    26027.125    26089.125
   275:    26118.125    26145.125    26172.125    26200.125    26232.125
   280:    26264.125    26294.125    26325.125    26354.125    26386.125
   285:    26418.125    26448.125    26481.125    26513.125    26545.125
   290:    26579.125    26614.125    26653.125    26690.125    26728.125
   295:    26760.125    26795.125    26832.125    26865.125    26896.125
   300:    26927.125    26957.125    26993.125    27028.125    27069.125
   305:    27104.125    27136.125    27165.125    27198.125    27229.125
   310:    27263.125    27305.125    27463.125    27502.125    27533.125
   315:    27566.125    27599.125    27631.125    27666.125    27700.125
   320:    27738.125    27768.125    27802.125    27833.125    27876.125
   325:    27914.125    27979.125    28014.125    28051.125    28085.125
   330:    28117.125    28149.125    28178.125    28207.125    28239.125
   335:    28275.125    28310.125    28340.125    28373.125    28408.125
   340:    28448.125    28482.125    28513.125    28556.125    28596.125
   345:    28671.125    28707.125    28748.125    28789.125    28828.125
   350:    28895.725    28895.920    28895.901    28895.095    29195.902
   355:    30695.910    30697.612    32097.622    32098.712    32345.122
   360:    32412.122    32441.122    32518.122    32551.122    32581.122
   365:    32609.122    32670.122    32701.122    32731.122    32763.122
   370:    32795.122    32823.122    32855.122    32889.122    32918.122
   375:    32951.122    33016.122    33050.122    33084.122    33118.122
   380:    33149.122    33184.122    33221.122    33254.122    33287.122
   385:    33324.122    33360.122    33397.122    33433.122    33470.122
   390:    33505.722    33505.920    33505.901    33505.092    33805.902
   395:    35305.910    35307.611    36307.621    36308.811    36533.131
   400:    36570.131    36608.131    36641.131    36678.131    36709.131
   405:    36739.131    36770.131    36802.131    36835.131    36868.131
   410:    36904.131    36938.131    36969.131    37002.131    37031.131
   415:    37063.131    37096.131    37130.131    37162.131    37196.131
   420:    37229.131    37264.131    37297.131    37438.131    37473.131
   425:    37506.131    37539.131    37572.131    37605.131    37641.131
   430:    37677.131    37749.131    37786.131    37823.131    37859.131
   435:    37899.131    37939.131    37972.131    38005.131    38040.131
   440:    38074.131    38109.131    38144.131    38175.131    38206.131
   445:    38238.131    38273.131    38307.131    38383.131    38418.131
   450:    38455.131    38490.131    38523.131    38553.131    38584.131
   455:    38614.131    38649.131    38690.131    38723.131    38756.131
   460:    38791.131    38827.131    38863.131    38900.131    38936.131
   465:    38969.131    39001.131    39034.131    39066.131    39099.131
   470:    39130.131    39162.131    39195.131    39235.131    39272.131
   475:    39309.131    39341.131    39376.131    39407.131    39470.131
   480:    39503.131    39508.821    39508.920    41008.910    41010.615
   485:    44860.625    44861.715    45396.125    45569.125    45612.125
   490:    45721.125    45760.125    45823.125    45903.125    46005.125
   495:    46042.125    46264.125    46297.125    46365.125    46396.125
   500:    46431.125    46463.125    46495.125    46531.125    46560.125
   505:    46596.125    46633.125    46677.125    46709.125    46742.125
   510:    46777.125    46810.125    46845.125    46881.125    46962.125
   515:    47000.125    47080.125    47175.125    47215.125    47253.125
   520:    47288.125    47327.125    47365.125    47478.125    47510.125
   525:    47544.125    47585.125    47627.125    47706.125    47744.125
   530:    47787.125    47836.125    47915.125    47953.125    47993.125
   535:    48033.125    48074.125    48111.125    48149.125    48184.125
   540:    48219.125    48295.125    48364.125    48396.125    48428.125
   545:    48460.125    48489.125    48555.125    48593.125    48627.125
   550:    48659.125    48694.125    48729.725    48729.920    48729.901
   555:    48729.095    49029.902    50529.910    50531.612    51931.622
   560:    51932.812    52238.132    52272.132    52311.132    52340.132
   565:    52369.132    52401.132    52431.132    52464.132    52497.132
   570:    52527.132    52557.132    52590.132    52622.132    52655.132
   575:    52684.132    52717.132    52750.132    52783.132    52850.132
   580:    52884.132    52916.132    52950.132    52981.132    53021.132
   585:    53066.132    53103.132    53136.132    53168.132    53199.132
   590:    53233.132    53269.132    53304.132    53342.132    53379.132
   595:    53445.132    53479.132    53510.132    53543.132    53608.132
   600:    53640.132    53671.132    53704.132    53738.132    53773.132
   605:    53816.132    53863.132    53904.132    53937.132    53973.132
   610:    54012.132    54044.132    54078.132    54113.132    54148.132
   615:    54183.132    54223.132    54266.132    54304.132    54342.132
   620:    54376.132    54410.132    54487.132    54523.132    54556.132
   625:    54586.132    54618.132    54650.132    54721.132    54755.132
   630:    54791.132    54828.132    54864.132    54900.132    54963.132
   635:    54996.132    55036.132    55114.132    55152.132    55190.132
   640:    55228.132    55262.132    55298.132    55335.132    55370.132
   645:    55403.132    55487.132    55526.132    55532.822    55532.920
   650:    57032.910    57034.615    60884.625    60885.715    61811.125
   655:    61903.125    61952.125    62195.125    62311.125    62437.125
   660:    62489.125    62560.125    62636.125    62714.125    62763.125
   665:    62804.125    62840.125    62878.125    62951.125    62995.125
   670:    63034.125    63071.125    63104.125    63136.125    63209.125
   675:    63294.125    63363.125    63397.125    63435.125    63515.125
   680:    63556.125    63596.125    63634.125    63715.125    63756.125
   685:    63800.125    63845.125    63884.125    63921.125    63962.125
   690:    64039.125    64122.125    64166.125    64204.125    64244.125
   695:    64329.125    64374.125    64423.125    64461.125    64500.125
   700:    64583.125    64625.125    64664.125    64703.125    64767.725
   705:    64767.920    64767.901    64767.095    65067.902    66567.910
   710:    66569.612    67969.622    67970.712    68233.122    68272.122
   715:    68306.122    68344.122    68385.122    68419.122    68458.122
   720:    68498.122    68532.122    68566.122    68603.122    68639.122
   725:    68675.122    68714.122    68745.122    68778.122    68814.122
   730:    68850.122    68883.122    68919.122    68956.122    68991.122
   735:    69027.122    69067.122    69103.122    69138.122    69173.122
   740:    69208.122    69243.122    69277.122    69311.122    69347.122
   745:    69385.722    69385.920    69385.901    69385.092    69685.902
   750:    71185.910    71187.612    72587.622    72588.712    72908.122
   755:    72956.122    72995.122    73034.122    73072.122    73105.122
   760:    73134.122    73162.122    73190.122    73219.122    73250.122
   765:    73280.122    73311.122    73342.122    73406.122    73435.122
   770:    73468.122    73502.122    73533.122    73565.122    73598.122
   775:    73630.122    73662.122    73696.122    73731.122    73763.122
   780:    73798.122    73867.122    73902.122    73933.122    73966.122
   785:    74048.722    74048.920    74048.901    74048.092    74348.902
   790:    75848.910    75850.615    79700.625    79701.815    80359.135
   795:    80401.135    80779.135    80991.135    81074.135    81170.135
   800:    81245.135    81315.135    81353.135    81391.135    81429.135
   805:    81511.135    81554.135    81593.135    81636.135    81672.135
   810:    81747.135    81812.135    81847.135    81918.135    81989.135
   815:    82021.135    82097.135    82135.135    82177.135    82255.135
   820:    82295.135    82382.135    82458.135    82524.135    82560.135
   825:    82590.135    82624.135    82781.135    82818.135    82858.135
   830:    82895.135    82971.135    83007.135    83085.135    83131.135
   835:    83166.135    83204.135    83242.135    83280.135    83321.135
   840:    83355.135    83398.135    83436.135    83478.135    83521.135
   845:    83562.135    83600.135    83648.135    83683.135    83720.135
   850:    83790.135    83830.135    83879.135    83925.135    83997.135
   855:    84035.135    84074.135    84112.135    84182.135    84218.135
   860:    84262.135    84338.135    84415.135    84479.135    84514.135
   865:    84617.135    84650.135    84721.135    84802.135    84840.135
   870:    84889.135    84925.135    84985.135    85062.135    85104.135
   875:    85136.135    85209.135    85253.135    85288.135    85335.135
   880:    85377.135    85414.135    85452.135    85497.135    85531.135
   885:    85637.135    85682.135    85755.135    85796.135    85873.135
   890:    85916.135    85953.135    86029.135    86129.135    86170.135
   895:    86211.135    86247.135    86386.135    86427.135    86465.135
   900:    86534.135    86573.135    86637.135    86669.135    86729.135
   905:    86799.135    86839.135    86876.135    86909.135    86971.135
   910:    87006.135    87044.135    87082.135    87150.135    87221.135
   915:    87326.135    87368.135    87401.825    87401.920    88901.910
   920:    88903.612    90303.622    90304.712    90585.122    90618.122
   925:    90647.122    90708.122    90742.122    90772.122    90802.122
   930:    90832.122    90863.122    90893.122    90926.122    90958.122
   935:    90988.122    91020.122    91053.122    91085.122    91120.122
   940:    91152.122    91186.122    91224.122    91260.122    91331.122
   945:    91367.122    91400.122    91472.122    91506.122    91539.122
   950:    91577.122    91614.122    91655.122    91699.122    91783.722
   955:    91783.920    91783.901    91783.092    92083.902    93583.910
   960:    93585.611    94585.621    94586.711    94844.121    94876.121
   965:    94946.121    94981.121    95010.121    95041.121    95074.121
   970:    95106.121    95137.121    95170.121    95203.121    95234.121
   975:    95271.121    95303.121    95333.121    95371.121    95406.121
   980:    95440.121    95476.121    95511.121    95545.121    95579.121
   985:    95615.721    95615.920    95615.901    95615.091    95915.902
   990:    97415.910    97417.611    98417.621    98418.711    98716.121
   995:    98785.121    98816.121    98847.121    98880.121    98909.121
  1000:    98942.121    98974.121    99007.121    99039.121    99070.121
  1005:    99103.121    99136.121    99200.121    99231.121    99263.121
  1010:    99295.121    99361.121    99392.121    99425.721    99425.920
  1015:    99425.901    99425.091    99725.902   101225.910   101227.614
  1020:   103977.624   103978.814   104286.134   104325.134   104407.134
  1025:   104453.134   104493.134   104525.134   104563.134   104604.134
  1030:   104640.134   104726.134   104763.134   104800.134   104833.134
  1035:   104869.134   104901.134   104935.134   104968.134   105000.134
  1040:   105031.134   105062.134   105129.134   105174.134   105246.134
  1045:   105283.134   105318.134   105365.134   105401.134   105435.134
  1050:   105470.134   105510.134   105546.134   105645.134   105683.134
  1055:   105722.134   105759.134   105789.134   105852.134   105888.134
  1060:   105920.134   105955.134   105996.134   106036.134   106069.134
  1065:   106101.134   106167.134   106212.134   106259.134   106301.134
  1070:   106341.134   106413.134   106479.134   106518.134   106635.134
  1075:   106676.134   106718.134   106753.134   106835.134   106875.134
  1080:   106915.134   106953.134   107037.134   107081.134   107121.134
  1085:   107159.134   107224.134   107265.134   107299.134   107331.134
  1090:   107361.134   107396.134   107429.134   107471.134   107539.134
  1095:   107582.134   107623.134   107663.134   107738.134   107817.134
  1100:   107856.134   107932.134   107974.134   108022.134   108155.134
  1105:   108196.134   108310.134   108350.134   108397.134   108503.134
  1110:   108582.134   108650.134   108688.134   108734.134   108813.134
  1115:   108859.134   108899.134   108963.134   109034.134   109079.134
  1120:   109118.134   109200.134   109249.134   109292.134   109341.134
  1125:   109385.134   109454.134   109478.824   109478.920   110978.910
  1130:   110980.615   114830.625   114831.715   115578.125   115736.125
  1135:   115885.125   116512.125   116649.125   116697.125   116808.125
  1140:   116845.125   116888.125   117000.125   117078.125   117112.125
  1145:   117145.125   117178.125   117214.125   117279.125   117366.125
  1150:   117450.125   117535.125   117607.125   117643.125   117681.125
  1155:   117813.125   117895.125   117960.125   117999.125   118036.125
  1160:   118072.125   118119.125   118189.125   118227.125   118266.125
  1165:   118309.125   118362.125   118401.125   118448.125   118559.125
  1170:   118604.125   118647.125   118686.725   118686.920   118686.901
  1175:   118686.095   118986.902   120486.910   120488.614   123238.624
  1180:   123239.814   124235.134   124360.134   124400.134   124450.134
  1185:   124499.134   124651.134   124691.134   124732.134   124836.134
  1190:   124868.134   124901.134   124941.134   124982.134   125023.134
  1195:   125064.134   125101.134   125134.134   125168.134   125201.134
  1200:   125235.134   125269.134   125311.134   125353.134   125388.134
  1205:   125434.134   125481.134   125519.134   125663.134   125705.134
  1210:   125798.134   125837.134   125874.134   125915.134   125951.134
  1215:   125991.134   126033.134   126080.134   126114.134   126151.134
  1220:   126189.134   126228.134   126272.134   126314.134   126363.134
  1225:   126415.134   126463.134   126553.134   126626.134   126673.134
  1230:   126719.134   126761.134   126849.134   126893.134   126982.134
  1235:   127027.134   127105.134   127153.134   127201.134   127241.134
  1240:   127295.134   127366.134   127411.134   127456.134   127498.134
  1245:   127592.134   127640.134   127680.134   127780.134   127824.134
  1250:   127867.134   127912.134   128012.134   128098.134   128142.134
  1255:   128193.134   128235.134   128282.134   128378.134   128422.134
  1260:   128459.134   128508.134   128551.134   128619.134   128664.134
  1265:   128710.134   128739.824   128739.920   130239.910   130241.613
  1270:   132191.623   132192.713   132550.123   132609.123   132693.123
  1275:   132736.123   132770.123   132801.123   132831.123   132860.123
  1280:   132892.123   132924.123   132956.123   132986.123   133018.123
  1285:   133050.123   133081.123   133116.123   133149.123   133184.123
  1290:   133217.123   133250.123   133288.123   133325.123   133358.123
  1295:   133393.123   133427.123   133464.123   133502.123   133538.123
  1300:   133573.123   133611.123   133648.123   133686.123   133725.123
  1305:   133761.123   133798.123   133835.123   133877.123   133913.123
  1310:   133952.123   134028.123   134083.123   134123.123   134162.723
  1315:   134162.920   134162.901   134162.093   134462.902   135962.910
  1320:   135964.615   139814.625   139815.715   140506.125   140706.125
  1325:   140785.125   140870.125   140991.125   141182.125   141266.125
  1330:   141337.125   141416.125   141509.125   141594.125   141640.125
  1335:   141677.125   141760.125   141801.125   141882.125   141926.125
  1340:   142029.125   142116.125   142164.125   142208.125   142285.125
  1345:   142333.125   142370.125   142416.125   142510.125   142552.125
  1350:   142599.125   142645.125   142689.125   142738.125   142789.125
  1355:   142835.125   142886.125   142926.125   143006.125   143056.125
  1360:   143103.125   143148.125   143191.125   143275.125   143322.125
  1365:   143418.125   143461.125   143543.125   143589.125   143634.125
  1370:   143688.725   143688.920   143688.901   143688.095   143988.902
  1375:   145488.910   145490.614   148240.624   148241.714   148880.124
  1380:   148923.124   148970.124   149084.124   149204.124   149244.124
  1385:   149630.124   149671.124   149713.124   149793.124   149864.124
  1390:   150021.124   150098.124   150134.124   150168.124   150206.124
  1395:   150244.124   150276.124   150306.124   150343.124   150385.124
  1400:   150421.124   150458.124   150548.124   150634.124   150677.124
  1405:   150717.124   150761.124   150809.124   150889.124   150935.124
  1410:   150977.124   151017.724   151017.920   151017.901   151017.094
  1415:   151317.902   152817.910   152819.615   156669.625   156670.815
  1420:   157186.135   158875.135   158913.135   158948.135   158998.135
  1425:   159038.135   159159.135   159199.135   159246.135   159367.135
  1430:   159569.135   159604.135   159633.135   159665.135   159697.135
  1435:   159737.135   159782.135   159867.135   159905.135   159993.135
  1440:   160032.135   160075.135   160120.135   160161.135   160199.135
  1445:   160247.135   160338.135   160427.135   160472.135   160514.135
  1450:   160560.135   160596.135   160641.135   160726.135   160772.135
  1455:   160815.135   160864.135   160907.135   160951.135   160994.135
  1460:   161035.135   161078.135   161146.135   161183.135   161226.135
  1465:   161270.135   161312.135   161358.135   161399.135   161442.135
  1470:   161485.135   161537.135   161581.135   161624.135   161670.135
  1475:   161767.135   161816.135   161863.135   161939.135   161987.135
  1480:   162029.135   162074.135   162119.135   162165.135   162212.135
  1485:   162254.135   162351.135   162396.135   162437.135   162481.135
  1490:   162551.135   162596.135   162635.135   162683.135   162722.135
  1495:   162801.135   162844.135   162888.135   162939.135   162975.135
  1500:   163025.135   163066.135   163139.135   163186.135   163222.135
  1505:   163265.135   163312.135   163358.135   163404.135   163472.135
  1510:   163580.135   163623.135   163675.135   163762.135   163808.135
  1515:   163854.135   163963.135   164181.135   164235.135   164298.135
  1520:   164358.135   164370.825   164370.920   165870.910   165872.612
  1525:   167272.622   167273.812   167592.132   167624.132   167656.132
  1530:   167693.132   167734.132   167774.132   167807.132   167839.132
  1535:   167871.132   167905.132   167938.132   167972.132   168006.132
  1540:   168039.132   168075.132   168109.132   168145.132   168181.132
  1545:   168218.132   168254.132   168290.132   168326.132   168365.132
  1550:   168404.132   168445.132   168483.132   168520.132   168557.132
  1555:   168599.132   168640.132   168682.132   168721.132   168760.132
  1560:   168799.132   168835.132   168871.132   168907.132   168944.132
  1565:   168979.132   169016.132   169053.132   169094.132   169138.132
  1570:   169181.132   169224.132   169267.132   169306.132   169343.132
  1575:   169387.132   169432.132   169478.132   169524.132   169565.132
  1580:   169606.132   169651.132   169688.132   169723.132   169764.132
  1585:   169805.132   169847.132   169889.132   169926.132   170031.132
  1590:   170074.132   170114.132   170204.132   170253.132   170302.132
  1595:   170349.132   170449.132   170498.132   170545.132   170618.132
  1600:   170662.132   170711.132   170792.132   170839.132   170873.822
  1605:   170873.920   170885.411   172373.910   172375.614   175125.624
  1610:   175126.714   175363.124   175413.124   175452.124   175492.124
  1615:   175532.124   175562.124   175595.124   175630.124   175670.124
  1620:   175702.124   175782.124   175821.124   175866.124   175905.124
  1625:   175946.124   175984.124   176019.124   176055.124   176088.124
  1630:   176126.124   176166.124   176202.124   176235.124   176272.124
  1635:   176314.124   176352.124   176389.124   176426.124   176466.124
  1640:   176508.124   176545.124   176582.124   176625.124   176674.124
  1645:   176712.124   176750.124   176791.124   176836.124   176873.124
  1650:   176915.124   176962.124   177002.124   177047.124   177087.124
  1655:   177126.124   177246.124   177316.124   177361.124   177408.124
  1660:   177453.124   177543.124   177629.124   177675.124   177718.124
  1665:   177929.724   177929.920   177929.901   177929.094   178229.902
  1670:   179729.910   179731.612   181131.622   181132.712   181469.122
  1675:   181522.122   181561.122   181592.122   181686.122   181720.122
  1680:   181749.122   181781.122   181817.122   181856.122   181889.122
  1685:   181921.122   181959.122   181992.122   182026.122   182062.122
  1690:   182094.122   182127.122   182162.122   182200.122   182235.122
  1695:   182272.122   182314.122   182348.122   182382.122   182415.122
  1700:   182449.122   182489.122   182525.122   182561.722   182561.920
  1705:   182561.901   182561.092   182861.902   184361.910   184363.615
  1710:   188213.625   188214.715   189037.125   189565.125   189708.125
  1715:   189755.125   189836.125   189905.125   190130.125   190214.125
  1720:   190408.125   190446.125   190525.125   190605.125   190688.125
  1725:   190800.125   190917.125   191002.125   191049.125   191166.125
  1730:   191223.125   191269.125   191319.125   191362.125   191406.125
  1735:   191488.125   191603.125   191640.125   191726.125   191770.125
  1740:   191816.125   191900.125   191943.125   191988.125   192032.125
  1745:   192080.725   192080.920   192080.901   192080.095   192380.902
  1750:   193880.910   193882.612   195282.622   195283.712   195530.122
  1755:   195574.122   195610.122   195648.122   195688.122   195716.122
  1760:   195751.122   195796.122   195829.122   195861.122   195897.122
  1765:   195935.122   195968.122   196001.122   196040.122   196075.122
  1770:   196110.122   196143.122   196178.122   196211.122   196245.122
  1775:   196280.122   196312.122   196348.122   196385.122   196421.122
  1780:   196457.122   196492.122   196528.122   196565.122   196602.122
  1785:   196647.122   196686.722   196686.920   196686.901   196686.092
  1790:   196986.902   198486.910   198488.612   199888.622   199889.712
  1795:   200184.122   200220.122   200259.122   200292.122   200381.122
  1800:   200418.122   200453.122   200487.122   200525.122   200556.122
  1805:   200593.122   200623.122   200655.122   200687.122   200719.122
  1810:   200759.122   200794.122   200828.122   200864.122   200900.122
  1815:   200936.122   200971.122   201007.122   201042.122   201077.122
  1820:   201113.122   201153.122   201192.122   201229.122   201268.122
  1825:   201307.722   201307.920   201307.901   201307.092   201607.902
  1830:   203107.910   203109.611   204109.621   204110.711   204317.121
  1835:   204395.121   204438.121   204475.121   204513.121   204550.121
  1840:   204589.121   204627.121   204660.121   204693.121   204725.121
  1845:   204757.121   204791.121   204824.121   204860.121   204898.121
  1850:   204934.121   204968.121   205005.121   205042.121   205078.121
  1855:   205114.721   205114.920   205114.901   205114.091   205414.902
  1860:   206914.910   206916.615   210766.625   210767.815   211537.135
  1865:   211587.135   211641.135   211685.135   211805.135   211859.135
  1870:   211980.135   212020.135   212063.135   212092.135   212127.135
  1875:   212162.135   212195.135   212229.135   212269.135   212308.135
  1880:   212347.135   212390.135   212426.135   212498.135   212538.135
  1885:   212580.135   212663.135   212705.135   212743.135   212783.135
  1890:   212822.135   212860.135   212894.135   212930.135   212966.135
  1895:   213005.135   213040.135   213083.135   213131.135   213172.135
  1900:   213218.135   213259.135   213311.135   213358.135   213432.135
  1905:   213477.135   213536.135   213582.135   213632.135   213671.135
  1910:   213757.135   213804.135   213848.135   213970.135   214013.135
  1915:   214053.135   214104.135   214189.135   214232.135   214276.135
  1920:   214365.135   214410.135   214453.135   214544.135   214593.135
  1925:   214636.135   214724.135   214810.135   214857.135   214909.135
  1930:   214993.135   215049.135   215151.135   215269.135   215321.135
  1935:   215371.135   215465.135   215544.135   215592.135   215645.135
  1940:   215743.135   216029.135   216114.135   216200.135   216447.135
  1945:   216681.135   216734.135   216895.135   217117.135   217163.135
  1950:   217205.135   217397.135   217450.135   217493.135   217668.135
  1955:   217855.135   217939.135   218141.135   218190.135   218237.135
  1960:   218394.135   218432.135   218467.825   218467.920   219967.910
  1965:   219969.612   221369.622   221370.712   221633.122   221668.122
  1970:   221705.122   221744.122   221773.122   221806.122   221839.122
  1975:   221871.122   221906.122   221943.122   221977.122   222010.122
  1980:   222045.122   222080.122   222117.122   222152.122   222187.122
  1985:   222222.122   222233.122   222272.122   222307.122   222342.122
  1990:   222378.122   222414.122   222451.122   222488.122   222525.122
  1995:   222562.122   222604.122   222642.122   222677.122   222715.122
  2000:   222754.122   222798.722   222798.920   222798.901   222798.092
  2005:   223098.902   224598.910   224600.611   225600.621   225601.711
  2010:   225832.121   225872.121   225912.121   225948.121   225981.121
  2015:   226016.121   226048.121   226079.121   226112.121   226148.121
  2020:   226182.121   226216.121   226253.121   226292.121   226332.121
  2025:   226367.121   226402.121   226437.121   226472.121   226506.121
  2030:   226542.121   226580.121   226616.721   226616.920   226616.901
  2035:   226616.091   226916.902   228416.910   228418.614   231168.624
  2040:   231169.814   231611.134   231855.134   231897.134   231979.134
  2045:   232022.134   232307.134   232346.134   232479.134   232609.134
  2050:   232695.134   232743.134   232785.134   232849.134   232888.134
  2055:   232933.134   232977.134   233018.134   233107.134   233153.134
  2060:   233195.134   233284.134   233374.134   233421.134   233467.134
  2065:   233564.134   233611.134   233646.134   233685.134   233767.134
  2070:   233815.134   233856.134   233893.134   233928.134   233969.134
  2075:   234062.134   234108.134   234316.134   234371.134   234416.134
  2080:   234464.134   234504.134   234550.134   234590.134   234634.134
  2085:   234677.134   234731.134   234816.134   234860.134   234905.134
  2090:   234999.134   235048.134   235262.134   235349.134   235407.134
  2095:   235451.134   235498.134   235977.134   236026.134   236121.134
  2100:   236330.134   236371.134   236419.134   236669.824   236669.920
  2105:   238169.910   238171.611   239171.621   239172.711   239688.121
  2110:   239731.121   239769.121   239805.121   239837.121   239885.121
  2115:   239918.121   239951.121   239984.121   240021.121   240056.121
  2120:   240088.121   240121.121   240156.121   240197.721   240197.920
  2125:   240197.901   240197.091   240497.902   241997.910   241999.613
  2130:   243949.623   243950.713   244329.123   244405.123   244668.123
  2135:   244715.123   244754.123   244791.123   244830.123   244969.123
  2140:   245006.123   245056.123   245097.123   245137.123   245295.123
  2145:   245341.123   245380.123   245421.123   245505.123   245550.123
  2150:   245592.123   245674.123   245760.123   245847.123   245890.123
  2155:   245932.723   245932.920   245932.901   245932.093   246232.902
  2160:   247732.910   247734.612   249134.622   249135.712   249392.122
  2165:   249435.122   249472.122   249518.122   249556.122   249591.122
  2170:   249624.122   249660.122   249695.122   249728.122   249761.122
  2175:   249793.122   249826.122   249860.122   249894.122   249929.122
  2180:   249963.122   249998.122   250033.122   250072.122   250108.122
  2185:   250145.122   250183.122   250224.122   250266.122   250308.122
  2190:   250347.122   250382.122   250417.122   250451.122   250488.122
  2195:   250524.122   250562.722   250562.920   250562.901   250562.092
  2200:   250862.902   252362.910   252364.611   253364.621   253365.811
  2205:   253655.131   253810.131   253851.131   253883.131   253921.131
  2210:   253951.131   253982.131   254015.131   254052.131   254087.131
  2215:   254121.131   254155.131   254188.131   254225.131   254261.131
  2220:   254295.131   254328.131   254366.131   254401.131   254437.131
  2225:   254471.131   254507.131   254548.131   254584.131   254621.131
  2230:   254658.131   254695.131   254734.131   254774.131   254810.131
  2235:   254852.131   254890.131   254925.131   254961.131   255002.131
  2240:   255040.131   255076.131   255086.131   255128.131   255172.131
  2245:   255207.131   255247.131   255283.131   255319.131   255360.131
  2250:   255402.131   255447.131   255490.131   255532.131   255582.131
  2255:   255664.131   255704.131   255744.131   255780.131   255816.131
  2260:   255912.131   256003.131   256048.131   256095.131   256139.131
  2265:   256184.131   256272.131   256366.131   256407.131   256455.131
  2270:   256501.131   256540.131   256565.821   256565.920   256574.411
  2275:   258065.910   258067.612   259467.622   259468.712   259881.122
  2280:   259929.122   259964.122   259993.122   260031.122   260062.122
  2285:   260096.122   260129.122   260159.122   260189.122   260219.122
  2290:   260251.122   260283.122   260316.122   260348.122   260382.122
  2295:   260414.122   260448.122   260482.122   260516.122   260551.122
  2300:   260585.122   260620.122   260652.122   260690.122   260727.122
  2305:   260763.122   260798.122   260834.122   260871.722   260871.920
  2310:   260871.901   260871.092   261171.902   262671.910   262673.614
  2315:   265423.624   265424.714   266057.124   266109.124   266321.124
  2320:   266510.124   266557.124   266900.124   267016.124   267128.124
  2325:   267250.124   267337.124   267384.124   267764.124   267850.124
  2330:   268057.124   268134.124   268172.124   268252.724   268252.920
  2335:   268252.901   268252.094   268552.902   270052.910   270054.615
  2340:   273904.625   273905.715   274643.125   274911.125   275341.125
  2345:   275418.125   275495.125   275577.125   275655.125   275732.125
  2350:   275816.125   275860.125   275901.125   275985.125   276032.125
  2355:   276120.125   276160.125   276200.125   276286.125   276328.125
  2360:   276372.125   276464.125   276510.125   276550.125   276595.125
  2365:   276636.125   276720.125   276764.125   276814.125   276863.125
  2370:   276907.125   276997.125   277040.125   277082.125   277169.125
  2375:   277213.125   277257.125   277302.125   277340.125   277381.125
  2380:   277423.125   277469.125   277511.125   277558.125   277595.125
  2385:   277642.125   277688.125   277730.125   277776.725   277776.920
  2390:   277776.901   277776.095   278076.902   279576.910   279578.612
  2395:   280978.622   280979.712   281276.122   281317.122   281348.122
  2400:   281381.122   281421.122   281460.122   281497.122   281530.122
  2405:   281565.122   281599.122   281635.122   281667.122   281702.122
  2410:   281737.122   281771.122   281806.122   281841.122   281875.122
  2415:   281916.122   281953.122   281991.122   282028.122   282064.122
  2420:   282100.122   282139.122   282175.122   282216.122   282254.122
  2425:   282293.122   282333.122   282368.122   282406.722   282406.920
  2430:   282406.901   282406.092   282706.902   284206.910   284208.611
  2435:   285208.621   285209.711   285560.121   285597.121   285632.121
  2440:   285667.121   285709.121   285750.121   285788.121   285822.121
  2445:   285857.121   285890.121   285925.121   285958.121   285993.121
  2450:   286026.121   286061.121   286094.121   286128.121   286164.121
  2455:   286202.121   286237.721   286237.920   286237.901   286237.091
  2460:   286537.902   288037.910   288039.613   289989.623   289990.713
  2465:   290290.123   290344.123   290422.123   290458.123   290493.123
  2470:   290523.123   290568.123   290603.123   290632.123   290666.123
  2475:   290699.123   290732.123   290763.123   290797.123   290831.123
  2480:   290866.123   290901.123   290935.123   290973.123   291010.123
  2485:   291049.123   291090.123   291132.123   291168.123   291204.123
  2490:   291239.123   291277.123   291314.123   291348.123   291386.123
  2495:   291422.123   291458.123   291498.123   291537.123   291577.123
  2500:   291617.123   291660.123   291699.123   291736.123   291779.123
  2505:   291821.123   291859.123   291901.123   291942.723   291942.920
  2510:   291942.901   291942.093   292242.902   293742.910   293744.613
  2515:   295694.623   295695.813   295985.133   296040.133   296082.133
  2520:   296122.133   296153.133   296191.133   296234.133   296267.133
  2525:   296299.133   296331.133   296367.133   296401.133   296434.133
  2530:   296470.133   296504.133   296541.133   296585.133   296621.133
  2535:   296655.133   296690.133   296726.133   296764.133   296800.133
  2540:   296839.133   296891.133   296930.133   296969.133   297011.133
  2545:   297050.133   297146.133   297190.133   297230.133   297274.133
  2550:   297315.133   297352.133   297388.133   297425.133   297461.133
  2555:   297499.133   297536.133   297581.133   297619.133   297656.133
  2560:   297698.133   297739.133   297779.133   297823.133   297868.133
  2565:   297916.133   298011.133   298083.133   298138.133   298283.133
  2570:   298325.133   298367.133   298415.133   298543.133   298551.133
  2575:   298640.133   298713.133   298756.133   298797.133   298898.133
  2580:   298942.133   299027.133   299110.133   299156.133   299197.133
  2585:   299243.133   299282.133   299403.133   299478.133   299520.133
  2590:   299569.133   299616.133   299654.133   299708.133   299829.133
  2595:   299895.823   299895.920   301395.910   301397.613   303347.623
  2600:   303348.813   303652.133   303700.133   303740.133   303774.133
  2605:   303822.133   303857.133   303886.133   303919.133   303953.133
  2610:   303988.133   304020.133   304052.133   304083.133   304116.133
  2615:   304153.133   304190.133   304228.133   304263.133   304298.133
  2620:   304338.133   304377.133   304415.133   304451.133   304488.133
  2625:   304527.133   304566.133   304605.133   304647.133   304689.133
  2630:   304727.133   304769.133   304809.133   304846.133   304882.133
  2635:   304916.133   304953.133   304990.133   305028.133   305068.133
  2640:   305107.133   305148.133   305188.133   305229.133   305274.133
  2645:   305317.133   305360.133   305400.133   305435.133   305470.133
  2650:   305514.133   305557.133   305596.133   305632.133   305669.133
  2655:   305705.133   305761.133   305804.133   305863.133   305909.133
  2660:   305953.133   306001.133   306095.133   306167.133   306209.133
  2665:   306263.133   306362.133   306406.133   306446.133   306497.133
  2670:   306538.133   306577.133   306613.133   306657.133   306760.133
  2675:   306847.133   306913.133   306958.133   307015.133   307064.133
  2680:   307191.133   307275.133   307319.133   307363.133   307411.133
  2685:   307494.133   307539.133   307548.823   307548.920   309048.910
  2690:   309050.615   312900.625   312901.715   314648.125   314820.125
  2695:   314858.125   314901.125   314999.125   315161.125   315242.125
  2700:   315287.125   315366.125   315412.125   315493.125   315578.125
  2705:   315624.125   315664.125   315744.125   315789.125   315832.125
  2710:   315877.125   315963.125   316012.125   316057.125   316099.125
  2715:   316184.125   316231.125   316276.125   316317.125   316398.125
  2720:   316439.125   316528.125   316573.125   316620.125   316704.125
  2725:   316749.125   316793.725   316793.920   316793.901   316793.095
  2730:   317093.902   318593.910   318595.613   320545.623   320546.713
  2735:   321070.123   321198.123   321432.123   321472.123   321510.123
  2740:   321599.123   321687.123   321734.123   321776.123   321817.123
  2745:   321860.123   321906.123   321946.123   322079.123   322166.123
  2750:   322213.123   322300.123   322382.123   322421.123   322507.723
  2755:   322507.920   322507.901   322507.093   322807.902   324307.910
  2760:   324309.613   326259.623   326260.713   326653.123   326704.123
  2765:   326881.123   326927.123   327245.123   327282.123   327544.123
  2770:   327590.123   327629.123   327664.123   327695.123   327728.123
  2775:   327758.123   327792.123   327826.123   327857.123   327891.123
  2780:   327927.123   328006.123   328108.123   328185.123   328274.723
  2785:   328274.920   328274.901   328274.093   328574.902   330074.910
  2790:   330076.613   332026.623   332027.713   332850.123   333218.123
  2795:   333254.123   333290.123   333329.123   333362.123   333392.123
  2800:   333436.123   333477.123   333509.123   333547.123   333592.123
  2805:   333625.123   333660.123   333747.123   333788.123   333827.123
  2810:   333864.123   333899.123   333935.123   333971.123   334011.723
  2815:   334011.920   334011.901   334011.093   334311.902   335811.910
  2820:   335813.612   337213.622   337214.712   337529.122   337568.122
  2825:   337604.122   337637.122   337667.122   337709.122   337751.122
  2830:   337782.122   337818.122   337858.122   337893.122   337926.122
  2835:   337959.122   337994.122   338029.122   338063.122   338100.122
  2840:   338133.122   338166.122   338200.122   338234.122   338269.122
  2845:   338307.122   338343.122   338382.122   338417.122   338454.122
  2850:   338491.122   338533.122   338570.122   338607.122   338642.722
  2855:   338642.920   338642.901   338642.092   338942.902   340442.910
  2860:   340444.614   343194.624   343195.814   344090.134   344328.134
  2865:   344494.134   344571.134   344768.134   345059.134   345199.134
  2870:   345233.134   345276.134   345355.134   345390.134   345425.134
  2875:   345463.134   345498.134   345539.134   345571.134   345632.134
  2880:   345772.134   345825.134   345868.134   345916.134   345953.134
  2885:   345999.134   346040.134   346080.134   346121.134   346163.134
  2890:   346208.134   346291.134   346334.134   346377.134   346424.134
  2895:   346463.134   346504.134   346551.134   346598.134   346647.134
  2900:   346689.134   346736.134   346780.134   346824.134   346870.134
  2905:   346917.134   346964.134   347004.134   347046.134   347133.134
  2910:   347221.134   347262.134   347304.134   347382.134   347420.134
  2915:   347504.134   347545.134   347586.134   347633.134   347685.134
  2920:   347729.134   347773.134   347841.134   347884.134   347923.134
  2925:   348008.134   348089.134   348129.134   348174.134   348214.134
  2930:   348258.134   348307.134   348395.134   348444.134   348525.134
  2935:   348567.134   348639.134   348682.134   348695.824   348695.920
  2940:   350195.910   350197.614   352947.624   352948.714   353523.124
  2945:   354097.124   354185.124   354503.124   354549.124   354653.124
  2950:   354733.124   354814.124   354854.124   354932.124   354972.124
  2955:   355050.124   355095.124   355171.124   355212.124   355256.124
  2960:   355341.124   355382.124   355425.124   355463.124   355505.124
  2965:   355549.124   355646.124   355745.724   355745.920   355745.901
  2970:   355745.094   356045.902   357545.910   357547.613   359497.623
  2975:   359498.713   360363.123   360406.123   360447.123   360483.123
  2980:   360524.123   360567.123   360606.123   360659.123   360846.123
  2985:   360884.123   360914.123   360947.123   360982.123   361026.123
  2990:   361060.123   361095.123   361135.123   361170.123   361207.123
  2995:   361242.123   361278.123   361316.123   361354.123   361395.123
  3000:   361435.123   361470.723   361470.920   361470.901   361470.093
  3005:   361770.902   363270.910   363272.612   364672.622   364673.712
  3010:   364949.122   364989.122   365028.122   365063.122   365107.122
  3015:   365141.122   365173.122   365215.122   365247.122   365279.122
  3020:   365316.122   365352.122   365387.122   365432.122   365472.122
  3025:   365507.122   365539.122   365573.122   365606.122   365640.122
  3030:   365677.122   365716.122   365752.122   365787.122   365823.122
  3035:   365867.122   365907.122   365944.122   365982.122   366019.122
  3040:   366055.122   366089.722   366089.920   366089.901   366089.092
  3045:   366389.902   367889.910   367891.614   370641.624   370642.714
  3050:   372114.124   372242.124   372292.124   372343.124   372379.124
  3055:   372458.124   372508.124   372651.124   372692.124   372734.124
  3060:   372775.124   372804.124   372845.124   372883.124   372913.124
  3065:   372944.124   372978.124   373017.124   373056.124   373099.124
  3070:   373143.124   373176.124   373209.124   373250.124   373284.124
  3075:   373319.124   373353.124   373389.124   373426.724   373426.920
  3080:   373426.901   373426.094   373726.902   375226.910   375228.615
  3085:   379078.625   379079.715   379736.125   379816.125   379854.125
  3090:   380128.125   380207.125   380323.125   380425.125   380538.125
  3095:   380569.125   380602.125   380680.125   380768.125   380818.125
  3100:   380849.125   380882.125   380924.125   380956.125   380991.125
  3105:   381027.125   381062.125   381098.125   381135.125   381178.125
  3110:   381254.125   381293.125   381333.125   381373.125   381407.125
  3115:   381446.125   381484.125   381518.125   381553.125   381587.125
  3120:   381621.125   381656.125   381694.125   381732.125   381769.125
  3125:   381814.125   381858.125   381895.125   381934.125   381971.125
  3130:   382012.125   382052.125   382102.125   382203.125   382246.125
  3135:   382289.125   382330.125   382372.125   382414.125   382464.125
  3140:   382503.125   382545.125   382586.125   382627.125   382669.125
  3145:   382760.125   382802.125   382844.125   382889.125   382935.725
  3150:   382935.920   382935.901   382935.095   383235.902   384735.910
  3155:   384737.611   385737.621   385738.811   385981.131   386029.131
  3160:   386061.131   386094.131   386126.131   386167.131   386204.131
  3165:   386234.131   386267.131   386300.131   386333.131   386367.131
  3170:   386403.131   386437.131   386472.131   386506.131   386539.131
  3175:   386574.131   386609.131   386643.131   386677.131   386712.131
  3180:   386750.131   386784.131   386821.131   386855.131   386888.131
  3185:   386924.131   386966.131   387010.131   387059.131   387097.131
  3190:   387133.131   387168.131   387200.131   387240.131   387277.131
  3195:   387315.131   387349.131   387396.131   387438.131   387475.131
  3200:   387512.131   387549.131   387585.131   387626.131   387667.131
  3205:   387701.131   387737.131   387775.131   387813.131   387850.131
  3210:   387892.131   387931.131   387968.131   388006.131   388054.131
  3215:   388132.131   388174.131   388212.131   388306.131   388398.131
  3220:   388441.131   388488.131   388535.131   388617.131   388657.131
  3225:   388735.131   388776.131   388817.131   388862.131   388905.131
  3230:   388938.821   388938.920   388951.411   390438.910   390440.613
  3235:   392390.623   392391.713   392895.123   392931.123   392962.123
  3240:   392991.123   393029.123   393060.123   393091.123   393124.123
  3245:   393157.123   393194.123   393228.123   393265.123   393302.123
  3250:   393334.123   393365.123   393401.123   393435.123   393471.123
  3255:   393507.123   393547.123   393581.123   393615.123   393703.123
  3260:   393743.123   393775.123   393809.123   393845.123   393881.123
  3265:   393919.123   393956.123   393995.123   394030.123   394068.123
  3270:   394107.123   394147.123   394190.123   394223.123   394262.123
  3275:   394303.123   394342.723   394342.920   394342.901   394342.093
  3280:   394642.902   396142.910   396144.612   397544.622   397545.712
  3285:   397645.122   397693.122   397729.122   397772.122   397879.122
  3290:   397916.122   397954.122   397984.122   398013.122   398044.122
  3295:   398079.122   398119.122   398150.122   398180.122   398213.122
  3300:   398247.122   398284.122   398315.122   398348.122   398382.122
  3305:   398420.122   398454.122   398485.122   398518.122   398552.122
  3310:   398586.122   398622.122   398657.122   398693.122   398730.122
  3315:   398764.122   398801.122   398838.122   398877.122   398912.122
  3320:   398949.722   398949.920   398949.901   398949.092   399249.902
  3325:   400749.910   400751.615   404601.625   404602.815   404972.135
  3330:   405078.135   405118.135   405277.135   405450.135   405528.135
  3335:   405574.135   405614.135   405652.135   405733.135   405818.135
  3340:   405862.135   405901.135   405941.135   406020.135   406063.135
  3345:   406104.135   406147.135   406184.135   406229.135   406315.135
  3350:   406385.135   406425.135   406466.135   406507.135   406553.135
  3355:   406594.135   406680.135   406725.135   406766.135   406806.135
  3360:   406846.135   406888.135   406971.135   407012.135   407057.135
  3365:   407139.135   407186.135   407226.135   407269.135   407306.135
  3370:   407348.135   407424.135   407463.135   407506.135   407546.135
  3375:   407635.135   407676.135   407721.135   407792.135   407830.135
  3380:   407878.135   407917.135   407955.135   407995.135   408073.135
  3385:   408147.135   408190.135   408232.135   408321.135   408581.135
  3390:   408621.135   408668.135   408793.135   408884.135   408968.135
  3395:   409016.135   409097.135   409186.135   409229.135   409307.135
  3400:   409507.135   409584.135   409740.135   409823.135   409965.135
  3405:   410187.135   410239.135   410311.135   410568.135   410640.135
  3410:   410694.135   410740.135   411123.135   411170.135   411253.135
  3415:   411786.135   411870.135   411959.135   412091.135   412135.135
  3420:   412180.135   412228.135   412268.135   412302.825   412302.920
  3425:   412309.411   413802.910   413804.613   415754.623   415755.713
  3430:   416022.123   416062.123   416095.123   416124.123   416156.123
  3435:   416188.123   416221.123   416264.123   416296.123   416327.123
  3440:   416360.123   416392.123   416427.123   416458.123   416494.123
  3445:   416528.123   416563.123   416598.123   416632.123   416666.123
  3450:   416700.123   416734.123   416773.123   416809.123   416843.123
  3455:   416876.123   416911.123   416945.123   416980.123   417019.123
  3460:   417054.123   417091.123   417127.123   417162.123   417202.123
  3465:   417238.123   417272.123   417308.123   417345.123   417385.123
  3470:   417421.123   417459.123   417561.123   417606.123   417653.123
  3475:   417692.123   417732.723   417732.920   417732.901   417732.093
  3480:   418032.902   419532.910   419534.614   422284.624   422285.714
  3485:   422766.124   422807.124   422858.124   422915.124   422965.124
  3490:   423011.124   423049.124   423079.124   423117.124   423146.124
  3495:   423178.124   423215.124   423248.124   423279.124   423363.124
  3500:   423397.124   423431.124   423550.124   423584.124   423615.124
  3505:   423651.124   423685.124   423718.124   423757.124   423790.124
  3510:   423825.124   423861.124   423893.124   423926.124   423959.124
  3515:   423994.124   424033.124   424068.124   424107.124   424148.124
  3520:   424188.124   424284.124   424373.124   424417.124   424496.124
  3525:   424538.124   424579.124   424619.124   424659.124   424699.124
  3530:   424740.124   424785.124   424824.124   424864.124   424911.124
  3535:   424953.124   425037.724   425037.920   425037.901   425037.094
  3540:   425337.902   426837.910   426839.614   429589.624   429590.714
  3545:   429827.124   429952.124   430045.124   430212.124   430249.124
  3550:   430279.124   430318.124   430403.124   430436.124   430464.124
  3555:   430499.124   430528.124   430557.124   430586.124   430617.124
  3560:   430653.124   430684.124   430716.124   430752.124   430789.124
  3565:   430820.124   430905.124   430946.124   430979.124   431014.124
  3570:   431066.124   431114.124   431153.124   431191.124   431225.124
  3575:   431258.124   431293.124   431328.124   431375.124   431412.124
  3580:   431447.124   431483.124   431561.124   431599.124   431634.124
  3585:   431669.124   431706.124   431742.124   431777.124   431813.124
  3590:   431906.124   431983.124   432024.124   432066.124   432155.124
  3595:   432237.124   432285.124   432324.124   432364.724   432364.920
  3600:   432364.901   432364.094   432664.902   434164.910   434166.615
  3605:   438016.625   438017.715   438177.125   438222.125   438610.125
  3610:   438693.125   438774.125   438852.125   438939.125   438985.125
  3615:   439066.125   439150.125   439190.125   439230.125   439268.125
  3620:   439308.125   439347.125   439385.125   439425.125   439469.125
  3625:   439508.125   439547.125   439587.125   439630.125   439667.125
  3630:   439747.125   439791.125   439833.125   439873.125   439916.125
  3635:   439997.125   440043.125   440079.125   440120.125   440201.125
  3640:   440248.125   440293.125   440333.125   440373.125   440413.125
  3645:   440505.125   440546.125   440624.125   440664.125   440706.125
  3650:   440748.125   440790.125   440828.125   440870.125   440906.125
  3655:   440985.125   441032.125   441073.125   441116.125   441189.125
  3660:   441238.125   441298.125   441470.125   441523.125   441570.125
  3665:   441630.125   441679.125   441741.125   441967.725   441967.920
  3670:   441967.901   441967.095   442267.902   443767.910   443769.614
  3675:   446519.624   446520.714   446649.124   446732.124   446860.124
  3680:   447031.124   447064.124   447140.124   447173.124   447202.124
  3685:   447235.124   447265.124   447299.124   447332.124   447362.124
  3690:   447442.124   447475.124   447511.124   447546.124   447575.124
  3695:   447608.124   447642.124   447678.124   447710.124   447747.124
  3700:   447778.124   447809.124   447841.124   447875.124   447911.124
  3705:   447944.124   447980.124   448018.124   448057.124   448094.124
  3710:   448133.124   448174.124   448266.124   448310.124   448352.124
  3715:   448438.124   448517.124   448562.124   448602.124   448645.124
  3720:   448693.124   448773.124   448817.124   448857.124   448899.124
  3725:   448939.124   448981.124   449024.124   449062.124   449104.124
  3730:   449184.124   449227.124   449313.724   449313.920   449313.901
  3735:   449313.094   449613.902   451113.910   451115.613   453065.623
  3740:   453066.813   453274.133   453332.133   453811.133   453870.133
  3745:   454008.133   454054.133   454091.133   454127.133   454159.133
  3750:   454193.133   454225.133   454256.133   454287.133   454326.133
  3755:   454359.133   454391.133   454426.133   454464.133   454498.133
  3760:   454533.133   454571.133   454614.133   454650.133   454685.133
  3765:   454721.133   454754.133   454788.133   454821.133   454853.133
  3770:   454889.133   454923.133   454961.133   454998.133   455034.133
  3775:   455069.133   455103.133   455138.133   455174.133   455209.133
  3780:   455243.133   455315.133   455353.133   455393.133   455430.133
  3785:   455467.133   455510.133   455553.133   455590.133   455625.133
  3790:   455660.133   455694.133   455730.133   455771.133   455814.133
  3795:   455858.133   455893.133   455931.133   455973.133   456066.133
  3800:   456110.133   456154.133   456194.133   456232.133   456272.133
  3805:   456313.133   456371.133   456412.133   456453.133   456497.133
  3810:   456541.133   456580.133   456619.133   456663.133   456749.133
  3815:   456795.133   456834.133   456925.133   456966.133   457011.133
  3820:   457084.133   457128.133   457208.133   457257.133   457266.823
  3825:   457266.920   458766.910   458768.612   460168.622   460169.812
  3830:   460452.132   460487.132   460520.132   460549.132   460584.132
  3835:   460613.132   460647.132   460682.132   460713.132   460745.132
  3840:   460778.132   460813.132   460846.132   460879.132   460912.132
  3845:   460945.132   460977.132   461012.132   461047.132   461082.132
  3850:   461117.132   461154.132   461188.132   461224.132   461256.132
  3855:   461292.132   461327.132   461364.132   461399.132   461438.132
  3860:   461485.132   461523.132   461565.132   461603.132   461640.132
  3865:   461677.132   461714.132   461758.132   461793.132   461825.132
  3870:   461858.132   461903.132   461938.132   461973.132   462012.132
  3875:   462090.132   462132.132   462174.132   462219.132   462267.132
  3880:   462311.132   462347.132   462407.132   462452.132   462487.132
  3885:   462520.132   462559.132   462598.132   462645.132   462731.132
  3890:   462760.132   462795.132   462945.132   462986.132   463025.132
  3895:   463064.132   463146.132   463230.132   463272.132   463325.132
  3900:   463358.132   463401.132   463443.132   463489.132   463532.132
  3905:   463576.132   463621.132   463663.132   463710.132   463769.822
  3910:   463769.920   465269.910   465271.615   469121.625   469122.815
  3915:   470672.135   470758.135   470837.135   470870.135   470906.135
  3920:   470950.135   470981.135   471010.135   471044.135   471079.135
  3925:   471166.135   471256.135   471300.135   471342.135   471373.135
  3930:   471404.135   471436.135   471472.135   471512.135   471545.135
  3935:   471582.135   471666.135   471705.135   471791.135   471858.135
  3940:   471900.135   471947.135   472031.135   472109.135   472148.135
  3945:   472193.135   472234.135   472274.135   472312.135   472352.135
  3950:   472393.135   472432.135   472476.135   472515.135   472559.135
  3955:   472604.135   472644.135   472687.135   472730.135   472768.135
  3960:   472811.135   472893.135   472968.135   473007.135   473091.135
  3965:   473135.135   473182.135   473228.135   473271.135   473323.135
  3970:   473364.135   473437.135   473493.135   473628.135   473671.135
  3975:   473721.135   473898.135   473947.135   474203.135   474253.135
  3980:   474370.135   474416.135   474496.135   474576.135   474661.135
  3985:   474707.135   474878.135   474924.135   475012.135   475133.135
  3990:   475209.135   475453.135   475637.135   475983.135   476054.135
  3995:   476128.135   476267.135   476310.135   476381.135   476552.135
  4000:   476787.135   476822.825   476822.920   478322.910   478324.615
  4005:   482174.625   482175.715   482906.125   483011.125   483054.125
  4010:   483094.125   483177.125   483259.125   483362.125   483462.125
  4015:   483547.125   483591.125   483679.125   483763.125   483812.125
  4020:   483895.125   483943.125   483989.125   484039.125   484120.125
  4025:   484168.125   484207.125   484254.125   484299.125   484344.125
  4030:   484391.125   484433.125   484476.125   484518.125   484564.125
  4035:   484607.125   484655.125   484708.125   484781.125   484827.125
  4040:   484867.125   484945.125   485032.125   485078.125   485169.125
  4045:   485207.125   485254.125   485293.125   485367.125   485459.125
  4050:   485506.125   485551.125   485676.125   485752.125   485809.125
  4055:   485863.125   485976.125   486131.725   486131.920   486131.901
  4060:   486131.095   486431.902   487931.910   487933.611   488933.621
  4065:   488934.711   489204.121   489238.121   489272.121   489303.121
  4070:   489333.121   489365.121   489395.121   489431.121   489467.121
  4075:   489496.121   489529.121   489563.121   489595.121   489627.121
  4080:   489660.121   489695.121   489728.121   489764.121   489798.121
  4085:   489831.121   489864.121   489900.121   489969.721   489969.920
  4090:   489969.901   489969.091   490269.902   491769.910   491771.611
  4095:   492771.621   492772.711   492991.121   493031.121   493062.121
  4100:   493100.121   493139.121   493175.121   493206.121   493242.121
  4105:   493276.121   493310.121   493345.121   493379.121   493413.121
  4110:   493445.121   493478.121   493513.121   493550.121   493586.121
  4115:   493622.121   493657.121   493692.121   493728.121   493765.121
  4120:   493798.721   493798.920   493798.901   493798.091   494098.902
  4125:   495598.910   495600.615   499450.625   499451.715   500604.125
  4130:   500769.125   500810.125   500931.125   500964.125   501041.125
  4135:   501086.125   501132.125   501216.125   501262.125   501340.125
  4140:   501383.125   501453.125   501494.125   501574.125   501656.125
  4145:   501698.125   501742.125   501788.125   501831.125   501876.125
  4150:   501917.125   501958.125   502033.125   502073.125   502191.125
  4155:   502233.125   502277.125   502316.125   502357.125   502402.125
  4160:   502438.125   502513.125   502559.125   502600.125   502641.125
  4165:   502720.125   502764.125   502807.125   502850.125   502894.125
  4170:   502942.125   502983.125   503072.125   503110.125   503158.125
  4175:   503247.125   503302.725   503302.920   503302.901   503302.095
  4180:   503602.902   505102.910   505104.612   506504.622   506505.812
  4185:   506807.132   507001.132   507039.132   507084.132   507116.132
  4190:   507191.132   507274.132   507359.132   507436.132   507479.132
  4195:   507569.132   507620.132   507659.132   507706.132   507747.132
  4200:   507783.132   507827.132   507874.132   507955.132   507994.132
  4205:   508073.132   508116.132   508158.132   508201.132   508245.132
  4210:   508290.132   508328.132   508370.132   508421.132   508462.132
  4215:   508545.132   508590.132   508630.132   508671.132   508713.132
  4220:   508758.132   508806.132   508852.132   508890.132   508935.132
  4225:   508979.132   509101.132   509147.132   509249.132   509283.132
  4230:   509360.132   509406.132   509492.132   509571.132   509614.132
  4235:   509655.132   509700.132   509734.132   509777.132   509848.132
  4240:   509895.132   509944.132   509991.132   510069.132   510105.822
  4245:   510105.920   511605.910   511607.614   514357.624   514358.714
  4250:   515201.124   515208.124   515390.124   515488.124   515959.124
  4255:   515990.124   516029.124   516067.124   516103.124   516140.124
  4260:   516176.124   516212.124   516247.124   516338.124   516374.124
  4265:   516403.124   516435.124   516476.124   516515.124   516549.124
  4270:   516586.124   516622.124   516656.124   516698.124   516736.124
  4275:   516767.124   516801.124   516836.124   516873.124   516906.124
  4280:   516957.124   516994.124   517032.124   517074.124   517114.724
  4285:   517114.920   517114.901   517114.094   517414.902   518914.910
  4290:   518916.613   520866.623   520867.713   521279.123   521356.123
  4295:   521454.123   521493.123   521641.123   521676.123   521767.123
  4300:   521803.123   521909.123   521943.123   521987.123   522070.123
  4305:   522120.123   522170.123   522214.123   522297.123   522345.123
  4310:   522428.123   522513.123   522556.123   522598.123   522641.123
  4315:   522680.123   522764.123   522826.723   522826.920   522826.901
  4320:   522826.093   523126.902   524626.910   524628.614   527378.624
  4325:   527379.814   527938.134   527979.134   528061.134   528153.134
  4330:   528318.134   528359.134   528403.134   528492.134   528642.134
  4335:   528749.134   528874.134   528906.134   528937.134   528976.134
  4340:   529008.134   529035.134   529064.134   529100.134   529134.134
  4345:   529182.134   529218.134   529253.134   529334.134   529380.134
  4350:   529427.134   529469.134   529509.134   529550.134   529593.134
  4355:   529638.134   529677.134   529726.134   529768.134   529809.134
  4360:   529852.134   529895.134   529933.134   529973.134   530017.134
  4365:   530057.134   530139.134   530179.134   530219.134   530261.134
  4370:   530305.134   530343.134   530384.134   530425.134   530468.134
  4375:   530508.134   530553.134   530597.134   530642.134   530681.134
  4380:   530737.134   530818.134   530907.134   530949.134   530990.134
  4385:   531033.134   531081.134   531173.134   531214.134   531254.134
  4390:   531300.134   531345.134   531385.134   531467.134   531504.134
  4395:   531585.134   531625.134   531671.134   531710.134   531750.134
  4400:   531792.134   531840.134   531911.134   531958.134   532008.134
  4405:   532058.134   532114.134   532192.134   532243.134   532319.134
  4410:   532375.134   532458.134   532671.134   532723.134   532829.134
  4415:   532870.134   532879.824   532879.920   534379.910   534381.614
  4420:   537131.624   537132.714   537486.124   537613.124   537906.124
  4425:   537976.124   538225.124   538272.124   538352.124   538422.124
  4430:   538474.124   538596.124   538675.124   538757.124   538802.124
  4435:   538843.124   538921.124   539000.124   539045.124   539091.124
  4440:   539140.124   539183.124   539226.124   539278.124   539326.124
  4445:   539374.124   539416.124   539460.124   539500.124   539589.124
  4450:   539631.124   539676.124   539713.124   539788.124   539831.124
  4455:   539874.124   539918.724   539918.920   539918.901   539918.094
  4460:   540218.902   541718.910   541720.613   543670.623   543671.813
  4465:   543840.133   543890.133   544011.133   544096.133   544336.133
  4470:   544386.133   544478.133   544570.133   544613.133   544648.133
  4475:   544686.133   544719.133   544829.133   544861.133   544890.133
  4480:   544920.133   545003.133   545036.133   545066.133   545099.133
  4485:   545128.133   545159.133   545192.133   545222.133   545256.133
  4490:   545292.133   545328.133   545372.133   545459.133   545499.133
  4495:   545532.133   545563.133   545654.133   545699.133   545736.133
  4500:   545771.133   545805.133   545840.133   545878.133   545963.133
  4505:   546049.133   546092.133   546135.133   546179.133   546219.133
  4510:   546272.133   546309.133   546351.133   546396.133   546439.133
  4515:   546480.133   546518.133   546561.133   546603.133   546646.133
  4520:   546692.133   546733.133   546777.133   546819.133   546861.133
  4525:   546896.133   546944.133   547030.133   547114.133   547163.133
  4530:   547213.133   547292.133   547373.133   547416.133   547465.133
  4535:   547502.133   547582.133   547625.133   547676.133   547754.133
  4540:   547871.823   547871.920   549371.910   549373.612   550773.622
  4545:   550774.712   551226.122   551351.122   551449.122   551522.122
  4550:   551559.122   551592.122   551628.122   551661.122   551746.122
  4555:   551804.122   551843.122   551880.122   551910.122   551939.122
  4560:   551969.122   551999.122   552029.122   552098.122   552128.122
  4565:   552163.122   552193.722   552193.920   552193.901   552193.092
  4570:   552493.902   553993.910   553995.611   554995.621   554996.811
  4575:   555155.131   555228.131   555314.131   555352.131   555381.131
  4580:   555418.131   555451.131   555480.131   555511.131   555542.131
  4585:   555574.131   555604.131   555635.131   555667.131   555698.131
  4590:   555730.131   555763.131   555797.131   555830.131   555870.131
  4595:   555903.131   555936.131   555970.131   556004.131   556038.131
  4600:   556074.131   556107.131   556140.131   556175.131   556210.131
  4605:   556245.131   556281.131   556315.131   556350.131   556388.131
  4610:   556441.131   556483.131   556534.131   556568.131   556604.131
  4615:   556641.131   556674.131   556715.131   556752.131   556793.131
  4620:   556827.131   556865.131   556898.131   556935.131   557025.131
  4625:   557060.131   557098.131   557215.131   557224.131   557264.131
  4630:   557343.131   557423.131   557468.131   557510.131   557548.131
  4635:   557588.131   557638.131   557728.131   557772.131   557929.131
  4640:   558016.131   558065.131   558107.131   558142.131   558175.131
  4645:   558196.821   558196.920   558207.411   559696.910   559698.611
  4650:   560698.621   560699.711   561047.121   561090.121   561129.121
  4655:   561156.121   561187.121   561216.121   561252.121   561291.121
  4660:   561320.121   561350.121   561381.121   561414.121   561447.121
  4665:   561477.121   561509.121   561540.121   561575.121   561606.121
  4670:   561636.121   561669.121   561702.721   561702.920   561702.901
  4675:   561702.091   562002.902   563502.910   563504.611   564504.621
  4680:   564505.711   564710.121   564787.121   564813.121   564897.121
  4685:   564930.121   564959.121   564988.121   565019.121   565053.121
  4690:   565087.121   565118.121   565151.121   565184.121   565215.121
  4695:   565249.121   565281.121   565313.121   565347.121   565382.121
  4700:   565412.121   565446.121   565481.121   565514.721   565514.920
  4705:   565514.901   565514.091   565814.902   567314.910   567316.614
  4710:   570066.624   570067.714   570704.124   571267.124   571352.124
  4715:   571430.124   571539.124   571586.124   571698.124   571812.124
  4720:   571892.124   572040.124   572079.124   572116.124   572187.124
  4725:   572276.124   572373.124   572419.124   572459.124   572501.124
  4730:   572583.124   572629.124   572696.124   572750.124   572840.724
  4735:   572840.920   572840.901   572840.094   573140.902   574640.910
  4740:   574642.611   575642.621   575643.711   575769.121   575931.121
  4745:   575998.121   576041.121   576121.121   576202.121   576248.121
  4750:   576319.121   576357.121   576427.121   576507.121   576554.121
  4755:   576599.121   576644.721   576644.920   576644.901   576644.091
  4760:   576944.902   578444.910   578446.613   580396.623   580397.713
  4765:   580679.123   580763.123   580926.123   580974.123   581062.123
  4770:   581104.123   581185.123   581232.123   581280.123   581321.123
  4775:   581400.123   581481.123   581525.123   581562.123   581603.123
  4780:   581645.123   581681.123   581756.123   581805.123   581866.123
  4785:   581927.123   582007.123   582049.123   582097.123   582135.123
  4790:   582176.123   582219.123   582255.123   582305.123   582384.723
  4795:   582384.920   582384.901   582384.093   582684.902   584184.910
  4800:   584186.611   585186.621   585187.711   585622.121   585664.121
  4805:   585705.121   585733.121   585761.121   585793.121   585823.121
  4810:   585862.121   585892.121   585921.121   585952.121   585990.121
  4815:   586027.121   586058.121   586090.121   586121.121   586156.121
  4820:   586188.721   586188.920   586188.901   586188.091   586488.902
  4825:   587988.910   587990.613   589940.623   589941.713   591126.123
  4830:   591244.123   591533.123   591582.123   591661.123   591704.123
  4835:   591745.123   591782.123   591815.123   591845.123   591877.123
  4840:   591916.723   591916.920   591916.901   591916.093   592216.902
  4845:   593716.910   593718.614   596468.624   596469.714   597001.124
  4850:   597075.124   597192.124   597379.124   597462.124   597506.124
  4855:   597657.124   597692.124   597769.124   597850.124   597937.124
  4860:   598014.124   598056.124   598093.124   598132.124   598213.124
  4865:   598297.124   598342.124   598422.124   598465.124   598504.124
  4870:   598544.124   598618.124   598661.124   598704.124   598748.124
  4875:   598802.124   598841.124   598883.124   598921.124   598995.124
  4880:   599038.124   599084.124   599165.124   599204.124   599291.724
  4885:   599291.920   599291.901   599291.094   599591.902   601091.910
  4890:   601093.612   602493.622   602494.812   602954.132   602998.132
  4895:   603045.132   603087.132   603126.132   603151.132   603181.132
  4900:   603213.132   603249.132   603290.132   603322.132   603353.132
  4905:   603385.132   603420.132   603455.132   603488.132   603519.132
  4910:   603552.132   603642.132   603677.132   603710.132   603747.132
  4915:   603780.132   603815.132   603849.132   603883.132   603916.132
  4920:   603949.132   603982.132   604018.132   604059.132   604096.132
  4925:   604132.132   604172.132   604210.132   604247.132   604333.132
  4930:   604420.132   604466.132   604506.132   604542.132   604579.132
  4935:   604616.132   604649.132   604690.132   604733.132   604848.132
  4940:   604923.132   605005.132   605062.132   605103.132   605187.132
  4945:   605234.132   605284.132   605364.132   605406.132   605483.132
  4950:   605528.132   605617.132   605692.132   605735.132   605783.132
  4955:   605826.132   605868.132   605949.132   605989.132   606080.132
  4960:   606094.822   606094.920   607594.910   607596.614   610346.624
  4965:   610347.714   610945.124   610993.124   611349.124   611399.124
  4970:   611475.124   611515.124   611557.124   611633.124   611674.124
  4975:   611754.124   611797.124   611837.124   611920.124   611959.124
  4980:   612042.124   612082.124   612127.124   612173.124   612217.124
  4985:   612264.124   612343.124   612387.124   612425.124   612463.124
  4990:   612503.124   612545.124   612626.124   612712.124   612757.124
  4995:   612798.124   612842.124   612882.124   612923.124   613003.124
  5000:   613046.124   613086.124   613134.724   613134.920   613134.901
  5005:   613134.094   613434.902   614934.910   614936.611   615936.621
  5010:   615937.711   616191.121   616230.121   616357.121   616394.121
  5015:   616428.121   616457.121   616486.121   616517.121   616553.121
  5020:   616588.121   616616.121   616646.121   616679.121   616711.121
  5025:   616744.121   616778.121   616811.121   616845.121   616878.121
  5030:   616913.121   616948.721   616948.920   616948.901   616948.091
  5035:   617248.902   618748.910   618750.615   622600.625   622601.715
  5040:   623654.125   623890.125   623939.125   624268.125   624313.125
  5045:   624392.125   624472.125   624578.125   624657.125   624776.125
  5050:   624856.125   624934.125   624982.125   625023.125   625059.125
  5055:   625103.125   625183.125   625263.125   625308.125   625350.125
  5060:   625390.125   625477.125   625518.125   625554.125   625599.125
  5065:   625686.125   625726.125   625769.125   625818.125   625918.125
  5070:   625957.125   625998.125   626038.125   626078.125   626127.125
  5075:   626172.125   626220.125   626262.125   626308.125   626350.125
  5080:   626394.125   626432.125   626470.725   626470.920   626470.901
  5085:   626470.095   626770.902   628270.910   628272.614   631022.624
  5090:   631023.714   632520.124   632811.124   632958.124   633123.124
  5095:   633202.124   633274.124   633313.124   633510.124   633575.124
  5100:   633615.124   633651.124   633686.124   633758.124   633832.724
  5105:   633832.920   633832.901   633832.094   634132.902   635632.910
  5110:   635634.615   639484.625   639485.715   641136.125   641226.125
  5115:   641292.125   641336.125   641454.125   641536.125   641625.125
  5120:   641669.125   641707.125   641740.125   641813.125   641855.125
  5125:   641892.125   641932.125   641968.125   642002.125   642027.125
  5130:   642055.125   642084.125   642116.125   642189.125   642257.125
  5135:   642295.125   642375.125   642414.125   642493.125   642532.125
  5140:   642566.125   642609.125   642682.125   642720.125   642763.125
  5145:   642847.125   642882.125   642920.125   642989.125   643025.125
  5150:   643068.125   643111.125   643150.125   643186.125   643225.125
  5155:   643267.125   643308.125   643351.725   643351.920   643351.901
  5160:   643351.095   643651.902   645151.910   645153.611   646153.621
  5165:   646154.711   646753.121   646798.121   646848.121   646886.121
  5170:   646929.121   646974.121   647009.121   647042.121   647074.121
  5175:   647101.121   647128.121   647189.721   647189.920   647189.901
  5180:   647189.091   647489.902   648989.910   648991.613   650941.623
  5185:   650942.713   651569.123   651665.123   651734.123   651805.123
  5190:   651876.123   651951.123   652033.123   652107.123   652151.123
  5195:   652190.123   652231.123   652309.123   652339.123   652372.123
  5200:   652404.123   652432.123   652468.123   652622.123   652699.123
  5205:   652736.123   652771.123   652807.123   652881.123   652916.723
  5210:   652916.920   652916.901   652916.093   653216.902   654716.910
  5215:   654718.615   658568.625   658569.715   658988.125   659262.125
  5220:   659386.125   659413.125   659442.125   659608.125   659647.125
  5225:   659680.125   659717.125   659747.125   659818.125   659892.125
  5230:   659925.125   659981.125   660011.125   660041.125   660069.125
  5235:   660104.125   660167.125   660196.125   660227.125   660266.125
  5240:   660329.125   660374.125   660458.125   660500.125   660534.125
  5245:   660566.125   660597.125   660632.125   660740.125   660779.125
  5250:   660819.125   660861.125   660944.125   660982.125   661023.125
  5255:   661058.125   661096.125   661140.125   661229.125   661271.125
  5260:   661309.125   661348.125   661391.125   661435.125   661476.125
  5265:   661522.125   661565.125   661606.125   661675.125   661763.125
  5270:   661842.125   661982.125   662025.125   662069.125   662179.125
  5275:   662263.125   662309.125   662354.125   662389.125   662435.725
  5280:   662435.920   662435.901   662435.095   662735.902   664235.910
  5285:   664237.613   666187.623   666188.713   666530.123   666574.123
  5290:   666615.123   666758.123   666834.123   666906.123   666944.123
  5295:   666979.123   667014.123   667085.123   667120.123   667195.123
  5300:   667265.123   667344.123   667378.123   667411.123   667447.123
  5305:   667485.123   667630.123   667672.123   667746.123   667783.123
  5310:   667861.123   667919.123   667962.123   668002.123   668041.123
  5315:   668078.123   668117.123   668187.723   668187.920   668187.901
  5320:   668187.093   668487.902   669987.910   669989.611   670989.621
  5325:   670990.711   671445.121   671483.121   671523.121   671558.121
  5330:   671614.121   671647.121   671676.121   671706.121   671737.121
  5335:   671766.121   671815.121   671844.121   671873.121   671883.121
  5340:   671911.121   671938.121   671969.121   672026.721   672026.920
  5345:   672026.901   672026.091   672326.902   673826.910   673828.611
  5350:   674828.621   674829.811   675057.131   675159.131   675195.131
  5355:   675234.131   675262.131   675295.131   675321.131   675351.131
  5360:   675381.131   675410.131   675445.131   675483.131   675515.131
  5365:   675544.131   675573.131   675605.131   675635.131   675664.131
  5370:   675695.131   675731.131   675764.131   675796.131   675828.131
  5375:   675863.131   675896.131   675930.131   675966.131   676000.131
  5380:   676031.131   676068.131   676108.131   676143.131   676177.131
  5385:   676210.131   676243.131   676276.131   676373.131   676410.131
  5390:   676445.131   676478.131   676517.131   676549.131   676582.131
  5395:   676649.131   676685.131   676775.131   676856.131   676896.131
  5400:   676935.131   677011.131   677051.131   677114.131   677152.131
  5405:   677192.131   677234.131   677272.131   677312.131   677384.131
  5410:   677427.131   677484.131   677521.131   677562.131   677603.131
  5415:   677640.131   677716.131   677763.131   677817.131   677850.131
  5420:   677883.131   677915.131   677946.131   678029.821   678029.920
  5425:   678029.902   678029.005   678029.006   678029.007   678029.020       
D:
     0:        0.000        0.000        0.000        0.000        0.000
     5:        0.000        0.000        0.000        0.000        0.000
    10:        0.000        0.000        0.000        0.000        0.000
    15:        0.000        0.000        0.000        0.000        0.000
    20:        0.000        0.000        0.000        0.000        0.000
    25:        0.000        5.000        0.000        0.000        0.000
    30:        0.000        0.000        0.000        0.000        0.000
    35:        0.000
F:
     0:       10.000       14.000       19.500       27.500       38.500
     5:       10.000       14.000       19.500       27.500       38.500
    10:       10.000       14.000       19.500       27.500       38.500
    15:       20.000       28.000       39.000       55.000       77.000
    20:       20.000       28.000       39.000       55.000       77.000
    25:       20.000       28.000       39.000       55.000       77.000
    30:       10.000       14.000       19.500       27.500       38.500
    35:       10.000       14.000       19.500       27.500       38.500
    40:       10.000       14.000       19.500       27.500       38.500
    45:       10.000       14.000       19.500       27.500       38.500
    50:       10.000       14.000       19.500       27.500       38.500
    55:       10.000       14.000       19.500       27.500       38.500
    60:       10.000       14.000       19.500       27.500       38.500
    65:       10.000       14.000       19.500       27.500       38.500
    70:       10.000       14.000       19.500       27.500       38.500
    75:       20.000       28.000       39.000       55.000       77.000
    80:       20.000       28.000       39.000       55.000       77.000
    85:       10.000       14.000       19.500       27.500       38.500
    90:       10.000       14.000       19.500       27.500       38.500
    95:       10.000       14.000       19.500       27.500       38.500
I:
     0:       75.000        0.000        0.000
M:
     0:       15.000       15.000       15.000       15.000       15.000
     5:        5.000        5.000        5.000        5.000        5.000
    10:      100.000
N:
     0:       20.000       20.000       20.000       20.000       20.000
     5:        0.000
Q:
     0:       15.000       15.000       15.000       15.000       15.000
     5:        0.000
V:
     0:        0.000        0.000        0.000        0.000        0.000
     5:      297.000      473.000      461.000      572.000      785.000
    10:      362.000      369.000      431.000      417.000      502.000
    15:        0.000
