File: C:\MED-PC IV\Data\M_PEAK22P875


Start Date: 08/27/17
End Date: 08/27/17
Subject: P875
Experiment: IF-PICO
Group: 0
Box: 8
Start Time: 10:02:12
End Time: 12:00:02
MSN: Multiple_Peak
B:       0.000
C:       0.000
E:    4764.000
G:      10.000
H:    1000.000
J:       0.000
K:       0.000
L:       0.000
O:       0.000
P:       0.000
R:       0.000
S:       0.000
T:  705323.000
U:       0.000
W:       0.000
X:       0.000
Y:       0.000
Z:       0.000
A:
     0:        0.010      500.910      502.613     2452.623     2453.713
     5:     3850.123     3865.123     3895.123     3933.123     3948.123
    10:     3983.123     4025.123     4064.123     4107.123     4145.123
    15:     4177.123     4364.123     4421.723     4421.920     4421.901
    20:     4421.093     4721.902     6221.910     6223.614     8973.624
    25:     8974.714     9144.124     9178.124     9212.124     9246.124
    30:     9283.124     9320.124     9355.124     9388.124     9424.124
    35:     9462.124     9501.124     9531.124     9566.124     9605.124
    40:     9640.124     9674.124     9710.124     9747.124     9790.124
    45:     9827.124     9867.124     9910.124     9949.124     9985.124
    50:    10023.124    10057.124    10099.124    10135.124    10176.124
    55:    10222.124    10259.124    10293.124    10330.124    10364.124
    60:    10408.124    10444.124    10494.124    10530.124    10565.124
    65:    10598.124    10642.124    10684.124    10725.124    10767.124
    70:    10797.124    10834.124    10871.124    10907.124    10945.124
    75:    11033.124    11071.124    11107.124    11143.124    11181.124
    80:    11229.124    11269.124    11310.124    11346.124    11385.124
    85:    11435.124    11472.124    11553.124    11704.124    12120.724
    90:    12120.920    12120.901    12120.094    12420.902    13920.910
    95:    13922.611    14922.621    14923.711    15222.121    15252.121
   100:    15447.121    15483.121    15521.121    15556.121    15590.121
   105:    15623.121    15658.121    15701.121    15735.121    15768.121
   110:    15802.121    15843.121    15879.121    15917.121    15949.721
   115:    15949.920    15949.901    15949.091    16249.902    17749.910
   120:    17751.612    19151.622    19152.712    19326.122    19369.122
   125:    19407.122    19447.122    19490.122    19533.122    19579.122
   130:    19626.122    19881.122    20071.122    20108.122    20147.122
   135:    20182.122    20217.122    20250.122    20282.122    20318.122
   140:    20360.122    20403.122    20434.122    20469.122    20505.122
   145:    20542.122    20576.722    20576.920    20576.901    20576.092
   150:    20876.902    22376.910    22378.613    24328.623    24329.813
   155:    24464.133    24504.133    24545.133    24588.133    24624.133
   160:    24657.133    24697.133    24736.133    24777.133    24813.133
   165:    24856.133    24890.133    24928.133    24976.133    25009.133
   170:    25044.133    25090.133    25120.133    25156.133    25189.133
   175:    25231.133    25273.133    25309.133    25345.133    25388.133
   180:    25428.133    25465.133    25499.133    25530.133    25566.133
   185:    25609.133    25645.133    25685.133    25717.133    25758.133
   190:    25799.133    25831.133    25868.133    25904.133    25990.133
   195:    26027.133    26062.133    26110.133    26146.133    26189.133
   200:    26230.133    26270.133    26319.133    26356.133    26393.133
   205:    26430.133    26479.133    26513.133    26548.133    26593.133
   210:    26630.133    26669.133    26704.133    26955.133    26990.133
   215:    27029.133    27063.133    27101.133    27141.133    27174.133
   220:    27217.133    27260.133    27295.133    27335.133    27375.133
   225:    27417.133    27678.133    27715.133    27756.133    27983.133
   230:    28018.133    28048.133    28084.133    28118.133    28159.133
   235:    28195.133    28238.133    28272.133    28480.133    28529.823
   240:    28529.920    30029.910    30031.615    33881.625    33882.715
   245:    36716.125    37024.125    37086.125    37348.125    37363.125
   250:    37642.125    37748.725    37748.920    37748.901    37748.095
   255:    38048.902    39548.910    39550.614    42300.624    42301.714
   260:    42767.124    42803.124    42838.124    42922.124    42960.124
   265:    43007.124    43275.124    43312.124    43345.124    43376.124
   270:    43411.124    43448.124    43485.124    43522.124    43559.124
   275:    43602.124    43635.124    43670.124    43708.124    43749.124
   280:    43784.124    43820.124    43857.124    43893.124    43931.124
   285:    43969.124    44005.124    44042.124    44086.124    44121.124
   290:    44159.124    44197.124    44244.124    44276.124    44312.124
   295:    44359.124    44393.124    44431.124    44482.124    44523.124
   300:    44597.124    44634.124    44670.124    44712.124    44746.124
   305:    44784.124    44824.124    44863.124    44900.124    44946.124
   310:    44993.124    45029.124    45068.724    45068.920    45068.901
   315:    45068.094    45368.902    46868.910    46870.611    47870.621
   320:    47871.711    47995.121    48033.121    48080.121    48119.121
   325:    48161.121    48193.121    48231.121    48273.121    48316.121
   330:    48369.121    48404.121    48442.121    48482.121    48527.121
   335:    48574.121    48608.121    48645.121    48685.121    48730.121
   340:    48777.121    48813.121    48860.121    48897.721    48897.920
   345:    48897.901    48897.091    49197.902    50697.910    50699.613
   350:    52649.623    52650.713    52815.123    53013.123    53047.123
   355:    53081.123    53119.123    53150.123    53189.123    53227.123
   360:    53268.123    53301.123    53342.123    53382.123    53421.123
   365:    53457.123    53490.123    53531.123    53568.123    53610.123
   370:    53647.123    53683.123    53714.123    53756.123    53788.123
   375:    53825.123    53864.123    53898.123    53934.123    53979.123
   380:    54013.123    54048.123    54090.123    54126.123    54173.123
   385:    54208.123    54246.123    54284.123    54329.123    54362.123
   390:    54400.123    54453.123    54487.123    54521.123    54559.123
   395:    54578.123    54614.723    54614.920    54614.901    54614.093
   400:    54914.902    56414.910    56416.611    57416.621    57417.711
   405:    57667.121    57705.121    57742.121    57781.121    57816.121
   410:    57857.121    57895.121    57938.121    57971.121    58010.121
   415:    58050.121    58088.121    58127.121    58161.121    58200.121
   420:    58239.121    58279.121    58314.121    58356.121    58392.121
   425:    58427.721    58427.920    58427.901    58427.091    58727.902
   430:    60227.910    60229.613    62179.623    62180.713    62317.123
   435:    62355.123    62395.123    62434.123    62474.123    62512.123
   440:    62551.123    62604.123    62645.123    62689.123    62728.123
   445:    62768.123    62823.123    62859.123    62894.123    62937.123
   450:    62977.123    63026.123    63063.123    63102.123    63140.123
   455:    63187.123    63223.123    63270.123    63300.123    63353.123
   460:    63387.123    63425.123    63466.123    63511.123    63547.123
   465:    63594.123    63623.123    63661.123    63704.123    63755.123
   470:    63788.123    63827.123    63858.123    63896.123    63944.123
   475:    63981.123    64036.123    64069.123    64107.123    64156.723
   480:    64156.920    64156.901    64156.093    64456.902    65956.910
   485:    65958.612    67358.622    67359.712    67921.122    67962.122
   490:    67999.122    68040.122    68081.122    68114.122    68152.122
   495:    68181.122    68224.122    68255.122    68293.122    68332.122
   500:    68363.122    68401.122    68433.122    68471.122    68504.122
   505:    68542.122    68574.122    68615.122    68654.122    68692.122
   510:    68729.122    68763.722    68763.920    68763.901    68763.092
   515:    69063.902    70563.910    70565.612    71965.622    71966.712
   520:    72345.122    72430.122    72468.122    72496.122    72537.122
   525:    72576.122    72610.122    72647.122    72692.122    72729.122
   530:    72773.122    72805.122    72848.122    72884.122    72925.122
   535:    72962.122    72999.122    73033.122    73073.122    73116.122
   540:    73156.122    73194.122    73234.122    73275.122    73309.122
   545:    73345.122    73393.722    73393.920    73393.901    73393.092
   550:    73693.902    75193.910    75195.613    77145.623    77146.813
   555:    78801.133    79156.133    79371.133    79407.133    79443.133
   560:    79477.133    79514.133    79547.133    79580.133    79619.133
   565:    79661.133    79696.133    79731.133    79770.133    79803.133
   570:    79843.133    79882.133    79922.133    79956.133    79997.133
   575:    80040.133    80076.133    80112.133    80150.133    80188.133
   580:    80232.133    80266.133    80304.133    80344.133    80386.133
   585:    80423.133    80461.133    80497.133    80538.133    80580.133
   590:    80614.133    80647.133    80678.133    80711.133    80788.133
   595:    80820.133    80851.133    80889.133    80925.133    80963.133
   600:    81002.133    81039.133    81072.133    81114.133    81144.133
   605:    81176.133    81206.133    81247.133    81273.133    81311.133
   610:    81346.823    81346.920    81347.411    82846.910    82848.611
   615:    83848.621    83849.711    84574.121    84615.121    84658.121
   620:    84723.121    84762.121    84800.121    84837.121    84878.721
   625:    84878.920    84878.901    84878.091    85178.902    86678.910
   630:    86680.612    88080.622    88081.812    88318.132    88353.132
   635:    88419.132    88450.132    88481.132    88541.132    88576.132
   640:    88616.132    88643.132    88680.132    88778.132    88811.132
   645:    88846.132    88882.132    88917.132    88945.132    88976.132
   650:    89016.132    89049.132    89082.132    89147.132    89177.132
   655:    89214.132    89251.132    89284.132    89316.132    89350.132
   660:    89382.132    89415.132    89460.132    89489.132    89519.132
   665:    89558.132    89601.132    89627.132    89663.132    89696.132
   670:    89831.132    89863.132    89901.132    89934.132    89966.132
   675:    90007.132    90043.132    90083.132    90112.132    90162.132
   680:    90194.132    90294.132    90326.132    90359.132    90397.132
   685:    90434.132    90473.132    90497.132    90536.132    90606.132
   690:    90645.132    90710.132    90749.132    90925.132    91360.132
   695:    91429.132    91565.132    91598.132    91631.132    91681.822
   700:    91681.920    91694.411    93181.910    93183.615    97033.625
   705:    97034.715    97994.125    98011.125    98051.125    98812.125
   710:    98854.125    98892.125    98929.125    98968.125    99005.125
   715:    99047.125    99081.125    99117.125    99157.125    99197.125
   720:    99241.125    99284.125    99330.125    99369.125    99411.125
   725:    99455.125    99498.125    99538.125    99575.125    99618.125
   730:    99662.125    99699.125    99740.125    99784.125    99824.125
   735:    99868.125    99917.125    99953.125    99992.125   100034.125
   740:   100076.125   100116.125   100156.125   100188.125   100224.125
   745:   100268.125   100319.125   100355.125   100392.125   100444.125
   750:   100477.125   100519.125   100690.125   100831.125   100923.725
   755:   100923.920   100923.901   100923.095   101223.902   102723.910
   760:   102725.614   105475.624   105476.814   106030.134   106063.134
   765:   106213.134   106241.134   106307.134   106341.134   106371.134
   770:   106406.134   106438.134   106472.134   106507.134   106538.134
   775:   106579.134   106617.134   106652.134   106681.134   106753.134
   780:   106816.134   106885.134   106921.134   106959.134   106986.134
   785:   107020.134   107052.134   107095.134   107124.134   107159.134
   790:   107237.134   107267.134   107303.134   107368.134   107400.134
   795:   107440.134   107509.134   107539.134   107573.134   107603.134
   800:   107636.134   107676.134   107709.134   107745.134   107778.134
   805:   107856.134   107895.134   107927.134   107999.134   108080.134
   810:   108142.134   108220.134   108248.134   108336.134   108491.134
   815:   108529.134   108686.134   108715.134   108787.134   108819.134
   820:   108888.134   108923.134   108956.134   108991.134   109021.134
   825:   109056.134   109094.134   109123.134   109156.134   109191.134
   830:   109237.134   109275.134   109348.134   109390.134   109428.134
   835:   109470.134   109719.134   109796.134   109833.134   109868.134
   840:   110976.824   110976.920   112476.910   112478.613   114428.623
   845:   114429.713   115634.123   115734.123   115979.123   116176.123
   850:   116271.123   116310.123   116359.123   116397.723   116397.920
   855:   116397.901   116397.093   116697.902   118197.910   118199.614
   860:   120949.624   120950.714   121980.124   122022.124   122064.124
   865:   122100.124   122133.124   122171.124   122211.124   122255.124
   870:   122287.124   122324.124   122363.124   122402.124   122436.124
   875:   122474.124   122516.124   122554.124   122589.124   122619.124
   880:   122663.124   122699.124   122738.124   122769.124   122807.124
   885:   122843.124   122892.124   122926.124   122964.124   123008.124
   890:   123040.124   123076.124   123122.124   123159.124   123202.124
   895:   123234.124   123280.124   123320.124   123372.124   123406.124
   900:   123441.124   123485.124   123526.124   123561.124   123600.124
   905:   123726.724   123726.920   123726.901   123726.094   124026.902
   910:   125526.910   125528.614   128278.624   128279.714   129421.124
   915:   130144.124   130176.124   130208.124   130242.124   130276.124
   920:   130312.124   130361.124   130396.124   130433.124   130468.124
   925:   130510.124   130546.124   130584.124   130618.124   130656.124
   930:   130837.124   130877.124   130929.124   130969.124   131016.124
   935:   131057.724   131057.920   131057.901   131057.094   131357.902
   940:   132857.910   132859.612   134259.622   134260.712   137381.722
   945:   137381.920   137381.901   137381.092   137681.902   139181.910
   950:   139183.614   141933.624   141934.714   155341.724   155341.920
   955:   155341.901   155341.094   155641.902   157141.910   157143.615
   960:   160993.625   160994.815   161131.135   161509.135   161570.135
   965:   162036.135   162163.135   162523.135   162731.135   162780.135
   970:   162814.135   162875.135   162911.135   162943.135   162984.135
   975:   163225.135   163456.135   163486.135   163547.135   163593.135
   980:   163628.135   163662.135   163693.135   163755.135   163786.135
   985:   163817.135   163844.135   163885.135   163918.135   163953.135
   990:   163989.135   164025.135   164058.135   164098.135   164178.135
   995:   164210.135   164248.135   164284.135   164315.135   164349.135
  1000:   164383.135   164422.135   164490.135   164590.135   164625.135
  1005:   164733.135   164769.135   164806.135   164840.135   164873.135
  1010:   164948.135   164988.135   165075.135   165107.135   165145.135
  1015:   165186.135   165329.135   165367.135   165403.135   165438.135
  1020:   165906.135   166000.135   166062.135   166096.135   166168.135
  1025:   166223.135   166258.135   166290.135   166331.135   166365.135
  1030:   166430.135   166468.135   166504.135   166542.135   166584.135
  1035:   166686.135   167245.135   167278.135   167313.135   168074.135
  1040:   168108.135   168506.135   168542.135   168573.135   168649.135
  1045:   168694.825   168694.920   170194.910   170196.615   174046.625
  1050:   174047.715   174772.125   174810.125   174851.125   174898.125
  1055:   174970.125   175144.125   175186.125   175228.125   175319.125
  1060:   175358.125   175827.125   175929.125   176121.125   176153.125
  1065:   176260.125   176430.125   176814.125   176842.125   176869.125
  1070:   176899.125   177228.125   177328.125   177361.125   177389.125
  1075:   177424.125   177651.125   178412.725   178412.920   178412.901
  1080:   178412.095   178712.902   180212.910   180214.615   184064.625
  1085:   184065.715   196597.725   196597.920   196597.901   196597.095
  1090:   196897.902   198397.910   198399.613   200349.623   200350.713
  1095:   201042.123   201101.123   201136.123   201174.123   201237.123
  1100:   201267.123   201309.123   201334.123   201368.123   201404.123
  1105:   201439.123   201474.123   201575.123   201646.123   201678.123
  1110:   201715.123   201854.123   201888.123   201924.123   201960.123
  1115:   201995.123   202027.123   202089.123   202124.123   202193.123
  1120:   202228.123   202265.123   202304.723   202304.920   202304.901
  1125:   202304.093   202604.902   204104.910   204106.611   205106.621
  1130:   205107.711   205328.121   205364.121   205401.121   205442.121
  1135:   205487.121   205522.121   205566.121   205606.121   205645.121
  1140:   205680.121   205721.121   205755.121   205796.121   205830.121
  1145:   205873.121   205919.121   205959.121   205997.121   206041.121
  1150:   206085.121   206121.721   206121.920   206121.901   206121.091
  1155:   206421.902   207921.910   207923.612   209323.622   209324.812
  1160:   209506.132   209547.132   209586.132   209629.132   209667.132
  1165:   209705.132   209746.132   209776.132   209815.132   209852.132
  1170:   209889.132   209931.132   209964.132   210004.132   210038.132
  1175:   210077.132   210118.132   210161.132   210199.132   210238.132
  1180:   210280.132   210332.132   210368.132   210405.132   210438.132
  1185:   210483.132   210519.132   210559.132   210591.132   210639.132
  1190:   210672.132   210709.132   210756.132   210791.132   210831.132
  1195:   210872.132   210918.132   210953.132   210991.132   211037.132
  1200:   211075.132   211113.132   211152.132   211191.132   211240.132
  1205:   211275.132   211310.132   211349.132   211385.132   211437.132
  1210:   211470.132   211506.132   211551.132   211591.132   211629.132
  1215:   211669.132   211709.132   211748.132   211793.132   211838.132
  1220:   211876.132   211916.132   212044.132   212116.132   212158.132
  1225:   212200.132   212446.132   212487.132   212525.132   212559.132
  1230:   212600.132   212637.132   212675.132   212714.132   212744.132
  1235:   212782.132   212827.132   212866.132   212899.132   212924.822
  1240:   212924.920   212940.411   214424.910   214426.614   217176.624
  1245:   217177.714   218560.124   218864.124   218900.124   218975.124
  1250:   219013.124   219054.124   219084.124   219124.124   219163.124
  1255:   219202.124   219238.124   219275.124   219319.124   219358.124
  1260:   219386.124   219426.124   219464.124   219501.124   219535.124
  1265:   219575.124   219613.124   219651.124   219683.124   219724.124
  1270:   219769.124   219806.124   219843.124   219879.124   219928.724
  1275:   219928.920   219928.901   219928.094   220228.902   221728.910
  1280:   221730.613   223680.623   223681.813   224050.133   224080.133
  1285:   224112.133   224180.133   224214.133   224275.133   224315.133
  1290:   224346.133   224382.133   224441.133   224472.133   224509.133
  1295:   224534.133   224563.133   224605.133   224630.133   224661.133
  1300:   224691.133   224725.133   224763.133   224792.133   224824.133
  1305:   224852.133   224884.133   224918.133   224948.133   225011.133
  1310:   225081.133   225140.133   225169.133   225210.133   225237.133
  1315:   225271.133   225303.133   225342.133   225404.133   225468.133
  1320:   225501.133   225538.133   225645.133   225687.133   225726.133
  1325:   225762.133   225791.133   225821.133   225858.133   225895.133
  1330:   225939.133   225972.133   226010.133   226146.133   226181.133
  1335:   226502.133   226849.133   226883.133   226918.133   226947.133
  1340:   226978.133   227007.133   227036.133   227069.133   227141.133
  1345:   227210.133   227246.133   227282.133   227324.133   227357.133
  1350:   227437.133   227864.133   227881.823   227881.920   229381.910
  1355:   229383.611   230383.621   230384.711   230527.121   230596.121
  1360:   230661.121   230693.121   230729.121   230762.121   230792.121
  1365:   230828.121   230892.121   230924.121   230957.121   230987.121
  1370:   231018.121   231055.121   231085.121   231121.121   231157.121
  1375:   231191.121   231222.121   231253.121   231293.121   231335.121
  1380:   231367.121   231396.721   231396.920   231396.901   231396.091
  1385:   231696.902   233196.910   233198.611   234198.621   234199.711
  1390:   234362.121   234434.121   234468.121   234499.121   234527.121
  1395:   234561.121   234588.121   234624.121   234654.121   234693.121
  1400:   234726.121   234753.121   234788.121   234824.121   234885.121
  1405:   234912.121   235019.121   235056.121   235086.121   235149.121
  1410:   235182.121   235256.721   235256.920   235256.901   235256.091
  1415:   235556.902   237056.910   237058.614   239808.624   239809.814
  1420:   241578.134   241611.134   241648.134   241680.134   242123.134
  1425:   242192.134   242217.134   242279.134   242313.134   242376.134
  1430:   242437.134   242468.134   242498.134   242527.134   242561.134
  1435:   242621.134   242656.134   242691.134   242723.134   242758.134
  1440:   242791.134   242821.134   242859.134   242888.134   242924.134
  1445:   242956.134   242989.134   243023.134   243059.134   243089.134
  1450:   243122.134   243157.134   243191.134   243223.134   243256.134
  1455:   243290.134   243322.134   243362.134   243453.134   243522.134
  1460:   243558.134   243602.134   243637.134   243672.134   243708.134
  1465:   243747.134   243783.134   243820.134   243974.134   244137.134
  1470:   244169.134   244438.134   244471.134   244500.134   244534.134
  1475:   244567.134   244601.134   244632.134   244664.134   244734.134
  1480:   244762.134   244861.134   244897.134   244929.134   244998.134
  1485:   245025.134   245094.134   245128.134   245160.134   245228.134
  1490:   245261.134   245298.134   245309.824   245309.920   246809.910
  1495:   246811.613   248761.623   248762.713   249917.123   249951.123
  1500:   249980.123   250196.123   250222.123   250251.123   250286.123
  1505:   250347.123   250378.123   250409.123   250478.123   250506.123
  1510:   250540.123   250578.123   250611.123   250718.723   250718.920
  1515:   250718.901   250718.093   251018.902   252518.910   252520.612
  1520:   253920.622   253921.712   254085.122   254230.122   254263.122
  1525:   254320.122   254355.122   254387.122   254416.122   254452.122
  1530:   254483.122   254546.122   254573.122   254612.122   254642.122
  1535:   254677.122   254705.122   254735.122   254772.122   254805.122
  1540:   254837.122   254902.122   254931.122   254966.122   254995.122
  1545:   255030.122   255061.122   255104.122   255128.122   255159.122
  1550:   255195.122   255229.122   255268.122   255301.122   255333.722
  1555:   255333.920   255333.901   255333.092   255633.902   257133.910
  1560:   257135.611   258135.621   258136.711   258439.121   258473.121
  1565:   258505.121   258541.121   258565.121   258599.121   258632.121
  1570:   258672.121   258700.121   258766.121   258825.121   258922.121
  1575:   258955.121   258983.121   259016.121   259042.121   259076.121
  1580:   259107.121   259139.721   259139.920   259139.901   259139.091
  1585:   259439.902   260939.910   260941.613   262891.623   262892.713
  1590:   265131.723   265131.920   265131.901   265131.093   265431.902
  1595:   266931.910   266933.614   269683.624   269684.714   269964.124
  1600:   270003.124   270034.124   270101.124   270132.124   270170.124
  1605:   270239.124   270276.124   270307.124   270374.124   270443.124
  1610:   270518.124   270582.124   270614.124   270649.124   270722.124
  1615:   270752.124   270786.124   270819.124   270857.124   270925.124
  1620:   271000.124   271033.124   271071.124   271105.124   271145.124
  1625:   271207.124   271243.124   271280.124   271358.124   271393.124
  1630:   271430.124   271473.124   271510.124   271541.124   271619.124
  1635:   271665.124   271706.124   271766.124   271802.124   271843.124
  1640:   271883.124   272091.124   272246.124   272282.124   272314.124
  1645:   272354.124   272390.124   272424.124   272461.724   272461.920
  1650:   272461.901   272461.094   272761.902   274261.910   274263.614
  1655:   277013.624   277014.714   278052.124   278086.124   278120.124
  1660:   278148.124   278183.124   278220.124   278252.124   278283.124
  1665:   278323.124   278355.124   278390.124   278431.124   278476.124
  1670:   278513.124   278548.124   278585.124   278631.124   278666.124
  1675:   278705.124   278739.124   278774.124   278831.124   278863.124
  1680:   278897.124   278941.124   278973.124   279010.124   279053.124
  1685:   279096.124   279128.124   279163.124   279208.124   279238.124
  1690:   279273.124   279314.124   279351.124   279389.124   279421.124
  1695:   279463.124   279505.124   279535.124   279571.124   279614.124
  1700:   279645.124   279684.124   279727.124   279802.724   279802.920
  1705:   279802.901   279802.094   280102.902   281602.910   281604.612
  1710:   283004.622   283005.712   283569.122   283650.122   283691.122
  1715:   283725.122   283764.122   283798.122   283836.122   283902.122
  1720:   283937.122   283967.122   284002.122   284038.122   284079.122
  1725:   284108.122   284140.122   284211.122   284247.122   284281.122
  1730:   284314.122   284353.122   284384.122   284419.722   284419.920
  1735:   284419.901   284419.092   284719.902   286219.910   286221.612
  1740:   287621.622   287622.712   287876.122   287917.122   287953.122
  1745:   287987.122   288027.122   288064.122   288106.122   288137.122
  1750:   288210.122   288283.122   288324.122   288361.122   288398.122
  1755:   288434.122   288469.122   288513.122   288552.122   288585.122
  1760:   288620.122   288658.122   288703.122   288733.122   288767.122
  1765:   288802.122   288876.122   288913.122   288948.122   288987.122
  1770:   289024.722   289024.920   289024.901   289024.092   289324.902
  1775:   290824.910   290826.614   293576.624   293577.714   294515.124
  1780:   294553.124   294598.124   294810.124   294851.124   294957.124
  1785:   294992.124   295233.124   295268.124   295301.124   295338.124
  1790:   295372.124   295406.124   295443.124   295477.124   295512.124
  1795:   295545.124   295587.124   295624.124   295661.124   295692.124
  1800:   295728.124   295800.124   295836.124   295875.124   295908.124
  1805:   295943.124   295983.124   296017.124   296051.124   296094.124
  1810:   296131.124   296167.124   296207.124   296249.124   296279.124
  1815:   296316.124   296368.724   296368.920   296368.901   296368.094
  1820:   296668.902   298168.910   298170.611   299170.621   299171.711
  1825:   299662.121   299701.121   299743.121   299806.121   299843.121
  1830:   299875.121   299914.121   299948.121   299976.121   300011.121
  1835:   300047.121   300082.121   300111.121   300149.121   300186.721
  1840:   300186.920   300186.901   300186.091   300486.902   301986.910
  1845:   301988.615   305838.625   305839.715   306783.125   307432.125
  1850:   307691.125   307703.125   307733.125   307772.125   307808.125
  1855:   307878.125   307916.125   308030.125   308217.125   308245.125
  1860:   308274.125   308302.125   308336.125   308374.125   308444.125
  1865:   308481.125   308510.125   308577.125   308613.125   308648.125
  1870:   308686.125   308716.125   308753.125   308786.125   308822.125
  1875:   308854.125   308889.125   308914.125   308952.125   308997.125
  1880:   309030.125   309064.125   309133.125   309167.125   309207.125
  1885:   309267.125   309342.125   309377.125   309418.125   309449.125
  1890:   309484.125   309529.125   309569.125   309599.125   309636.125
  1895:   309672.125   309702.725   309702.920   309702.901   309702.095
  1900:   310002.902   311502.910   311504.615   315354.625   315355.715
  1905:   316501.125   316540.125   316970.125   317002.125   317064.125
  1910:   317098.125   317131.125   317159.125   317190.125   317227.125
  1915:   317253.125   317323.125   317353.125   317447.125   317479.125
  1920:   317545.125   317579.125   317641.125   317672.125   317702.125
  1925:   317731.125   317804.125   317833.125   317866.125   317897.125
  1930:   317933.125   317967.125   318002.125   318048.125   318086.125
  1935:   318146.125   318181.125   318208.125   318246.125   318285.125
  1940:   318316.125   318348.125   318387.125   318418.125   318454.125
  1945:   318490.125   318555.125   318588.125   318629.125   318658.125
  1950:   318692.125   318762.125   318794.125   318826.125   318867.125
  1955:   318894.125   318932.125   318974.125   319002.125   319034.125
  1960:   319068.125   319101.125   319172.125   319239.725   319239.920
  1965:   319239.901   319239.095   319539.902   321039.910   321041.611
  1970:   322041.621   322042.811   322343.131   322377.131   322466.131
  1975:   322530.131   322558.131   322595.131   322622.131   322653.131
  1980:   322741.131   322776.131   322809.131   322895.131   322930.131
  1985:   322959.131   322996.131   323025.131   323057.131   323084.131
  1990:   323145.131   323183.131   323219.131   323260.131   323285.131
  1995:   323316.131   323362.131   323396.131   323461.131   323492.131
  2000:   323524.131   323619.131   323652.131   323725.131   323758.131
  2005:   323800.131   323863.131   323897.131   323929.131   323965.131
  2010:   324001.131   324031.131   324065.131   324097.131   324139.131
  2015:   324167.131   324201.131   324236.131   324274.131   324460.131
  2020:   324497.131   324685.131   324720.131   324750.131   324813.131
  2025:   324841.131   324876.131   324911.131   324944.131   324973.131
  2030:   325010.131   325050.131   325075.131   325109.131   325147.131
  2035:   325178.131   325209.131   325242.821   325242.920   326742.910
  2040:   326744.615   330594.625   330595.715   332395.125   332466.125
  2045:   332537.125   332571.125   332634.125   332703.125   332737.125
  2050:   332773.125   332798.125   332826.125   332890.125   332990.125
  2055:   333017.125   333051.125   333084.125   333121.125   333152.125
  2060:   333255.125   333285.125   333325.125   333387.125   333421.125
  2065:   333452.125   333485.125   333551.125   333622.125   333651.125
  2070:   333687.125   333759.125   333790.125   333825.125   333861.125
  2075:   333926.125   333955.125   333999.125   334099.125   334132.125
  2080:   334166.125   334210.125   334236.125   334309.125   334374.125
  2085:   334415.125   334449.725   334449.920   334449.901   334449.095
  2090:   334749.902   336249.910   336251.612   337651.622   337652.812
  2095:   338200.132   338237.132   338277.132   338316.132   338351.132
  2100:   338376.132   338411.132   338444.132   338483.132   338551.132
  2105:   338576.132   338611.132   338642.132   338675.132   338720.132
  2110:   338748.132   338783.132   338822.132   338857.132   338889.132
  2115:   338930.132   338960.132   338997.132   339034.132   339067.132
  2120:   339096.132   339137.132   339165.132   339243.132   339269.132
  2125:   339304.132   339348.132   339375.132   339412.132   339451.132
  2130:   339481.132   339517.132   339587.132   339625.132   339668.132
  2135:   339696.132   339730.132   339764.132   339797.132   339837.132
  2140:   339874.132   339948.132   339976.132   340012.132   340053.132
  2145:   340088.132   340124.132   340158.132   340197.132   340269.132
  2150:   340303.132   340344.132   340372.132   340407.132   340448.132
  2155:   340478.132   340514.132   340555.132   340597.132   340636.132
  2160:   340677.132   340862.132   340892.132   340922.132   340958.132
  2165:   340993.132   341029.132   341146.132   341252.822   341252.920
  2170:   342752.910   342754.611   343754.621   343755.711   344061.121
  2175:   344097.121   344133.121   344168.121   344198.121   344235.121
  2180:   344266.121   344303.121   344335.121   344426.121   344460.121
  2185:   344490.121   344523.121   344563.121   344592.121   344625.121
  2190:   344664.121   344695.121   344765.721   344765.920   344765.901
  2195:   344765.091   345065.902   346565.910   346567.612   347967.622
  2200:   347968.712   348215.122   348241.122   348274.122   348305.122
  2205:   348341.122   348367.122   348405.122   348438.122   348473.122
  2210:   348506.122   348541.122   348574.122   348600.122   348634.122
  2215:   348662.122   348697.122   348730.122   348791.122   348827.122
  2220:   348885.122   348947.122   348986.122   349013.122   349049.122
  2225:   349078.122   349111.122   349188.122   349215.122   349250.122
  2230:   349281.122   349314.122   349345.122   349415.722   349415.920
  2235:   349415.901   349415.092   349715.902   351215.910   351217.615
  2240:   355067.625   355068.715   355603.125   355663.125   355698.125
  2245:   355729.125   355762.125   355788.125   355823.125   355855.125
  2250:   355885.125   355916.125   355945.125   356010.125   356067.125
  2255:   356100.125   356136.125   356166.125   356198.125   356229.125
  2260:   356260.125   356302.125   356331.125   356363.125   356399.125
  2265:   356430.125   356459.125   356502.125   356542.125   356571.125
  2270:   356603.125   356646.125   356676.125   356714.125   356752.125
  2275:   356782.125   356819.125   356859.125   356890.125   356924.125
  2280:   356967.125   356994.125   357030.125   357071.125   357098.125
  2285:   357129.125   357172.125   357203.125   357276.125   357385.125
  2290:   357415.125   357472.125   357545.125   357581.125   357614.125
  2295:   357651.125   357691.125   357723.125   357782.125   357813.125
  2300:   357851.125   357886.125   357998.125   358068.125   358147.125
  2305:   358178.125   358215.125   358257.125   358331.125   358362.125
  2310:   358399.125   358443.125   358895.125   359263.725   359263.920
  2315:   359263.901   359263.095   359563.902   361063.910   361065.613
  2320:   363015.623   363016.713   363288.123   363331.123   363377.123
  2325:   363416.123   363459.123   363499.123   363544.123   363576.123
  2330:   363618.123   363669.123   363712.123   363758.123   363791.123
  2335:   363831.123   363874.123   363914.123   363954.123   363990.123
  2340:   364030.123   364072.123   364119.123   364149.123   364191.123
  2345:   364240.123   364272.123   364310.123   364355.123   364393.123
  2350:   364437.123   364480.123   364517.123   364552.123   364591.123
  2355:   364629.123   364674.123   364711.123   364755.123   364799.123
  2360:   364849.123   364884.123   364984.723   364984.920   364984.901
  2365:   364984.093   365284.902   366784.910   366786.615   370636.625
  2370:   370637.815   371185.135   371223.135   371263.135   371303.135
  2375:   371344.135   371383.135   371432.135   371909.135   371971.135
  2380:   372010.135   373008.135   373049.135   373126.135   373325.135
  2385:   373566.135   373601.135   373636.135   373664.135   373699.135
  2390:   373735.135   373780.135   373816.135   373850.135   373886.135
  2395:   373926.135   373956.135   373994.135   374032.135   374071.135
  2400:   374104.135   374140.135   374177.135   374218.135   374250.135
  2405:   374284.135   374321.135   374348.135   374386.135   374430.135
  2410:   374454.135   374546.135   374622.135   374683.135   374724.135
  2415:   374762.135   374798.135   374876.135   374910.135   374952.135
  2420:   374981.135   375023.135   375096.135   375127.135   375157.135
  2425:   375201.135   375234.135   375265.135   375309.135   375345.135
  2430:   375417.135   375492.135   375525.135   375564.135   375610.135
  2435:   375639.135   375662.135   375696.135   375739.135   375773.135
  2440:   375807.135   375880.135   375987.135   376013.135   376051.135
  2445:   376085.135   376123.135   376161.135   376252.135   376287.135
  2450:   376318.135   376522.135   376562.135   376708.135   376738.135
  2455:   376771.135   376894.135   376905.135   377147.135   377185.135
  2460:   377220.135   377436.135   378076.135   378139.135   378171.135
  2465:   378200.135   378257.135   378292.135   378329.135   378337.825
  2470:   378337.920   379837.910   379839.613   381789.623   381790.813
  2475:   382768.133   382782.133   382814.133   382887.133   383438.133
  2480:   383506.133   383538.133   383575.133   383605.133   383642.133
  2485:   383715.133   383755.133   383801.133   383831.133   383870.133
  2490:   384049.133   384180.133   384326.133   384402.133   384589.133
  2495:   384652.133   384685.133   384714.133   384747.133   384780.133
  2500:   384846.133   385024.133   385056.133   385247.133   385495.133
  2505:   385539.133   385571.133   385612.133   385826.133   385857.133
  2510:   385888.133   385922.133   385948.133   385983.133   385990.823
  2515:   385990.920   387490.910   387492.615   391342.625   391343.715
  2520:   391916.125   391955.125   392000.125   392646.125   392684.125
  2525:   392721.125   392755.125   392787.125   393040.125   393072.125
  2530:   393110.125   393149.125   393184.125   394036.125   394110.125
  2535:   394144.125   394181.125   394213.125   394250.125   394283.125
  2540:   394320.125   394354.125   394385.125   394425.125   394450.125
  2545:   394492.125   394519.125   394552.125   394589.125   394625.125
  2550:   394661.125   394699.125   394736.125   394773.125   394805.125
  2555:   394849.125   394886.125   394925.125   395002.125   395039.125
  2560:   395071.125   395107.125   395144.125   395183.125   395249.725
  2565:   395249.920   395249.901   395249.095   395549.902   397049.910
  2570:   397051.614   399801.624   399802.714   403433.724   403433.920
  2575:   403433.901   403433.094   403733.902   405233.910   405235.615
  2580:   409085.625   409086.815   409441.135   410591.135   410625.135
  2585:   410663.135   410768.135   410807.135   410840.135   411029.135
  2590:   411059.135   411092.135   411124.135   411165.135   411202.135
  2595:   411235.135   411273.135   411314.135   411390.135   411424.135
  2600:   411458.135   411498.135   411535.135   411572.135   411611.135
  2605:   411641.135   411678.135   411754.135   411789.135   411832.135
  2610:   411906.135   411941.135   411985.135   412020.135   412056.135
  2615:   412097.135   412130.135   412170.135   412204.135   412240.135
  2620:   412283.135   412325.135   412364.135   412401.135   412447.135
  2625:   412483.135   412519.135   412556.135   412597.135   412645.135
  2630:   412709.135   412751.135   412786.135   412821.135   412859.135
  2635:   412901.135   412985.135   413022.135   413060.135   413102.135
  2640:   413160.135   413236.135   413276.135   413327.135   413362.135
  2645:   413404.135   413447.135   413481.135   413521.135   413578.135
  2650:   413612.135   413655.135   413692.135   413735.135   413777.135
  2655:   413929.135   413968.135   414122.135   414739.135   414780.135
  2660:   414860.135   414895.135   414934.135   414968.135   415006.135
  2665:   415038.135   415074.135   415114.135   415197.135   415239.135
  2670:   415395.135   415729.135   416115.135   416198.135   416229.135
  2675:   416264.135   416301.135   416339.135   416461.135   416733.135
  2680:   416771.135   416786.825   416786.920   418286.910   418288.615
  2685:   422138.625   422139.715   422347.125   422408.125   422506.125
  2690:   423184.125   423235.125   423270.125   423307.125   423486.125
  2695:   423519.125   423550.125   423589.125   423623.125   423659.125
  2700:   423695.125   423727.125   423764.125   423809.125   423843.125
  2705:   423881.125   423921.125   423953.125   423993.125   424032.125
  2710:   424073.125   424106.125   424188.125   424222.125   424258.125
  2715:   424300.125   424337.125   424372.125   424412.125   424456.125
  2720:   424526.125   424565.125   424609.125   424647.125   424684.125
  2725:   424721.125   424760.125   424801.125   424840.125   424875.125
  2730:   424920.125   424956.125   425036.125   425074.125   425114.125
  2735:   425152.125   425195.125   425231.125   425272.125   425325.125
  2740:   425359.125   425522.125   425559.125   425597.125   425678.125
  2745:   425718.125   425752.125   425793.125   425832.125   425941.125
  2750:   425985.125   426103.725   426103.920   426103.901   426103.095
  2755:   426403.902   427903.910   427905.613   429855.623   429856.713
  2760:   429966.123   430053.123   430252.123   430290.123   430327.123
  2765:   430358.123   430393.123   430425.123   430461.123   430496.123
  2770:   430535.123   430569.123   430599.123   430636.123   430667.123
  2775:   430702.123   430774.123   430811.123   430871.123   430913.123
  2780:   430954.123   430998.123   431032.123   431070.123   431115.123
  2785:   431148.123   431186.123   431236.123   431267.123   431303.123
  2790:   431349.123   431393.123   431431.123   431502.123   431546.123
  2795:   431578.123   431613.123   431656.123   431688.123   431729.123
  2800:   431763.123   431799.123   431841.723   431841.920   431841.901
  2805:   431841.093   432141.902   433641.910   433643.611   434643.621
  2810:   434644.711   434844.121   434880.121   434915.121   434953.121
  2815:   434990.121   435019.121   435056.121   435089.121   435124.121
  2820:   435156.121   435192.121   435222.121   435258.121   435291.121
  2825:   435328.121   435367.121   435400.121   435463.121   435498.121
  2830:   435572.121   435640.121   435676.721   435676.920   435676.901
  2835:   435676.091   435976.902   437476.910   437478.615   441328.625
  2840:   441329.815   443049.135   443096.135   443136.135   443418.135
  2845:   443557.135   443732.135   443766.135   443904.135   443940.135
  2850:   443974.135   444009.135   444039.135   444075.135   444112.135
  2855:   444145.135   444187.135   444225.135   444258.135   444296.135
  2860:   444335.135   444371.135   444408.135   444450.135   444490.135
  2865:   444527.135   444566.135   444599.135   444635.135   444672.135
  2870:   444703.135   444736.135   444774.135   444805.135   444840.135
  2875:   444878.135   444910.135   444943.135   444983.135   445012.135
  2880:   445046.135   445082.135   445122.135   445189.135   445226.135
  2885:   445256.135   445322.135   445404.135   445440.135   445476.135
  2890:   445564.135   445595.135   445626.135   445665.135   445760.135
  2895:   445953.135   445984.135   446165.135   446198.135   446240.135
  2900:   446951.135   447507.135   447541.135   447576.135   447639.135
  2905:   447676.135   447710.135   447744.135   447782.135   447815.135
  2910:   447852.135   447890.135   447924.135   447962.135   447999.135
  2915:   448041.135   448079.135   448117.135   448154.135   448192.135
  2920:   448260.135   448296.135   448334.135   448375.135   448410.135
  2925:   448448.135   448489.135   448565.135   448600.135   448682.135
  2930:   448717.135   448754.135   448794.135   448828.135   448902.135
  2935:   448939.135   448980.135   449013.135   449029.825   449029.920
  2940:   450529.910   450531.611   451531.621   451532.811   451678.131
  2945:   451715.131   451753.131   451787.131   451823.131   451889.131
  2950:   451927.131   451956.131   451993.131   452027.131   452095.131
  2955:   452131.131   452167.131   452199.131   452233.131   452273.131
  2960:   452303.131   452338.131   452373.131   452406.131   452442.131
  2965:   452483.131   452521.131   452554.131   452593.131   452634.131
  2970:   452666.131   452701.131   452741.131   452775.131   452811.131
  2975:   452843.131   452880.131   452914.131   452959.131   452986.131
  2980:   453023.131   453068.131   453100.131   453140.131   453182.131
  2985:   453214.131   453249.131   453287.131   453323.131   453361.131
  2990:   453399.131   453441.131   453496.131   453533.131   453653.131
  2995:   453684.131   453818.131   453887.131   454012.131   454048.131
  3000:   454203.131   454495.131   454621.131   454697.131   454732.821
  3005:   454732.920   454735.411   456232.910   456234.615   460084.625
  3010:   460085.715   460395.125   460985.125   461317.125   461365.125
  3015:   461701.125   461766.125   461831.125   461868.125   461906.125
  3020:   461935.125   461971.125   462005.125   462041.125   462070.125
  3025:   462105.125   462134.125   462168.125   462207.125   462237.125
  3030:   462274.125   462308.125   462343.125   462378.125   462414.125
  3035:   462447.125   462479.125   462514.125   462556.125   462589.125
  3040:   462625.125   462664.125   462695.125   462732.125   462774.125
  3045:   462807.125   462842.125   462881.125   462919.125   462952.125
  3050:   462989.125   463030.125   463064.125   463100.125   463139.125
  3055:   463169.125   463210.125   463247.125   463286.125   463319.125
  3060:   463355.125   463396.125   463429.125   463504.125   463568.125
  3065:   463600.125   463676.125   463716.125   463862.125   463974.725
  3070:   463974.920   463974.901   463974.095   464274.902   465774.910
  3075:   465776.612   467176.622   467177.712   467269.122   467299.122
  3080:   467338.122   467377.122   467415.122   467446.122   467483.122
  3085:   467521.122   467553.122   467587.122   467626.122   467660.122
  3090:   467698.122   467733.122   467774.122   467812.122   467838.122
  3095:   467872.122   467903.122   467937.122   467970.122   468005.122
  3100:   468034.122   468070.122   468109.122   468146.122   468179.122
  3105:   468212.122   468279.122   468315.122   468347.122   468382.122
  3110:   468421.122   468454.122   468489.122   468524.122   468555.122
  3115:   468596.722   468596.920   468596.901   468596.092   468896.902
  3120:   470396.910   470398.613   472348.623   472349.713   472973.123
  3125:   473133.123   473163.123   473347.123   473378.123   473412.123
  3130:   473446.123   473480.123   473509.123   473548.123   473580.123
  3135:   473616.123   473654.123   473686.123   473718.123   473757.123
  3140:   473785.123   473820.123   473854.123   473885.123   473958.123
  3145:   473995.123   474026.123   474060.123   474095.123   474133.123
  3150:   474165.123   474199.123   474240.123   474270.123   474309.723
  3155:   474309.920   474309.901   474309.093   474609.902   476109.910
  3160:   476111.611   477111.621   477112.711   477292.121   477334.121
  3165:   477411.121   477454.121   477492.121   477527.121   477566.121
  3170:   477603.121   477636.121   477676.121   477716.121   477755.121
  3175:   477796.121   477829.121   477868.121   477910.121   477946.121
  3180:   477993.121   478027.121   478067.121   478104.121   478150.721
  3185:   478150.920   478150.901   478150.091   478450.902   479950.910
  3190:   479952.615   483802.625   483803.715   484582.125   484780.125
  3195:   484819.125   484853.125   484892.125   484926.125   484967.125
  3200:   485005.125   485037.125   485089.125   485131.125   485174.125
  3205:   485206.125   485243.125   485284.125   485317.125   485357.125
  3210:   485400.125   485437.125   485479.125   485522.125   485555.125
  3215:   485597.125   485643.125   485677.125   485720.125   485759.125
  3220:   485803.125   485836.125   485919.125   485951.125   485991.125
  3225:   486035.125   486071.125   486108.125   486152.125   486201.125
  3230:   486238.125   486280.125   486317.125   486361.125   486405.125
  3235:   486436.125   486475.125   486520.125   486558.125   486599.125
  3240:   486645.125   486681.125   486775.125   486809.125   486850.125
  3245:   486894.125   486937.125   486979.125   487018.125   487060.125
  3250:   487105.125   487139.125   487177.125   487221.125   487255.125
  3255:   487297.125   487340.125   487390.125   487432.125   487486.125
  3260:   487527.125   487566.125   487613.125   487647.125   487687.725
  3265:   487687.920   487687.901   487687.095   487987.902   489487.910
  3270:   489489.611   490489.621   490490.811   490660.131   490701.131
  3275:   490742.131   490785.131   490820.131   490881.131   490917.131
  3280:   490949.131   490986.131   491020.131   491059.131   491092.131
  3285:   491130.131   491172.131   491208.131   491246.131   491288.131
  3290:   491320.131   491357.131   491398.131   491435.131   491472.131
  3295:   491513.131   491559.131   491593.131   491631.131   491680.131
  3300:   491714.131   491754.131   491788.131   491824.131   491863.131
  3305:   491909.131   491939.131   491977.131   492022.131   492057.131
  3310:   492096.131   492136.131   492166.131   492209.131   492253.131
  3315:   492285.131   492316.131   492353.131   492388.131   492425.131
  3320:   492529.131   492612.131   492704.131   492936.131   493125.131
  3325:   493155.131   493217.131   493251.131   493485.131   493521.131
  3330:   493643.131   493686.131   493690.821   493690.920   495190.910
  3335:   495192.612   496592.622   496593.712   496821.122   496942.122
  3340:   496979.122   497059.122   497096.122   497135.122   497168.122
  3345:   497207.122   497246.122   497285.122   497322.122   497360.122
  3350:   497432.122   497467.122   497505.122   497547.122   497627.122
  3355:   497658.122   497695.122   497773.122   497815.122   497852.122
  3360:   497886.122   497928.122   497969.122   498002.722   498002.920
  3365:   498002.901   498002.092   498302.902   499802.910   499804.613
  3370:   501754.623   501755.713   501908.123   501983.123   502021.123
  3375:   502058.123   502133.123   502169.123   502208.123   502246.123
  3380:   502274.123   502355.123   502394.123   502435.123   502477.123
  3385:   502520.123   502591.123   502633.123   502672.123   502705.123
  3390:   502743.123   502786.123   502824.123   502858.123   502898.123
  3395:   502928.123   502962.123   503002.123   503036.123   503072.123
  3400:   503149.123   503185.123   503221.123   503261.123   503345.123
  3405:   503377.123   503411.123   503452.123   503486.123   503601.123
  3410:   503629.123   503663.123   503699.123   503743.723   503743.920
  3415:   503743.901   503743.093   504043.902   505543.910   505545.611
  3420:   506545.621   506546.811   506701.131   506777.131   506811.131
  3425:   506845.131   506880.131   506908.131   506945.131   506975.131
  3430:   507009.131   507076.131   507180.131   507208.131   507241.131
  3435:   507276.131   507350.131   507381.131   507420.131   507451.131
  3440:   507524.131   507551.131   507586.131   507626.131   507656.131
  3445:   507691.131   507730.131   507759.131   507793.131   507834.131
  3450:   507866.131   507901.131   507939.131   507971.131   508004.131
  3455:   508032.131   508070.131   508112.131   508142.131   508179.131
  3460:   508220.131   508251.131   508367.131   508396.131   508473.131
  3465:   508509.131   508550.131   508589.131   508625.131   508664.131
  3470:   508705.131   508740.131   508778.131   508822.131   508855.131
  3475:   508960.131   509072.131   509395.131   509427.131   509459.131
  3480:   509495.131   509531.131   509569.131   509606.131   509642.131
  3485:   509674.131   509708.131   509746.821   509746.920   509752.411
  3490:   511246.910   511248.614   513998.624   513999.814   515289.134
  3495:   515663.134   516311.134   517177.134   517212.134   517244.134
  3500:   517280.134   517367.134   517402.134   517432.134   517465.134
  3505:   517499.134   517535.134   517564.134   517599.134   517632.134
  3510:   517665.134   517703.134   517736.134   517772.134   517803.134
  3515:   517837.134   517875.134   517907.134   517942.134   517980.134
  3520:   518010.134   518047.134   518083.134   518116.134   518149.134
  3525:   518188.134   518243.134   518274.134   518309.134   518347.134
  3530:   518383.134   518420.134   518452.134   518525.134   518555.134
  3535:   518592.134   518624.134   518712.134   518748.134   518789.134
  3540:   518833.134   518870.134   518913.134   518948.134   518987.134
  3545:   519023.134   519067.134   519101.134   519136.134   519176.134
  3550:   519210.134   519247.134   519323.134   519362.134   519405.134
  3555:   519443.134   519484.134   519499.824   519499.920   520999.910
  3560:   521001.612   522401.622   522402.712   523593.122   523643.122
  3565:   524196.722   524196.920   524196.901   524196.092   524496.902
  3570:   525996.910   525998.615   529848.625   529849.815   529964.135
  3575:   529999.135   530716.135   530747.135   531205.135   531239.135
  3580:   531269.135   531332.135   531369.135   531407.135   531441.135
  3585:   531485.135   531523.135   531560.135   531600.135   531640.135
  3590:   531680.135   531768.135   531804.135   531848.135   531883.135
  3595:   531925.135   531966.135   532002.135   532041.135   532086.135
  3600:   532123.135   532160.135   532203.135   532238.135   532321.135
  3605:   532359.135   532394.135   532495.135   532530.135   532566.135
  3610:   532606.135   532643.135   532719.135   532739.135   532772.135
  3615:   532819.135   532855.135   532891.135   532920.135   532959.135
  3620:   533001.135   533081.135   533111.135   533146.135   533190.135
  3625:   533261.135   533302.135   533339.135   533372.135   533406.135
  3630:   533442.135   533483.135   533524.135   533560.135   533592.135
  3635:   533632.135   533669.135   533708.135   533775.135   533814.135
  3640:   533847.135   533933.135   534037.135   534073.135   534114.135
  3645:   534151.135   534221.135   534260.135   534295.135   534378.135
  3650:   534417.135   534461.135   534538.135   534571.135   534610.135
  3655:   534690.135   534729.135   534765.135   534836.135   534875.135
  3660:   534907.135   534949.135   534995.135   535207.135   535318.135
  3665:   535430.135   535467.135   535566.135   535742.135   535966.135
  3670:   536051.135   536458.135   536496.135   536529.135   536563.135
  3675:   536599.135   536641.135   536681.135   536719.135   537007.135
  3680:   537041.135   537076.135   537109.135   537151.135   537192.135
  3685:   537235.135   537275.135   537388.135   537425.135   537460.135
  3690:   537497.135   537535.135   537549.825   537549.920   539049.910
  3695:   539051.612   540451.622   540452.712   540897.122   541273.122
  3700:   542061.722   542061.920   542061.901   542061.092   542361.902
  3705:   543861.910   543863.613   545813.623   545814.713   546072.123
  3710:   546111.123   546233.123   546274.123   546309.123   546348.123
  3715:   546670.123   546707.123   546742.123   546784.123   546824.123
  3720:   546864.123   546904.123   546978.123   547055.123   547180.123
  3725:   547214.123   547332.123   547370.123   547407.123   547447.123
  3730:   547489.123   547526.123   547570.123   547606.123   547647.123
  3735:   547731.123   547770.723   547770.920   547770.901   547770.093
  3740:   548070.902   549570.910   549572.614   552322.624   552323.714
  3745:   552879.124   552924.124   553746.124   554333.124   554380.124
  3750:   554424.124   554464.124   554503.124   554546.124   554585.124
  3755:   554624.124   554667.124   554701.124   554746.124   554840.124
  3760:   554876.124   554919.124   554962.124   555005.124   555045.124
  3765:   555088.724   555088.920   555088.901   555088.094   555388.902
  3770:   556888.910   556890.614   559640.624   559641.814   559959.134
  3775:   560129.134   560318.134   560362.134   560401.134   560442.134
  3780:   560474.134   560517.134   560560.134   560609.134   560649.134
  3785:   560680.134   560719.134   560765.134   560841.134   560881.134
  3790:   560923.134   560954.134   560993.134   561032.134   561068.134
  3795:   561110.134   561146.134   561177.134   561249.134   561286.134
  3800:   561326.134   561357.134   561396.134   561435.134   561466.134
  3805:   561505.134   561545.134   561577.134   561614.134   561654.134
  3810:   561685.134   561723.134   561760.134   561801.134   561834.134
  3815:   561870.134   561909.134   561951.134   561984.134   562017.134
  3820:   562057.134   562097.134   562132.134   562168.134   562214.134
  3825:   562251.134   562290.134   562332.134   562377.134   562414.134
  3830:   562446.134   562484.134   562525.134   562558.134   562600.134
  3835:   562634.134   562672.134   562715.134   562751.134   562787.134
  3840:   562873.134   562910.134   562944.134   563032.134   563072.134
  3845:   563110.134   563148.134   563184.134   563221.134   563256.134
  3850:   563293.134   563335.134   563375.134   563411.134   563453.134
  3855:   563490.134   563533.134   563611.134   563699.134   563784.134
  3860:   563918.134   563953.134   564063.134   564106.134   564140.134
  3865:   564173.134   564213.134   564246.134   564284.134   564426.134
  3870:   564710.134   564763.134   564802.134   564840.134   564877.134
  3875:   564916.134   564945.134   564981.134   565021.134   565060.134
  3880:   565141.824   565141.920   566641.910   566643.612   568043.622
  3885:   568044.812   568209.132   568242.132   568454.132   568480.132
  3890:   568708.132   569067.132   569099.132   569137.132   569167.132
  3895:   569204.132   569241.132   569279.132   569317.132   569349.132
  3900:   569389.132   569431.132   569463.132   569499.132   569538.132
  3905:   569579.132   569613.132   569650.132   569724.132   569757.132
  3910:   569792.132   569829.132   569867.132   569900.132   569936.132
  3915:   569971.132   570045.132   570079.132   570117.132   570151.132
  3920:   570185.132   570214.132   570250.132   570290.132   570322.132
  3925:   570356.132   570395.132   570431.132   570469.132   570502.132
  3930:   570539.132   570581.132   570617.132   570650.132   570722.132
  3935:   570761.132   570796.132   570833.132   570866.132   570896.132
  3940:   570936.132   570971.132   571015.132   571050.132   571089.132
  3945:   571126.132   571166.132   571207.132   571305.132   571426.132
  3950:   571644.822   571644.920   571659.411   573144.910   573146.612
  3955:   574546.622   574547.712   574660.122   574703.122   574739.122
  3960:   574776.122   574816.122   575018.122   575049.122   575170.122
  3965:   575274.122   575306.122   575350.122   575385.122   575418.122
  3970:   575456.122   575491.122   575524.122   575561.122   575636.122
  3975:   575670.122   575711.122   575753.122   575788.122   575828.122
  3980:   575863.122   575901.122   575943.122   575977.722   575977.920
  3985:   575977.901   575977.092   576277.902   577777.910   577779.611
  3990:   578779.621   578780.711   579516.121   579632.121   579678.121
  3995:   579756.121   579792.721   579792.920   579792.901   579792.091
  4000:   580092.902   581592.910   581594.614   584344.624   584345.714
  4005:   590558.724   590558.920   590558.901   590558.094   590858.902
  4010:   592358.910   592360.614   595110.624   595111.714   595279.124
  4015:   597256.124   597750.124   597787.124   597854.124   597888.724
  4020:   597888.920   597888.901   597888.094   598188.902   599688.910
  4025:   599690.615   603540.625   603541.715   604313.125   604358.125
  4030:   604824.125   604861.125   604902.125   604937.125   604974.125
  4035:   605009.125   605046.125   605082.125   605114.125   605187.125
  4040:   605228.125   605260.125   605295.125   605336.125   605373.125
  4045:   605406.125   605440.125   605475.125   605512.125   605547.125
  4050:   605575.125   605615.125   605653.125   605692.125   605725.125
  4055:   605762.125   605802.125   605832.125   605866.125   605903.125
  4060:   605966.125   605999.125   606036.125   606075.125   606143.125
  4065:   606181.125   606216.125   606253.125   606278.125   606320.125
  4070:   606353.125   606422.125   606456.125   606494.125   606559.125
  4075:   606591.125   606627.125   606670.125   606711.125   606745.125
  4080:   606786.125   606820.125   606854.125   606889.125   606932.125
  4085:   606961.125   607038.125   607075.125   607106.125   607141.125
  4090:   607171.125   607204.125   607242.125   607280.125   607313.125
  4095:   607343.125   607377.125   607414.725   607414.920   607414.901
  4100:   607414.095   607714.902   609214.910   609216.614   611966.624
  4105:   611967.714   612165.124   612496.124   612597.124   612631.124
  4110:   612665.124   612705.124   612741.124   612777.124   612848.124
  4115:   612884.124   612921.124   612955.124   613026.124   613067.124
  4120:   613103.124   613140.124   613171.124   613210.124   613249.124
  4125:   613324.124   613356.124   613391.124   613427.124   613468.124
  4130:   613531.124   613566.124   613634.124   613672.124   613708.124
  4135:   613753.124   613783.124   613827.124   613866.124   613900.124
  4140:   613932.124   613965.124   614036.124   614071.124   614204.124
  4145:   614237.124   614277.124   614311.124   614346.124   614383.124
  4150:   614452.124   614521.124   614555.124   614587.124   614633.124
  4155:   614668.124   614703.124   614737.724   614737.920   614737.901
  4160:   614737.094   615037.902   616537.910   616539.611   617539.621
  4165:   617540.811   617658.131   617688.131   617752.131   617851.131
  4170:   617942.131   617976.131   618008.131   618043.131   618085.131
  4175:   618118.131   618156.131   618196.131   618228.131   618263.131
  4180:   618300.131   618340.131   618374.131   618407.131   618442.131
  4185:   618482.131   618582.131   618622.131   618653.131   618687.131
  4190:   618726.131   618759.131   618792.131   618830.131   618863.131
  4195:   618976.131   619016.131   619052.131   619081.131   619118.131
  4200:   619156.131   619193.131   619228.131   619265.131   619336.131
  4205:   619371.131   619413.131   619444.131   619480.131   619519.131
  4210:   619552.131   619636.131   619670.131   619705.131   619746.131
  4215:   619780.131   619819.131   619857.131   619894.131   619929.131
  4220:   619967.131   620011.131   620048.131   620092.131   620132.131
  4225:   620167.131   620205.131   620246.131   620278.131   620315.131
  4230:   620358.131   620390.131   620426.131   620463.131   620503.131
  4235:   620531.131   620567.131   620646.131   620717.131   620740.821
  4240:   620740.920   622240.910   622242.614   624992.624   624993.814
  4245:   625764.134   625802.134   625840.134   625880.134   626010.134
  4250:   626051.134   626086.134   626120.134   626156.134   626193.134
  4255:   626278.134   626322.134   626474.134   626514.134   626551.134
  4260:   626587.134   626628.134   626671.134   626781.134   626827.134
  4265:   626905.134   626944.134   626990.134   627160.134   627197.134
  4270:   627235.134   627273.134   627315.134   627360.134   627399.134
  4275:   627443.134   627480.134   627518.134   627561.134   627638.134
  4280:   627678.134   627714.134   627755.134   627793.134   627832.134
  4285:   627891.134   627925.134   627959.134   627996.134   628035.134
  4290:   628075.134   628112.134   628158.134   628202.134   628237.134
  4295:   628276.134   628319.134   628404.134   628478.134   628514.134
  4300:   628549.134   628579.134   628614.134   628652.134   628692.134
  4305:   628731.134   628766.134   628810.134   628844.134   628879.134
  4310:   628915.134   628958.134   629033.134   629108.134   629262.134
  4315:   629374.134   629740.134   630039.134   630076.134   630140.134
  4320:   630247.134   630284.134   630319.134   630352.134   630382.134
  4325:   630420.134   630461.134   630493.824   630493.920   630503.411
  4330:   631993.910   631995.614   634745.624   634746.714   635089.124
  4335:   635531.124   636151.124   636230.124   636428.124   636509.124
  4340:   636545.124   636580.124   636654.124   636696.124   636784.124
  4345:   636825.124   636901.124   636943.124   636984.124   637034.124
  4350:   637073.124   637110.124   637151.124   637273.124   637310.124
  4355:   637482.124   637516.724   637516.920   637516.901   637516.094
  4360:   637816.902   639316.910   639318.612   640718.622   640719.812
  4365:   640933.132   641439.132   641475.132   641586.132   641624.132
  4370:   641665.132   641759.132   641793.132   641836.132   641874.132
  4375:   641912.132   641949.132   641986.132   642026.132   642067.132
  4380:   642109.132   642150.132   642190.132   642236.132   642349.132
  4385:   642430.132   642473.132   642507.132   642544.132   642586.132
  4390:   642627.132   642658.132   642699.132   642777.132   642816.132
  4395:   642858.132   642888.132   642933.132   642973.132   643008.132
  4400:   643053.132   643091.132   643134.132   643177.132   643215.132
  4405:   643254.132   643297.132   643331.132   643367.132   643446.132
  4410:   643531.132   643604.132   643647.132   643687.132   643766.132
  4415:   643796.132   643947.132   643985.132   644022.132   644060.132
  4420:   644099.132   644135.132   644176.132   644214.132   644251.132
  4425:   644283.132   644319.822   644319.920   644333.411   645819.910
  4430:   645821.613   647771.623   647772.813   648577.133   648608.133
  4435:   649043.133   649152.133   649668.133   649704.133   649741.133
  4440:   649939.133   649971.133   650009.133   650046.133   650118.133
  4445:   650155.133   650196.133   650268.133   650391.133   650603.133
  4450:   650634.133   650669.133   650704.133   650775.133   650809.133
  4455:   650846.133   650881.133   650919.133   650962.133   650996.133
  4460:   651032.133   651074.133   651110.133   651148.133   651224.133
  4465:   651256.133   651375.133   651410.133   651444.133   651479.133
  4470:   651517.133   651556.133   651592.133   651632.133   651670.133
  4475:   651701.133   651738.133   651777.133   651812.133   651848.133
  4480:   651887.133   651965.133   651972.823   651972.920   653472.910
  4485:   653474.611   654474.621   654475.711   654769.121   655002.121
  4490:   655038.121   655069.121   655106.121   655143.121   655187.121
  4495:   655222.121   655310.121   655347.121   655547.721   655547.920
  4500:   655547.901   655547.091   655847.902   657347.910   657349.612
  4505:   658749.622   658750.712   658964.122   659086.122   659121.122
  4510:   659161.122   659199.122   659356.122   659441.122   659478.122
  4515:   659520.122   659553.122   659708.122   659791.122   659881.122
  4520:   659959.122   660044.122   660090.122   660126.122   660165.722
  4525:   660165.920   660165.901   660165.092   660465.902   661965.910
  4530:   661967.613   663917.623   663918.713   664199.123   664624.123
  4535:   664663.123   664742.123   664820.123   664861.123   664899.123
  4540:   664938.123   664985.123   665025.123   665067.123   665107.123
  4545:   665188.123   665243.123   665285.123   665363.123   665401.123
  4550:   665561.123   665596.123   665635.123   665672.123   665713.123
  4555:   665752.123   665795.123   665836.123   665872.723   665872.920
  4560:   665872.901   665872.093   666172.902   667672.910   667674.615
  4565:   671524.625   671525.715   672280.125   672319.125   672893.125
  4570:   673027.125   673348.125   673485.125   673514.125   673551.125
  4575:   673589.125   673831.125   673935.125   673972.125   674164.125
  4580:   674198.125   674236.125   674280.125   674317.125   674362.125
  4585:   674397.125   674438.125   674512.125   674550.125   674634.125
  4590:   674808.125   674847.125   674888.125   674927.125   674969.125
  4595:   675008.125   675046.125   675086.125   675125.125   675167.125
  4600:   675198.125   675242.125   675340.125   675413.725   675413.920
  4605:   675413.901   675413.095   675713.902   677213.910   677215.612
  4610:   678615.622   678616.712   679141.122   679174.122   679221.122
  4615:   679261.122   679301.122   679339.122   679376.122   679416.122
  4620:   679458.122   679495.122   679536.122   679616.122   679653.122
  4625:   679695.122   679727.122   679772.122   679834.122   679871.122
  4630:   679921.122   679959.122   680003.122   680113.722   680113.920
  4635:   680113.901   680113.092   680413.902   681913.910   681915.613
  4640:   683865.623   683866.713   683999.123   684798.123   684833.123
  4645:   684906.123   684942.123   685014.123   685047.123   685089.123
  4650:   685234.123   685274.123   685307.123   685372.123   685412.123
  4655:   685448.123   685486.123   685503.123   685543.123   685573.123
  4660:   685607.123   685647.123   685685.123   685720.123   685755.123
  4665:   685792.123   685830.723   685830.920   685830.901   685830.093
  4670:   686130.902   687630.910   687632.613   689582.623   689583.713
  4675:   689876.123   689907.123   689941.123   690051.123   690090.123
  4680:   690128.123   690173.123   690212.123   690250.123   690290.123
  4685:   690322.123   690359.123   690403.123   690447.123   690481.123
  4690:   690524.123   690566.123   690599.123   690637.123   690681.123
  4695:   690726.123   690765.123   690796.123   690829.123   690862.123
  4700:   690964.123   691000.123   691044.123   691110.123   691169.123
  4705:   691254.123   691301.123   691337.123   691368.123   691419.123
  4710:   691456.123   691491.123   691576.723   691576.920   691576.901
  4715:   691576.093   691876.902   693376.910   693378.615   697228.625
  4720:   697229.715   697780.125   698851.125   698889.125   698925.125
  4725:   699986.125   700760.125   700799.125   700838.125   700874.125
  4730:   700957.125   700999.125   701042.125   701185.725   701185.920
  4735:   701185.901   701185.095   701485.902   702985.910   702987.611
  4740:   703987.621   703988.711   704419.121   704486.121   704525.121
  4745:   704595.121   704630.121   704672.121   704709.121   704813.121
  4750:   704847.121   704884.121   704911.121   704954.121   705023.721
  4755:   705023.920   705023.901   705023.091   705323.902   705323.902
  4760:   705323.005   705323.006   705323.007   705323.020     
D:
     0:        0.000        0.000        0.000        0.000        0.000
     5:        0.000        0.000        0.000        0.000        0.000
    10:        0.000        0.000        0.000        0.000        0.000
    15:        0.000        0.000        0.000        0.000        0.000
    20:        0.000        0.000        0.000        0.000        0.000
    25:        0.000        8.000        0.000        0.000        0.000
    30:        0.000        0.000        0.000        0.000        0.000
    35:        0.000
F:
     0:       10.000       14.000       19.500       27.500       38.500
     5:       10.000       14.000       19.500       27.500       38.500
    10:       10.000       14.000       19.500       27.500       38.500
    15:       20.000       28.000       39.000       55.000       77.000
    20:       20.000       28.000       39.000       55.000       77.000
    25:       20.000       28.000       39.000       55.000       77.000
    30:       10.000       14.000       19.500       27.500       38.500
    35:       10.000       14.000       19.500       27.500       38.500
    40:       10.000       14.000       19.500       27.500       38.500
    45:       10.000       14.000       19.500       27.500       38.500
    50:       10.000       14.000       19.500       27.500       38.500
    55:       10.000       14.000       19.500       27.500       38.500
    60:       10.000       14.000       19.500       27.500       38.500
    65:       10.000       14.000       19.500       27.500       38.500
    70:       10.000       14.000       19.500       27.500       38.500
    75:       20.000       28.000       39.000       55.000       77.000
    80:       20.000       28.000       39.000       55.000       77.000
    85:       10.000       14.000       19.500       27.500       38.500
    90:       10.000       14.000       19.500       27.500       38.500
    95:       10.000       14.000       19.500       27.500       38.500
I:
     0:       75.000        0.000        0.000
M:
     0:       15.000       15.000       15.000       15.000       15.000
     5:        5.000        5.000        5.000        5.000        5.000
    10:      100.000
N:
     0:       20.000       20.000       20.000       20.000       20.000
     5:        0.000
Q:
     0:       15.000       15.000       15.000       15.000       15.000
     5:        0.000
V:
     0:        0.000        0.000        0.000        0.000        0.000
     5:      262.000      330.000      431.000      452.000      669.000
    10:      322.000      343.000      296.000      400.000      495.000
    15:        0.000
