File: C:\MED-PC IV\DATA\M_PEAK35P003


Start Date: 09/09/17
End Date: 09/09/17
Subject: P003
Experiment: IF-PICO
Group: 0
Box: 7
Start Time: 10:04:06
End Time: 11:57:03
MSN: Multiple_Peak
B:       0.000
C:       0.000
E:    5941.000
G:      10.000
H:    1000.000
J:       0.000
K:       0.000
L:       0.000
O:       0.000
P:       0.000
R:       0.000
S:       0.000
T:  677704.000
U:       0.000
W:       0.000
X:       0.000
Y:       0.000
Z:       0.000
A:
     0:        0.010      500.910      502.611     1502.621     1503.711
     5:     1750.121     1783.121     1818.121     1855.121     1897.121
    10:     1929.121     1987.121     2016.121     2089.121     2125.121
    15:     2192.121     2266.121     2301.121     2331.121     2390.121
    20:     2423.121     2493.121     2560.721     2560.920     2560.901
    25:     2560.091     2860.902     4360.910     4362.611     5362.621
    30:     5363.711     5445.121     5475.121     5508.121     5584.121
    35:     5616.121     5647.121     5683.121     5720.121     5750.121
    40:     5784.121     5813.121     5879.121     5941.121     5973.121
    45:     6004.121     6034.121     6063.121     6134.121     6164.121
    50:     6196.121     6229.121     6262.121     6296.121     6325.121
    55:     6360.121     6394.721     6394.920     6394.901     6394.091
    60:     6694.902     8194.910     8196.613    10146.623    10147.713
    65:    10272.123    10303.123    10338.123    10376.123    10407.123
    70:    10446.123    10479.123    10515.123    10548.123    10583.123
    75:    10622.123    10653.123    10687.123    10721.123    10752.123
    80:    10780.123    10812.123    10843.123    10875.123    10908.123
    85:    10945.123    10976.123    11009.123    11041.123    11073.123
    90:    11108.123    11138.123    11172.123    11204.123    11241.123
    95:    11274.123    11346.123    11383.123    11416.123    11459.123
   100:    11494.123    11530.123    11567.123    11605.123    11639.123
   105:    11676.123    11713.123    11787.123    11822.123    11860.123
   110:    11895.123    11932.123    11968.123    12004.123    12038.123
   115:    12109.723    12109.920    12109.901    12109.093    12409.902
   120:    13909.910    13911.612    15311.622    15312.712    15624.122
   125:    15659.122    15766.122    15833.122    15864.122    15893.122
   130:    15953.122    15983.122    16014.122    16044.122    16076.122
   135:    16139.122    16170.122    16201.122    16235.122    16267.122
   140:    16298.122    16333.122    16367.122    16402.122    16434.122
   145:    16468.122    16500.122    16534.122    16568.122    16602.122
   150:    16636.122    16705.122    16738.722    16738.920    16738.901
   155:    16738.092    17038.902    18538.910    18540.612    19940.622
   160:    19941.712    20197.122    20237.122    20274.122    20309.122
   165:    20340.122    20408.122    20482.122    20515.122    20546.122
   170:    20574.122    20603.122    20637.122    20669.122    20699.122
   175:    20729.122    20761.122    20791.122    20854.122    20886.122
   180:    20919.122    20953.122    20986.122    21019.122    21057.122
   185:    21093.122    21127.122    21160.122    21194.122    21227.122
   190:    21264.122    21300.122    21334.122    21370.722    21370.920
   195:    21370.901    21370.092    21670.902    23170.910    23172.614
   200:    25922.624    25923.714    26128.124    26165.124    26285.124
   205:    26320.124    26353.124    26389.124    26419.124    26448.124
   210:    26479.124    26509.124    26538.124    26566.124    26595.124
   215:    26625.124    26658.124    26689.124    26727.124    26758.124
   220:    26786.124    26817.124    26845.124    26878.124    26907.124
   225:    26938.124    26970.124    26999.124    27029.124    27092.124
   230:    27226.124    27291.124    27324.124    27356.124    27422.124
   235:    27456.124    27521.124    27554.124    27620.124    27656.124
   240:    27689.124    27728.124    27763.124    27798.124    27834.124
   245:    27872.124    27907.124    27974.124    28009.124    28047.124
   250:    28085.124    28124.124    28160.124    28197.124    28236.124
   255:    28270.124    28306.124    28341.124    28379.124    28416.124
   260:    28454.124    28493.124    28529.124    28565.124    28605.124
   265:    28644.124    28682.724    28682.920    28682.901    28682.094
   270:    28982.902    30482.910    30484.611    31484.621    31485.811
   275:    31590.131    31625.131    31659.131    31696.131    31739.131
   280:    31774.131    31807.131    31842.131    31880.131    31913.131
   285:    31951.131    31996.131    32030.131    32061.131    32093.131
   290:    32125.131    32158.131    32192.131    32223.131    32254.131
   295:    32317.131    32352.131    32384.131    32502.131    32538.131
   300:    32573.131    32640.131    32712.131    32748.131    32783.131
   305:    32818.131    32855.131    32888.131    32927.131    32965.131
   310:    33001.131    33040.131    33075.131    33112.131    33147.131
   315:    33185.131    33227.131    33266.131    33300.131    33343.131
   320:    33381.131    33417.131    33455.131    33491.131    33528.131
   325:    33567.131    33607.131    33643.131    33681.131    33718.131
   330:    33754.131    33789.131    33827.131    33869.131    33904.131
   335:    33939.131    33976.131    34014.131    34054.131    34093.131
   340:    34134.131    34171.131    34211.131    34245.131    34324.131
   345:    34358.131    34394.131    34429.131    34467.131    34504.131
   350:    34542.131    34584.131    34624.131    34660.131    34685.821
   355:    34685.920    34698.411    36185.910    36187.615    40037.625
   360:    40038.715    40729.125    41190.125    41225.125    41295.125
   365:    41334.125    41365.125    41403.125    41447.125    41480.125
   370:    41560.125    41587.125    41627.125    41665.125    41696.125
   375:    41731.125    41759.125    41800.125    41837.125    41875.125
   380:    41913.125    41942.125    42060.125    42090.125    42129.125
   385:    42160.125    42224.125    42254.125    42318.125    42350.125
   390:    42390.125    42423.125    42462.125    42503.125    42538.125
   395:    42607.125    42647.125    42685.125    42760.125    42798.125
   400:    42873.125    42916.125    42955.125    42995.125    43032.125
   405:    43069.125    43107.125    43142.125    43180.125    43217.125
   410:    43254.125    43295.125    43332.125    43370.125    43408.125
   415:    43445.125    43485.125    43521.125    43558.125    43595.125
   420:    43633.125    43670.125    43707.125    43747.125    43784.125
   425:    43823.125    43907.725    43907.920    43907.901    43907.095
   430:    44207.902    45707.910    45709.613    47659.623    47660.813
   435:    48066.133    48107.133    48138.133    48173.133    48216.133
   440:    48252.133    48287.133    48350.133    48382.133    48448.133
   445:    48489.133    48524.133    48600.133    48632.133    48670.133
   450:    48706.133    48744.133    48778.133    48812.133    48848.133
   455:    48884.133    48919.133    48958.133    48993.133    49030.133
   460:    49066.133    49098.133    49176.133    49212.133    49245.133
   465:    49279.133    49316.133    49352.133    49388.133    49421.133
   470:    49532.133    49568.133    49610.133    49682.133    49719.133
   475:    49755.133    49792.133    49829.133    49867.133    49907.133
   480:    50015.133    50053.133    50089.133    50125.133    50201.133
   485:    50277.133    50312.133    50348.133    50385.133    50423.133
   490:    50460.133    50496.133    50532.133    50568.133    50605.133
   495:    50645.133    50683.133    50720.133    50757.133    50792.133
   500:    50830.133    50868.133    50905.133    50943.133    50980.133
   505:    51017.133    51057.133    51096.133    51133.133    51174.133
   510:    51371.133    51407.133    51447.133    51486.133    51523.133
   515:    51559.133    51597.133    51636.133    51674.133    51710.133
   520:    51746.133    51786.133    51823.133    51860.823    51860.920
   525:    51861.411    53360.910    53362.613    55312.623    55313.713
   530:    55627.123    55726.123    55765.123    55799.123    55844.123
   535:    55886.123    55917.123    55948.123    55982.123    56014.123
   540:    56046.123    56078.123    56116.123    56148.123    56180.123
   545:    56213.123    56248.123    56285.123    56319.123    56355.123
   550:    56389.123    56427.123    56459.123    56495.123    56533.123
   555:    56566.123    56603.123    56641.123    56680.123    56717.123
   560:    56754.123    56792.123    56832.123    56872.123    56910.123
   565:    56948.123    56992.123    57026.123    57062.123    57105.123
   570:    57141.123    57179.123    57217.123    57254.123    57289.723
   575:    57289.920    57289.901    57289.093    57589.902    59089.910
   580:    59091.615    62941.625    62942.715    63289.125    63328.125
   585:    63367.125    63406.125    63562.125    63671.125    63719.125
   590:    63760.125    63869.125    63950.125    64028.125    64065.125
   595:    64106.125    64144.125    64187.125    64226.125    64266.125
   600:    64384.125    64420.125    64458.125    64540.125    64575.125
   605:    64610.125    64650.125    64683.125    64717.125    64751.125
   610:    64788.125    64827.125    64864.125    64902.125    64941.125
   615:    64978.125    65018.125    65062.125    65102.125    65187.125
   620:    65228.125    65266.125    65306.125    65348.125    65389.125
   625:    65430.125    65469.125    65511.125    65555.125    65594.125
   630:    65635.125    65679.125    65719.125    65760.125    65801.125
   635:    65841.125    65881.125    65922.125    65960.125    65999.125
   640:    66039.125    66079.125    66119.125    66161.125    66205.125
   645:    66251.125    66293.125    66334.125    66374.125    66417.125
   650:    66457.125    66498.125    66542.125    66589.125    66629.125
   655:    66670.125    66716.125    66760.125    66799.725    66799.920
   660:    66799.901    66799.095    67099.902    68599.910    68601.613
   665:    70551.623    70552.813    71147.133    71189.133    71226.133
   670:    71344.133    71376.133    71413.133    71448.133    71522.133
   675:    71557.133    71611.133    71647.133    71686.133    71739.133
   680:    71776.133    71813.133    71848.133    71887.133    71936.133
   685:    71980.133    72020.133    72064.133    72112.133    72150.133
   690:    72190.133    72242.133    72279.133    72316.133    72353.133
   695:    72390.133    72428.133    72463.133    72502.133    72538.133
   700:    72580.133    72621.133    72660.133    72699.133    72744.133
   705:    72785.133    72823.133    72868.133    72908.133    72948.133
   710:    72988.133    73034.133    73075.133    73117.133    73157.133
   715:    73199.133    73240.133    73282.133    73325.133    73368.133
   720:    73408.133    73449.133    73491.133    73530.133    73573.133
   725:    73616.133    73658.133    73701.133    73743.133    73784.133
   730:    73825.133    73868.133    73913.133    73958.133    74005.133
   735:    74045.133    74087.133    74131.133    74217.133    74261.133
   740:    74303.133    74345.133    74385.133    74425.133    74468.133
   745:    74512.133    74560.133    74600.133    74672.133    74713.133
   750:    74752.823    74752.920    74755.411    76252.910    76254.615
   755:    80104.625    80105.715    81574.125    81615.125    81653.125
   760:    81727.125    81861.125    81900.125    81948.125    82135.125
   765:    82221.125    82253.125    82297.125    82455.125    82504.125
   770:    82536.125    82578.125    82670.125    82779.125    82815.125
   775:    82938.125    82987.125    83108.125    83140.125    83229.125
   780:    83264.125    83306.125    83350.125    83392.125    83495.125
   785:    83534.125    83574.125    83609.125    83650.125    83686.125
   790:    83731.125    83770.125    83830.125    83870.125    83911.125
   795:    83951.125    83992.725    83992.920    83992.901    83992.095
   800:    84292.902    85792.910    85794.614    88544.624    88545.714
   805:    89315.124    89447.124    89985.124    90018.124    90051.124
   810:    90094.124    90162.124    90195.124    90230.124    90268.124
   815:    90297.124    90377.124    90407.124    90439.124    90481.124
   820:    90523.124    90556.124    90620.124    90650.124    90714.124
   825:    90744.124    90772.124    90803.124    90835.124    90866.124
   830:    90898.124    90931.124    90963.124    90997.124    91031.124
   835:    91066.124    91098.124    91134.124    91166.124    91204.124
   840:    91239.124    91275.124    91314.724    91314.920    91314.901
   845:    91314.094    91614.902    93114.910    93116.611    94116.621
   850:    94117.711    94399.121    94491.121    94650.121    94678.121
   855:    94705.121    94737.121    94797.121    94831.121    94860.121
   860:    94892.121    94923.121    94953.121    94985.121    95016.121
   865:    95049.121    95082.121    95118.721    95118.920    95118.901
   870:    95118.091    95418.902    96918.910    96920.612    98320.622
   875:    98321.712    98553.122    98592.122    98626.122    98659.122
   880:    98726.122    98758.122    98818.122    98855.122    98887.122
   885:    98919.122    98951.122    98982.122    99014.122    99046.122
   890:    99079.122    99110.122    99145.122    99180.122    99213.122
   895:    99249.122    99287.122    99322.122    99360.122    99397.122
   900:    99433.122    99470.122    99505.122    99542.122    99575.122
   905:    99648.122    99687.122    99725.722    99725.920    99725.901
   910:    99725.092   100025.902   101525.910   101527.615   105377.625
   915:   105378.815   105969.135   106008.135   106048.135   106084.135
   920:   106232.135   106311.135   106702.135   106741.135   106773.135
   925:   106806.135   106838.135   106875.135   106911.135   106944.135
   930:   106983.135   107020.135   107114.135   107153.135   107231.135
   935:   107275.135   107313.135   107353.135   107391.135   107436.135
   940:   107473.135   107507.135   107545.135   107575.135   107614.135
   945:   107645.135   107677.135   107729.135   107763.135   107799.135
   950:   107840.135   107883.135   107917.135   107952.135   107988.135
   955:   108024.135   108162.135   108202.135   108239.135   108275.135
   960:   108312.135   108352.135   108389.135   108428.135   108533.135
   965:   108568.135   108606.135   108646.135   108686.135   108724.135
   970:   108763.135   108805.135   108850.135   108891.135   108930.135
   975:   108973.135   109015.135   109054.135   109093.135   109132.135
   980:   109175.135   109218.135   109259.135   109341.135   109378.135
   985:   109417.135   109456.135   109534.135   109573.135   109614.135
   990:   109651.135   109733.135   109771.135   109811.135   109846.135
   995:   109885.135   109923.135   109963.135   110002.135   110039.135
  1000:   110073.135   110109.135   110148.135   110194.135   110234.135
  1005:   110314.135   110353.135   110398.135   110441.135   110482.135
  1010:   110518.135   110554.135   110595.135   110635.135   110678.135
  1015:   110756.135   110803.135   110839.135   110878.135   110924.135
  1020:   110967.135   111462.135   111499.135   111542.135   111580.135
  1025:   111613.135   111647.135   111686.135   111762.135   111799.135
  1030:   111873.135   111913.135   111947.135   111990.135   112029.135
  1035:   112066.135   112105.135   112312.135   112353.135   112392.135
  1040:   112559.135   113078.825   113078.920   114578.910   114580.611
  1045:   115580.621   115581.711   115847.121   115879.121   115916.121
  1050:   115947.121   115984.121   116025.121   116104.121   116138.121
  1055:   116177.121   116220.121   116256.121   116286.121   116317.121
  1060:   116349.121   116378.121   116410.121   116442.121   116473.121
  1065:   116510.121   116543.121   116577.121   116610.721   116610.920
  1070:   116610.901   116610.091   116910.902   118410.910   118412.612
  1075:   119812.622   119813.812   120070.132   120169.132   120203.132
  1080:   120235.132   120266.132   120301.132   120362.132   120395.132
  1085:   120426.132   120458.132   120491.132   120524.132   120560.132
  1090:   120594.132   120625.132   120660.132   120694.132   120731.132
  1095:   120805.132   120842.132   120878.132   120954.132   120992.132
  1100:   121031.132   121066.132   121100.132   121178.132   121218.132
  1105:   121256.132   121295.132   121338.132   121380.132   121416.132
  1110:   121451.132   121494.132   121533.132   121571.132   121613.132
  1115:   121648.132   121685.132   121728.132   121771.132   121809.132
  1120:   121852.132   121896.132   121935.132   121974.132   122014.132
  1125:   122057.132   122098.132   122140.132   122223.132   122270.132
  1130:   122350.132   122387.132   122431.132   122471.132   122510.132
  1135:   122546.132   122580.132   122623.132   122665.132   122704.132
  1140:   122749.132   122786.132   122829.132   122870.132   122908.132
  1145:   122974.132   123013.132   123061.132   123103.132   123356.132
  1150:   123413.822   123413.920   124913.910   124915.614   127665.624
  1155:   127666.814   128110.134   128144.134   128180.134   128222.134
  1160:   128256.134   128293.134   128362.134   128403.134   128433.134
  1165:   128475.134   128516.134   128559.134   128604.134   128636.134
  1170:   128677.134   128714.134   128748.134   128789.134   128823.134
  1175:   128864.134   128895.134   128965.134   129035.134   129071.134
  1180:   129103.134   129138.134   129176.134   129213.134   129252.134
  1185:   129287.134   129326.134   129362.134   129397.134   129431.134
  1190:   129469.134   129546.134   129582.134   129625.134   129663.134
  1195:   129702.134   129738.134   129783.134   129829.134   129865.134
  1200:   129905.134   129985.134   130070.134   130166.134   130214.134
  1205:   130253.134   130289.134   130327.134   130371.134   130415.134
  1210:   130449.134   130485.134   130523.134   130568.134   130655.134
  1215:   130695.134   130733.134   130772.134   130861.134   130947.134
  1220:   130984.134   131026.134   131069.134   131150.134   131227.134
  1225:   131272.134   131315.134   131361.134   131475.134   131558.134
  1230:   131861.134   131922.134   132115.134   132166.134   132309.134
  1235:   132412.134   132582.134   132625.134   132987.134   133017.134
  1240:   133048.134   133079.134   133112.134   133142.134   133166.824
  1245:   133166.920   134666.910   134668.613   136618.623   136619.813
  1250:   136870.133   136915.133   136954.133   136990.133   137031.133
  1255:   137065.133   137102.133   137139.133   137169.133   137201.133
  1260:   137235.133   137297.133   137328.133   137360.133   137392.133
  1265:   137426.133   137457.133   137490.133   137521.133   137556.133
  1270:   137623.133   137658.133   137692.133   137763.133   137799.133
  1275:   137838.133   137871.133   137952.133   137995.133   138031.133
  1280:   138110.133   138154.133   138200.133   138235.133   138274.133
  1285:   138306.133   138385.133   138428.133   138471.133   138510.133
  1290:   138553.133   138595.133   138687.133   138769.133   138806.133
  1295:   138838.133   138880.133   139045.133   139132.133   139330.133
  1300:   140305.133   140349.133   140399.133   140437.133   140470.133
  1305:   140504.133   140538.133   140570.133   140607.133   140645.133
  1310:   140677.133   140712.133   140754.133   140783.133   140819.823
  1315:   140819.920   142319.910   142321.613   144271.623   144272.713
  1320:   144858.123   144897.123   144937.123   144976.123   145014.123
  1325:   145053.123   145094.123   145128.123   145160.123   145195.123
  1330:   145227.123   145259.123   145298.123   145333.123   145367.123
  1335:   145400.123   145435.123   145469.123   145507.123   145548.123
  1340:   145583.123   145620.123   145656.123   145696.123   145733.123
  1345:   145770.123   145811.123   145862.123   145906.123   145946.123
  1350:   145987.123   146032.123   146072.123   146114.123   146155.123
  1355:   146197.123   146235.723   146235.920   146235.901   146235.093
  1360:   146535.902   148035.910   148037.611   149037.621   149038.711
  1365:   149274.121   149319.121   149362.121   149402.121   149436.121
  1370:   149475.121   149513.121   149548.121   149580.121   149614.121
  1375:   149651.121   149686.121   149723.121   149759.121   149798.121
  1380:   149834.121   149870.121   149909.121   149949.121   149989.121
  1385:   150028.121   150067.721   150067.920   150067.901   150067.091
  1390:   150367.902   151867.910   151869.613   153819.623   153820.713
  1395:   154097.123   154144.123   154194.123   154232.123   154268.123
  1400:   154303.123   154335.123   154367.123   154401.123   154437.123
  1405:   154473.123   154509.123   154544.123   154581.123   154619.123
  1410:   154654.123   154690.123   154725.123   154761.123   154796.123
  1415:   154835.123   154873.123   154911.123   154951.123   154992.123
  1420:   155034.123   155075.123   155115.123   155155.123   155195.123
  1425:   155237.123   155286.123   155326.123   155368.123   155418.123
  1430:   155459.123   155498.123   155540.123   155586.123   155633.123
  1435:   155681.123   155725.123   155772.723   155772.920   155772.901
  1440:   155772.093   156072.902   157572.910   157574.614   160324.624
  1445:   160325.714   161066.124   161107.124   161142.124   161208.124
  1450:   161301.124   161377.124   161410.124   161445.124   161474.124
  1455:   161510.124   161543.124   161578.124   161608.124   161669.124
  1460:   161702.124   161736.124   161775.124   161805.124   161844.124
  1465:   161879.124   161912.124   161954.124   161989.124   162023.124
  1470:   162114.124   162146.124   162188.124   162223.124   162303.124
  1475:   162342.124   162378.124   162461.124   162498.124   162538.124
  1480:   162574.124   162614.124   162652.124   162696.124   162744.124
  1485:   162786.124   162826.124   162866.124   162911.124   162949.124
  1490:   162986.124   163026.124   163064.124   163100.724   163100.920
  1495:   163100.901   163100.094   163400.902   164900.910   164902.611
  1500:   165902.621   165903.711   166119.121   166198.121   166241.121
  1505:   166280.121   166317.121   166348.121   166378.121   166410.121
  1510:   166440.121   166473.121   166533.121   166565.121   166597.121
  1515:   166630.121   166731.121   166763.121   166795.121   166828.121
  1520:   166862.121   166897.121   166932.721   166932.920   166932.901
  1525:   166932.091   167232.902   168732.910   168734.611   169734.621
  1530:   169735.811   169913.131   169952.131   169990.131   170023.131
  1535:   170058.131   170091.131   170127.131   170162.131   170194.131
  1540:   170227.131   170256.131   170288.131   170321.131   170387.131
  1545:   170458.131   170495.131   170530.131   170565.131   170603.131
  1550:   170639.131   170675.131   170748.131   170788.131   170828.131
  1555:   170864.131   170903.131   170943.131   170980.131   171016.131
  1560:   171056.131   171096.131   171134.131   171171.131   171213.131
  1565:   171252.131   171290.131   171332.131   171377.131   171414.131
  1570:   171452.131   171488.131   171565.131   171602.131   171643.131
  1575:   171681.131   171762.131   171798.131   171833.131   171870.131
  1580:   171908.131   171948.131   171982.131   172019.131   172053.131
  1585:   172086.131   172120.131   172156.131   172192.131   172228.131
  1590:   172264.131   172301.131   172336.131   172373.131   172409.131
  1595:   172452.131   172490.131   172530.131   172566.131   172605.131
  1600:   172646.131   172683.131   172717.131   172750.131   172783.131
  1605:   172817.131   172883.131   172916.131   172935.821   172935.920
  1610:   174435.910   174437.613   176387.623   176388.713   176676.123
  1615:   176721.123   176758.123   176797.123   176836.123   176868.123
  1620:   176903.123   176935.123   176971.123   177007.123   177040.123
  1625:   177072.123   177105.123   177137.123   177171.123   177203.123
  1630:   177239.123   177277.123   177312.123   177350.123   177388.123
  1635:   177427.123   177465.123   177504.123   177542.123   177578.123
  1640:   177614.123   177664.123   177703.123   177742.123   177780.123
  1645:   177817.123   177857.123   177900.123   177941.123   177978.123
  1650:   178017.123   178061.123   178102.123   178141.123   178179.123
  1655:   178213.123   178287.123   178323.123   178358.723   178358.920
  1660:   178358.901   178358.093   178658.902   180158.910   180160.614
  1665:   182910.624   182911.714   183668.124   183709.124   183921.124
  1670:   183954.124   183988.124   184020.124   184053.124   184082.124
  1675:   184117.124   184148.124   184232.124   184263.124   184297.124
  1680:   184331.124   184529.124   184570.124   184720.124   184752.124
  1685:   184784.124   184867.124   184905.124   184942.124   184987.124
  1690:   185092.124   185124.124   185158.124   185193.124   185262.124
  1695:   185295.124   185330.124   185414.124   185450.124   185485.124
  1700:   185523.124   185601.124   185645.124   185683.724   185683.920
  1705:   185683.901   185683.094   185983.902   187483.910   187485.614
  1710:   190235.624   190236.714   190851.124   192532.124   192569.124
  1715:   192605.124   192634.124   192701.124   192746.124   192784.124
  1720:   192812.124   192841.124   192872.124   192902.124   192935.124
  1725:   192968.124   192999.724   192999.920   192999.901   192999.094
  1730:   193299.902   194799.910   194801.612   196201.622   196202.712
  1735:   196464.122   196501.122   196536.122   196571.122   196607.122
  1740:   196641.122   196673.122   196704.122   196736.122   196770.122
  1745:   196804.122   196846.122   196881.122   196913.122   196949.122
  1750:   196985.122   197017.122   197052.122   197088.122   197125.122
  1755:   197161.122   197199.122   197234.122   197272.122   197304.122
  1760:   197338.122   197372.122   197404.122   197443.122   197477.122
  1765:   197514.122   197550.122   197587.122   197625.722   197625.920
  1770:   197625.901   197625.092   197925.902   199425.910   199427.612
  1775:   200827.622   200828.712   201236.122   201272.122   201307.122
  1780:   201339.122   201434.122   201469.122   201510.122   201543.122
  1785:   201578.122   201614.122   201648.122   201681.122   201717.122
  1790:   201751.122   201787.122   201826.122   201860.122   201895.122
  1795:   201969.122   202004.122   202040.122   202079.122   202115.122
  1800:   202155.122   202196.122   202229.722   202229.920   202229.901
  1805:   202229.092   202529.902   204029.910   204031.614   206781.624
  1810:   206782.714   206994.124   207071.124   207177.124   207213.124
  1815:   207257.124   207293.124   207361.124   207400.124   207440.124
  1820:   207482.124   207523.124   207576.124   207609.124   207640.124
  1825:   207674.124   207706.124   207739.124   207774.124   207811.124
  1830:   207849.124   207882.124   207917.124   207952.124   207987.124
  1835:   208023.124   208065.124   208110.124   208147.124   208184.124
  1840:   208219.124   208259.124   208354.124   208392.124   208427.124
  1845:   208464.124   208502.124   208540.124   208577.124   208650.124
  1850:   208686.124   208725.124   208764.124   208812.124   208850.124
  1855:   208888.124   208963.124   209000.124   209036.124   209071.124
  1860:   209112.124   209151.124   209190.124   209231.124   209266.124
  1865:   209303.124   209339.124   209373.124   209409.124   209443.124
  1870:   209477.124   209518.124   209556.724   209556.920   209556.901
  1875:   209556.094   209856.902   211356.910   211358.614   214108.624
  1880:   214109.714   214827.124   214861.124   214896.124   214928.124
  1885:   214957.124   215000.124   215082.124   215112.124   215148.124
  1890:   215348.124   215418.124   215625.124   215656.124   215690.124
  1895:   215846.124   215883.124   215925.124   215999.124   216045.124
  1900:   216081.124   216115.124   216150.124   216191.124   216231.124
  1905:   216311.124   216389.124   216472.124   216510.124   216546.124
  1910:   216583.124   216624.124   216661.124   216703.124   216783.124
  1915:   216826.124   216869.724   216869.920   216869.901   216869.094
  1920:   217169.902   218669.910   218671.614   221421.624   221422.814
  1925:   221580.134   221618.134   221654.134   221689.134   221732.134
  1930:   221805.134   221849.134   221882.134   221955.134   221995.134
  1935:   222038.134   222080.134   222119.134   222159.134   222191.134
  1940:   222230.134   222263.134   222298.134   222331.134   222366.134
  1945:   222435.134   222503.134   222537.134   222604.134   222637.134
  1950:   222706.134   222743.134   222778.134   222814.134   222886.134
  1955:   222925.134   222964.134   223010.134   223050.134   223092.134
  1960:   223169.134   223202.134   223272.134   223310.134   223345.134
  1965:   223379.134   223417.134   223455.134   223493.134   223531.134
  1970:   223569.134   223605.134   223643.134   223681.134   223725.134
  1975:   223762.134   223797.134   223834.134   223870.134   223907.134
  1980:   223945.134   223982.134   224024.134   224061.134   224135.134
  1985:   224173.134   224208.134   224247.134   224286.134   224328.134
  1990:   224365.134   224456.134   224493.134   224531.134   224572.134
  1995:   224610.134   224644.134   224681.134   224718.134   224755.134
  2000:   224791.134   224824.134   224858.134   224896.134   224934.134
  2005:   224972.134   225006.134   225043.134   225081.134   225160.134
  2010:   225199.134   225276.134   225314.134   225395.134   225438.134
  2015:   225482.134   225570.134   225766.134   226333.134   226373.134
  2020:   226411.134   226447.134   226640.134   226681.134   226721.134
  2025:   226761.134   226797.134   226831.134   226863.134   226896.134
  2030:   226922.824   226922.920   228422.910   228424.615   232274.625
  2035:   232275.715   232713.125   232753.125   232856.125   232896.125
  2040:   232934.125   232965.125   233014.125   233052.125   233090.125
  2045:   233130.125   233163.125   233197.125   233239.125   233271.125
  2050:   233310.125   233466.125   233500.125   233529.125   233542.125
  2055:   233575.125   233603.125   233635.125   233674.125   233712.125
  2060:   233743.125   233784.125   233866.125   233899.125   233934.125
  2065:   233967.125   234048.125   234135.125   234170.125   234211.125
  2070:   234251.125   234330.125   234405.125   234442.125   234479.125
  2075:   234517.125   234559.125   234597.125   234639.125   234680.125
  2080:   234768.125   234811.125   234851.125   234888.125   234929.125
  2085:   234969.125   235009.125   235048.125   235133.125   235212.125
  2090:   235252.125   235289.125   235324.125   235363.125   235405.125
  2095:   235457.125   235499.125   235537.125   235612.125   235652.125
  2100:   235686.125   235724.125   235761.125   235800.125   235838.125
  2105:   235910.125   235952.125   235992.125   236029.125   236068.125
  2110:   236138.725   236138.920   236138.901   236138.095   236438.902
  2115:   237938.910   237940.615   241790.625   241791.715   243290.125
  2120:   243327.125   243407.125   243453.125   243918.125   243952.125
  2125:   243983.125   244011.125   244041.125   244111.125   244142.125
  2130:   244174.125   244203.125   244245.125   244272.125   244355.125
  2135:   244386.125   244453.125   244561.125   244603.125   244636.125
  2140:   244669.125   244703.125   244740.125   244777.125   244893.125
  2145:   244929.125   244972.125   245005.125   245045.125   245085.125
  2150:   245128.125   245170.125   245217.125   245254.125   245293.125
  2155:   245337.125   245377.125   245414.125   245452.125   245492.125
  2160:   245530.125   245571.125   245608.125   245646.725   245646.920
  2165:   245646.901   245646.095   245946.902   247446.910   247448.613
  2170:   249398.623   249399.713   249676.123   249725.123   249769.123
  2175:   249811.123   249849.123   249891.123   249940.123   249982.123
  2180:   250015.123   250053.123   250084.123   250117.123   250162.123
  2185:   250198.123   250233.123   250265.123   250299.123   250332.123
  2190:   250365.123   250401.123   250435.123   250471.123   250505.123
  2195:   250540.123   250577.123   250612.123   250653.123   250690.123
  2200:   250729.123   250768.123   250805.123   250842.123   250882.123
  2205:   250923.123   250962.123   251003.123   251041.123   251081.123
  2210:   251125.123   251168.123   251208.123   251251.123   251291.123
  2215:   251333.123   251374.723   251374.920   251374.901   251374.093
  2220:   251674.902   253174.910   253176.611   254176.621   254177.711
  2225:   254390.121   254460.121   254506.121   254541.121   254582.121
  2230:   254616.121   254650.121   254683.121   254717.121   254755.121
  2235:   254790.121   254823.121   254857.121   254891.121   254930.121
  2240:   254966.121   255002.121   255037.121   255076.121   255112.121
  2245:   255151.121   255191.721   255191.920   255191.901   255191.091
  2250:   255491.902   256991.910   256993.612   258393.622   258394.712
  2255:   258624.122   258671.122   258708.122   258748.122   258786.122
  2260:   258820.122   258859.122   258896.122   258933.122   258969.122
  2265:   259008.122   259043.122   259085.122   259122.122   259159.122
  2270:   259194.122   259230.122   259269.122   259304.122   259338.122
  2275:   259375.122   259413.122   259449.122   259487.122   259527.122
  2280:   259566.122   259606.122   259644.122   259687.122   259728.122
  2285:   259767.122   259809.722   259809.920   259809.901   259809.092
  2290:   260109.902   261609.910   261611.612   263011.622   263012.712
  2295:   263228.122   263314.122   263352.122   263395.122   263430.122
  2300:   263471.122   263516.122   263551.122   263585.122   263620.122
  2305:   263655.122   263698.122   263734.122   263768.122   263804.122
  2310:   263841.122   263877.122   263913.122   263948.122   263983.122
  2315:   264018.122   264054.122   264090.122   264127.122   264164.122
  2320:   264202.122   264240.122   264284.122   264325.122   264364.122
  2325:   264405.122   264445.722   264445.920   264445.901   264445.092
  2330:   264745.902   266245.910   266247.613   268197.623   268198.713
  2335:   268632.123   268662.123   268699.123   268735.123   268778.123
  2340:   268831.123   268873.123   268910.123   268956.123   269001.123
  2345:   269036.123   269076.123   269122.123   269165.123   269210.123
  2350:   269244.123   269283.123   269316.123   269352.123   269381.123
  2355:   269418.123   269450.123   269489.123   269521.123   269554.123
  2360:   269586.123   269620.123   269691.123   269725.123   269763.123
  2365:   269795.123   269833.123   269870.123   269943.123   269980.123
  2370:   270018.123   270056.123   270100.123   270138.123   270178.723
  2375:   270178.920   270178.901   270178.093   270478.902   271978.910
  2380:   271980.613   273930.623   273931.713   274272.123   274304.123
  2385:   274337.123   274371.123   274409.123   274430.123   274463.123
  2390:   274539.123   274570.123   274607.123   274643.123   274683.123
  2395:   274715.123   274751.123   274785.123   274827.123   274858.123
  2400:   274894.123   274923.123   275003.123   275036.123   275118.123
  2405:   275153.123   275189.123   275227.123   275264.123   275297.123
  2410:   275334.123   275367.123   275402.123   275438.123   275509.123
  2415:   275547.123   275630.123   275671.123   275708.123   275749.123
  2420:   275789.123   275829.123   275869.123   275906.723   275906.920
  2425:   275906.901   275906.093   276206.902   277706.910   277708.611
  2430:   278708.621   278709.711   278917.121   278954.121   279120.121
  2435:   279150.121   279182.121   279220.121   279248.121   279283.121
  2440:   279314.121   279346.121   279380.121   279410.121   279441.121
  2445:   279475.121   279507.121   279540.121   279571.121   279607.121
  2450:   279638.121   279674.121   279707.121   279743.721   279743.920
  2455:   279743.901   279743.091   280043.902   281543.910   281545.611
  2460:   282545.621   282546.811   282782.131   282817.131   282851.131
  2465:   282891.131   282924.131   282960.131   282994.131   283061.131
  2470:   283095.131   283129.131   283170.131   283203.131   283245.131
  2475:   283278.131   283311.131   283342.131   283376.131   283409.131
  2480:   283441.131   283542.131   283577.131   283612.131   283647.131
  2485:   283684.131   283724.131   283759.131   283796.131   283830.131
  2490:   283869.131   283905.131   283942.131   284006.131   284043.131
  2495:   284079.131   284118.131   284155.131   284194.131   284238.131
  2500:   284275.131   284321.131   284363.131   284405.131   284479.131
  2505:   284516.131   284563.131   284603.131   284642.131   284680.131
  2510:   284717.131   284759.131   284817.131   284857.131   284899.131
  2515:   284934.131   285064.131   285101.131   285189.131   285226.131
  2520:   285265.131   285302.131   285339.131   285373.131   285409.131
  2525:   285442.131   285475.131   285510.131   285544.131   285584.131
  2530:   285621.131   285657.131   285693.131   285725.131   285746.821
  2535:   285746.920   287246.910   287248.613   289198.623   289199.713
  2540:   289435.123   289577.123   289610.123   289646.123   289677.123
  2545:   289690.123   289729.123   289761.123   289795.123   289831.123
  2550:   289865.123   289896.123   289934.123   289973.123   290009.123
  2555:   290080.123   290114.123   290148.123   290179.123   290210.123
  2560:   290247.123   290282.123   290318.123   290352.123   290390.123
  2565:   290421.123   290454.123   290489.123   290525.123   290561.123
  2570:   290598.123   290672.123   290708.123   290744.123   290785.123
  2575:   290820.123   290861.123   291062.123   291143.123   291183.723
  2580:   291183.920   291183.901   291183.093   291483.902   292983.910
  2585:   292985.613   294935.623   294936.813   295074.133   295104.133
  2590:   295143.133   295211.133   295324.133   295358.133   295390.133
  2595:   295773.133   295805.133   295835.133   295899.133   295969.133
  2600:   296009.133   296051.133   296085.133   296122.133   296165.133
  2605:   296206.133   296249.133   296326.133   296367.133   296402.133
  2610:   296446.133   296492.133   296531.133   296561.133   296596.133
  2615:   296641.133   296673.133   296712.133   296755.133   296790.133
  2620:   296830.133   296873.133   296909.133   296943.133   296981.133
  2625:   297018.133   297056.133   297097.133   297134.133   297174.133
  2630:   297212.133   297253.133   297296.133   297343.133   297383.133
  2635:   297431.133   297477.133   297518.133   297557.133   297598.133
  2640:   297642.133   297678.133   297717.133   297755.133   297841.133
  2645:   297880.133   297917.133   297961.133   298001.133   298036.133
  2650:   298072.133   298105.133   298138.133   298173.133   298212.133
  2655:   298246.133   298284.133   298329.133   298371.133   298407.133
  2660:   298447.133   298482.133   298518.133   298552.133   298586.133
  2665:   298621.133   298656.133   298692.133   298727.133   298761.133
  2670:   298795.133   298871.133   298906.133   298983.133   299023.133
  2675:   299059.133   299099.133   299136.823   299136.920   299143.411
  2680:   300636.910   300638.613   302588.623   302589.713   302735.123
  2685:   302763.123   302846.123   302912.123   302950.123   302985.123
  2690:   303059.123   303138.123   303176.123   303209.123   303290.123
  2695:   303320.123   303358.123   303443.123   303516.123   303548.123
  2700:   303580.123   303618.123   303651.123   303683.123   303713.123
  2705:   303746.123   303775.123   303819.123   303855.123   303887.123
  2710:   303924.123   303968.123   304004.123   304039.123   304088.123
  2715:   304124.123   304161.123   304198.123   304238.123   304276.123
  2720:   304319.123   304362.123   304401.123   304483.123   304517.123
  2725:   304565.723   304565.920   304565.901   304565.093   304865.902
  2730:   306365.910   306367.615   310217.625   310218.815   310548.135
  2735:   310591.135   310629.135   310664.135   310772.135   310856.135
  2740:   310926.135   310960.135   311150.135   311237.135   311274.135
  2745:   311305.135   311438.135   311467.135   311482.135   311554.135
  2750:   311591.135   311631.135   311718.135   311751.135   311792.135
  2755:   311876.135   311910.135   311998.135   312033.135   312074.135
  2760:   312111.135   312179.135   312211.135   312258.135   312336.135
  2765:   312369.135   312445.135   312491.135   312527.135   312570.135
  2770:   312615.135   312654.135   312692.135   312733.135   312781.135
  2775:   312818.135   312909.135   313033.135   313072.135   313114.135
  2780:   313153.135   313193.135   313238.135   313275.135   313353.135
  2785:   313387.135   313424.135   313464.135   313501.135   313538.135
  2790:   313574.135   313609.135   313645.135   313685.135   313720.135
  2795:   313757.135   313807.135   313849.135   313930.135   313971.135
  2800:   314012.135   314053.135   314099.135   314143.135   314178.135
  2805:   314214.135   314250.135   314284.135   314321.135   314360.135
  2810:   314402.135   314436.135   314471.135   314545.135   314585.135
  2815:   314633.135   314678.135   314719.135   314759.135   314807.135
  2820:   314856.135   314897.135   314943.135   314997.135   315070.135
  2825:   315412.135   315459.135   315586.135   315639.135   315817.135
  2830:   316018.135   316083.135   316213.135   316246.135   316280.135
  2835:   316327.135   316367.135   316399.135   316447.135   316482.135
  2840:   316516.135   316565.135   316602.135   316630.135   316664.135
  2845:   316707.135   316739.135   316776.135   316823.135   316858.135
  2850:   316896.135   316927.135   316964.135   317006.135   317042.135
  2855:   317080.135   317112.135   317146.135   317181.135   317259.135
  2860:   317303.135   317349.135   317384.135   317469.135   317510.135
  2865:   317548.135   317706.135   317746.135   317784.135   317826.135
  2870:   317862.135   317902.135   317918.825   317918.920   319418.910
  2875:   319420.614   322170.624   322171.714   323133.124   323171.124
  2880:   323216.124   323260.124   323297.124   323339.124   323378.124
  2885:   323416.124   323451.124   323534.124   323569.124   323603.124
  2890:   323642.124   323719.124   323748.124   323777.124   323809.124
  2895:   323846.124   323878.124   323911.124   323944.124   323979.124
  2900:   324020.124   324060.124   324091.124   324122.124   324162.124
  2905:   324195.124   324235.124   324282.124   324318.124   324353.124
  2910:   324389.124   324467.124   324508.124   324550.124   324594.124
  2915:   324632.124   324672.124   324715.124   324756.124   324805.124
  2920:   324845.124   324893.124   324928.724   324928.920   324928.901
  2925:   324928.094   325228.902   326728.910   326730.614   329480.624
  2930:   329481.714   329661.124   330699.124   330743.124   330788.124
  2935:   330831.124   330893.124   330930.124   330971.124   331009.124
  2940:   331047.124   331140.124   331175.124   331213.124   331254.124
  2945:   331300.124   331334.124   331377.124   331418.124   331457.124
  2950:   331539.124   331576.124   331615.124   331654.124   331692.124
  2955:   331731.124   331821.124   331859.124   331899.124   331942.124
  2960:   331984.124   332039.124   332080.124   332125.124   332171.124
  2965:   332211.124   332254.724   332254.920   332254.901   332254.094
  2970:   332554.902   334054.910   334056.615   337906.625   337907.715
  2975:   338527.125   338570.125   338612.125   338649.125   338687.125
  2980:   338721.125   338765.125   338809.125   338911.125   338994.125
  2985:   339028.125   339065.125   339111.125   339157.125   339192.125
  2990:   339280.125   339315.125   339355.125   339404.125   339440.125
  2995:   339475.125   339514.125   339549.125   339593.125   339630.125
  3000:   339672.125   339714.125   339755.125   339796.125   339832.125
  3005:   339872.125   339964.125   340003.125   340041.125   340085.125
  3010:   340120.125   340162.125   340214.125   340259.125   340303.125
  3015:   340342.125   340381.125   340425.125   340468.125   340516.125
  3020:   340562.125   340612.125   340655.125   340704.125   340747.125
  3025:   340790.125   340833.125   340881.125   340923.125   340969.125
  3030:   341009.125   341047.125   341091.125   341133.125   341178.125
  3035:   341223.125   341264.125   341310.125   341357.125   341401.125
  3040:   341455.125   341497.125   341541.125   341590.125   341637.125
  3045:   341681.125   341730.125   341780.725   341780.920   341780.901
  3050:   341780.095   342080.902   343580.910   343582.611   344582.621
  3055:   344583.711   344855.121   344896.121   344932.121   345046.121
  3060:   345084.121   345124.121   345167.121   345200.121   345235.121
  3065:   345270.121   345303.121   345336.121   345370.121   345403.121
  3070:   345438.121   345475.121   345512.121   345546.121   345579.121
  3075:   345615.721   345615.920   345615.901   345615.091   345915.902
  3080:   347415.910   347417.611   348417.621   348418.711   348659.121
  3085:   348705.121   348745.121   348789.121   348830.121   348871.121
  3090:   348914.121   348948.121   348981.121   349030.121   349070.121
  3095:   349102.121   349145.121   349180.121   349218.121   349251.121
  3100:   349289.121   349324.121   349360.121   349394.121   349431.721
  3105:   349431.920   349431.901   349431.091   349731.902   351231.910
  3110:   351233.615   355083.625   355084.715   356167.125   356216.125
  3115:   356256.125   356298.125   356344.125   356383.125   356426.125
  3120:   356472.125   356510.125   356549.125   356598.125   356645.125
  3125:   356691.125   356734.125   356783.125   356825.125   356871.125
  3130:   356955.125   356986.125   357025.125   357069.125   357113.125
  3135:   357150.125   357242.125   357278.125   357322.125   357354.125
  3140:   357400.125   357489.125   357529.125   357569.125   357611.125
  3145:   357646.125   357695.125   357735.125   357778.125   357821.125
  3150:   357869.125   357912.125   357952.125   357993.125   358030.125
  3155:   358071.125   358160.125   358198.125   358239.125   358281.125
  3160:   358321.125   358361.125   358404.125   358447.125   358486.125
  3165:   358523.125   358565.125   358608.125   358648.125   358684.125
  3170:   358722.125   358758.125   358796.125   358834.125   358872.125
  3175:   358912.125   358950.725   358950.920   358950.901   358950.095
  3180:   359250.902   360750.910   360752.611   361752.621   361753.711
  3185:   361966.121   362015.121   362057.121   362101.121   362135.121
  3190:   362169.121   362200.121   362234.121   362268.121   362301.121
  3195:   362333.121   362367.121   362401.121   362438.121   362473.121
  3200:   362508.121   362543.121   362576.121   362615.121   362653.121
  3205:   362690.121   362731.121   362767.721   362767.920   362767.901
  3210:   362767.091   363067.902   364567.910   364569.614   367319.624
  3215:   367320.714   368138.124   368198.124   368238.124   368324.124
  3220:   368367.124   368401.124   368486.124   368520.124   368559.124
  3225:   368604.124   368693.124   368726.124   368762.124   368807.124
  3230:   368838.124   368887.124   368933.124   368969.124   369017.124
  3235:   369052.124   369095.124   369139.124   369188.124   369231.124
  3240:   369281.124   369322.124   369417.124   369451.124   369549.124
  3245:   369584.124   369677.124   369713.124   369747.124   369794.124
  3250:   369842.124   369890.124   369927.124   369964.124   370007.124
  3255:   370045.124   370130.724   370130.920   370130.901   370130.094
  3260:   370430.902   371930.910   371932.613   373882.623   373883.713
  3265:   374242.123   374279.123   374319.123   374358.123   374410.123
  3270:   374447.123   374485.123   374520.123   374560.123   374606.123
  3275:   374640.123   374674.123   374705.123   374741.123   374785.123
  3280:   374821.123   374856.123   374894.123   374930.123   374967.123
  3285:   375001.123   375035.123   375072.123   375106.123   375141.123
  3290:   375177.123   375216.123   375251.123   375285.123   375321.123
  3295:   375358.123   375395.123   375436.123   375475.123   375514.123
  3300:   375553.123   375593.123   375634.123   375675.123   375717.123
  3305:   375762.123   375806.123   375855.723   375855.920   375855.901
  3310:   375855.093   376155.902   377655.910   377657.612   379057.622
  3315:   379058.712   379312.122   379363.122   379408.122   379449.122
  3320:   379491.122   379524.122   379564.122   379608.122   379647.122
  3325:   379680.122   379715.122   379749.122   379791.122   379824.122
  3330:   379860.122   379898.122   379930.122   379964.122   380000.122
  3335:   380036.122   380072.122   380109.122   380146.122   380182.122
  3340:   380219.122   380257.122   380295.122   380330.122   380370.122
  3345:   380408.122   380451.122   380491.722   380491.920   380491.901
  3350:   380491.092   380791.902   382291.910   382293.614   385043.624
  3355:   385044.714   386175.124   386221.124   386261.124   386299.124
  3360:   386344.124   386383.124   386419.124   386453.124   386498.124
  3365:   386537.124   386570.124   386618.124   386657.124   386703.124
  3370:   386738.124   386783.124   386819.124   386863.124   386903.124
  3375:   386939.124   386983.124   387022.124   387056.124   387091.124
  3380:   387135.124   387170.124   387206.124   387245.124   387289.124
  3385:   387325.124   387361.124   387397.124   387435.124   387471.124
  3390:   387507.124   387546.124   387583.124   387624.124   387664.124
  3395:   387703.124   387751.124   387792.124   387842.724   387842.920
  3400:   387842.901   387842.094   388142.902   389642.910   389644.612
  3405:   391044.622   391045.712   391247.122   391293.122   391334.122
  3410:   391378.122   391410.122   391445.122   391492.122   391525.122
  3415:   391558.122   391593.122   391627.122   391674.122   391712.122
  3420:   391747.122   391783.122   391817.122   391852.122   391886.122
  3425:   391922.122   391958.122   391995.122   392032.122   392069.122
  3430:   392107.122   392146.122   392182.122   392222.122   392262.122
  3435:   392305.122   392347.122   392394.122   392436.122   392477.722
  3440:   392477.920   392477.901   392477.092   392777.902   394277.910
  3445:   394279.614   397029.624   397030.714   397181.124   397220.124
  3450:   397349.124   397787.124   397879.124   397920.124   397955.124
  3455:   397996.124   398035.124   398128.124   398162.124   398202.124
  3460:   398251.124   398286.124   398333.124   398370.124   398409.124
  3465:   398497.124   398530.124   398574.124   398605.124   398651.124
  3470:   398694.124   398729.124   398761.124   398806.124   398840.124
  3475:   398883.124   398922.124   398961.124   398999.124   399033.124
  3480:   399068.124   399112.124   399149.124   399189.124   399232.124
  3485:   399271.124   399311.124   399352.124   399395.124   399436.124
  3490:   399483.124   399526.124   399567.124   399608.124   399649.124
  3495:   399692.124   399739.124   399781.724   399781.920   399781.901
  3500:   399781.094   400081.902   401581.910   401583.614   404333.624
  3505:   404334.814   405290.134   405337.134   405375.134   405413.134
  3510:   405456.134   405501.134   405535.134   405578.134   405625.134
  3515:   405658.134   405698.134   405739.134   405784.134   405828.134
  3520:   405863.134   405900.134   405989.134   406022.134   406036.134
  3525:   406069.134   406107.134   406149.134   406186.134   406280.134
  3530:   406315.134   406357.134   406400.134   406439.134   406474.134
  3535:   406513.134   406550.134   406591.134   406628.134   406667.134
  3540:   406706.134   406748.134   406787.134   406826.134   406867.134
  3545:   406907.134   406952.134   406999.134   407042.134   407083.134
  3550:   407123.134   407162.134   407205.134   407245.134   407288.134
  3555:   407328.134   407371.134   407415.134   407460.134   407503.134
  3560:   407549.134   407603.134   407651.134   407694.134   407740.134
  3565:   407784.134   407830.134   407881.134   407927.134   407967.134
  3570:   408010.134   408048.134   408085.134   408121.134   408160.134
  3575:   408195.134   408235.134   408270.134   408309.134   408346.134
  3580:   408384.134   408421.134   408457.134   408498.134   408535.134
  3585:   408573.134   408615.134   408655.134   408701.134   408801.134
  3590:   408845.134   408887.134   408923.134   408966.134   409004.134
  3595:   409044.134   409080.134   409116.134   409153.134   409199.134
  3600:   409246.134   409303.134   409517.134   409834.824   409834.920
  3605:   411334.910   411336.612   412736.622   412737.712   413126.122
  3610:   413181.122   413215.122   413253.122   413297.122   413340.122
  3615:   413376.122   413409.122   413444.122   413482.122   413519.122
  3620:   413557.122   413590.122   413627.122   413663.122   413700.122
  3625:   413734.122   413769.122   413804.122   413838.122   413874.122
  3630:   413910.122   413944.122   413981.122   414015.122   414051.122
  3635:   414088.122   414123.122   414161.722   414161.920   414161.901
  3640:   414161.092   414461.902   415961.910   415963.613   417913.623
  3645:   417914.713   418260.123   418342.123   418382.123   418415.123
  3650:   418461.123   418547.123   418583.123   418621.123   418658.123
  3655:   418674.123   418712.123   418746.123   418781.123   418811.123
  3660:   418848.123   418887.123   418924.123   418957.123   418993.123
  3665:   419028.123   419063.123   419098.123   419134.123   419169.123
  3670:   419205.123   419242.123   419279.123   419316.123   419356.123
  3675:   419394.123   419435.123   419477.123   419518.123   419557.123
  3680:   419596.123   419636.123   419729.123   419771.123   419814.123
  3685:   419853.123   419894.723   419894.920   419894.901   419894.093
  3690:   420194.902   421694.910   421696.614   424446.624   424447.714
  3695:   425243.124   425475.124   425517.124   425559.124   425593.124
  3700:   425625.124   425661.124   425704.124   425738.124   425769.124
  3705:   425786.124   425818.124   425852.124   425888.124   425975.124
  3710:   426005.124   426042.124   426117.124   426149.124   426221.124
  3715:   426266.124   426305.124   426410.124   426441.124   426472.124
  3720:   426509.124   426554.124   426591.124   426623.124   426658.124
  3725:   426698.124   426736.124   426823.124   426857.124   426893.124
  3730:   426932.124   427003.124   427038.124   427075.124   427112.124
  3735:   427152.124   427194.124   427230.724   427230.920   427230.901
  3740:   427230.094   427530.902   429030.910   429032.614   431782.624
  3745:   431783.814   432462.134   432493.134   432530.134   432611.134
  3750:   432719.134   432756.134   432785.134   432826.134   432862.134
  3755:   432997.134   433029.134   433055.134   433088.134   433118.134
  3760:   433145.134   433181.134   433216.134   433251.134   433287.134
  3765:   433327.134   433394.134   433473.134   433503.134   433533.134
  3770:   433573.134   433609.134   433641.134   433678.134   433711.134
  3775:   433754.134   433789.134   433826.134   433864.134   433900.134
  3780:   433935.134   433968.134   434003.134   434038.134   434076.134
  3785:   434150.134   434186.134   434221.134   434256.134   434293.134
  3790:   434330.134   434362.134   434435.134   434471.134   434545.134
  3795:   434586.134   434624.134   434664.134   434701.134   434771.134
  3800:   434840.134   434875.134   434911.134   434947.134   434982.134
  3805:   435021.134   435058.134   435092.134   435127.134   435162.134
  3810:   435229.134   435263.134   435301.134   435337.134   435376.134
  3815:   435411.134   435448.134   435481.134   435516.134   435548.134
  3820:   435580.134   435614.134   435648.134   435684.134   435720.134
  3825:   435757.134   435799.134   435965.134   436009.134   436503.134
  3830:   436787.134   436819.134   436892.134   436932.134   436974.134
  3835:   437011.134   437052.134   437099.134   437177.134   437220.134
  3840:   437283.824   437283.920   437298.411   438783.910   438785.613
  3845:   440735.623   440736.713   440889.123   441007.123   441039.123
  3850:   441155.123   441191.123   441239.123   441654.123   441690.123
  3855:   441725.123   441754.123   441792.123   441823.123   441906.123
  3860:   441980.123   442020.123   442057.123   442089.123   442132.123
  3865:   442166.123   442204.123   442249.123   442279.123   442312.123
  3870:   442379.123   442416.123   442454.123   442487.123   442524.123
  3875:   442565.123   442600.123   442638.123   442671.123   442704.723
  3880:   442704.920   442704.901   442704.093   443004.902   444504.910
  3885:   444506.612   445906.622   445907.712   446110.122   446144.122
  3890:   446183.122   446322.122   446350.122   446380.122   446407.122
  3895:   446442.122   446474.122   446504.122   446533.122   446565.122
  3900:   446595.122   446629.122   446689.122   446722.122   446754.122
  3905:   446788.122   446820.122   446854.122   446956.122   446990.122
  3910:   447061.122   447099.122   447137.122   447172.122   447208.122
  3915:   447245.122   447282.122   447319.722   447319.920   447319.901
  3920:   447319.092   447619.902   449119.910   449121.611   450121.621
  3925:   450122.811   450302.131   450348.131   450383.131   450418.131
  3930:   450488.131   450524.131   450564.131   450596.131   450627.131
  3935:   450657.131   450687.131   450720.131   450785.131   450853.131
  3940:   450886.131   450921.131   450957.131   450992.131   451026.131
  3945:   451061.131   451095.131   451130.131   451165.131   451200.131
  3950:   451236.131   451273.131   451316.131   451355.131   451391.131
  3955:   451429.131   451466.131   451503.131   451540.131   451579.131
  3960:   451617.131   451655.131   451693.131   451731.131   451771.131
  3965:   451816.131   451853.131   451888.131   451920.131   451954.131
  3970:   452061.131   452098.131   452131.131   452164.131   452198.131
  3975:   452229.131   452263.131   452295.131   452327.131   452362.131
  3980:   452401.131   452438.131   452560.131   453026.131   453070.131
  3985:   453239.131   453322.821   453322.920   454822.910   454824.615
  3990:   458674.625   458675.715   459860.125   459946.125   459980.125
  3995:   460009.125   460041.125   460070.125   460107.125   460138.125
  4000:   460185.125   460302.125   460406.125   460439.125   460475.125
  4005:   460557.125   460590.125   460628.125   460703.125   460738.125
  4010:   460771.125   460803.125   460833.125   460866.125   460900.125
  4015:   460935.125   460967.125   461001.125   461076.125   461112.125
  4020:   461149.125   461183.125   461220.125   461255.125   461329.125
  4025:   461370.125   461408.125   461445.125   461483.125   461523.125
  4030:   461561.125   461597.125   461632.125   461664.125   461699.125
  4035:   461732.125   461767.125   461801.125   461838.125   461874.125
  4040:   461911.125   461945.125   461980.125   462015.125   462049.125
  4045:   462083.125   462117.125   462152.125   462196.125   462232.125
  4050:   462263.125   462297.125   462330.125   462366.125   462442.125
  4055:   462486.125   462519.125   462565.725   462565.920   462565.901
  4060:   462565.095   462865.902   464365.910   464367.615   468217.625
  4065:   468218.715   468820.125   469234.125   469311.125   469348.125
  4070:   469383.125   469444.125   469516.125   469547.125   469575.125
  4075:   469609.125   469647.125   469676.125   469712.125   469747.125
  4080:   469780.125   469813.125   469849.125   469883.125   469962.125
  4085:   469994.125   470026.125   470061.125   470097.125   470129.125
  4090:   470162.125   470193.125   470230.125   470269.125   470305.125
  4095:   470340.125   470376.125   470411.125   470447.125   470484.125
  4100:   470523.125   470555.125   470594.125   470663.125   470697.125
  4105:   470772.125   470855.125   470893.125   470927.125   470962.125
  4110:   470999.125   471040.125   471077.125   471113.125   471152.125
  4115:   471188.125   471228.125   471314.125   471356.125   471392.125
  4120:   471425.125   471459.125   471502.125   471541.125   471580.125
  4125:   471619.125   471654.125   471689.125   471722.125   471753.125
  4130:   471785.125   471818.125   471850.125   471882.125   471916.125
  4135:   471947.125   471981.125   472011.125   472045.125   472079.725
  4140:   472079.920   472079.901   472079.095   472379.902   473879.910
  4145:   473881.612   475281.622   475282.812   475502.132   475584.132
  4150:   475627.132   475661.132   475698.132   475769.132   475799.132
  4155:   475836.132   475897.132   475927.132   475963.132   476025.132
  4160:   476056.132   476089.132   476119.132   476151.132   476182.132
  4165:   476246.132   476280.132   476313.132   476345.132   476380.132
  4170:   476412.132   476446.132   476480.132   476514.132   476560.132
  4175:   476601.132   476641.132   476678.132   476719.132   476760.132
  4180:   476836.132   476872.132   476906.132   476944.132   476986.132
  4185:   477035.132   477075.132   477114.132   477154.132   477201.132
  4190:   477244.132   477286.132   477332.132   477423.132   477467.132
  4195:   477559.132   477600.132   477649.132   477697.132   477789.132
  4200:   477835.132   477872.132   477908.132   477954.132   477997.132
  4205:   478049.132   478087.132   478137.132   478176.132   478218.132
  4210:   478267.132   478310.132   478353.132   478391.132   478477.132
  4215:   478517.132   478557.132   478598.132   478687.132   478731.132
  4220:   478882.822   478882.920   480382.910   480384.615   484234.625
  4225:   484235.815   485839.135   486092.135   486139.135   486548.135
  4230:   486651.135   486696.135   486736.135   486772.135   486809.135
  4235:   486853.135   486884.135   486921.135   486960.135   487004.135
  4240:   487041.135   487076.135   487121.135   487156.135   487237.135
  4245:   487270.135   487308.135   487343.135   487385.135   487423.135
  4250:   487463.135   487501.135   487584.135   487623.135   487667.135
  4255:   487713.135   487752.135   487839.135   487875.135   487914.135
  4260:   487957.135   488003.135   488040.135   488082.135   488117.135
  4265:   488163.135   488258.135   488296.135   488336.135   488382.135
  4270:   488420.135   488466.135   488506.135   488595.135   488630.135
  4275:   488668.135   488709.135   488754.135   488794.135   488834.135
  4280:   488872.135   488911.135   488952.135   488998.135   489037.135
  4285:   489080.135   489123.135   489160.135   489207.135   489250.135
  4290:   489289.135   489327.135   489363.135   489400.135   489438.135
  4295:   489475.135   489512.135   489551.135   489590.135   489637.135
  4300:   489675.135   489713.135   489751.135   489790.135   489832.135
  4305:   489879.135   489917.135   489955.135   490000.135   490042.135
  4310:   490088.135   490132.135   490303.135   490724.135   490778.135
  4315:   490901.135   490958.135   491004.135   491192.135   491243.135
  4320:   491415.135   491424.135   491510.135   491556.135   491598.135
  4325:   491645.135   491756.135   491935.825   491935.920   493435.910
  4330:   493437.612   494837.622   494838.712   495187.122   495258.122
  4335:   495287.122   495324.122   495361.122   495389.122   495424.122
  4340:   495455.122   495490.122   495527.122   495563.122   495591.122
  4345:   495635.122   495672.122   495704.122   495736.122   495769.122
  4350:   495802.122   495835.122   495867.122   495931.122   495964.122
  4355:   495996.122   496033.122   496068.122   496100.122   496134.122
  4360:   496167.122   496200.122   496233.122   496267.722   496267.920
  4365:   496267.901   496267.092   496567.902   498067.910   498069.612
  4370:   499469.622   499470.712   499701.122   499733.122   499806.122
  4375:   499841.122   499879.122   499904.122   499942.122   499978.122
  4380:   500006.122   500040.122   500077.122   500112.122   500149.122
  4385:   500179.122   500210.122   500240.122   500272.122   500300.122
  4390:   500333.122   500364.122   500402.122   500433.122   500464.122
  4395:   500529.122   500595.122   500627.122   500661.122   500730.122
  4400:   500764.122   500798.122   500833.122   500910.722   500910.920
  4405:   500910.901   500910.092   501210.902   502710.910   502712.613
  4410:   504662.623   504663.813   504831.133   504873.133   504972.133
  4415:   505047.133   505082.133   505112.133   505152.133   505193.133
  4420:   505231.133   505272.133   505307.133   505380.133   505411.133
  4425:   505495.133   505552.133   505624.133   505658.133   505777.133
  4430:   505811.133   505846.133   505885.133   505916.133   505953.133
  4435:   505989.133   506025.133   506062.133   506131.133   506202.133
  4440:   506243.133   506315.133   506386.133   506423.133   506462.133
  4445:   506498.133   506571.133   506607.133   506646.133   506685.133
  4450:   506720.133   506754.133   506791.133   506829.133   506861.133
  4455:   506896.133   506933.133   506971.133   507005.133   507045.133
  4460:   507080.133   507114.133   507192.133   507260.133   507293.133
  4465:   507323.133   507361.133   507398.133   507437.133   507472.133
  4470:   507506.133   507540.133   507602.133   507637.133   507668.133
  4475:   507703.133   507739.133   507781.133   507820.133   507864.133
  4480:   507903.133   508118.133   508227.133   508369.133   508494.133
  4485:   508863.823   508863.920   510363.910   510365.615   514215.625
  4490:   514216.715   515608.125   515644.125   515682.125   515810.125
  4495:   515849.125   515930.125   515970.125   516005.125   516036.125
  4500:   516069.125   516111.125   516291.125   516304.125   516339.125
  4505:   516369.125   516406.125   516441.125   516512.125   516542.125
  4510:   516585.125   516619.125   516655.125   516701.125   516741.125
  4515:   516773.125   516807.125   516891.125   516921.125   516967.125
  4520:   517005.125   517048.125   517086.125   517119.125   517232.125
  4525:   517269.125   517302.125   517338.125   517382.125   517420.125
  4530:   517457.125   517497.125   517539.125   517573.125   517609.125
  4535:   517650.125   517685.125   517725.125   517802.125   517843.125
  4540:   517913.125   517951.125   517989.125   518028.125   518065.125
  4545:   518104.725   518104.920   518104.901   518104.095   518404.902
  4550:   519904.910   519906.614   522656.624   522657.714   523259.124
  4555:   523294.124   523345.124   523936.124   523989.124   524074.124
  4560:   524106.124   524141.124   524176.124   524205.124   524246.124
  4565:   524275.124   524313.124   524355.124   524407.124   524440.124
  4570:   524472.124   524600.124   524637.124   524649.124   524680.124
  4575:   524712.124   524784.124   524824.124   524854.124   524934.124
  4580:   524966.124   525002.124   525031.124   525070.124   525100.124
  4585:   525129.124   525163.124   525233.124   525275.124   525311.124
  4590:   525341.124   525380.124   525411.724   525411.920   525411.901
  4595:   525411.094   525711.902   527211.910   527213.614   529963.624
  4600:   529964.714   530610.124   530756.124   530825.124   530854.124
  4605:   530888.124   530925.124   530959.124   531037.124   531065.124
  4610:   531092.124   531126.124   531173.124   531217.124   531264.124
  4615:   531304.124   531432.124   531460.124   531494.124   531528.124
  4620:   531560.124   531599.124   531636.124   531668.124   531713.124
  4625:   531746.124   531787.124   531863.124   531897.124   531933.124
  4630:   531978.124   532010.124   532043.124   532120.124   532163.124
  4635:   532197.124   532235.124   532272.124   532312.124   532348.124
  4640:   532384.124   532470.124   532508.124   532543.124   532626.124
  4645:   532659.124   532734.724   532734.920   532734.901   532734.094
  4650:   533034.902   534534.910   534536.612   535936.622   535937.812
  4655:   536136.132   536206.132   536238.132   536270.132   536309.132
  4660:   536345.132   536373.132   536404.132   536432.132   536464.132
  4665:   536497.132   536529.132   536563.132   536593.132   536625.132
  4670:   536691.132   536726.132   536762.132   536794.132   536826.132
  4675:   536858.132   536893.132   536927.132   536957.132   536993.132
  4680:   537029.132   537067.132   537106.132   537144.132   537180.132
  4685:   537217.132   537259.132   537299.132   537336.132   537377.132
  4690:   537421.132   537465.132   537502.132   537539.132   537574.132
  4695:   537614.132   537655.132   537699.132   537734.132   537815.132
  4700:   537850.132   537888.132   537930.132   537971.132   538103.132
  4705:   538144.132   538180.132   538257.132   538304.132   538366.132
  4710:   538406.132   538488.132   538674.132   539222.132   539259.132
  4715:   539296.132   539328.132   539363.132   539402.132   539440.132
  4720:   539473.132   539518.132   539537.822   539537.920   541037.910
  4725:   541039.612   542439.622   542440.812   542589.132   542687.132
  4730:   542717.132   542785.132   542819.132   542860.132   542921.132
  4735:   542949.132   542960.132   542992.132   543019.132   543048.132
  4740:   543082.132   543148.132   543190.132   543224.132   543256.132
  4745:   543286.132   543349.132   543381.132   543415.132   543445.132
  4750:   543478.132   543509.132   543543.132   543612.132   543645.132
  4755:   543678.132   543712.132   543747.132   543780.132   543814.132
  4760:   543848.132   543883.132   543921.132   543957.132   543993.132
  4765:   544026.132   544066.132   544102.132   544148.132   544187.132
  4770:   544271.132   544307.132   544347.132   544385.132   544417.132
  4775:   544453.132   544487.132   544519.132   544550.132   544582.132
  4780:   544619.132   544687.132   544728.132   544761.132   544802.132
  4785:   544974.132   545210.132   545609.132   545643.132   545713.132
  4790:   545758.132   545809.132   545854.132   545893.132   545941.132
  4795:   546001.132   546038.132   546040.822   546040.920   547540.910
  4800:   547542.611   548542.621   548543.811   548744.131   548787.131
  4805:   548821.131   548892.131   548929.131   548964.131   548998.131
  4810:   549036.131   549077.131   549110.131   549142.131   549176.131
  4815:   549209.131   549243.131   549278.131   549312.131   549350.131
  4820:   549383.131   549418.131   549461.131   549497.131   549530.131
  4825:   549564.131   549600.131   549639.131   549674.131   549710.131
  4830:   549746.131   549782.131   549819.131   549853.131   549891.131
  4835:   549927.131   549963.131   550001.131   550038.131   550076.131
  4840:   550124.131   550171.131   550211.131   550248.131   550288.131
  4845:   550339.131   550381.131   550424.131   550467.131   550513.131
  4850:   550562.131   550660.131   550793.131   550849.131   551048.131
  4855:   551220.131   551271.131   551325.131   551405.131   551446.131
  4860:   551478.131   551511.131   551556.131   551743.821   551743.920
  4865:   551751.411   553243.910   553245.615   557095.625   557096.715
  4870:   557688.125   557744.125   558246.125   558287.125   558359.125
  4875:   558396.125   558436.125   558627.125   558680.125   558715.125
  4880:   558748.125   558780.125   558818.125   558852.125   558884.125
  4885:   558918.125   558954.125   558984.125   559019.125   559053.125
  4890:   559093.125   559134.125   559222.125   559257.125   559294.125
  4895:   559327.125   559363.125   559395.125   559428.125   559462.125
  4900:   559500.125   559539.125   559576.125   559615.125   559650.125
  4905:   559689.125   559729.125   559769.125   559811.125   559846.125
  4910:   559878.125   559918.125   559959.125   560003.125   560048.125
  4915:   560085.125   560176.125   560214.125   560258.125   560294.125
  4920:   560334.125   560373.125   560415.125   560458.125   560497.125
  4925:   560538.125   560575.125   560617.125   560659.125   560705.125
  4930:   560747.125   560793.125   560837.125   560873.125   560908.125
  4935:   560947.725   560947.920   560947.901   560947.095   561247.902
  4940:   562747.910   562749.615   566599.625   566600.715   567162.125
  4945:   567751.125   567795.125   567911.125   567958.125   567996.125
  4950:   568043.125   568082.125   568127.125   568172.125   568220.125
  4955:   568266.125   568310.125   568343.125   568385.125   568421.125
  4960:   568504.125   568548.125   568586.125   568618.125   568648.125
  4965:   568683.125   568721.125   568763.125   568798.125   568836.125
  4970:   568878.125   568915.125   568951.125   568991.125   569030.125
  4975:   569063.125   569102.125   569185.125   569221.125   569258.125
  4980:   569297.125   569344.125   569383.125   569421.125   569461.125
  4985:   569501.125   569543.125   569579.125   569621.125   569662.125
  4990:   569702.125   569745.125   569782.125   569819.125   569859.125
  4995:   569900.125   569937.125   569975.125   570013.125   570049.125
  5000:   570093.125   570133.125   570174.125   570210.125   570248.125
  5005:   570291.125   570328.125   570366.125   570402.125   570440.125
  5010:   570480.725   570480.920   570480.901   570480.095   570780.902
  5015:   572280.910   572282.613   574232.623   574233.713   574461.123
  5020:   574506.123   574618.123   574667.123   574706.123   574746.123
  5025:   574782.123   574813.123   574846.123   574880.123   574915.123
  5030:   574948.123   574982.123   575014.123   575064.123   575106.123
  5035:   575149.123   575182.123   575220.123   575306.123   575339.123
  5040:   575371.123   575406.123   575446.123   575482.123   575517.123
  5045:   575556.123   575599.123   575634.123   575677.123   575709.123
  5050:   575743.123   575781.123   575817.123   575856.123   575902.123
  5055:   575941.123   575982.123   576026.123   576068.123   576106.123
  5060:   576150.123   576191.723   576191.920   576191.901   576191.093
  5065:   576491.902   577991.910   577993.612   579393.622   579394.712
  5070:   579865.122   579992.122   580030.122   580073.122   580106.122
  5075:   580147.122   580232.122   580262.122   580292.122   580331.122
  5080:   580369.122   580401.122   580443.122   580474.122   580502.122
  5085:   580540.122   580575.122   580613.122   580645.122   580709.122
  5090:   580739.122   580779.122   580811.722   580811.920   580811.901
  5095:   580811.092   581111.902   582611.910   582613.615   586463.625
  5100:   586464.715   587589.125   587635.125   587708.125   587740.125
  5105:   587774.125   587800.125   587835.125   587873.125   587908.125
  5110:   587944.125   587982.125   588027.125   588057.125   588152.125
  5115:   588188.125   588228.125   588270.125   588346.125   588375.125
  5120:   588406.125   588518.125   588549.125   588657.125   588774.125
  5125:   588809.125   588843.125   588881.125   588915.125   588957.125
  5130:   588989.125   589024.125   589061.125   589098.125   589132.125
  5135:   589168.125   589203.125   589241.125   589278.125   589317.125
  5140:   589377.125   589414.125   589492.125   589530.125   589566.125
  5145:   589603.125   589640.125   589677.125   589712.125   589748.125
  5150:   589781.125   589822.125   589861.125   589895.125   589930.125
  5155:   589967.125   590002.125   590043.125   590077.125   590124.125
  5160:   590197.125   590266.125   590301.125   590341.725   590341.920
  5165:   590341.901   590341.095   590641.902   592141.910   592143.611
  5170:   593143.621   593144.711   593440.121   593487.121   593564.121
  5175:   593592.121   593622.121   593689.121   593720.121   593783.121
  5180:   593812.121   593841.121   593871.121   593900.121   593930.121
  5185:   593959.121   593990.121   594023.121   594053.121   594086.121
  5190:   594147.721   594147.920   594147.901   594147.091   594447.902
  5195:   595947.910   595949.615   599799.625   599800.715   599963.125
  5200:   600563.125   600599.125   600633.125   600674.125   600701.125
  5205:   600733.125   600762.125   600802.125   600843.125   600873.125
  5210:   600906.125   600941.125   600982.125   601052.125   601084.125
  5215:   601124.125   601161.125   601192.125   601206.125   601235.125
  5220:   601270.125   601303.125   601343.125   601383.125   601413.125
  5225:   601448.125   601482.125   601517.125   601560.125   601607.125
  5230:   601715.125   601749.125   601783.125   601851.125   601884.125
  5235:   601918.125   601953.125   601987.125   602024.125   602059.125
  5240:   602092.125   602126.125   602161.125   602268.125   602303.125
  5245:   602344.125   602377.125   602406.125   602439.125   602479.125
  5250:   602551.125   602584.125   602616.125   602651.125   602685.125
  5255:   602721.125   602753.125   602789.125   602827.125   602861.125
  5260:   602893.125   602926.125   602959.125   602994.125   603030.125
  5265:   603064.125   603104.125   603145.125   603180.125   603214.125
  5270:   603249.125   603287.125   603320.125   603392.125   603431.125
  5275:   603467.125   603499.125   603539.125   603576.125   603613.125
  5280:   603653.725   603653.920   603653.901   603653.095   603953.902
  5285:   605453.910   605455.611   606455.621   606456.711   606632.121
  5290:   606666.121   606695.121   606754.121   606791.121   606821.121
  5295:   606856.121   606886.121   606917.121   606950.121   606977.121
  5300:   607007.121   607038.121   607098.121   607130.121   607193.121
  5305:   607227.121   607258.121   607290.121   607354.121   607388.121
  5310:   607419.121   607455.121   607491.721   607491.920   607491.901
  5315:   607491.091   607791.902   609291.910   609293.615   613143.625
  5320:   613144.715   614350.125   614385.125   614441.125   614565.125
  5325:   614639.125   614757.125   614832.125   614877.125   615035.125
  5330:   615223.125   615332.125   615461.125   615532.125   615604.125
  5335:   615689.125   615725.125   615800.125   615842.125   615883.125
  5340:   615922.125   615961.125   616027.125   616066.125   616101.125
  5345:   616131.125   616161.125   616236.125   616268.125   616298.125
  5350:   616333.125   616397.125   616470.125   616500.125   616530.125
  5355:   616561.125   616590.125   616623.125   616700.125   616731.125
  5360:   616766.125   616833.125   616974.125   617010.725   617010.920
  5365:   617010.901   617010.095   617310.902   618810.910   618812.615
  5370:   622662.625   622663.815   623207.135   623736.135   623744.135
  5375:   623781.135   623860.135   623897.135   623930.135   623961.135
  5380:   623996.135   624042.135   624075.135   624107.135   624139.135
  5385:   624178.135   624214.135   624294.135   624359.135   624374.135
  5390:   624408.135   624445.135   624477.135   624588.135   624618.135
  5395:   624650.135   624685.135   624717.135   624746.135   624779.135
  5400:   624812.135   624886.135   624924.135   624956.135   624991.135
  5405:   625027.135   625065.135   625136.135   625175.135   625210.135
  5410:   625245.135   625280.135   625316.135   625350.135   625393.135
  5415:   625431.135   625469.135   625504.135   625540.135   625579.135
  5420:   625613.135   625651.135   625685.135   625722.135   625759.135
  5425:   625793.135   625827.135   625860.135   625940.135   625979.135
  5430:   626015.135   626049.135   626083.135   626116.135   626150.135
  5435:   626186.135   626224.135   626260.135   626299.135   626335.135
  5440:   626371.135   626412.135   626449.135   626484.135   626519.135
  5445:   626552.135   626587.135   626626.135   626661.135   626694.135
  5450:   626730.135   626768.135   626802.135   626841.135   626880.135
  5455:   626918.135   626988.135   627026.135   627061.135   627096.135
  5460:   627132.135   627170.135   627202.135   627236.135   627269.135
  5465:   627304.135   627338.135   627378.135   627416.135   627461.135
  5470:   627497.135   627530.135   627567.135   627611.135   627646.135
  5475:   627783.135   627826.135   627903.135   628051.135   628504.135
  5480:   628563.135   628691.135   628699.135   628855.135   628934.135
  5485:   628970.135   629134.135   629178.135   629216.135   629297.135
  5490:   629375.135   629547.135   629590.135   629632.135   629829.135
  5495:   629871.135   630066.135   630108.135   630184.135   630247.135
  5500:   630309.135   630352.135   630363.825   630363.920   631863.910
  5505:   631865.615   635715.625   635716.815   636293.135   637182.135
  5510:   637216.135   637302.135   637404.135   637434.135   637463.135
  5515:   637505.135   637538.135   637615.135   637647.135   637677.135
  5520:   637709.135   637745.135   637776.135   637852.135   637882.135
  5525:   637913.135   637945.135   637991.135   638024.135   638057.135
  5530:   638087.135   638126.135   638210.135   638239.135   638266.135
  5535:   638298.135   638377.135   638407.135   638445.135   638480.135
  5540:   638518.135   638554.135   638633.135   638666.135   638702.135
  5545:   638736.135   638771.135   638802.135   638874.135   638945.135
  5550:   638980.135   639015.135   639050.135   639087.135   639125.135
  5555:   639161.135   639194.135   639228.135   639262.135   639295.135
  5560:   639332.135   639368.135   639403.135   639471.135   639544.135
  5565:   639578.135   639660.135   639695.135   639774.135   639808.135
  5570:   639847.135   639880.135   639927.135   639975.135   640013.135
  5575:   640055.135   640095.135   640135.135   640185.135   640231.135
  5580:   640279.135   640323.135   640375.135   640522.135   640579.135
  5585:   640765.135   640858.135   641059.135   641105.135   641297.135
  5590:   641339.135   641378.135   642154.135   642275.135   642647.135
  5595:   642686.135   642730.135   642776.135   642857.135   642897.135
  5600:   642936.135   642978.135   643056.135   643157.135   643197.135
  5605:   643248.135   643416.825   643416.920   643430.411   644916.910
  5610:   644918.614   647668.624   647669.814   647999.134   648235.134
  5615:   648292.134   648343.134   648469.134   648577.134   648619.134
  5620:   648664.134   648701.134   648746.134   648789.134   648833.134
  5625:   648877.134   648987.134   649024.134   649067.134   649106.134
  5630:   649151.134   649191.134   649296.134   649306.134   649342.134
  5635:   649373.134   649411.134   649443.134   649480.134   649513.134
  5640:   649582.134   649611.134   649638.134   649669.134   649748.134
  5645:   649847.134   649919.134   649952.134   649987.134   650018.134
  5650:   650055.134   650093.134   650126.134   650161.134   650194.134
  5655:   650230.134   650309.134   650344.134   650419.134   650457.134
  5660:   650493.134   650529.134   650600.134   650637.134   650675.134
  5665:   650718.134   650755.134   650789.134   650830.134   650864.134
  5670:   650897.134   650929.134   650963.134   650999.134   651032.134
  5675:   651065.134   651133.134   651173.134   651208.134   651246.134
  5680:   651289.134   651362.134   651402.134   651446.134   651484.134
  5685:   651524.134   651560.134   651598.134   651640.134   651677.134
  5690:   651720.134   651761.134   651852.134   651933.134   651977.134
  5695:   652019.134   652188.134   652311.134   652473.134   652669.134
  5700:   652706.134   652773.134   652838.134   653076.134   653115.134
  5705:   653169.824   653169.920   653185.411   654669.910   654671.612
  5710:   656071.622   656072.812   656260.132   656301.132   656369.132
  5715:   656401.132   656433.132   656464.132   656530.132   656557.132
  5720:   656591.132   656619.132   656648.132   656705.132   656733.132
  5725:   656769.132   656794.132   656824.132   656863.132   656899.132
  5730:   656952.132   656986.132   657021.132   657058.132   657095.132
  5735:   657130.132   657166.132   657205.132   657239.132   657277.132
  5740:   657313.132   657359.132   657399.132   657434.132   657472.132
  5745:   657518.132   657552.132   657586.132   657660.132   657692.132
  5750:   657723.132   657757.132   657793.132   657865.132   657897.132
  5755:   657933.132   658000.132   658037.132   658073.132   658135.132
  5760:   658171.132   658211.132   658307.132   658343.132   658568.132
  5765:   658614.132   658748.132   658787.132   658829.132   658946.132
  5770:   659039.132   659142.132   659180.132   659221.132   659434.132
  5775:   659526.132   659643.132   659672.822   659672.920   659691.411
  5780:   661172.910   661174.613   663124.623   663125.713   663279.123
  5785:   663372.123   663413.123   663487.123   663566.123   663691.123
  5790:   663733.123   663821.123   663862.123   663905.123   663946.123
  5795:   664005.123   664044.123   664086.123   664116.123   664143.123
  5800:   664168.123   664197.123   664257.123   664319.123   664349.123
  5805:   664380.123   664405.123   664434.123   664469.123   664510.123
  5810:   664607.123   664635.123   664676.123   664718.123   664746.123
  5815:   664756.123   664789.123   664820.123   664865.123   664894.123
  5820:   664924.123   664955.123   664986.123   665023.123   665052.123
  5825:   665088.723   665088.920   665088.901   665088.093   665388.902
  5830:   666888.910   666890.611   667890.621   667891.711   668118.121
  5835:   668155.121   668187.121   668222.121   668251.121   668281.121
  5840:   668308.121   668339.121   668371.121   668426.121   668452.121
  5845:   668482.121   668510.121   668538.121   668566.121   668599.121
  5850:   668653.121   668682.121   668714.121   668745.121   668777.121
  5855:   668809.121   668818.121   668850.121   668883.121   668948.721
  5860:   668948.920   668948.901   668948.091   669248.902   670748.910
  5865:   670750.612   672150.622   672151.712   672392.122   672438.122
  5870:   672477.122   672507.122   672539.122   672570.122   672600.122
  5875:   672627.122   672657.122   672687.122   672723.122   672750.122
  5880:   672844.122   672873.122   672901.122   672932.122   672962.122
  5885:   672992.122   673025.122   673053.122   673081.122   673112.122
  5890:   673141.122   673245.122   673273.122   673339.122   673374.122
  5895:   673440.122   673475.122   673508.122   673543.122   673579.722
  5900:   673579.920   673579.901   673579.092   673879.902   675379.910
  5905:   675381.611   676381.621   676382.711   676577.121   676652.121
  5910:   676690.121   676723.121   676752.121   676786.121   676818.121
  5915:   676845.121   676883.121   676912.121   676944.121   676972.121
  5920:   677003.121   677036.121   677067.121   677124.121   677154.121
  5925:   677181.121   677211.121   677244.121   677306.121   677338.121
  5930:   677371.121   677404.721   677404.920   677404.901   677404.091
  5935:   677704.902   677704.902   677704.005   677704.006   677704.007
  5940:   677704.020  
D:
     0:        0.000        0.000        0.000        0.000        0.000
     5:        0.000        0.000        0.000        0.000        0.000
    10:        0.000        0.000        0.000        0.000        0.000
    15:        0.000        0.000        0.000        0.000        0.000
    20:        0.000        0.000        0.000        0.000        0.000
    25:        0.000        9.000        0.000        0.000        0.000
    30:        0.000        0.000        0.000        0.000        0.000
    35:        0.000
F:
     0:       10.000       14.000       19.500       27.500       38.500
     5:       10.000       14.000       19.500       27.500       38.500
    10:       10.000       14.000       19.500       27.500       38.500
    15:       20.000       28.000       39.000       55.000       77.000
    20:       20.000       28.000       39.000       55.000       77.000
    25:       20.000       28.000       39.000       55.000       77.000
    30:       10.000       14.000       19.500       27.500       38.500
    35:       10.000       14.000       19.500       27.500       38.500
    40:       10.000       14.000       19.500       27.500       38.500
    45:       10.000       14.000       19.500       27.500       38.500
    50:       10.000       14.000       19.500       27.500       38.500
    55:       10.000       14.000       19.500       27.500       38.500
    60:       10.000       14.000       19.500       27.500       38.500
    65:       10.000       14.000       19.500       27.500       38.500
    70:       10.000       14.000       19.500       27.500       38.500
    75:       20.000       28.000       39.000       55.000       77.000
    80:       20.000       28.000       39.000       55.000       77.000
    85:       10.000       14.000       19.500       27.500       38.500
    90:       10.000       14.000       19.500       27.500       38.500
    95:       10.000       14.000       19.500       27.500       38.500
I:
     0:       75.000        0.000        0.000
M:
     0:       15.000       15.000       15.000       15.000       15.000
     5:        5.000        5.000        5.000        5.000        5.000
    10:      100.000
N:
     0:       20.000       20.000       20.000       20.000       20.000
     5:        0.000
Q:
     0:       15.000       15.000       15.000       15.000       15.000
     5:        0.000
V:
     0:        0.000        0.000        0.000        0.000        0.000
     5:      327.000      460.000      631.000      644.000      955.000
    10:      348.000      346.000      397.000      476.000      592.000
    15:        0.000
