File: C:\MED-PC IV\DATA\M_PEAK39P003


Start Date: 09/13/17
End Date: 09/13/17
Subject: P003
Experiment: IF-PICO
Group: 0
Box: 7
Start Time: 10:16:43
End Time: 12:09:45
MSN: Multiple_Peak
B:       0.000
C:       0.000
E:    5839.000
G:      20.000
H:    3200.000
J:       0.000
K:       0.000
L:       0.000
O:       0.000
P:       0.000
R:       0.000
S:       0.000
T:  678302.000
U:       0.000
W:       0.000
X:       0.000
Y:       0.000
Z:       0.000
A:
     0:        0.010      500.910      502.614      824.114     3252.624
     5:     3253.714     3335.124     3367.124     3401.124     3435.124
    10:     3474.124     3547.124     3577.124     3615.124     3651.124
    15:     3691.124     3727.124     3762.124     3801.124     3833.124
    20:     3869.124     3914.124     3921.124     3957.124     3995.124
    25:     4030.124     4070.124     4105.124     4141.124     4178.124
    30:     4214.124     4249.124     4284.124     4323.124     4358.124
    35:     4394.124     4432.124     4469.124     4508.124     4544.124
    40:     4621.124     4658.124     4696.124     4736.124     4776.124
    45:     4816.124     4853.124     4893.124     4933.124     4941.124
    50:     4982.124     5021.124     5059.124     5102.124     5140.124
    55:     5177.124     5216.124     5256.124     5296.124     5336.124
    60:     5412.124     5453.124     5491.124     5596.124     5635.124
    65:     5672.124     5713.124     5754.124     5795.124     5805.124
    70:     5843.124     5883.124     5926.124     5967.124     6049.724
    75:     6049.920     6049.901     6049.094     6349.902     7849.910
    80:     7851.612     9251.622     9252.712     9488.122     9521.122
    85:     9554.122     9589.122     9652.122     9684.122     9716.122
    90:     9753.122     9789.122     9819.122     9855.122     9887.122
    95:     9926.122     9963.122     9999.122    10038.122    10073.122
   100:    10109.122    10142.122    10183.122    10256.122    10292.122
   105:    10333.122    10368.122    10406.122    10445.122    10483.122
   110:    10522.122    10588.122    10625.122    10663.722    10663.920
   115:    10663.901    10663.092    10963.902    12463.910    12465.613
   120:    14415.623    14416.713    14579.123    14717.123    14748.123
   125:    14784.123    14821.123    14859.123    14900.123    14938.123
   130:    14968.123    15001.123    15037.123    15080.123    15116.123
   135:    15151.123    15190.123    15222.123    15260.123    15302.123
   140:    15373.123    15412.123    15452.123    15488.123    15525.123
   145:    15567.123    15642.123    15681.123    15719.123    15758.123
   150:    15801.123    15849.123    15890.123    15928.123    15964.123
   155:    16005.123    16046.123    16124.123    16165.123    16207.123
   160:    16287.123    16325.123    16367.723    16367.920    16367.901
   165:    16367.093    16667.902    18167.910    18169.612    19569.622
   170:    19570.812    19807.132    19845.132    19882.132    19966.132
   175:    20002.132    20036.132    20072.132    20111.132    20143.132
   180:    20215.132    20252.132    20287.132    20328.132    20364.132
   185:    20402.132    20438.132    20476.132    20512.132    20554.132
   190:    20596.132    20635.132    20673.132    20712.132    20751.132
   195:    20788.132    20830.132    20868.132    20908.132    20948.132
   200:    20989.132    21070.132    21109.132    21149.132    21187.132
   205:    21226.132    21265.132    21306.132    21342.132    21383.132
   210:    21423.132    21463.132    21504.132    21542.132    21605.132
   215:    21643.132    21680.132    21755.132    21800.132    21839.132
   220:    21876.132    21918.132    21994.132    22034.132    22076.132
   225:    22117.132    22156.132    22194.132    22234.132    22273.132
   230:    22356.132    22392.132    22431.132    22472.132    22510.132
   235:    22610.132    22684.132    22721.132    22760.132    22798.132
   240:    22837.132    22875.132    22912.132    22947.132    22983.132
   245:    23025.132    23066.132    23102.132    23170.822    23170.920
   250:    23178.411    24670.910    24672.615    28522.625    28523.715
   255:    29095.125    29138.125    29177.125    29217.125    29253.125
   260:    29326.125    29358.125    29437.125    29469.125    29509.125
   265:    29539.125    29575.125    29621.125    29657.125    29727.125
   270:    29766.125    29800.125    29920.125    29957.125    30031.125
   275:    30068.125    30102.125    30178.125    30217.125    30256.125
   280:    30297.125    30333.125    30491.125    30527.125    30566.125
   285:    30607.125    30720.125    30761.125    30845.125    30884.125
   290:    30925.125    30994.125    31032.125    31072.125    31111.125
   295:    31152.125    31235.125    31274.125    31317.125    31354.125
   300:    31395.125    31431.125    31472.125    31510.125    31552.125
   305:    31592.125    31630.125    31669.125    31711.125    31749.125
   310:    31788.125    31823.125    31863.125    31901.125    31987.125
   315:    32027.125    32066.125    32104.125    32174.125    32212.125
   320:    32254.125    32292.125    32329.125    32372.125    32409.725
   325:    32409.920    32409.901    32409.095    32709.902    34209.910
   330:    34211.613    36161.623    36162.813    36347.133    36440.133
   335:    36470.133    36512.133    36557.133    36639.133    36672.133
   340:    36715.133    36752.133    36792.133    36831.133    36874.133
   345:    36914.133    36952.133    37035.133    37075.133    37156.133
   350:    37193.133    37232.133    37268.133    37309.133    37381.133
   355:    37415.133    37459.133    37497.133    37609.133    37646.133
   360:    37685.133    37726.133    37809.133    37847.133    37889.133
   365:    37976.133    38012.133    38055.133    38124.133    38162.133
   370:    38246.133    38283.133    38436.133    38474.133    38515.133
   375:    38584.133    38621.133    38659.133    38740.133    38818.133
   380:    38860.133    38941.133    38981.133    39022.133    39063.133
   385:    39104.133    39147.133    39189.133    39230.133    39270.133
   390:    39355.133    39394.133    39434.133    39473.133    39514.133
   395:    39552.133    39594.133    39646.133    39730.133    39771.133
   400:    39813.133    39854.133    39893.133    39936.133    39974.133
   405:    40014.133    40054.133    40094.133    40138.133    40177.133
   410:    40291.133    40335.133    40362.823    40362.920    40378.411
   415:    41862.910    41864.614    44614.624    44615.714    44787.124
   420:    44873.124    44906.124    45099.124    45135.124    45212.124
   425:    45281.124    45355.124    45386.124    45433.124    45510.124
   430:    45627.124    45660.124    45734.124    45765.124    45889.124
   435:    45920.124    45962.124    46010.124    46044.124    46120.124
   440:    46203.124    46270.124    46306.124    46342.124    46448.124
   445:    46460.124    46498.124    46536.124    46621.124    46656.124
   450:    46732.124    46770.124    46884.124    46892.124    46930.124
   455:    46969.124    47010.124    47056.124    47098.124    47140.124
   460:    47177.124    47286.124    47325.124    47366.724    47366.920
   465:    47366.901    47366.094    47666.902    49166.910    49168.613
   470:    51118.623    51119.713    51602.123    51643.123    51724.123
   475:    51767.123    51801.123    51880.123    51914.123    51947.123
   480:    51980.123    52015.123    52050.123    52086.123    52118.123
   485:    52153.123    52189.123    52225.123    52264.123    52300.123
   490:    52337.123    52376.123    52413.123    52449.123    52486.123
   495:    52560.123    52600.123    52643.123    52685.123    52727.123
   500:    52766.123    52812.123    52850.123    52889.123    52928.123
   505:    52970.123    53012.123    53052.123    53094.723    53094.920
   510:    53094.901    53094.093    53394.902    54894.910    54896.611
   515:    55896.621    55897.711    56125.121    56164.121    56198.121
   520:    56233.121    56273.121    56312.121    56346.121    56386.121
   525:    56417.121    56458.121    56497.121    56532.121    56570.121
   530:    56611.121    56648.121    56688.121    56726.121    56762.121
   535:    56806.121    56847.121    56893.121    56935.721    56935.920
   540:    56935.901    56935.091    57235.902    58735.910    58737.611
   545:    59737.621    59738.711    59991.121    60040.121    60082.121
   550:    60119.121    60164.121    60206.121    60245.121    60288.121
   555:    60328.121    60368.121    60411.121    60451.121    60493.121
   560:    60537.121    60573.121    60615.121    60653.121    60698.121
   565:    60736.121    60779.721    60779.920    60779.901    60779.091
   570:    61079.902    62579.910    62581.615    66431.625    66432.715
   575:    66722.125    66830.125    66871.125    66915.125    66956.125
   580:    66996.125    67040.125    67080.125    67126.125    67161.125
   585:    67205.125    67245.125    67287.125    67369.125    67403.125
   590:    67490.125    67526.125    67612.125    67650.125    67690.125
   595:    67725.125    67765.125    67808.125    67850.125    67885.125
   600:    67929.125    67975.125    68018.125    68055.125    68099.125
   605:    68142.125    68187.125    68232.125    68276.125    68315.125
   610:    68362.125    68406.125    68447.125    68533.125    68573.125
   615:    68615.125    68656.125    68697.125    68740.125    68785.125
   620:    68827.125    68872.125    68917.125    68963.125    69045.125
   625:    69086.125    69128.125    69175.125    69218.125    69296.125
   630:    69339.125    69382.125    69427.125    69470.125    69512.125
   635:    69557.125    69599.125    69641.125    69685.125    69730.125
   640:    69770.125    69815.125    69856.125    69897.125    69937.125
   645:    69979.125    70026.125    70068.125    70110.125    70151.125
   650:    70193.125    70238.125    70285.725    70285.920    70285.901
   655:    70285.095    70585.902    72085.910    72087.611    73087.621
   660:    73088.711    73265.121    73406.121    73455.121    73495.121
   665:    73536.121    73579.121    73610.121    73649.121    73683.121
   670:    73722.121    73758.121    73793.121    73830.121    73866.121
   675:    73902.121    73941.121    73981.121    74021.121    74059.121
   680:    74096.721    74096.920    74096.901    74096.091    74396.902
   685:    75896.910    75898.611    76898.621    76899.711    77077.121
   690:    77149.121    77196.121    77236.121    77274.121    77323.121
   695:    77358.121    77393.121    77428.121    77469.121    77508.121
   700:    77549.121    77586.121    77626.121    77664.121    77703.121
   705:    77742.121    77784.121    77823.121    77865.121    77906.721
   710:    77906.920    77906.901    77906.091    78206.902    79706.910
   715:    79708.611    80708.621    80709.711    80886.121    80961.121
   720:    80999.121    81032.121    81076.121    81122.121    81155.121
   725:    81190.121    81225.121    81262.121    81300.121    81340.121
   730:    81379.121    81419.121    81458.121    81496.121    81537.121
   735:    81580.121    81624.121    81664.121    81708.121    81749.721
   740:    81749.920    81749.901    81749.091    82049.902    83549.910
   745:    83551.613    85501.623    85502.713    85754.123    85797.123
   750:    85831.123    85870.123    85911.123    85947.123    85980.123
   755:    86015.123    86053.123    86091.123    86127.123    86165.123
   760:    86205.123    86247.123    86285.123    86320.123    86360.123
   765:    86399.123    86438.123    86478.123    86518.123    86561.123
   770:    86635.123    86675.123    86717.123    86757.123    86798.123
   775:    86841.123    86883.123    86923.123    86967.123    87008.123
   780:    87047.123    87083.123    87119.123    87156.123    87194.123
   785:    87235.123    87277.123    87316.123    87358.123    87401.123
   790:    87442.123    87481.723    87481.920    87481.901    87481.093
   795:    87781.902    89281.910    89283.614    92033.624    92034.714
   800:    92728.124    92977.124    93010.124    93044.124    93085.124
   805:    93128.124    93163.124    93207.124    93285.124    93322.124
   810:    93405.124    93440.124    93479.124    93522.124    93561.124
   815:    93609.124    93653.124    93690.124    93737.124    93777.124
   820:    93817.124    93863.124    93898.124    93948.124    93992.124
   825:    94031.124    94073.124    94163.124    94201.124    94243.124
   830:    94289.124    94335.124    94433.124    94475.124    94517.124
   835:    94556.124    94601.124    94648.124    94690.124    94732.124
   840:    94775.124    94817.724    94817.920    94817.901    94817.094
   845:    95117.902    96617.910    96619.615   100469.625   100470.715
   850:   100666.125   100921.125   100959.125   100999.125   101236.125
   855:   101268.125   101306.125   101387.125   101422.125   101505.125
   860:   101541.125   101583.125   101623.125   101665.125   101751.125
   865:   101787.125   101871.125   101906.125   101944.125   101985.125
   870:   102029.125   102064.125   102109.125   102202.125   102244.125
   875:   102285.125   102324.125   102370.125   102413.125   102453.125
   880:   102497.125   102539.125   102585.125   102672.125   102713.125
   885:   102754.125   102799.125   102847.125   102892.125   102936.125
   890:   102978.125   103018.125   103060.125   103146.125   103186.125
   895:   103231.125   103274.125   103317.125   103360.125   103400.125
   900:   103448.125   103496.125   103537.125   103579.125   103625.125
   905:   103672.125   103714.125   103755.125   103800.125   103846.125
   910:   103891.125   103935.125   103982.125   104023.125   104064.125
   915:   104107.125   104151.125   104193.125   104238.125   104287.125
   920:   104335.725   104335.920   104335.901   104335.095   104635.902
   925:   106135.910   106137.615   109987.625   109988.715   110261.125
   930:   110302.125   110343.125   110382.125   110513.125   110551.125
   935:   110584.125   110626.125   110666.125   110763.125   110797.125
   940:   110831.125   110875.125   110913.125   110957.125   110993.125
   945:   111042.125   111077.125   111123.125   111161.125   111203.125
   950:   111244.125   111286.125   111328.125   111371.125   111467.125
   955:   111507.125   111546.125   111586.125   111626.125   111669.125
   960:   111714.125   111757.125   111799.125   111841.125   111883.125
   965:   111928.125   111972.125   112014.125   112056.125   112102.125
   970:   112149.125   112190.125   112232.125   112278.125   112321.125
   975:   112364.125   112409.125   112455.125   112499.125   112538.125
   980:   112580.125   112622.125   112664.125   112705.125   112744.125
   985:   112787.125   112832.125   112873.125   112916.125   112957.125
   990:   113000.125   113039.125   113081.125   113120.125   113163.125
   995:   113203.125   113247.125   113292.125   113334.125   113377.125
  1000:   113416.125   113475.125   113516.125   113562.125   113608.125
  1005:   113656.125   113700.125   113741.125   113785.125   113830.125
  1010:   113875.725   113875.920   113875.901   113875.095   114175.902
  1015:   115675.910   115677.615   119527.625   119528.715   119772.125
  1020:   119915.125   120003.125   120040.125   120133.125   120171.125
  1025:   120204.125   120237.125   120276.125   120312.125   120353.125
  1030:   120400.125   120437.125   120476.125   120519.125   120558.125
  1035:   120605.125   120638.125   120758.125   120792.125   120839.125
  1040:   120879.125   120921.125   120969.125   121006.125   121049.125
  1045:   121135.125   121172.125   121214.125   121260.125   121302.125
  1050:   121342.125   121382.125   121429.125   121473.125   121515.125
  1055:   121557.125   121599.125   121644.125   121686.125   121726.125
  1060:   121772.125   121814.125   121856.125   121896.125   121940.125
  1065:   121981.125   122023.125   122069.125   122117.125   122158.125
  1070:   122198.125   122240.125   122282.125   122322.125   122365.125
  1075:   122407.125   122450.125   122492.125   122536.125   122577.125
  1080:   122619.125   122658.125   122700.125   122745.125   122788.125
  1085:   122829.125   122873.125   122919.125   122963.125   123003.125
  1090:   123046.125   123090.125   123135.125   123181.125   123226.125
  1095:   123265.125   123310.125   123352.125   123398.725   123398.920
  1100:   123398.901   123398.095   123698.902   125198.910   125200.612
  1105:   126600.622   126601.712   126854.122   126901.122   126944.122
  1110:   126980.122   127012.122   127048.122   127086.122   127125.122
  1115:   127161.122   127201.122   127239.122   127277.122   127315.122
  1120:   127355.122   127393.122   127431.122   127470.122   127511.122
  1125:   127554.122   127597.122   127639.122   127681.122   127723.122
  1130:   127765.122   127804.122   127848.122   127888.122   127929.122
  1135:   127969.122   128011.722   128011.920   128011.901   128011.092
  1140:   128311.902   129811.910   129813.612   131213.622   131214.712
  1145:   131430.122   131472.122   131511.122   131549.122   131587.122
  1150:   131620.122   131655.122   131696.122   131729.122   131766.122
  1155:   131801.122   131841.122   131880.122   131918.122   131957.122
  1160:   131995.122   132033.122   132072.122   132114.122   132156.122
  1165:   132199.122   132239.122   132278.122   132319.122   132360.122
  1170:   132401.122   132441.122   132483.122   132525.122   132533.122
  1175:   132578.122   132619.722   132619.920   132619.901   132619.092
  1180:   132919.902   134419.910   134421.611   135421.621   135422.811
  1185:   135509.131   135564.131   135638.131   135674.131   135712.131
  1190:   135748.131   135782.131   135817.131   135854.131   135894.131
  1195:   135933.131   135968.131   136008.131   136045.131   136084.131
  1200:   136122.131   136161.131   136201.131   136241.131   136280.131
  1205:   136320.131   136359.131   136399.131   136438.131   136479.131
  1210:   136522.131   136564.131   136603.131   136643.131   136687.131
  1215:   136729.131   136776.131   136826.131   136865.131   136909.131
  1220:   136948.131   136996.131   137040.131   137081.131   137124.131
  1225:   137165.131   137209.131   137260.131   137307.131   137361.131
  1230:   137401.131   137441.131   137492.131   137544.131   137587.131
  1235:   137632.131   137676.131   137718.131   137759.131   137811.131
  1240:   137858.131   137898.131   137938.131   137983.131   138022.131
  1245:   138064.131   138105.131   138145.131   138182.131   138222.131
  1250:   138262.131   138300.131   138337.131   138376.131   138418.131
  1255:   138463.131   138504.131   138545.131   138590.131   138622.821
  1260:   138622.920   138631.411   140122.910   140124.612   141524.622
  1265:   141525.712   141785.122   141829.122   141870.122   141907.122
  1270:   141947.122   141985.122   142020.122   142059.122   142096.122
  1275:   142133.122   142169.122   142204.122   142243.122   142285.122
  1280:   142323.122   142362.122   142400.122   142438.122   142476.122
  1285:   142512.122   142555.122   142595.122   142636.122   142676.122
  1290:   142721.122   142764.122   142807.122   142848.122   142891.122
  1295:   142931.722   142931.920   142931.901   142931.092   143231.902
  1300:   144731.910   144733.611   145733.621   145734.711   145944.121
  1305:   145987.121   146025.121   146055.121   146091.121   146133.121
  1310:   146174.121   146214.121   146252.121   146290.121   146326.121
  1315:   146362.121   146398.121   146439.121   146480.121   146518.121
  1320:   146557.121   146597.121   146636.121   146675.121   146711.121
  1325:   146752.721   146752.920   146752.901   146752.091   147052.902
  1330:   148552.910   148554.615   152404.625   152405.815   153261.135
  1335:   153373.135   153416.135   153569.135   153619.135   153649.135
  1340:   153686.135   153725.135   153764.135   153803.135   153896.135
  1345:   153944.135   153977.135   154024.135   154066.135   154147.135
  1350:   154179.135   154266.135   154305.135   154339.135   154382.135
  1355:   154472.135   154508.135   154596.135   154633.135   154674.135
  1360:   154721.135   154758.135   154799.135   154847.135   154921.135
  1365:   154959.135   155002.135   155046.135   155087.135   155129.135
  1370:   155174.135   155264.135   155306.135   155346.135   155388.135
  1375:   155429.135   155471.135   155511.135   155555.135   155599.135
  1380:   155638.135   155681.135   155722.135   155763.135   155808.135
  1385:   155850.135   155893.135   155935.135   155978.135   156018.135
  1390:   156061.135   156108.135   156157.135   156201.135   156285.135
  1395:   156331.135   156372.135   156413.135   156454.135   156495.135
  1400:   156537.135   156577.135   156621.135   156665.135   156709.135
  1405:   156748.135   156792.135   156833.135   156872.135   156916.135
  1410:   156959.135   157000.135   157039.135   157090.135   157138.135
  1415:   157184.135   157229.135   157274.135   157314.135   157355.135
  1420:   157398.135   157450.135   157497.135   157538.135   157578.135
  1425:   157620.135   157658.135   157698.135   157741.135   157782.135
  1430:   157826.135   157868.135   157913.135   157960.135   158009.135
  1435:   158051.135   158093.135   158138.135   158197.135   158238.135
  1440:   158279.135   158322.135   158367.135   158409.135   158452.135
  1445:   158498.135   158543.135   158590.135   158633.135   158672.135
  1450:   158718.135   158765.135   158814.135   158859.135   158908.135
  1455:   158952.135   158997.135   159040.135   159085.135   159163.135
  1460:   159207.135   159252.135   159299.135   159631.135   159678.135
  1465:   159725.135   159770.135   159811.135   160105.825   160105.920
  1470:   161605.910   161607.614   164357.624   164358.714   164547.124
  1475:   164695.124   164740.124   164814.124   164850.124   164888.124
  1480:   164926.124   164970.124   165057.124   165089.124   165125.124
  1485:   165261.124   165293.124   165333.124   165377.124   165411.124
  1490:   165501.124   165538.124   165589.124   165625.124   165660.124
  1495:   165702.124   165747.124   165787.124   165828.124   165871.124
  1500:   165957.124   165999.124   166036.124   166079.124   166123.124
  1505:   166164.124   166208.124   166254.124   166297.124   166342.124
  1510:   166386.124   166437.124   166481.124   166524.124   166568.124
  1515:   166613.124   166656.124   166699.124   166743.124   166782.124
  1520:   166827.124   166874.124   166915.124   166960.124   167002.124
  1525:   167048.124   167097.124   167140.724   167140.920   167140.901
  1530:   167140.094   167440.902   168940.910   168942.613   170892.623
  1535:   170893.713   171120.123   171169.123   171209.123   171244.123
  1540:   171280.123   171315.123   171352.123   171387.123   171426.123
  1545:   171466.123   171502.123   171538.123   171575.123   171618.123
  1550:   171658.123   171697.123   171738.123   171779.123   171819.123
  1555:   171859.123   171899.123   171940.123   171992.123   172034.123
  1560:   172077.123   172124.123   172169.123   172207.123   172251.123
  1565:   172302.123   172345.123   172389.123   172433.123   172475.123
  1570:   172521.123   172561.123   172602.123   172642.123   172682.123
  1575:   172723.123   172764.123   172808.123   172853.723   172853.920
  1580:   172853.901   172853.093   173153.902   174653.910   174655.613
  1585:   176605.623   176606.713   176888.123   176920.123   176956.123
  1590:   176993.123   177029.123   177065.123   177103.123   177144.123
  1595:   177192.123   177236.123   177275.123   177314.123   177350.123
  1600:   177394.123   177489.123   177524.123   177564.123   177604.123
  1605:   177642.123   177681.123   177719.123   177760.123   177800.123
  1610:   177842.123   177885.123   177925.123   177967.123   178007.123
  1615:   178054.123   178095.123   178133.123   178174.123   178215.123
  1620:   178260.123   178302.123   178346.123   178389.123   178431.123
  1625:   178478.123   178520.123   178565.723   178565.920   178565.901
  1630:   178565.093   178865.902   180365.910   180367.612   181767.622
  1635:   181768.712   182001.122   182041.122   182083.122   182126.122
  1640:   182166.122   182197.122   182236.122   182275.122   182319.122
  1645:   182355.122   182391.122   182428.122   182464.122   182503.122
  1650:   182548.122   182590.122   182633.122   182676.122   182716.122
  1655:   182757.122   182797.122   182840.122   182881.122   182922.122
  1660:   182962.122   183004.122   183047.122   183091.122   183132.122
  1665:   183172.722   183172.920   183172.901   183172.092   183472.902
  1670:   184972.910   184974.614   187724.624   187725.714   188872.124
  1675:   188906.124   188947.124   188988.124   189069.124   189103.124
  1680:   189146.124   189190.124   189239.124   189275.124   189402.124
  1685:   189437.124   189470.124   189507.124   189553.124   189593.124
  1690:   189681.124   189718.124   189753.124   189802.124   189850.124
  1695:   189901.124   189941.124   190035.124   190073.124   190110.124
  1700:   190155.124   190196.124   190240.124   190325.124   190366.124
  1705:   190410.124   190453.124   190498.724   190498.920   190498.901
  1710:   190498.094   190798.902   192298.910   192300.615   196150.625
  1715:   196151.715   196545.125   196685.125   196725.125   196767.125
  1720:   196805.125   196952.125   196988.125   197172.125   197207.125
  1725:   197255.125   197302.125   197344.125   197449.125   197497.125
  1730:   197535.125   197628.125   197665.125   197706.125   197795.125
  1735:   197830.125   197864.125   197906.125   197950.125   197991.125
  1740:   198031.125   198080.125   198120.125   198165.125   198208.125
  1745:   198253.125   198299.125   198345.125   198388.125   198434.125
  1750:   198520.125   198560.125   198603.125   198650.125   198691.125
  1755:   198732.125   198777.125   198816.125   198860.125   198900.125
  1760:   198944.125   198984.125   199027.125   199070.125   199114.125
  1765:   199157.125   199201.125   199244.125   199288.125   199331.125
  1770:   199375.125   199416.125   199457.125   199501.125   199542.125
  1775:   199584.125   199624.125   199665.125   199704.125   199748.125
  1780:   199792.125   199833.125   199871.125   199915.125   199963.125
  1785:   200002.725   200002.920   200002.901   200002.095   200302.902
  1790:   201802.910   201804.611   202804.621   202805.711   203043.121
  1795:   203090.121   203125.121   203165.121   203195.121   203235.121
  1800:   203267.121   203302.121   203337.121   203372.121   203411.121
  1805:   203448.121   203486.121   203524.121   203564.121   203603.121
  1810:   203643.121   203683.121   203721.121   203762.121   203800.121
  1815:   203840.721   203840.920   203840.901   203840.091   204140.902
  1820:   205640.910   205642.614   208392.624   208393.714   209467.124
  1825:   209522.124   209625.124   209661.124   209704.124   209898.124
  1830:   209936.124   210027.124   210114.124   210153.124   210199.124
  1835:   210232.124   210273.124   210321.124   210355.124   210389.124
  1840:   210481.124   210514.124   210559.124   210594.124   210687.124
  1845:   210726.124   210771.124   210815.124   210857.124   210901.124
  1850:   210946.124   210991.124   211031.124   211072.124   211118.124
  1855:   211166.724   211166.920   211166.901   211166.094   211466.902
  1860:   212966.910   212968.611   213968.621   213969.711   214278.121
  1865:   214316.121   214351.121   214387.121   214418.121   214463.121
  1870:   214500.121   214540.121   214578.121   214616.121   214656.121
  1875:   214693.121   214731.121   214770.121   214809.121   214845.121
  1880:   214880.121   214916.121   214955.121   214993.721   214993.920
  1885:   214993.901   214993.091   215293.902   216793.910   216795.612
  1890:   218195.622   218196.712   218448.122   218484.122   218524.122
  1895:   218566.122   218604.122   218640.122   218677.122   218713.122
  1900:   218752.122   218791.122   218833.122   218876.122   218917.122
  1905:   218958.122   218997.122   219037.122   219074.122   219117.122
  1910:   219166.122   219210.122   219250.122   219259.122   219300.122
  1915:   219342.122   219358.122   219396.122   219439.122   219483.122
  1920:   219531.122   219571.122   219666.722   219666.920   219666.901
  1925:   219666.092   219966.902   221466.910   221468.613   223418.623
  1930:   223419.713   223709.123   223803.123   223838.123   223954.123
  1935:   223992.123   224040.123   224074.123   224117.123   224154.123
  1940:   224192.123   224232.123   224275.123   224313.123   224365.123
  1945:   224401.123   224443.123   224500.123   224541.123   224585.123
  1950:   224662.123   224700.123   224740.123   224784.123   224824.123
  1955:   224867.123   224909.123   224951.123   224995.123   225036.123
  1960:   225081.123   225122.123   225160.123   225203.123   225245.123
  1965:   225293.123   225339.123   225391.723   225391.920   225391.901
  1970:   225391.093   225691.902   227191.910   227193.612   228593.622
  1975:   228594.712   228812.122   228853.122   228887.122   228922.122
  1980:   228958.122   228998.122   229037.122   229071.122   229111.122
  1985:   229148.122   229183.122   229216.122   229252.122   229288.122
  1990:   229325.122   229365.122   229412.122   229450.122   229487.122
  1995:   229525.122   229562.122   229600.122   229638.122   229678.122
  2000:   229725.122   229771.122   229808.122   229852.122   229894.122
  2005:   229943.122   229983.122   230024.722   230024.920   230024.901
  2010:   230024.092   230324.902   231824.910   231826.612   233226.622
  2015:   233227.812   233327.132   233368.132   233451.132   233494.132
  2020:   233529.132   233565.132   233604.132   233645.132   233687.132
  2025:   233729.132   233772.132   233818.132   233852.132   233886.132
  2030:   233925.132   233965.132   234056.132   234090.132   234126.132
  2035:   234165.132   234202.132   234241.132   234284.132   234324.132
  2040:   234363.132   234405.132   234448.132   234495.132   234533.132
  2045:   234578.132   234628.132   234671.132   234717.132   234764.132
  2050:   234808.132   234853.132   234896.132   234942.132   234988.132
  2055:   235080.132   235119.132   235161.132   235207.132   235248.132
  2060:   235287.132   235326.132   235368.132   235407.132   235448.132
  2065:   235489.132   235530.132   235571.132   235610.132   235653.132
  2070:   235693.132   235735.132   235784.132   235825.132   235870.132
  2075:   235926.132   235977.132   236016.132   236060.132   236101.132
  2080:   236139.132   236178.132   236217.132   236259.132   236299.132
  2085:   236339.132   236379.132   236420.132   236463.132   236500.132
  2090:   236538.132   236578.132   236621.132   236660.132   236711.132
  2095:   236753.132   236794.132   236827.822   236827.920   236839.411
  2100:   238327.910   238329.613   240279.623   240280.713   240563.123
  2105:   240608.123   240764.123   240796.123   240990.123   241025.123
  2110:   241063.123   241106.123   241153.123   241186.123   241227.123
  2115:   241272.123   241308.123   241353.123   241392.123   241435.123
  2120:   241479.123   241521.123   241563.123   241605.123   241647.123
  2125:   241689.123   241732.123   241775.123   241864.123   241905.123
  2130:   241990.123   242032.123   242073.123   242120.123   242165.123
  2135:   242204.123   242245.723   242245.920   242245.901   242245.093
  2140:   242545.902   244045.910   244047.612   245447.622   245448.712
  2145:   245655.122   245726.122   245766.122   245807.122   245847.122
  2150:   245881.122   245921.122   245962.122   245999.122   246035.122
  2155:   246076.122   246121.122   246162.122   246205.122   246251.122
  2160:   246288.122   246328.122   246366.122   246406.122   246448.122
  2165:   246489.122   246528.122   246568.122   246605.122   246646.122
  2170:   246684.122   246724.122   246767.122   246809.122   246846.122
  2175:   246888.722   246888.920   246888.901   246888.092   247188.902
  2180:   248688.910   248690.612   250090.622   250091.712   250389.122
  2185:   250430.122   250470.122   250510.122   250545.122   250585.122
  2190:   250619.122   250653.122   250694.122   250737.122   250769.122
  2195:   250812.122   250854.122   250894.122   250936.122   250978.122
  2200:   251018.122   251060.122   251102.122   251143.122   251187.122
  2205:   251232.122   251274.122   251319.122   251363.122   251403.122
  2210:   251495.722   251495.920   251495.901   251495.092   251795.902
  2215:   253295.910   253297.614   256047.624   256048.714   257212.124
  2220:   257298.124   257343.124   257386.124   257422.124   257455.124
  2225:   257492.124   257532.124   257572.124   257610.124   257652.124
  2230:   257739.124   257776.124   257822.124   257854.124   257898.124
  2235:   257939.124   257987.124   258027.124   258073.124   258160.124
  2240:   258199.124   258243.124   258288.124   258324.124   258370.124
  2245:   258408.124   258457.124   258495.124   258538.124   258585.124
  2250:   258664.124   258702.124   258741.124   258786.124   258829.724
  2255:   258829.920   258829.901   258829.094   259129.902   260629.910
  2260:   260631.612   262031.622   262032.812   262249.132   262383.132
  2265:   262426.132   262466.132   262506.132   262540.132   262574.132
  2270:   262613.132   262650.132   262690.132   262732.132   262768.132
  2275:   262808.132   262848.132   262889.132   262931.132   262969.132
  2280:   263008.132   263050.132   263091.132   263132.132   263175.132
  2285:   263216.132   263259.132   263298.132   263339.132   263384.132
  2290:   263424.132   263469.132   263511.132   263553.132   263594.132
  2295:   263638.132   263680.132   263719.132   263759.132   263802.132
  2300:   263847.132   263887.132   263927.132   263969.132   264009.132
  2305:   264049.132   264088.132   264132.132   264175.132   264219.132
  2310:   264258.132   264301.132   264342.132   264382.132   264419.132
  2315:   264459.132   264496.132   264534.132   264574.132   264610.132
  2320:   264647.132   264696.132   264738.132   264778.132   264816.132
  2325:   264859.132   264897.132   264936.132   264977.132   265017.132
  2330:   265066.132   265109.132   265146.132   265186.132   265225.132
  2335:   265263.132   265305.132   265344.132   265382.132   265427.132
  2340:   265464.132   265502.132   265540.132   265577.132   265616.132
  2345:   265632.822   265632.920   267132.910   267134.614   269884.624
  2350:   269885.714   271005.124   271088.124   271130.124   271246.124
  2355:   271280.124   271321.124   271363.124   271411.124   271452.124
  2360:   271486.124   271526.124   271568.124   271605.124   271652.124
  2365:   271688.124   271723.124   271767.124   271805.124   271842.124
  2370:   271877.124   271920.124   271960.124   271996.124   272037.124
  2375:   272075.124   272113.124   272151.124   272194.124   272232.124
  2380:   272269.124   272311.124   272350.124   272390.124   272429.124
  2385:   272471.124   272514.124   272559.124   272607.124   272652.724
  2390:   272652.920   272652.901   272652.094   272952.902   274452.910
  2395:   274454.614   277204.624   277205.814   277865.134   278006.134
  2400:   278045.134   278131.134   278176.134   278212.134   278250.134
  2405:   278334.134   278368.134   278413.134   278454.134   278490.134
  2410:   278535.134   278574.134   278619.134   278660.134   278705.134
  2415:   278796.134   278831.134   278868.134   278911.134   278957.134
  2420:   278995.134   279035.134   279077.134   279120.134   279164.134
  2425:   279206.134   279246.134   279293.134   279336.134   279382.134
  2430:   279430.134   279517.134   279557.134   279600.134   279642.134
  2435:   279683.134   279724.134   279764.134   279804.134   279850.134
  2440:   279891.134   279932.134   279974.134   280015.134   280053.134
  2445:   280092.134   280134.134   280173.134   280214.134   280262.134
  2450:   280301.134   280342.134   280380.134   280421.134   280461.134
  2455:   280505.134   280546.134   280588.134   280630.134   280676.134
  2460:   280715.134   280754.134   280793.134   280834.134   280880.134
  2465:   280921.134   280959.134   280998.134   281054.134   281096.134
  2470:   281139.134   281179.134   281218.134   281259.134   281297.134
  2475:   281337.134   281376.134   281413.134   281455.134   281492.134
  2480:   281533.134   281579.134   281620.134   281661.134   281704.134
  2485:   281744.134   281785.134   281827.134   281909.134   281955.134
  2490:   281999.134   282044.134   282117.134   282163.134   282201.134
  2495:   282257.134   282378.134   282387.134   282434.134   282483.134
  2500:   282532.134   282705.824   282705.920   284205.910   284207.611
  2505:   285207.621   285208.811   285424.131   285468.131   285507.131
  2510:   285543.131   285573.131   285608.131   285643.131   285676.131
  2515:   285711.131   285743.131   285778.131   285814.131   285851.131
  2520:   285889.131   285926.131   285964.131   286002.131   286040.131
  2525:   286081.131   286122.131   286160.131   286198.131   286239.131
  2530:   286278.131   286317.131   286359.131   286397.131   286438.131
  2535:   286477.131   286518.131   286558.131   286597.131   286639.131
  2540:   286680.131   286725.131   286773.131   286812.131   286851.131
  2545:   286894.131   286936.131   286982.131   287031.131   287074.131
  2550:   287113.131   287154.131   287191.131   287231.131   287274.131
  2555:   287320.131   287362.131   287402.131   287446.131   287487.131
  2560:   287538.131   287663.131   287705.131   287745.131   287786.131
  2565:   287838.131   288151.131   288195.131   288242.131   288284.131
  2570:   288321.131   288360.131   288404.131   288408.821   288408.920
  2575:   289908.910   289910.613   291860.623   291861.813   292117.133
  2580:   292197.133   292234.133   292272.133   292411.133   292453.133
  2585:   292489.133   292527.133   292576.133   292662.133   292695.133
  2590:   292740.133   292779.133   292862.133   292900.133   292941.133
  2595:   292984.133   293024.133   293064.133   293107.133   293149.133
  2600:   293190.133   293232.133   293274.133   293318.133   293359.133
  2605:   293405.133   293445.133   293490.133   293533.133   293574.133
  2610:   293617.133   293705.133   293745.133   293785.133   293833.133
  2615:   293873.133   293916.133   293956.133   294005.133   294045.133
  2620:   294087.133   294130.133   294175.133   294217.133   294257.133
  2625:   294299.133   294343.133   294393.133   294436.133   294480.133
  2630:   294529.133   294572.133   294611.133   294654.133   294696.133
  2635:   294734.133   294772.133   294817.133   294856.133   294899.133
  2640:   294943.133   294983.133   295029.133   295072.133   295117.133
  2645:   295168.133   295219.133   295263.133   295300.133   295341.133
  2650:   295380.133   295425.133   295479.133   295696.133   295762.133
  2655:   296061.823   296061.920   297561.910   297563.613   299513.623
  2660:   299514.713   301929.723   301929.920   301929.901   301929.093
  2665:   302229.902   303729.910   303731.612   305131.622   305132.712
  2670:   305410.122   305451.122   305501.122   305585.122   305628.122
  2675:   305663.122   305699.122   305734.122   305770.122   305804.122
  2680:   305835.122   305866.122   305900.122   305938.122   305977.122
  2685:   306012.122   306048.122   306087.122   306125.122   306164.122
  2690:   306204.122   306244.122   306281.122   306321.122   306358.122
  2695:   306399.122   306442.122   306481.122   306522.122   306562.722
  2700:   306562.920   306562.901   306562.092   306862.902   308362.910
  2705:   308364.614   311114.624   311115.814   311228.134   311277.134
  2710:   311366.134   311408.134   311447.134   311494.134   311523.134
  2715:   311566.134   311605.134   311645.134   311678.134   311731.134
  2720:   311766.134   311804.134   311847.134   311886.134   312214.134
  2725:   312261.134   312296.134   312331.134   312369.134   312404.134
  2730:   312439.134   312473.134   312511.134   312551.134   312590.134
  2735:   312627.134   312664.134   312705.134   312742.134   312781.134
  2740:   312819.134   312860.134   312901.134   313004.134   313045.134
  2745:   313088.134   313135.134   313178.134   313213.134   313251.134
  2750:   313288.134   313328.134   313368.134   313407.134   313448.134
  2755:   313500.134   313649.134   313692.134   313733.134   313774.134
  2760:   313822.134   313866.134   313910.134   313954.134   314003.134
  2765:   314060.134   314109.134   314151.134   314194.134   314245.134
  2770:   314288.134   314378.134   314502.134   314552.134   314603.134
  2775:   314642.134   314685.134   314736.134   314779.134   314826.134
  2780:   314869.134   314920.134   314973.134   315020.134   315065.134
  2785:   315112.134   315162.134   315220.134   315272.134   315328.134
  2790:   315366.134   315408.134   315453.134   315588.134   315634.134
  2795:   315684.134   315727.134   315837.134   315884.134   315929.134
  2800:   316095.134   316159.134   316212.134   316258.134   316316.134
  2805:   316551.134   316598.134   316615.824   316615.920   318115.910
  2810:   318117.613   320067.623   320068.713   320139.123   320388.123
  2815:   320424.123   320463.123   320498.123   320590.123   320624.123
  2820:   320656.123   320692.123   320727.123   320772.123   320807.123
  2825:   320840.123   320880.123   320920.123   320957.123   320999.123
  2830:   321038.123   321075.123   321112.123   321153.123   321193.123
  2835:   321232.123   321274.123   321361.123   321399.123   321440.123
  2840:   321481.123   321524.123   321566.123   321610.123   321651.123
  2845:   321691.123   321775.123   321816.123   321857.123   321898.123
  2850:   321943.123   321989.123   322033.723   322033.920   322033.901
  2855:   322033.093   322333.902   323833.910   323835.615   327685.625
  2860:   327686.715   327975.125   328816.125   328853.125   328895.125
  2865:   328947.125   329017.125   329057.125   329096.125   329137.125
  2870:   329178.125   329223.125   329269.125   329311.125   329347.125
  2875:   329385.125   329430.125   329471.125   329520.125   329555.125
  2880:   329598.125   329635.125   329679.125   329774.125   329815.125
  2885:   329851.125   329896.125   329935.125   329976.125   330016.125
  2890:   330058.125   330100.125   330144.125   330183.125   330225.125
  2895:   330267.125   330309.125   330350.125   330438.125   330483.125
  2900:   330523.125   330561.125   330603.125   330648.125   330689.125
  2905:   330727.125   330764.125   330807.125   330846.125   330888.125
  2910:   330930.125   330974.125   331017.125   331059.125   331100.125
  2915:   331141.125   331185.125   331226.125   331270.125   331314.125
  2920:   331356.125   331400.125   331442.125   331533.125   331574.725
  2925:   331574.920   331574.901   331574.095   331874.902   333374.910
  2930:   333376.615   337226.625   337227.715   337893.125   337947.125
  2935:   338146.125   338200.125   338228.125   338263.125   338344.125
  2940:   338375.125   338409.125   338441.125   338482.125   338510.125
  2945:   338542.125   338611.125   338654.125   338687.125   338723.125
  2950:   338762.125   338802.125   338834.125   338878.125   338909.125
  2955:   338949.125   338988.125   339022.125   339061.125   339105.125
  2960:   339143.125   339183.125   339252.125   339289.125   339326.125
  2965:   339364.125   339403.125   339440.125   339475.125   339516.125
  2970:   339553.125   339625.125   339664.125   339737.125   339774.125
  2975:   339815.125   339854.125   339890.125   339926.125   339964.125
  2980:   339997.125   340038.125   340074.125   340108.125   340144.125
  2985:   340181.125   340217.125   340252.125   340290.125   340329.125
  2990:   340365.125   340401.125   340434.125   340470.125   340546.125
  2995:   340581.125   340616.125   340655.125   340688.125   340731.125
  3000:   340768.125   340805.125   340843.125   340891.125   340928.125
  3005:   341006.125   341041.125   341076.125   341110.725   341110.920
  3010:   341110.901   341110.095   341410.902   342910.910   342912.613
  3015:   344862.623   344863.713   344992.123   345113.123   345147.123
  3020:   345182.123   345219.123   345257.123   345296.123   345333.123
  3025:   345369.123   345413.123   345446.123   345487.123   345517.123
  3030:   345553.123   345589.123   345619.123   345657.123   345699.123
  3035:   345740.123   345781.123   345818.123   345853.123   345895.123
  3040:   345928.123   345966.123   346008.123   346043.123   346084.123
  3045:   346126.123   346165.123   346203.123   346248.123   346287.123
  3050:   346330.123   346374.123   346412.123   346453.123   346492.123
  3055:   346530.123   346576.123   346657.123   346694.123   346730.123
  3060:   346768.123   346808.123   346849.723   346849.920   346849.901
  3065:   346849.093   347149.902   348649.910   348651.612   350051.622
  3070:   350052.712   350317.122   350356.122   350400.122   350442.122
  3075:   350483.122   350522.122   350562.122   350611.122   350645.122
  3080:   350686.122   350726.122   350758.122   350797.122   350836.122
  3085:   350870.122   350909.122   350945.122   350983.122   351024.122
  3090:   351061.122   351100.122   351233.122   351270.122   351345.122
  3095:   351389.122   351430.122   351471.722   351471.920   351471.901
  3100:   351471.092   351771.902   353271.910   353273.613   355223.623
  3105:   355224.713   355768.123   355806.123   355847.123   355883.123
  3110:   355964.123   355997.123   356041.123   356075.123   356112.123
  3115:   356192.123   356264.123   356301.123   356349.123   356382.123
  3120:   356425.123   356463.123   356496.123   356578.123   356611.123
  3125:   356647.123   356694.123   356727.123   356764.123   356809.123
  3130:   356846.123   356886.123   356968.123   357006.123   357049.123
  3135:   357088.123   357283.723   357283.920   357283.901   357283.093
  3140:   357583.902   359083.910   359085.614   361835.624   361836.714
  3145:   362424.124   362716.124   362914.124   362955.124   362988.124
  3150:   363021.124   363060.124   363106.124   363140.124   363247.124
  3155:   363334.124   363364.124   363441.124   363476.124   363559.124
  3160:   363593.124   363629.124   363701.124   363765.124   363843.124
  3165:   363873.124   363914.124   363953.124   363985.124   364029.124
  3170:   364059.124   364098.124   364206.124   364285.124   364323.124
  3175:   364362.124   364404.124   364444.124   364483.124   364524.124
  3180:   364561.124   364600.724   364600.920   364600.901   364600.094
  3185:   364900.902   366400.910   366402.611   367402.621   367403.711
  3190:   367628.121   367718.121   367756.121   367794.121   367835.121
  3195:   367866.121   367900.121   367931.121   367968.121   368002.121
  3200:   368042.121   368078.121   368113.121   368155.121   368188.121
  3205:   368225.121   368263.121   368301.121   368340.121   368378.121
  3210:   368423.721   368423.920   368423.901   368423.091   368723.902
  3215:   370223.910   370225.614   372975.624   372976.814   373973.134
  3220:   374047.134   374093.134   374134.134   374177.134   374221.134
  3225:   374257.134   374285.134   374326.134   374368.134   374400.134
  3230:   374446.134   374486.134   374517.134   374554.134   374595.134
  3235:   374629.134   374663.134   374706.134   374745.134   374777.134
  3240:   374812.134   374849.134   374880.134   374920.134   374955.134
  3245:   374992.134   375029.134   375102.134   375137.134   375174.134
  3250:   375214.134   375251.134   375289.134   375327.134   375367.134
  3255:   375408.134   375450.134   375558.134   375597.134   375637.134
  3260:   375675.134   375716.134   375751.134   375790.134   375827.134
  3265:   375865.134   375901.134   375937.134   375975.134   376016.134
  3270:   376060.134   376136.134   376171.134   376209.134   376251.134
  3275:   376286.134   376322.134   376359.134   376395.134   376469.134
  3280:   376539.134   376575.134   376611.134   376650.134   376688.134
  3285:   376727.134   376765.134   376802.134   376840.134   376880.134
  3290:   376914.134   376952.134   376994.134   377177.134   377217.134
  3295:   377252.134   377296.134   377336.134   377370.134   377415.134
  3300:   377453.134   377491.134   377532.134   377570.134   377727.134
  3305:   377770.134   377813.134   378038.134   378126.134   378192.134
  3310:   378300.134   378476.824   378476.920   379976.910   379978.611
  3315:   380978.621   380979.711   381169.121   381213.121   381247.121
  3320:   381277.121   381311.121   381351.121   381382.121   381412.121
  3325:   381445.121   381481.121   381508.121   381538.121   381570.121
  3330:   381603.121   381635.121   381667.121   381701.121   381770.121
  3335:   381806.121   381838.121   381876.121   381911.121   381949.121
  3340:   381986.721   381986.920   381986.901   381986.091   382286.902
  3345:   383786.910   383788.612   385188.622   385189.812   385393.132
  3350:   385435.132   385513.132   385548.132   385586.132   385623.132
  3355:   385654.132   385690.132   385727.132   385762.132   385794.132
  3360:   385829.132   385900.132   385938.132   385972.132   386006.132
  3365:   386038.132   386072.132   386106.132   386144.132   386182.132
  3370:   386218.132   386258.132   386295.132   386333.132   386372.132
  3375:   386409.132   386450.132   386490.132   386532.132   386572.132
  3380:   386615.132   386655.132   386693.132   386732.132   386771.132
  3385:   386813.132   386853.132   386894.132   386933.132   386971.132
  3390:   387013.132   387052.132   387087.132   387128.132   387163.132
  3395:   387199.132   387240.132   387278.132   387317.132   387354.132
  3400:   387402.132   387438.132   387475.132   387515.132   387558.132
  3405:   387601.132   387641.132   387690.132   387739.132   387780.132
  3410:   387932.132   387983.132   388053.132   388195.132   388334.132
  3415:   388474.132   388522.132   388646.132   388787.132   388789.822
  3420:   388789.920   390289.910   390291.614   393041.624   393042.814
  3425:   394049.134   394119.134   394160.134   394201.134   394389.134
  3430:   394425.134   394463.134   394554.134   394643.134   394677.134
  3435:   394711.134   394753.134   394794.134   394839.134   394885.134
  3440:   394918.134   394955.134   394995.134   395039.134   395070.134
  3445:   395119.134   395159.134   395199.134   395244.134   395279.134
  3450:   395324.134   395381.134   395416.134   395454.134   395494.134
  3455:   395542.134   395589.134   395624.134   395662.134   395704.134
  3460:   395744.134   395789.134   395830.134   395868.134   395915.134
  3465:   395957.134   395997.134   396035.134   396079.134   396126.134
  3470:   396169.134   396211.134   396259.134   396296.134   396343.134
  3475:   396387.134   396431.134   396474.134   396513.134   396559.134
  3480:   396600.134   396644.134   396683.134   396732.134   396772.134
  3485:   396809.134   396847.134   396885.134   396923.134   396961.134
  3490:   397003.134   397041.134   397078.134   397131.134   397173.134
  3495:   397213.134   397256.134   397304.134   397396.134   397442.134
  3500:   397489.134   397545.134   397595.134   397659.134   397709.134
  3505:   397749.134   397798.134   397855.134   397908.134   397963.134
  3510:   398016.134   398067.134   398109.134   398197.134   398247.134
  3515:   398368.134   398511.134   398542.824   398542.920   400042.910
  3520:   400044.613   401994.623   401995.713   402313.123   402467.123
  3525:   402507.123   402596.123   402667.123   402826.123   402859.123
  3530:   402889.123   402923.123   402958.123   403002.123   403041.123
  3535:   403085.123   403119.123   403154.123   403237.123   403272.123
  3540:   403368.123   403401.123   403435.123   403472.123   403509.123
  3545:   403547.123   403582.123   403619.123   403667.123   403701.123
  3550:   403738.123   403780.123   403818.123   403862.123   403904.123
  3555:   403942.123   403982.723   403982.920   403982.901   403982.093
  3560:   404282.902   405782.910   405784.614   408534.624   408535.714
  3565:   408826.124   409106.124   409143.124   409217.124   409298.124
  3570:   409350.124   409395.124   409425.124   409520.124   409658.124
  3575:   409691.124   409724.124   409757.124   409790.124   409829.124
  3580:   409876.124   409910.124   409952.124   409993.124   410026.124
  3585:   410066.124   410109.124   410146.124   410183.124   410226.124
  3590:   410260.124   410300.124   410342.124   410381.124   410423.124
  3595:   410511.124   410547.124   410586.124   410624.124   410667.124
  3600:   410703.124   410744.124   410828.124   410868.124   410911.124
  3605:   410951.124   410988.124   411033.124   411123.124   411163.124
  3610:   411205.124   411248.124   411299.724   411299.920   411299.901
  3615:   411299.094   411599.902   413099.910   413101.615   416951.625
  3620:   416952.715   418005.125   418043.125   418127.125   418211.125
  3625:   418249.125   418301.125   418352.125   418390.125   418426.125
  3630:   418477.125   418512.125   418552.125   418587.125   418623.125
  3635:   418663.125   418708.125   418743.125   418783.125   418828.125
  3640:   418870.125   418910.125   418951.125   418995.125   419076.125
  3645:   419112.125   419148.125   419189.125   419231.125   419271.125
  3650:   419313.125   419402.125   419439.125   419477.125   419519.125
  3655:   419562.125   419604.125   419650.125   419733.125   419772.125
  3660:   419815.125   419855.125   419894.125   419941.125   419986.125
  3665:   420028.125   420067.125   420104.125   420146.125   420186.125
  3670:   420224.125   420269.125   420309.125   420347.125   420386.125
  3675:   420424.125   420465.125   420504.125   420542.125   420581.125
  3680:   420621.125   420660.125   420697.125   420737.125   420777.125
  3685:   420822.725   420822.920   420822.901   420822.095   421122.902
  3690:   422622.910   422624.612   424024.622   424025.712   424356.122
  3695:   424396.122   424437.122   424475.122   424647.122   424689.122
  3700:   424719.122   424756.122   424791.122   424831.122   424868.122
  3705:   424904.122   424939.122   424976.122   425010.122   425047.122
  3710:   425085.122   425122.122   425158.122   425198.122   425238.122
  3715:   425279.122   425317.122   425355.122   425394.122   425433.722
  3720:   425433.920   425433.901   425433.092   425733.902   427233.910
  3725:   427235.612   428635.622   428636.712   428865.122   428910.122
  3730:   428990.122   429031.122   429067.122   429214.122   429253.122
  3735:   429339.122   429370.122   429457.122   429500.122   429547.122
  3740:   429590.122   429683.122   429719.122   429766.122   429851.122
  3745:   429864.122   429900.122   429933.122   429970.122   430015.122
  3750:   430095.722   430095.920   430095.901   430095.092   430395.902
  3755:   431895.910   431897.611   432897.621   432898.811   433165.131
  3760:   433203.131   433239.131   433284.131   433321.131   433352.131
  3765:   433383.131   433415.131   433456.131   433492.131   433527.131
  3770:   433565.131   433608.131   433643.131   433680.131   433718.131
  3775:   433754.131   433790.131   433827.131   433863.131   433900.131
  3780:   433939.131   433979.131   434017.131   434055.131   434093.131
  3785:   434101.131   434138.131   434176.131   434214.131   434252.131
  3790:   434307.131   434351.131   434391.131   434433.131   434477.131
  3795:   434517.131   434554.131   434595.131   434637.131   434678.131
  3800:   434725.131   434764.131   434803.131   434848.131   434887.131
  3805:   434928.131   434970.131   435010.131   435052.131   435091.131
  3810:   435133.131   435177.131   435215.131   435259.131   435305.131
  3815:   435347.131   435390.131   435433.131   435484.131   435529.131
  3820:   435575.131   435616.131   435662.131   435704.131   435748.131
  3825:   435798.131   435847.131   436002.131   436051.131   436096.131
  3830:   436098.821   436098.920   437598.910   437600.613   439550.623
  3835:   439551.713   440215.123   440260.123   440661.123   440712.123
  3840:   440807.123   440852.123   440890.123   440934.123   440977.123
  3845:   441012.123   441097.123   441186.123   441227.123   441258.123
  3850:   441293.123   441324.123   441367.123   441411.123   441450.123
  3855:   441497.123   441532.723   441532.920   441532.901   441532.093
  3860:   441832.902   443332.910   443334.615   447184.625   447185.815
  3865:   447897.135   448068.135   448109.135   448153.135   448197.135
  3870:   448239.135   448276.135   448312.135   448394.135   448428.135
  3875:   448511.135   448597.135   448633.135   448761.135   448796.135
  3880:   448831.135   448872.135   448914.135   448949.135   448984.135
  3885:   449028.135   449068.135   449105.135   449142.135   449184.135
  3890:   449229.135   449271.135   449309.135   449350.135   449392.135
  3895:   449431.135   449474.135   449515.135   449557.135   449597.135
  3900:   449642.135   449688.135   449730.135   449774.135   449817.135
  3905:   449859.135   449897.135   449938.135   449979.135   450019.135
  3910:   450065.135   450111.135   450150.135   450187.135   450227.135
  3915:   450272.135   450315.135   450354.135   450394.135   450433.135
  3920:   450470.135   450511.135   450549.135   450589.135   450626.135
  3925:   450665.135   450705.135   450743.135   450783.135   450823.135
  3930:   450859.135   450900.135   450938.135   450977.135   451015.135
  3935:   451059.135   451100.135   451141.135   451179.135   451216.135
  3940:   451254.135   451291.135   451330.135   451372.135   451412.135
  3945:   451452.135   451497.135   451539.135   451581.135   451621.135
  3950:   451671.135   451720.135   451770.135   451892.135   451979.135
  3955:   452125.135   452218.135   452534.135   452728.135   452779.135
  3960:   452884.135   452948.135   453011.135   453107.135   453152.135
  3965:   453226.135   453377.135   453426.135   453471.135   453583.135
  3970:   453624.135   453671.135   453749.135   453796.135   453977.135
  3975:   454059.135   454195.135   454238.135   454312.135   454586.135
  3980:   454633.135   454885.825   454885.920   456385.910   456387.612
  3985:   457787.622   457788.712   458178.122   458221.122   458249.122
  3990:   458284.122   458320.122   458351.122   458391.122   458429.122
  3995:   458471.122   458500.122   458537.122   458571.122   458610.122
  4000:   458650.122   458686.122   458726.122   458760.122   458796.122
  4005:   458832.122   458868.122   458903.122   458943.122   458978.122
  4010:   459015.122   459056.122   459091.122   459130.122   459170.122
  4015:   459212.722   459212.920   459212.901   459212.092   459512.902
  4020:   461012.910   461014.614   463764.624   463765.714   464515.124
  4025:   464585.124   464597.124   464675.124   464709.124   464785.124
  4030:   464826.124   464897.124   464934.124   464976.124   465013.124
  4035:   465132.124   465164.124   465204.124   465240.124   465281.124
  4040:   465359.124   465393.124   465443.124   465476.124   465513.124
  4045:   465602.124   465633.124   465676.124   465714.124   465753.124
  4050:   465794.124   465842.124   465883.124   465919.124   465963.124
  4055:   466004.124   466044.124   466080.124   466120.124   466160.124
  4060:   466196.124   466237.124   466283.124   466327.124   466371.124
  4065:   466411.124   466450.124   466492.124   466527.724   466527.920
  4070:   466527.901   466527.094   466827.902   468327.910   468329.615
  4075:   472179.625   472180.815   473746.135   473808.135   473894.135
  4080:   473939.135   473980.135   474120.135   474156.135   474201.135
  4085:   474239.135   474279.135   474325.135   474360.135   474395.135
  4090:   474500.135   474533.135   474615.135   474645.135   474678.135
  4095:   474798.135   474829.135   474870.135   474908.135   474954.135
  4100:   474997.135   475031.135   475075.135   475111.135   475152.135
  4105:   475192.135   475239.135   475280.135   475324.135   475364.135
  4110:   475403.135   475442.135   475486.135   475531.135   475573.135
  4115:   475616.135   475664.135   475707.135   475750.135   475787.135
  4120:   475830.135   475871.135   475910.135   475950.135   475993.135
  4125:   476039.135   476080.135   476124.135   476163.135   476206.135
  4130:   476248.135   476288.135   476334.135   476381.135   476422.135
  4135:   476464.135   476506.135   476545.135   476588.135   476634.135
  4140:   476673.135   476718.135   476754.135   476795.135   476840.135
  4145:   476891.135   476929.135   476967.135   477011.135   477050.135
  4150:   477089.135   477131.135   477172.135   477215.135   477269.135
  4155:   477317.135   477366.135   477413.135   477455.135   477501.135
  4160:   477687.135   477736.135   477830.135   477913.135   477960.135
  4165:   478014.135   478058.135   478103.135   478144.135   478278.135
  4170:   478329.135   478393.135   478505.135   478551.135   478664.135
  4175:   478743.135   478792.135   478839.135   479066.135   479112.135
  4180:   479225.135   479326.135   479401.135   479628.135   479675.135
  4185:   479742.135   479789.135   479880.825   479880.920   479894.411
  4190:   481380.910   481382.613   483332.623   483333.813   484153.133
  4195:   484199.133   484282.133   484315.133   484354.133   484398.133
  4200:   484432.133   484464.133   484504.133   484588.133   484623.133
  4205:   484664.133   484697.133   484733.133   484777.133   484822.133
  4210:   484857.133   484892.133   484934.133   484976.133   485010.133
  4215:   485046.133   485092.133   485125.133   485161.133   485200.133
  4220:   485236.133   485276.133   485317.133   485357.133   485395.133
  4225:   485479.133   485515.133   485550.133   485593.133   485633.133
  4230:   485671.133   485714.133   485757.133   485797.133   485839.133
  4235:   485881.133   485921.133   485961.133   486003.133   486046.133
  4240:   486090.133   486128.133   486169.133   486208.133   486251.133
  4245:   486295.133   486333.133   486370.133   486419.133   486463.133
  4250:   486508.133   486588.133   486629.133   486672.133   486714.133
  4255:   486758.133   486801.133   486846.133   486890.133   486983.133
  4260:   487026.133   487077.133   487126.133   487177.133   487219.133
  4265:   487272.133   487318.133   487364.133   487420.133   487469.133
  4270:   487533.823   487533.920   489033.910   489035.611   490035.621
  4275:   490036.711   490220.121   490260.121   490298.121   490329.121
  4280:   490367.121   490407.121   490441.121   490477.121   490511.121
  4285:   490546.121   490579.121   490614.121   490651.121   490691.121
  4290:   490727.121   490764.121   490799.121   490838.121   490875.121
  4295:   490918.121   490956.121   490993.121   491028.121   491062.721
  4300:   491062.920   491062.901   491062.091   491362.902   492862.910
  4305:   492864.611   493864.621   493865.811   494055.131   494142.131
  4310:   494182.131   494219.131   494253.131   494288.131   494322.131
  4315:   494364.131   494395.131   494428.131   494462.131   494498.131
  4320:   494532.131   494567.131   494606.131   494643.131   494683.131
  4325:   494717.131   494760.131   494799.131   494834.131   494875.131
  4330:   494913.131   494952.131   494990.131   495028.131   495066.131
  4335:   495102.131   495140.131   495179.131   495219.131   495271.131
  4340:   495314.131   495363.131   495397.131   495432.131   495467.131
  4345:   495507.131   495547.131   495589.131   495626.131   495661.131
  4350:   495702.131   495741.131   495780.131   495825.131   495867.131
  4355:   495906.131   495947.131   495983.131   496018.131   496055.131
  4360:   496094.131   496133.131   496174.131   496237.131   496281.131
  4365:   496316.131   496351.131   496385.131   496428.131   496471.131
  4370:   496521.131   496564.131   496604.131   496643.131   496682.131
  4375:   496719.131   496755.131   496798.131   496846.131   496885.131
  4380:   496926.131   496972.131   497065.821   497065.920   497067.411
  4385:   498565.910   498567.614   501317.624   501318.814   501804.134
  4390:   501850.134   501892.134   501943.134   502061.134   502098.134
  4395:   502137.134   502170.134   502210.134   502252.134   502286.134
  4400:   502320.134   502405.134   502436.134   502469.134   502519.134
  4405:   502554.134   502591.134   502631.134   502673.134   502752.134
  4410:   502787.134   502824.134   502864.134   502905.134   502943.134
  4415:   502981.134   503018.134   503056.134   503098.134   503136.134
  4420:   503174.134   503212.134   503248.134   503289.134   503331.134
  4425:   503412.134   503445.134   503480.134   503513.134   503552.134
  4430:   503588.134   503633.134   503679.134   503813.134   503846.134
  4435:   503881.134   503923.134   503970.134   504011.134   504092.134
  4440:   504133.134   504178.134   504216.134   504255.134   504299.134
  4445:   504344.134   504396.134   504448.134   504565.134   504612.134
  4450:   504658.134   504778.134   504856.134   504971.134   505017.134
  4455:   505094.134   505177.134   505224.134   505381.134   505464.134
  4460:   505771.134   505841.134   506358.134   506435.134   506476.134
  4465:   506514.134   506554.134   506589.134   506631.134   506675.134
  4470:   506760.134   506796.134   506818.824   506818.920   508318.910
  4475:   508320.615   512170.625   512171.815   513330.135   513399.135
  4480:   513440.135   513572.135   513659.135   513815.135   513851.135
  4485:   513888.135   513973.135   514015.135   514111.135   514148.135
  4490:   514226.135   514270.135   514311.135   514348.135   514387.135
  4495:   514430.135   514467.135   514513.135   514547.135   514583.135
  4500:   514704.135   514737.135   514776.135   514819.135   514858.135
  4505:   514899.135   514944.135   514988.135   515025.135   515067.135
  4510:   515112.135   515157.135   515201.135   515243.135   515288.135
  4515:   515336.135   515421.135   515459.135   515497.135   515540.135
  4520:   515584.135   515623.135   515662.135   515705.135   515751.135
  4525:   515791.135   515831.135   515870.135   515908.135   515953.135
  4530:   515991.135   516032.135   516072.135   516109.135   516150.135
  4535:   516188.135   516228.135   516271.135   516308.135   516351.135
  4540:   516391.135   516432.135   516559.135   516654.135   516703.135
  4545:   516824.135   516910.135   517025.135   517072.135   517125.135
  4550:   517268.135   517349.135   517421.135   517895.135   517940.135
  4555:   518047.135   518111.135   518390.135   518479.135   518573.135
  4560:   518623.135   518673.135   518758.135   518952.135   519025.135
  4565:   519141.135   519298.135   519468.135   519590.135   519871.825
  4570:   519871.920   521371.910   521373.614   524123.624   524124.714
  4575:   525142.124   525302.124   525528.124   525580.124   525630.124
  4580:   525794.124   525869.124   525948.124   525994.124   526087.124
  4585:   526124.124   526210.124   526242.124   526289.124   526328.124
  4590:   526364.124   526445.124   526477.124   526553.124   526593.124
  4595:   526636.124   526674.124   526725.124   526759.124   526792.124
  4600:   526918.724   526918.920   526918.901   526918.094   527218.902
  4605:   528718.910   528720.613   530670.623   530671.813   531004.133
  4610:   531572.133   531660.133   531741.133   531915.133   531946.133
  4615:   531978.133   532020.133   532063.133   532097.133   532149.133
  4620:   532188.133   532220.133   532260.133   532301.133   532335.133
  4625:   532370.133   532415.133   532455.133   532498.133   532575.133
  4630:   532609.133   532646.133   532683.133   532728.133   532761.133
  4635:   532798.133   532840.133   532879.133   532916.133   532958.133
  4640:   532998.133   533080.133   533116.133   533152.133   533194.133
  4645:   533233.133   533274.133   533313.133   533355.133   533403.133
  4650:   533446.133   533491.133   533534.133   533571.133   533613.133
  4655:   533653.133   533697.133   533738.133   533778.133   533821.133
  4660:   533864.133   533906.133   533944.133   533988.133   534026.133
  4665:   534065.133   534105.133   534145.133   534182.133   534223.133
  4670:   534266.133   534302.133   534360.133   534416.133   534461.133
  4675:   534509.133   534551.133   534590.133   534633.133   534677.133
  4680:   534721.133   534766.133   534871.823   534871.920   536371.910
  4685:   536373.611   537373.621   537374.711   537563.121   537677.121
  4690:   537790.121   537825.121   537858.121   537898.121   537933.121
  4695:   537969.121   538008.121   538047.121   538086.121   538118.121
  4700:   538152.121   538188.121   538222.121   538259.121   538294.121
  4705:   538329.121   538366.121   538402.721   538402.920   538402.901
  4710:   538402.091   538702.902   540202.910   540204.611   541204.621
  4715:   541205.711   541444.121   541517.121   541550.121   541584.121
  4720:   541619.121   541701.121   541732.121   541769.121   541802.121
  4725:   541836.121   541872.121   541910.121   541947.121   541982.121
  4730:   542017.121   542053.121   542090.121   542127.121   542165.121
  4735:   542202.121   542238.721   542238.920   542238.901   542238.091
  4740:   542538.902   544038.910   544040.612   545440.622   545441.812
  4745:   545712.132   545760.132   545873.132   545954.132   545983.132
  4750:   546012.132   546046.132   546083.132   546115.132   546151.132
  4755:   546189.132   546221.132   546254.132   546287.132   546323.132
  4760:   546359.132   546394.132   546431.132   546467.132   546501.132
  4765:   546537.132   546575.132   546612.132   546652.132   546689.132
  4770:   546724.132   546760.132   546798.132   546835.132   546875.132
  4775:   546914.132   546956.132   546994.132   547030.132   547066.132
  4780:   547105.132   547140.132   547178.132   547217.132   547255.132
  4785:   547295.132   547335.132   547377.132   547420.132   547463.132
  4790:   547507.132   547548.132   547602.132   547653.132   547691.132
  4795:   547737.132   547865.132   547905.132   547950.132   548004.132
  4800:   548062.132   548170.132   548226.132   548324.132   548371.132
  4805:   548442.132   548481.132   548518.132   548554.132   548596.132
  4810:   548680.132   548727.132   548810.132   548849.132   548887.132
  4815:   548939.132   548985.132   549022.132   549041.822   549041.920
  4820:   550541.910   550543.615   554393.625   554394.815   555937.135
  4825:   556013.135   556059.135   556103.135   556156.135   556273.135
  4830:   556281.135   556317.135   556353.135   556432.135   556469.135
  4835:   556509.135   556587.135   556624.135   556664.135   556744.135
  4840:   556779.135   556819.135   556862.135   556897.135   556932.135
  4845:   556973.135   557008.135   557049.135   557087.135   557152.135
  4850:   557190.135   557236.135   557275.135   557318.135   557358.135
  4855:   557400.135   557444.135   557488.135   557537.135   557576.135
  4860:   557618.135   557663.135   557745.135   557783.135   557829.135
  4865:   557870.135   557917.135   557961.135   558002.135   558044.135
  4870:   558082.135   558124.135   558166.135   558209.135   558248.135
  4875:   558286.135   558325.135   558363.135   558408.135   558447.135
  4880:   558490.135   558532.135   558571.135   558615.135   558661.135
  4885:   558702.135   558744.135   558785.135   558830.135   558872.135
  4890:   558911.135   558951.135   558990.135   559033.135   559074.135
  4895:   559115.135   559160.135   559203.135   559246.135   559284.135
  4900:   559373.135   559452.135   559529.135   559577.135   559654.135
  4905:   559698.135   559905.135   559990.135   560170.135   560223.135
  4910:   560436.135   560573.135   560780.135   561194.135   561293.135
  4915:   561341.135   561385.135   561432.135   561473.135   561550.135
  4920:   561627.135   561673.135   561752.135   561795.135   561883.135
  4925:   561935.135   562094.825   562094.920   563594.910   563596.612
  4930:   564996.622   564997.712   565404.122   565456.122   565501.122
  4935:   565548.122   565588.122   565662.122   565745.122   565773.122
  4940:   565806.122   565841.122   565877.122   565913.122   565946.122
  4945:   565983.122   566022.122   566057.122   566097.122   566129.122
  4950:   566168.122   566208.122   566245.122   566284.122   566323.122
  4955:   566361.122   566400.722   566400.920   566400.901   566400.092
  4960:   566700.902   568200.910   568202.613   570152.623   570153.713
  4965:   571720.123   571815.123   571960.123   572091.123   572170.723
  4970:   572170.920   572170.901   572170.093   572470.902   573970.910
  4975:   573972.613   575922.623   575923.713   576619.123   576721.123
  4980:   576783.123   576933.123   576971.123   577062.123   577208.123
  4985:   577247.123   577279.123   577323.123   577362.123   577405.123
  4990:   577446.123   577479.123   577517.123   577615.123   577652.123
  4995:   577696.123   577779.123   577819.123   577857.123   577893.723
  5000:   577893.920   577893.901   577893.093   578193.902   579693.910
  5005:   579695.613   581645.623   581646.813   581986.133   582189.133
  5010:   582258.133   582596.133   582637.133   582669.133   582705.133
  5015:   582784.133   582813.133   582855.133   582890.133   582931.133
  5020:   582971.133   583009.133   583039.133   583083.133   583126.133
  5025:   583158.133   583198.133   583236.133   583273.133   583311.133
  5030:   583352.133   583389.133   583428.133   583533.133   583572.133
  5035:   583610.133   583651.133   583692.133   583730.133   583773.133
  5040:   583818.133   583859.133   583899.133   583936.133   583987.133
  5045:   584029.133   584071.133   584112.133   584153.133   584197.133
  5050:   584243.133   584280.133   584318.133   584360.133   584404.133
  5055:   584450.133   584492.133   584534.133   584576.133   584616.133
  5060:   584663.133   584703.133   584737.133   584779.133   584824.133
  5065:   584872.133   584915.133   584954.133   584989.133   585029.133
  5070:   585075.133   585117.133   585156.133   585200.133   585277.133
  5075:   585321.133   585363.133   585414.133   585456.133   585498.133
  5080:   585544.133   585585.133   585779.133   585846.823   585846.920
  5085:   587346.910   587348.614   590098.624   590099.714   590562.124
  5090:   590610.124   590933.124   590972.124   591022.124   591062.124
  5095:   591097.124   591140.124   591178.124   591215.124   591295.124
  5100:   591327.124   591370.124   591403.124   591443.124   591488.124
  5105:   591521.124   591555.124   591596.124   591642.124   591676.124
  5110:   591714.124   591755.124   591797.124   591835.124   591874.124
  5115:   591919.124   591965.124   592005.124   592038.124   592083.124
  5120:   592122.124   592165.124   592205.124   592251.124   592292.124
  5125:   592330.124   592373.124   592415.124   592456.124   592502.124
  5130:   592553.124   592596.124   592643.124   592683.124   592721.124
  5135:   592760.124   592801.124   592839.124   592876.724   592876.920
  5140:   592876.901   592876.094   593176.902   594676.910   594678.615
  5145:   598528.625   598529.715   598939.125   599675.125   599721.125
  5150:   599770.125   599815.125   599852.125   599885.125   599985.125
  5155:   600015.125   600058.125   600111.125   600148.125   600179.125
  5160:   600220.125   600250.125   600294.125   600327.125   600364.125
  5165:   600435.125   600447.125   600485.125   600520.125   600562.125
  5170:   600602.125   600646.125   600681.125   600718.125   600761.125
  5175:   600794.125   600829.125   600868.125   600908.125   600943.125
  5180:   600989.125   601037.125   601074.125   601112.125   601154.125
  5185:   601193.125   601233.125   601279.125   601324.125   601333.125
  5190:   601375.125   601412.125   601447.125   601490.125   601537.125
  5195:   601572.125   601620.125   601663.125   601708.125   601742.125
  5200:   601778.125   601850.125   601901.125   601941.125   601978.125
  5205:   602034.125   602084.125   602124.125   602135.125   602174.125
  5210:   602213.125   602249.125   602286.125   602335.125   602386.725
  5215:   602386.920   602386.901   602386.095   602686.902   604186.910
  5220:   604188.611   605188.621   605189.711   605417.121   605492.121
  5225:   605526.121   605562.121   605597.121   605631.121   605665.121
  5230:   605699.121   605733.121   605769.121   605802.121   605837.121
  5235:   605872.121   605917.121   605951.121   605984.121   606019.121
  5240:   606057.121   606093.121   606128.121   606163.121   606200.721
  5245:   606200.920   606200.901   606200.091   606500.902   608000.910
  5250:   608002.615   611852.625   611853.715   613191.125   613231.125
  5255:   613270.125   613470.125   613501.125   613541.125   613581.125
  5260:   613618.125   613655.125   613700.125   613730.125   613774.125
  5265:   613819.125   613857.125   613893.125   613929.125   613969.125
  5270:   614009.125   614047.125   614088.125   614133.125   614171.125
  5275:   614210.125   614254.125   614295.125   614329.125   614363.125
  5280:   614404.125   614448.125   614486.125   614530.125   614569.125
  5285:   614610.125   614648.125   614689.125   614727.125   614769.125
  5290:   614812.125   614860.125   614899.125   614936.125   614975.125
  5295:   615016.125   615058.125   615099.125   615141.125   615182.125
  5300:   615223.125   615265.125   615305.125   615348.125   615395.125
  5305:   615479.125   615517.125   615558.125   615605.125   615641.125
  5310:   615677.125   615712.725   615712.920   615712.901   615712.095
  5315:   616012.902   617512.910   617514.614   620264.624   620265.714
  5320:   621010.124   621049.124   621100.124   621186.124   621220.124
  5325:   621264.124   621333.124   621378.124   621410.124   621452.124
  5330:   621486.124   621527.124   621563.124   621594.124   621632.124
  5335:   621672.124   621706.124   621747.124   621787.124   621821.124
  5340:   621862.124   621894.124   621931.124   621971.124   622005.124
  5345:   622044.124   622084.124   622126.124   622163.124   622198.124
  5350:   622235.124   622275.124   622315.124   622356.124   622439.124
  5355:   622476.124   622509.124   622548.124   622587.124   622625.124
  5360:   622663.124   622698.124   622733.124   622770.124   622804.124
  5365:   622840.124   622877.124   622913.124   622949.124   622983.124
  5370:   623019.724   623019.920   623019.901   623019.094   623319.902
  5375:   624819.910   624821.615   628671.625   628672.715   628869.125
  5380:   628912.125   629110.125   629284.125   629325.125   629358.125
  5385:   629452.125   629521.125   629551.125   629670.125   629706.125
  5390:   629739.125   629772.125   629808.125   629844.125   629879.125
  5395:   629922.125   629956.125   629996.125   630030.125   630070.125
  5400:   630111.125   630147.125   630185.125   630222.125   630262.125
  5405:   630297.125   630504.125   630545.125   630581.125   630619.125
  5410:   630741.125   630778.125   630830.125   630871.125   630909.125
  5415:   630946.125   630986.125   631023.125   631060.125   631095.125
  5420:   631130.125   631167.125   631206.125   631245.125   631279.125
  5425:   631318.125   631355.125   631396.125   631438.125   631474.125
  5430:   631510.125   631546.125   631625.125   631663.125   631702.125
  5435:   631742.125   631785.125   631821.125   631856.125   631893.125
  5440:   631969.125   632007.125   632041.125   632081.125   632125.125
  5445:   632173.125   632216.125   632251.125   632288.125   632327.125
  5450:   632364.125   632413.125   632458.125   632503.125   632546.725
  5455:   632546.920   632546.901   632546.095   632846.902   634346.910
  5460:   634348.611   635348.621   635349.711   635645.121   635710.121
  5465:   635789.121   635836.121   635875.121   635906.121   635937.121
  5470:   635964.121   635998.121   636037.121   636067.121   636103.121
  5475:   636136.121   636168.121   636203.121   636236.121   636272.121
  5480:   636305.121   636339.121   636374.721   636374.920   636374.901
  5485:   636374.091   636674.902   638174.910   638176.614   640926.624
  5490:   640927.714   641483.124   641617.124   641871.124   641909.124
  5495:   641947.124   641974.124   642019.124   642061.124   642096.124
  5500:   642128.124   642169.124   642210.124   642243.124   642323.124
  5505:   642362.124   642397.124   642432.124   642473.124   642510.124
  5510:   642550.124   642581.124   642618.124   642709.124   642744.124
  5515:   642779.124   642812.124   642857.124   642894.124   642927.124
  5520:   642959.124   643005.124   643044.124   643085.124   643123.124
  5525:   643158.124   643195.124   643238.124   643273.124   643311.124
  5530:   643349.124   643387.124   643457.124   643495.124   643531.124
  5535:   643574.124   643610.124   643651.124   643689.724   643689.920
  5540:   643689.901   643689.094   643989.902   645489.910   645491.615
  5545:   649341.625   649342.715   650163.125   650343.125   650471.125
  5550:   650513.125   650683.125   650717.125   650751.125   650790.125
  5555:   650825.125   650856.125   650902.125   650933.125   650967.125
  5560:   651010.125   651041.125   651072.125   651113.125   651145.125
  5565:   651176.125   651217.125   651249.125   651284.125   651325.125
  5570:   651357.125   651397.125   651435.125   651466.125   651504.125
  5575:   651538.125   651581.125   651617.125   651651.125   651682.125
  5580:   651755.125   651788.125   651821.125   651858.125   651898.125
  5585:   651933.125   651975.125   652058.125   652095.125   652131.125
  5590:   652166.125   652205.125   652249.125   652326.125   652370.125
  5595:   652405.125   652510.125   652544.125   652625.125   652662.125
  5600:   652700.125   652737.125   652772.125   652929.125   652969.125
  5605:   653007.125   653045.125   653089.125   653128.125   653181.125
  5610:   653222.725   653222.920   653222.901   653222.095   653522.902
  5615:   655022.910   655024.615   658874.625   658875.715   659762.125
  5620:   659802.125   659842.125   659890.125   659929.125   660009.125
  5625:   660093.125   660146.125   660184.125   660234.125   660382.125
  5630:   660417.125   660445.125   660477.125   660507.125   660546.125
  5635:   660615.125   660653.125   660686.125   660721.125   660760.125
  5640:   660793.125   660828.125   660866.125   660908.125   660976.125
  5645:   661016.125   661053.125   661101.125   661143.125   661175.125
  5650:   661307.125   661341.125   661373.125   661404.125   661443.125
  5655:   661482.125   661514.125   661553.125   661587.125   661629.125
  5660:   661667.125   661739.125   661777.125   661834.125   661871.125
  5665:   661907.125   662125.125   662161.125   662195.125   662228.125
  5670:   662263.125   662297.125   662337.125   662375.125   662405.125
  5675:   662439.125   662478.125   662514.125   662610.125   662683.125
  5680:   662718.125   662757.725   662757.920   662757.901   662757.095
  5685:   663057.902   664557.910   664559.615   668409.625   668410.715
  5690:   669315.125   669402.125   669477.125   669821.125   669863.125
  5695:   669948.125   670217.125   670254.125   670289.125   670324.125
  5700:   670355.125   670394.125   670425.125   670475.125   670506.125
  5705:   670544.125   670577.125   670614.125   670689.125   670725.125
  5710:   670758.125   670794.125   670840.125   670882.125   670914.125
  5715:   670956.125   670998.125   671029.125   671061.125   671096.125
  5720:   671134.125   671176.125   671211.125   671249.125   671290.125
  5725:   671335.125   671368.125   671402.125   671449.125   671486.125
  5730:   671529.125   671565.125   671608.125   671644.125   671692.125
  5735:   671727.125   671763.125   671806.125   671851.125   671888.125
  5740:   671922.125   671958.125   672012.125   672049.125   672085.125
  5745:   672118.125   672160.125   672213.125   672253.125   672299.725
  5750:   672299.920   672299.901   672299.095   672599.902   674099.910
  5755:   674101.611   675101.621   675102.811   675309.131   675350.131
  5760:   675381.131   675468.131   675495.131   675526.131   675555.131
  5765:   675618.131   675652.131   675687.131   675718.131   675755.131
  5770:   675793.131   675830.131   675861.131   675889.131   675921.131
  5775:   675955.131   675988.131   676020.131   676056.131   676089.131
  5780:   676121.131   676153.131   676189.131   676224.131   676258.131
  5785:   676295.131   676329.131   676362.131   676398.131   676436.131
  5790:   676473.131   676509.131   676552.131   676592.131   676632.131
  5795:   676668.131   676704.131   676744.131   676784.131   676823.131
  5800:   676865.131   676905.131   676963.131   677007.131   677053.131
  5805:   677089.131   677137.131   677177.131   677218.131   677256.131
  5810:   677292.131   677328.131   677374.131   677411.131   677449.131
  5815:   677491.131   677539.131   677584.131   677658.131   677691.131
  5820:   677732.131   677775.131   677854.131   677896.131   677944.131
  5825:   677988.131   678031.131   678074.131   678164.131   678206.131
  5830:   678251.131   678294.131   678302.821   678302.920   678302.902
  5835:   678302.005   678302.006   678302.007   678302.020      
D:
     0:        0.000        0.000        0.000        0.000        0.000
     5:        0.000        0.000        0.000        0.000        0.000
    10:        0.000        0.000        0.000        0.000        0.000
    15:        0.000        0.000        0.000        0.000        0.000
    20:        0.000        0.000        0.000        0.000        0.000
    25:        0.000        6.000        0.000        0.000        0.000
    30:        0.000        0.000        0.000        0.000        0.000
    35:        0.000
F:
     0:       10.000       14.000       19.500       27.500       38.500
     5:       10.000       14.000       19.500       27.500       38.500
    10:       10.000       14.000       19.500       27.500       38.500
    15:       20.000       28.000       39.000       55.000       77.000
    20:       20.000       28.000       39.000       55.000       77.000
    25:       20.000       28.000       39.000       55.000       77.000
    30:       10.000       14.000       19.500       27.500       38.500
    35:       10.000       14.000       19.500       27.500       38.500
    40:       10.000       14.000       19.500       27.500       38.500
    45:       10.000       14.000       19.500       27.500       38.500
    50:       10.000       14.000       19.500       27.500       38.500
    55:       10.000       14.000       19.500       27.500       38.500
    60:       10.000       14.000       19.500       27.500       38.500
    65:       10.000       14.000       19.500       27.500       38.500
    70:       10.000       14.000       19.500       27.500       38.500
    75:       20.000       28.000       39.000       55.000       77.000
    80:       20.000       28.000       39.000       55.000       77.000
    85:       10.000       14.000       19.500       27.500       38.500
    90:       10.000       14.000       19.500       27.500       38.500
    95:       10.000       14.000       19.500       27.500       38.500
I:
     0:       75.000        0.000        0.000
M:
     0:       15.000       15.000       15.000       15.000       15.000
     5:        5.000        5.000        5.000        5.000        5.000
    10:      100.000
N:
     0:       20.000       20.000       20.000       20.000       20.000
     5:        0.000
Q:
     0:       15.000       15.000       15.000       15.000       15.000
     5:        0.000
V:
     0:        0.000        0.000        0.000        1.000        0.000
     5:      321.000      434.000      476.000      656.000     1046.000
    10:      359.000      383.000      379.000      469.000      553.000
    15:        0.000
