File: C:\MED-PC IV\DATA\M_PEAK16P002


Start Date: 08/21/17
End Date: 08/21/17
Subject: P002
Experiment: IF-PICO
Group: 0
Box: 5
Start Time: 10:15:27
End Time: 12:09:53
MSN: Multiple_Peak
B:       0.000
C:       0.000
E:    2703.000
G:      10.000
H:    1000.000
J:       0.000
K:       0.000
L:       0.000
O:       0.000
P:       0.000
R:       0.000
S:       0.000
T:  682324.000
U:       0.000
W:       0.000
X:       0.000
Y:       0.000
Z:       0.000
A:
     0:        0.010      500.910      502.614      811.114      852.114
     5:      887.114      922.114      964.114     1005.114     1103.114
    10:     1174.114     1263.114     1307.114     1386.114     1436.114
    15:     1482.114     1526.114     1637.114     1913.114     2132.114
    20:     2331.114     2405.114     3252.624     3253.814     3369.134
    25:     3405.134     3492.134     3572.134     3615.134     3650.134
    30:     3799.134     3900.134     3940.134     3973.134     4063.134
    35:     4153.134     4197.134     4238.134     4286.134     4329.134
    40:     4410.134     4454.134     4491.134     4574.134     4817.134
    45:     4860.134     4901.134     5013.134     5050.134     5094.134
    50:     5179.134     5211.134     5256.134     5345.134     5473.134
    55:     5514.134     5601.134     5767.134     5973.134     6039.134
    60:     6149.134     6282.134     6426.134     6600.134     7302.134
    65:     7767.134     7807.134     7869.134     7912.134     7958.134
    70:     8003.134     8061.134     8098.134     8184.134     8223.134
    75:     8326.134     8415.134     8495.134     8538.134     8585.134
    80:     8632.134     8706.134     8744.134     8753.824     8753.920
    85:    10253.910    10255.611    11255.621    11256.811    11370.131
    90:    12145.131    12297.131    12330.131    12477.131    12551.131
    95:    12580.131    12686.131    12723.131    12808.131    12887.131
   100:    12923.131    12953.131    12999.131    13088.131    13128.131
   105:    13172.131    13264.131    13382.131    13471.131    13504.131
   110:    13585.131    13620.131    13758.131    13952.131    14344.131
   115:    14456.821    14456.920    15956.910    15958.614    18708.624
   120:    18709.714    20603.124    21406.124    21666.724    21666.920
   125:    21666.901    21666.094    21966.902    23466.910    23468.615
   130:    27318.625    27319.715    27474.125    27516.125    27653.125
   135:    28473.125    28560.125    28666.125    28698.125    28904.125
   140:    28933.125    29210.125    29247.125    29287.125    29477.125
   145:    29512.125    29554.125    29597.125    29730.125    29822.125
   150:    29975.125    30093.125    30268.125    30480.125    30723.125
   155:    30924.125    31009.125    31132.125    31167.125    31253.725
   160:    31253.920    31253.901    31253.095    31553.902    33053.910
   165:    33055.614    35805.624    35806.714    37325.124    37359.124
   170:    37597.124    37644.124    37802.124    37885.124    37923.124
   175:    37963.124    38008.124    38041.124    38319.124    38478.124
   180:    38603.724    38603.920    38603.901    38603.094    38903.902
   185:    40403.910    40405.613    42355.623    42356.713    43008.123
   190:    43142.123    43429.123    43501.123    43528.123    43565.123
   195:    43640.123    43728.123    43805.123    44007.123    44112.123
   200:    44235.123    44440.723    44440.920    44440.901    44440.093
   205:    44740.902    46240.910    46242.615    50092.625    50093.715
   210:    51607.125    51638.125    51739.125    51773.125    51848.125
   215:    52198.125    52275.125    52307.125    52385.125    52419.125
   220:    52503.125    52612.125    52769.125    52893.125    52969.125
   225:    53183.125    53328.125    53505.125    53578.125    53883.125
   230:    54011.725    54011.920    54011.901    54011.095    54311.902
   235:    55811.910    55813.613    57763.623    57764.713    58569.123
   240:    58919.123    59048.123    59126.123    59213.123    59282.123
   245:    59420.123    59510.123    59548.123    59634.123    59718.723
   250:    59718.920    59718.901    59718.093    60018.902    61518.910
   255:    61520.613    63470.623    63471.713    64564.123    64649.123
   260:    64711.123    64839.123    64918.123    65043.123    65148.123
   265:    65262.123    65468.723    65468.920    65468.901    65468.093
   270:    65768.902    67268.910    67270.611    68270.621    68271.711
   275:    68434.121    68585.121    68633.121    68754.121    68839.121
   280:    68926.121    69033.121    69133.121    69226.121    69337.721
   285:    69337.920    69337.901    69337.091    69637.902    71137.910
   290:    71139.614    73889.624    73890.714    75586.124    75709.124
   295:    75758.124    75920.124    75960.124    76070.124    76188.124
   300:    76373.124    76711.724    76711.920    76711.901    76711.094
   305:    77011.902    78511.910    78513.614    81263.624    81264.714
   310:    82249.124    82282.124    82496.124    82676.124    82801.124
   315:    82910.124    83085.124    83248.124    83456.124    83627.124
   320:    83732.124    83899.124    84264.724    84264.920    84264.901
   325:    84264.094    84564.902    86064.910    86066.612    87466.622
   330:    87467.812    87590.132    88131.132    88171.132    88288.132
   335:    88387.132    88430.132    88542.132    88585.132    88666.132
   340:    88744.132    88976.132    89269.132    89417.132    89631.132
   345:    89751.132    89987.132    90178.132    90400.132    90633.132
   350:    90748.132    90881.132    90958.132    91067.822    91067.920
   355:    92567.910    92569.611    93569.621    93570.711    93636.121
   360:    93680.121    93920.121    93958.121    94094.121    94139.121
   365:    94217.121    94256.121    94363.121    94544.121    94614.721
   370:    94614.920    94614.901    94614.091    94914.902    96414.910
   375:    96416.615   100266.625   100267.715   102112.125   102594.125
   380:   102686.125   102810.125   102899.125   102970.125   103058.125
   385:   103133.125   103355.125   103520.125   103657.125   103881.125
   390:   104008.125   104124.725   104124.920   104124.901   104124.095
   395:   104424.902   105924.910   105926.612   107326.622   107327.812
   400:   108044.132   108137.132   108172.132   108260.132   108447.132
   405:   108618.132   108749.132   109030.132   109105.132   109292.132
   410:   109410.132   109533.132   109618.132   109736.132   109879.132
   415:   110027.132   110171.132   110386.132   110547.132   110689.132
   420:   110830.132   110927.822   110927.920   112427.910   112429.612
   425:   113829.622   113830.712   114028.122   114158.122   114304.122
   430:   114408.122   114448.122   114569.122   114752.122   114818.122
   435:   114911.122   115004.122   115120.122   115180.122   115217.122
   440:   115298.722   115298.920   115298.901   115298.092   115598.902
   445:   117098.910   117100.613   119050.623   119051.713   120159.123
   450:   120245.123   120290.123   120407.123   120444.123   120526.123
   455:   120593.123   120678.123   120806.123   120928.123   121057.723
   460:   121057.920   121057.901   121057.093   121357.902   122857.910
   465:   122859.615   126709.625   126710.815   127864.135   127903.135
   470:   128386.135   128464.135   128547.135   128716.135   128845.135
   475:   128919.135   129258.135   129808.135   129959.135   130133.135
   480:   130295.135   130422.135   130496.135   130809.135   130945.135
   485:   131460.135   131576.135   131653.135   131846.135   131995.135
   490:   133139.135   133319.135   133371.135   133420.135   133834.135
   495:   134410.825   134410.920   135910.910   135912.615   139762.625
   500:   139763.715   141846.125   141879.125   141921.125   142064.125
   505:   142222.125   142296.125   142336.125   142433.125   142649.125
   510:   142724.125   142799.125   142921.125   143004.125   143121.125
   515:   143199.125   143315.125   143412.125   143641.725   143641.920
   520:   143641.901   143641.095   143941.902   145441.910   145443.615
   525:   149293.625   149294.815   149782.135   150395.135   150652.135
   530:   150728.135   150836.135   151045.135   151253.135   151498.135
   535:   151631.135   151854.135   151982.135   152051.135   152373.135
   540:   152469.135   152694.135   152787.135   152830.135   152908.135
   545:   152948.135   153088.135   153165.135   153211.135   154305.135
   550:   154653.135   154733.135   154878.135   154983.135   155029.135
   555:   155158.135   155213.135   155251.135   155435.135   155474.135
   560:   155515.135   155552.135   155624.135   155668.135   155706.135
   565:   155833.135   155975.135   156092.135   156157.135   156207.135
   570:   156335.135   156389.135   156464.135   156565.135   156744.135
   575:   156824.135   156872.135   156994.825   156994.920   158494.910
   580:   158496.613   160446.623   160447.713   160540.123   160685.123
   585:   160814.123   160874.123   160956.123   161131.123   161166.123
   590:   161207.123   161252.123   161348.123   161397.123   161439.123
   595:   161539.123   161624.123   161675.123   161753.123   161868.123
   600:   161956.123   162145.123   162218.123   162628.723   162628.920
   605:   162628.901   162628.093   162928.902   164428.910   164430.611
   610:   165430.621   165431.711   165576.121   165607.121   165639.121
   615:   165675.121   165709.121   165740.121   165873.121   165982.121
   620:   166020.121   166055.121   166165.121   166253.121   166342.121
   625:   166384.121   166493.721   166493.920   166493.901   166493.091
   630:   166793.902   168293.910   168295.614   171045.624   171046.714
   635:   171136.124   171837.124   171942.124   171977.124   172061.124
   640:   172091.124   172217.124   172254.124   172318.124   172395.124
   645:   172518.124   172555.124   172783.124   172937.124   173052.124
   650:   173134.124   173262.124   173362.124   173439.124   173565.124
   655:   173695.124   173825.724   173825.920   173825.901   173825.094
   660:   174125.902   175625.910   175627.612   177027.622   177028.812
   665:   177618.132   177715.132   177755.132   177838.132   177917.132
   670:   178046.132   178162.132   178240.132   178325.132   178402.132
   675:   178530.132   178600.132   178839.132   178931.132   179041.132
   680:   179177.132   179438.132   179519.132   179646.132   179781.132
   685:   179895.132   180030.132   180151.132   180238.132   180372.132
   690:   180472.132   180516.132   180556.132   180628.822   180628.920
   695:   182128.910   182130.614   184880.624   184881.814   186182.134
   700:   186264.134   186348.134   186444.134   186479.134   186559.134
   705:   186597.134   186676.134   186755.134   186835.134   186874.134
   710:   186941.134   187048.134   187092.134   187295.134   187419.134
   715:   187456.134   187540.134   187619.134   187701.134   187783.134
   720:   188252.134   188302.134   188467.134   188536.134   188616.134
   725:   188944.134   190247.134   190381.824   190381.920   191881.910
   730:   191883.613   193833.623   193834.813   194651.133   195228.133
   735:   195367.133   195478.133   195516.133   195623.133   195683.133
   740:   195863.133   195982.133   196086.133   196188.133   196315.133
   745:   196358.133   196440.133   196550.133   196671.133   196830.133
   750:   196909.133   196951.133   197062.133   197139.133   197238.133
   755:   197365.133   197521.133   197592.133   197681.133   197759.133
   760:   198034.823   198034.920   199534.910   199536.615   203386.625
   765:   203387.815   203572.135   203620.135   203663.135   203773.135
   770:   203868.135   203907.135   203991.135   204034.135   204201.135
   775:   204287.135   204337.135   204422.135   204461.135   204542.135
   780:   204660.135   204802.135   204954.135   204999.135   205157.135
   785:   205372.135   205524.135   205600.135   205742.135   205873.135
   790:   205954.135   206054.135   206255.135   206380.135   206468.135
   795:   206554.135   206604.135   206647.135   206815.135   206943.135
   800:   206990.135   207105.135   207215.135   207292.135   207388.135
   805:   207577.135   207625.135   207711.135   207899.135   209500.135
   810:   209732.135   209780.135   209856.135   209893.135   210021.135
   815:   210061.135   210129.135   210223.135   210342.135   210458.135
   820:   210567.135   210713.135   210765.135   210839.135   211087.825
   825:   211087.920   212587.910   212589.612   213989.622   213990.712
   830:   214420.122   214545.122   214664.122   214743.122   214907.122
   835:   214994.122   215075.122   215202.122   215276.122   215485.722
   840:   215485.920   215485.901   215485.092   215785.902   217285.910
   845:   217287.611   218287.621   218288.711   218459.121   218495.121
   850:   218538.121   218569.121   218697.121   218745.121   218861.121
   855:   218943.121   219036.121   219122.121   219263.121   219308.721
   860:   219308.920   219308.901   219308.091   219608.902   221108.910
   865:   221110.615   224960.625   224961.715   227183.125   227363.125
   870:   227559.125   227601.125   227634.125   227676.125   227780.125
   875:   227926.125   228000.125   228106.125   228187.125   228263.125
   880:   228423.125   228505.125   228702.125   228781.125   228848.725
   885:   228848.920   228848.901   228848.095   229148.902   230648.910
   890:   230650.613   232600.623   232601.713   233058.123   233136.123
   895:   233166.123   233209.123   233298.123   233603.123   233639.123
   900:   233720.123   233804.123   233930.123   233968.123   234060.123
   905:   234103.123   234199.123   234333.123   234418.123   234535.123
   910:   234804.723   234804.920   234804.901   234804.093   235104.902
   915:   236604.910   236606.614   239356.624   239357.714   240539.124
   920:   240613.124   240653.124   240728.124   240906.124   240949.124
   925:   240989.124   241106.124   241199.124   241241.124   241283.124
   930:   241315.124   241441.124   241478.124   241595.124   241682.124
   935:   241772.124   241859.124   241937.124   242077.124   242209.724
   940:   242209.920   242209.901   242209.094   242509.902   244009.910
   945:   244011.615   247861.625   247862.715   248458.125   248749.125
   950:   248790.125   248828.125   249102.125   249241.125   249372.125
   955:   249411.125   249534.125   249624.125   249714.125   249753.125
   960:   249865.125   249917.125   250026.125   250099.125   250228.125
   965:   250320.125   250460.125   250506.125   250596.125   250698.125
   970:   250878.125   250990.125   251111.125   251314.125   251453.125
   975:   251584.125   251720.725   251720.920   251720.901   251720.095
   980:   252020.902   253520.910   253522.615   257372.625   257373.715
   985:   258070.125   258218.125   258256.125   258290.125   258785.125
   990:   258901.125   258945.125   258983.125   259020.125   259103.125
   995:   259266.125   259406.125   259529.125   259681.125   259897.125
  1000:   260026.125   260077.125   260190.125   260690.125   260779.125
  1005:   260859.125   261123.125   261211.125   261301.725   261301.920
  1010:   261301.901   261301.095   261601.902   263101.910   263103.611
  1015:   264103.621   264104.711   264292.121   264418.121   264554.121
  1020:   264711.121   264841.121   264929.121   265018.121   265065.121
  1025:   265155.721   265155.920   265155.901   265155.091   265455.902
  1030:   266955.910   266957.612   268357.622   268358.712   268630.122
  1035:   268667.122   268759.122   268898.122   268997.122   269081.122
  1040:   269168.122   269247.122   269344.122   269396.122   269440.122
  1045:   269532.122   269595.122   269689.122   269829.722   269829.920
  1050:   269829.901   269829.092   270129.902   271629.910   271631.612
  1055:   273031.622   273032.712   273121.122   273162.122   273254.122
  1060:   273388.122   273475.122   273572.122   273609.122   273658.122
  1065:   273796.122   273911.122   274007.122   274059.122   274198.122
  1070:   274296.122   274431.122   274631.722   274631.920   274631.901
  1075:   274631.092   274931.902   276431.910   276433.612   277833.622
  1080:   277834.712   277894.122   278214.122   278304.122   278343.122
  1085:   278542.122   278624.122   278740.122   278785.122   278926.122
  1090:   279058.122   279151.122   279322.722   279322.920   279322.901
  1095:   279322.092   279622.902   281122.910   281124.612   282524.622
  1100:   282525.712   283140.122   283174.122   283258.122   283455.122
  1105:   283536.122   283631.122   283721.122   283811.122   283896.122
  1110:   284057.722   284057.920   284057.901   284057.092   284357.902
  1115:   285857.910   285859.614   288609.624   288610.714   289145.124
  1120:   289884.124   289986.124   290209.124   290244.124   290284.124
  1125:   290325.124   290463.124   290539.124   290621.124   290653.124
  1130:   290736.124   290773.124   291023.124   291159.124   291246.124
  1135:   291462.724   291462.920   291462.901   291462.094   291762.902
  1140:   293262.910   293264.613   295214.623   295215.713   295308.123
  1145:   295510.123   295586.123   295623.123   295752.123   295865.123
  1150:   295936.123   295975.123   296110.123   296208.123   296300.123
  1155:   296371.123   296490.123   296585.123   296681.123   296729.123
  1160:   296937.123   297179.723   297179.920   297179.901   297179.093
  1165:   297479.902   298979.910   298981.614   301731.624   301732.714
  1170:   302242.124   302955.124   303246.124   303283.124   303351.124
  1175:   303453.124   303494.124   303525.124   303645.124   303784.124
  1180:   303915.124   304044.124   304135.124   304174.124   304343.124
  1185:   304423.124   304507.724   304507.920   304507.901   304507.094
  1190:   304807.902   306307.910   306309.611   307309.621   307310.711
  1195:   307598.121   307786.121   307895.121   307929.121   308019.121
  1200:   308098.121   308133.121   308213.121   308266.121   308301.121
  1205:   308390.721   308390.920   308390.901   308390.091   308690.902
  1210:   310190.910   310192.615   314042.625   314043.715   314125.125
  1215:   315192.125   315229.125   315466.125   315557.125   315629.125
  1220:   315715.125   315904.125   315992.125   316082.125   316203.125
  1225:   316291.125   316375.125   316533.125   316660.125   316787.125
  1230:   316877.125   317101.125   317368.125   317498.125   317843.125
  1235:   317986.725   317986.920   317986.901   317986.095   318286.902
  1240:   319786.910   319788.612   321188.622   321189.712   321303.122
  1245:   321340.122   321439.122   321545.122   321704.122   321803.122
  1250:   321840.122   321941.122   322049.122   322146.122   322194.122
  1255:   322284.122   322374.122   322409.122   322520.122   322577.122
  1260:   322716.722   322716.920   322716.901   322716.092   323016.902
  1265:   324516.910   324518.615   328368.625   328369.715   329026.125
  1270:   329198.125   329339.125   329403.125   329627.125   329708.125
  1275:   329746.125   329784.125   329826.125   329880.125   330000.125
  1280:   330044.125   330125.125   330233.125   330408.125   330492.125
  1285:   330604.125   330649.125   330795.125   330889.125   331010.125
  1290:   331105.125   331192.125   331320.125   331462.125   331593.125
  1295:   331773.125   331854.125   331993.125   332106.125   332155.125
  1300:   332371.725   332371.920   332371.901   332371.095   332671.902
  1305:   334171.910   334173.614   336923.624   336924.714   338128.124
  1310:   338211.124   338246.124   338352.124   338431.124   338579.124
  1315:   338681.124   338718.124   338798.124   338877.124   338964.124
  1320:   339135.124   339344.124   339511.124   339592.124   339719.724
  1325:   339719.920   339719.901   339719.094   340019.902   341519.910
  1330:   341521.613   343471.623   343472.713   343953.123   344164.123
  1335:   344195.123   344229.123   344318.123   344401.123   344440.123
  1340:   344525.123   344614.123   344703.123   344792.123   344883.123
  1345:   344970.123   345055.123   345146.123   345189.123   345280.123
  1350:   345375.123   345418.123   345505.723   345505.920   345505.901
  1355:   345505.093   345805.902   347305.910   347307.611   348307.621
  1360:   348308.711   348459.121   348526.121   348564.121   348667.121
  1365:   348700.121   348823.121   348947.121   349028.121   349166.121
  1370:   349242.121   349413.721   349413.920   349413.901   349413.091
  1375:   349713.902   351213.910   351215.613   353165.623   353166.813
  1380:   353372.133   353432.133   353746.133   353895.133   353925.133
  1385:   353966.133   354085.133   354183.133   354258.133   354301.133
  1390:   354340.133   354432.133   354523.133   354600.133   354694.133
  1395:   354738.133   354820.133   354988.133   355210.133   355302.133
  1400:   355422.133   355512.133   355604.133   355687.133   355921.133
  1405:   356050.133   356142.133   356212.133   356334.133   356416.133
  1410:   356540.133   356668.133   356800.133   356983.133   357113.133
  1415:   357233.133   357326.133   357366.823   357366.920   358866.910
  1420:   358868.612   360268.622   360269.812   360741.132   360908.132
  1425:   361042.132   361074.132   361146.132   361239.132   361274.132
  1430:   361353.132   361440.132   361482.132   361559.132   361609.132
  1435:   361682.132   361896.132   361984.132   362156.132   362238.132
  1440:   362281.132   362371.132   362455.132   362532.132   362747.132
  1445:   363000.132   363126.132   363852.132   363869.822   363869.920
  1450:   365369.910   365371.614   368121.624   368122.714   369775.124
  1455:   369920.124   370000.124   370105.124   370271.124   370399.124
  1460:   370437.124   370481.124   370578.124   370744.124   370830.124
  1465:   370919.724   370919.920   370919.901   370919.094   371219.902
  1470:   372719.910   372721.614   375471.624   375472.714   375558.124
  1475:   376493.124   376541.124   376581.124   376715.124   376815.124
  1480:   376906.124   376946.124   376982.124   377080.124   377166.124
  1485:   377256.124   377360.124   377448.124   377527.124   377614.124
  1490:   377720.124   378002.124   378210.124   378377.724   378377.920
  1495:   378377.901   378377.094   378677.902   380177.910   380179.612
  1500:   381579.622   381580.712   382244.122   382650.122   382800.122
  1505:   382883.122   382978.122   383096.722   383096.920   383096.901
  1510:   383096.092   383396.902   384896.910   384898.613   386848.623
  1515:   386849.713   387470.123   388373.123   388556.123   388603.123
  1520:   388647.123   388724.123   388761.123   388801.723   388801.920
  1525:   388801.901   388801.093   389101.902   390601.910   390603.612
  1530:   392003.622   392004.712   392787.122   392953.122   393128.122
  1535:   393168.122   393256.122   393347.122   393439.722   393439.920
  1540:   393439.901   393439.092   393739.902   395239.910   395241.614
  1545:   397991.624   397992.814   398599.134   398829.134   398938.134
  1550:   399038.134   399122.134   399156.134   399199.134   399277.134
  1555:   399319.134   399400.134   399490.134   399659.134   399775.134
  1560:   399899.134   400033.134   400118.134   400244.134   400396.134
  1565:   400478.134   400594.134   400759.134   400914.134   401038.134
  1570:   401123.134   401258.134   401391.134   401479.134   401622.134
  1575:   401752.134   401883.134   402147.134   402357.134   402451.134
  1580:   402505.134   402541.134   402809.134   402942.134   403492.824
  1585:   403492.920   404992.910   404994.613   406944.623   406945.713
  1590:   407380.123   408001.123   408487.123   408774.123   408860.123
  1595:   408945.723   408945.920   408945.901   408945.093   409245.902
  1600:   410745.910   410747.613   412697.623   412698.713   413043.123
  1605:   413083.123   413307.123   413471.123   413627.123   413667.123
  1610:   413758.123   413806.123   413879.123   413990.123   414135.123
  1615:   414327.123   414364.123   414443.123   414638.123   414770.723
  1620:   414770.920   414770.901   414770.093   415070.902   416570.910
  1625:   416572.612   417972.622   417973.712   418479.122   418582.122
  1630:   418618.122   418716.122   418751.122   418844.122   418879.122
  1635:   418973.122   419068.122   419109.122   419148.122   419238.122
  1640:   419370.122   419733.722   419733.920   419733.901   419733.092
  1645:   420033.902   421533.910   421535.612   422935.622   422936.712
  1650:   423350.122   423390.122   423611.122   423705.122   423740.122
  1655:   423872.122   423952.122   424025.122   424118.122   424164.122
  1660:   424210.122   424264.122   424300.122   424385.722   424385.920
  1665:   424385.901   424385.092   424685.902   426185.910   426187.615
  1670:   430037.625   430038.715   430783.125   430826.125   431110.125
  1675:   431149.125   431188.125   431288.125   431326.125   431480.125
  1680:   431564.125   431653.125   431772.125   431937.125   432070.125
  1685:   432149.125   432261.125   432389.125   432514.125   432647.125
  1690:   432858.125   432982.125   433195.125   433331.125   433532.125
  1695:   433658.125   433936.725   433936.920   433936.901   433936.095
  1700:   434236.902   435736.910   435738.611   436738.621   436739.711
  1705:   437026.121   437139.121   437228.121   437265.121   437350.121
  1710:   437507.121   437585.121   437677.121   437710.121   437843.721
  1715:   437843.920   437843.901   437843.091   438143.902   439643.910
  1720:   439645.611   440645.621   440646.711   440720.121   440981.121
  1725:   441016.121   441055.121   441134.121   441225.121   441264.121
  1730:   441354.121   441387.121   441427.121   441508.121   441641.121
  1735:   441727.721   441727.920   441727.901   441727.091   442027.902
  1740:   443527.910   443529.614   446279.624   446280.714   446793.124
  1745:   447128.124   447292.124   447476.124   447516.124   447643.124
  1750:   447752.124   447788.124   447861.124   447991.124   448071.124
  1755:   448145.124   448218.124   448302.124   448518.124   448608.124
  1760:   448657.124   448755.124   448884.124   449011.124   449080.724
  1765:   449080.920   449080.901   449080.094   449380.902   450880.910
  1770:   450882.615   454732.625   454733.715   455790.125   456144.125
  1775:   456178.125   456259.125   456365.125   456403.125   456451.125
  1780:   456542.125   456626.125   456715.125   456802.125   456841.125
  1785:   456936.125   457017.125   457116.125   457364.125   457589.125
  1790:   457667.125   457850.125   457978.125   458150.125   458279.125
  1795:   458494.125   458611.725   458611.920   458611.901   458611.095
  1800:   458911.902   460411.910   460413.614   463163.624   463164.714
  1805:   464323.124   464516.124   464659.124   464702.124   464787.124
  1810:   464866.124   464953.124   465090.124   465131.124   465322.124
  1815:   465402.124   465537.124   465665.124   465790.124   465955.724
  1820:   465955.920   465955.901   465955.094   466255.902   467755.910
  1825:   467757.615   471607.625   471608.715   471865.125   472359.125
  1830:   472838.125   473111.125   473364.125   473449.125   473604.125
  1835:   473689.125   473864.125   473983.125   474063.125   474194.125
  1840:   474409.125   474554.125   474683.125   474837.125   475093.125
  1845:   475298.125   475424.125   475653.725   475653.920   475653.901
  1850:   475653.095   475953.902   477453.910   477455.611   478455.621
  1855:   478456.811   478589.131   478721.131   478780.131   478816.131
  1860:   479050.131   479139.131   479231.131   479367.131   479493.131
  1865:   479537.131   479611.131   479660.131   479787.131   479967.131
  1870:   480079.131   480162.131   480389.131   480520.131   480634.131
  1875:   480678.131   480724.131   480835.131   480960.131   481163.131
  1880:   481269.131   481402.131   481442.131   481561.131   481637.131
  1885:   481656.821   481656.920   483156.910   483158.615   487008.625
  1890:   487009.815   487511.135   487887.135   488106.135   488411.135
  1895:   488450.135   488741.135   488809.135   489015.135   489095.135
  1900:   489130.135   489171.135   489206.135   489610.135   489692.135
  1905:   489855.135   489944.135   490200.135   490409.135   490479.135
  1910:   490700.135   490817.135   491173.135   491298.135   491413.135
  1915:   491567.135   491816.135   491940.135   492063.135   492296.135
  1920:   493995.135   494261.135   494709.825   494709.920   496209.910
  1925:   496211.612   497611.622   497612.712   498421.122   498461.122
  1930:   498497.122   498530.122   498675.122   498758.122   498801.122
  1935:   498874.122   498958.122   499080.722   499080.920   499080.901
  1940:   499080.092   499380.902   500880.910   500882.611   501882.621
  1945:   501883.711   502270.121   502427.121   502556.121   502649.121
  1950:   502711.121   502798.121   502882.121   502971.721   502971.920
  1955:   502971.901   502971.091   503271.902   504771.910   504773.612
  1960:   506173.622   506174.712   506259.122   506350.122   506436.122
  1965:   506527.122   506616.122   506746.122   506834.122   506924.122
  1970:   506971.122   507010.122   507057.122   507151.122   507203.122
  1975:   507242.122   507337.122   507379.122   507419.122   507534.122
  1980:   507627.722   507627.920   507627.901   507627.092   507927.902
  1985:   509427.910   509429.613   511379.623   511380.713   511966.123
  1990:   512141.123   512188.123   512222.123   512285.123   512327.123
  1995:   512430.123   512469.123   512503.123   512535.123   512566.123
  2000:   512664.123   512873.123   513120.123   513289.123   513374.723
  2005:   513374.920   513374.901   513374.093   513674.902   515174.910
  2010:   515176.613   517126.623   517127.813   517445.133   517807.133
  2015:   517842.133   518011.133   518125.133   518166.133   518198.133
  2020:   518236.133   518269.133   518302.133   518447.133   518563.133
  2025:   518641.133   518725.133   518807.133   518983.133   519112.133
  2030:   519240.133   519294.133   519477.133   519657.133   519706.133
  2035:   519742.133   519947.133   520068.133   520152.133   520281.133
  2040:   520494.133   520581.133   520658.133   520778.133   520867.133
  2045:   520983.133   521242.133   521318.133   521327.823   521327.920
  2050:   522827.910   522829.614   525579.624   525580.714   525671.124
  2055:   525815.124   525967.124   526076.124   526275.124   526317.124
  2060:   526447.124   526604.124   526754.124   526874.124   527069.124
  2065:   527188.124   527469.124   527547.124   527606.124   527798.124
  2070:   527904.124   528110.124   528342.724   528342.920   528342.901
  2075:   528342.094   528642.902   530142.910   530144.611   531144.621
  2080:   531145.711   531578.121   531678.121   531832.121   531961.121
  2085:   532138.121   532212.721   532212.920   532212.901   532212.091
  2090:   532512.902   534012.910   534014.614   536764.624   536765.814
  2095:   537022.134   537254.134   537599.134   537705.134   537744.134
  2100:   537901.134   537979.134   538179.134   538293.134   538512.134
  2105:   538631.134   538691.134   538811.134   538934.134   539036.134
  2110:   539165.134   539401.134   539510.134   539623.134   539742.134
  2115:   539857.134   539893.134   539929.134   540005.134   540198.134
  2120:   540313.134   540384.134   540498.134   540578.134   540705.134
  2125:   540794.134   540871.134   541118.134   541205.134   541341.134
  2130:   541433.134   542265.824   542265.920   543765.910   543767.614
  2135:   546517.624   546518.814   546743.134   547266.134   547593.134
  2140:   547661.134   547808.134   547844.134   547878.134   547920.134
  2145:   547959.134   548066.134   548174.134   548256.134   548345.134
  2150:   548532.134   548913.134   549031.134   549153.134   549345.134
  2155:   549457.134   549619.134   549988.134   550058.134   550292.134
  2160:   550411.134   550535.134   550728.134   550929.134   550970.134
  2165:   551008.134   551146.134   551194.134   552018.824   552018.920
  2170:   553518.910   553520.613   555470.623   555471.713   555723.123
  2175:   556177.123   556237.123   556475.123   556607.123   556756.123
  2180:   556787.123   556823.123   556969.123   557041.123   557081.123
  2185:   557534.723   557534.920   557534.901   557534.093   557834.902
  2190:   559334.910   559336.615   563186.625   563187.715   563896.125
  2195:   564106.125   564592.125   564688.125   564757.125   564796.125
  2200:   564832.125   564868.125   564963.125   565068.125   565140.125
  2205:   565255.125   565379.125   565451.125   565548.125   565743.125
  2210:   565902.125   566055.125   566124.125   566312.125   566495.125
  2215:   566582.125   566655.125   566850.125   566997.125   567114.725
  2220:   567114.920   567114.901   567114.095   567414.902   568914.910
  2225:   568916.611   569916.621   569917.811   570266.131   570493.131
  2230:   570607.131   570683.131   570837.131   570917.131   571219.131
  2235:   571259.131   571385.131   571454.131   571538.131   571684.131
  2240:   571962.131   572078.131   572161.131   572271.131   572351.131
  2245:   572461.131   572549.131   572736.131   572831.131   572963.131
  2250:   573117.821   573117.920   574617.910   574619.611   575619.621
  2255:   575620.711   575690.121   575766.121   575899.121   575932.121
  2260:   576010.121   576176.121   576244.121   576334.121   576370.121
  2265:   576453.121   576569.121   576682.721   576682.920   576682.901
  2270:   576682.091   576982.902   578482.910   578484.611   579484.621
  2275:   579485.711   579672.121   579952.121   580079.121   580117.121
  2280:   580154.121   580191.121   580288.121   580327.121   580427.121
  2285:   580469.121   580558.721   580558.920   580558.901   580558.091
  2290:   580858.902   582358.910   582360.615   586210.625   586211.715
  2295:   587356.125   587480.125   587518.125   587629.125   587725.125
  2300:   587808.125   587851.125   587904.125   587940.125   587981.125
  2305:   588111.125   588221.125   588345.125   588426.125   588509.125
  2310:   588633.125   588752.125   588875.125   589066.125   589147.125
  2315:   589266.125   589384.125   589582.125   589717.125   589958.125
  2320:   590115.725   590115.920   590115.901   590115.095   590415.902
  2325:   591915.910   591917.613   593867.623   593868.713   594068.123
  2330:   594420.123   594622.123   594749.123   594832.123   594920.123
  2335:   595048.123   595136.123   595181.123   595313.123   595475.123
  2340:   595629.123   595853.723   595853.920   595853.901   595853.093
  2345:   596153.902   597653.910   597655.613   599605.623   599606.813
  2350:   600380.133   600418.133   600460.133   600498.133   600596.133
  2355:   600637.133   600678.133   600715.133   600998.133   601081.133
  2360:   601155.133   601260.133   601347.133   601510.133   601678.133
  2365:   601797.133   602005.133   602095.133   602252.133   602464.133
  2370:   602584.133   602901.133   603032.133   603156.133   603452.133
  2375:   603628.133   603742.133   603806.823   603806.920   605306.910
  2380:   605308.613   607258.623   607259.713   607828.123   608114.123
  2385:   608192.123   608233.123   608330.123   608368.123   608524.123
  2390:   608601.123   608694.123   608775.123   608810.123   608883.123
  2395:   608968.123   609125.123   609288.723   609288.920   609288.901
  2400:   609288.093   609588.902   611088.910   611090.612   612490.622
  2405:   612491.712   612823.122   612992.122   613036.122   613129.122
  2410:   613248.122   613339.122   613417.122   613588.122   613674.122
  2415:   613834.122   614048.722   614048.920   614048.901   614048.092
  2420:   614348.902   615848.910   615850.611   616850.621   616851.811
  2425:   617197.131   617326.131   617361.131   617488.131   617567.131
  2430:   617658.131   617698.131   617785.131   617835.131   617876.131
  2435:   617957.131   618054.131   618090.131   618181.131   618216.131
  2440:   618322.131   618659.131   618749.131   618880.131   618993.131
  2445:   619097.131   619188.131   619222.131   619337.131   619428.131
  2450:   619468.131   619597.131   619733.131   619770.131   620051.821
  2455:   620051.920   620058.411   621551.910   621553.611   622553.621
  2460:   622554.811   622786.131   622965.131   623099.131   623136.131
  2465:   623314.131   623401.131   623486.131   623578.131   623619.131
  2470:   623660.131   623750.131   623823.131   623869.131   623908.131
  2475:   624034.131   624122.131   624166.131   624368.131   624535.131
  2480:   624667.131   624831.131   625132.131   625244.131   625367.131
  2485:   625454.131   625492.131   625530.131   625727.131   625754.821
  2490:   625754.920   627254.910   627256.615   631106.625   631107.815
  2495:   632373.135   632842.135   632954.135   632997.135   633116.135
  2500:   633212.135   633282.135   633320.135   633519.135   633593.135
  2505:   633800.135   633966.135   634129.135   634297.135   634583.135
  2510:   634863.135   635082.135   635197.135   635324.135   635618.135
  2515:   635689.135   635828.135   635912.135   635988.135   636111.135
  2520:   636367.135   636456.135   638266.135   638334.135   638465.135
  2525:   638498.135   638527.135   638558.135   638661.135   638799.135
  2530:   638807.825   638807.920   640307.910   640309.611   641309.621
  2535:   641310.711   641667.121   641778.121   641803.121   641911.121
  2540:   641941.121   642061.121   642137.121   642216.121   642254.121
  2545:   642328.721   642328.920   642328.901   642328.091   642628.902
  2550:   644128.910   644130.613   646080.623   646081.813   646613.133
  2555:   647110.133   647264.133   647445.133   647584.133   647672.133
  2560:   647755.133   648274.133   648371.133   648570.133   648685.133
  2565:   649029.133   649152.133   649188.133   649299.133   649538.133
  2570:   649675.133   649970.133   649997.133   650110.133   650281.823
  2575:   650281.920   651781.910   651783.615   655633.625   655634.715
  2580:   656209.125   656433.125   656562.125   656743.125   656879.125
  2585:   657039.125   657113.125   657267.125   657340.125   657500.125
  2590:   657733.125   657810.125   657846.125   658009.125   658226.125
  2595:   658343.125   658533.125   658780.125   658814.125   658958.125
  2600:   659066.125   659375.125   659529.725   659529.920   659529.901
  2605:   659529.095   659829.902   661329.910   661331.612   662731.622
  2610:   662732.812   662984.132   663224.132   663297.132   663515.132
  2615:   663631.132   663705.132   663818.132   663863.132   663985.132
  2620:   664289.132   664399.132   664843.132   665172.132   665283.132
  2625:   665398.132   665498.132   665543.132   665617.132   665813.132
  2630:   666057.132   666202.132   666313.132   666332.822   666332.920
  2635:   667832.910   667834.612   669234.622   669235.712   669885.122
  2640:   669929.122   669964.122   669994.122   670028.122   670072.122
  2645:   670276.122   670388.122   670470.122   670546.122   670686.722
  2650:   670686.920   670686.901   670686.092   670986.902   672486.910
  2655:   672488.614   675238.624   675239.714   676257.124   676289.124
  2660:   676519.124   676553.124   676689.124   676847.124   676885.124
  2665:   676998.124   677091.124   677154.124   677187.124   677299.124
  2670:   677390.124   677461.124   677537.124   677572.124   677601.124
  2675:   677672.124   677840.124   677873.124   678153.724   678153.920
  2680:   678153.901   678153.094   678453.902   679953.910   679955.611
  2685:   680955.621   680956.711   681269.121   681353.121   681472.121
  2690:   681588.121   681818.121   681900.121   682024.721   682024.920
  2695:   682024.901   682024.091   682324.902   682324.902   682324.005
  2700:   682324.006   682324.007   682324.020
D:
     0:        0.000        0.000        0.000        0.000        0.000
     5:        0.000        0.000        0.000        0.000        0.000
    10:        0.000        0.000        0.000        0.000        0.000
    15:        0.000        0.000        0.000        0.000        0.000
    20:        0.000        0.000        0.000        0.000        0.000
    25:        0.000        1.000        0.000        0.000        0.000
    30:        0.000        0.000        0.000        0.000        0.000
    35:        0.000
F:
     0:       10.000       14.000       19.500       27.500       38.500
     5:       10.000       14.000       19.500       27.500       38.500
    10:       10.000       14.000       19.500       27.500       38.500
    15:       20.000       28.000       39.000       55.000       77.000
    20:       20.000       28.000       39.000       55.000       77.000
    25:       20.000       28.000       39.000       55.000       77.000
    30:       10.000       14.000       19.500       27.500       38.500
    35:       10.000       14.000       19.500       27.500       38.500
    40:       10.000       14.000       19.500       27.500       38.500
    45:       10.000       14.000       19.500       27.500       38.500
    50:       10.000       14.000       19.500       27.500       38.500
    55:       10.000       14.000       19.500       27.500       38.500
    60:       10.000       14.000       19.500       27.500       38.500
    65:       10.000       14.000       19.500       27.500       38.500
    70:       10.000       14.000       19.500       27.500       38.500
    75:       20.000       28.000       39.000       55.000       77.000
    80:       20.000       28.000       39.000       55.000       77.000
    85:       10.000       14.000       19.500       27.500       38.500
    90:       10.000       14.000       19.500       27.500       38.500
    95:       10.000       14.000       19.500       27.500       38.500
I:
     0:       75.000        0.000        0.000
M:
     0:       15.000       15.000       15.000       15.000       15.000
     5:        5.000        5.000        5.000        5.000        5.000
    10:      100.000
N:
     0:       20.000       20.000       20.000       20.000       20.000
     5:        0.000
Q:
     0:       15.000       15.000       15.000       15.000       15.000
     5:        0.000
V:
     0:        0.000        0.000        0.000       19.000        0.000
     5:      156.000      186.000      207.000      239.000      349.000
    10:      134.000      118.000      146.000      191.000      201.000
    15:        0.000
