File: C:\MED-PC IV\DATA\M_PEAK24P105


Start Date: 08/29/17
End Date: 08/29/17
Subject: P105
Experiment: IF-PICO
Group: 0
Box: 6
Start Time:  9:44:29
End Time: 11:38:08
MSN: Multiple_Peak
B:       0.000
C:       0.000
E:    4143.000
G:      20.000
H:    3200.000
J:       0.000
K:       0.000
L:       0.000
O:       0.000
P:       0.000
R:       0.000
S:       0.000
T:  681722.000
U:       0.000
W:       0.000
X:       0.000
Y:       0.000
Z:       0.000
A:
     0:        0.010      500.910      502.615     4352.625     4353.815
     5:     5746.135     5788.135     5831.135     5871.135     5912.135
    10:     5964.135     6012.135     6057.135     6192.135     6235.135
    15:     6283.135     6391.135     6484.135     6590.135     6594.135
    20:     6646.135     6706.135     6761.135     6857.135     6898.135
    25:     7083.135     7096.135     7173.135     7264.135     7277.135
    30:     7618.135     7667.135     7709.135     7744.135     7786.135
    35:     7835.135     7918.135     7973.135     7990.135     8071.135
    40:     8117.135     8189.135     8436.135     8523.135     8750.135
    45:     8789.135     8920.135     8971.135     9196.135     9207.135
    50:     9241.135     9278.135     9295.135     9343.135     9424.135
    55:     9462.135     9593.135     9638.135     9683.135     9973.135
    60:    10098.135    10140.135    10445.135    10521.135    10537.135
    65:    10612.135    10648.135    10696.135    11447.135    11665.135
    70:    11708.135    11793.135    11917.135    11953.135    12050.135
    75:    12053.825    12053.920    12068.411    13553.910    13555.611
    80:    14555.621    14556.711    14670.121    14745.121    14790.121
    85:    14893.121    14930.121    14999.121    15037.121    15079.121
    90:    15148.121    15228.121    15269.121    15319.121    15371.121
    95:    15377.121    15414.121    15595.721    15595.920    15595.901
   100:    15595.091    15895.902    17395.910    17397.614    20147.624
   105:    20148.714    20354.124    20389.124    20424.124    20463.124
   110:    20506.124    20589.124    20627.124    20663.124    20774.124
   115:    20811.124    20851.124    20892.124    20911.124    20946.124
   120:    21026.124    21034.124    21193.124    21234.124    21274.124
   125:    21314.124    21366.124    21399.124    21435.124    21471.124
   130:    21505.124    21627.124    21704.124    21745.124    21760.124
   135:    21796.124    21836.124    21882.124    21916.124    21969.124
   140:    22013.124    22102.124    22292.124    22365.124    22456.124
   145:    22488.124    22531.124    22563.124    22639.124    22678.124
   150:    22715.124    22844.124    22854.124    22892.124    22902.724
   155:    22902.920    22902.901    22902.094    23202.902    24702.910
   160:    24704.612    26104.622    26105.712    26280.122    26325.122
   165:    26400.122    26441.122    26486.122    26597.122    26645.122
   170:    26664.122    26755.122    26798.122    26917.122    26965.122
   175:    26981.122    27014.122    27085.122    27122.122    27165.122
   180:    27207.122    27216.122    27311.122    27346.122    27384.122
   185:    27403.122    27433.122    27472.122    27522.722    27522.920
   190:    27522.901    27522.092    27822.902    29322.910    29324.614
   195:    32074.624    32075.814    32344.134    32377.134    32461.134
   200:    32499.134    32620.134    32701.134    32816.134    32852.134
   205:    32885.134    32953.134    32994.134    33038.134    33054.134
   210:    33123.134    33138.134    33168.134    33180.134    33327.134
   215:    33366.134    33378.134    33451.134    33465.134    33538.134
   220:    33576.134    33615.134    33629.134    33723.134    33772.134
   225:    33905.134    33954.134    33991.134    34029.134    34065.134
   230:    34082.134    34117.134    34164.134    34182.134    34336.134
   235:    34420.134    34508.134    34519.134    34557.134    34596.134
   240:    34665.134    34675.134    34714.134    34768.134    34776.134
   245:    34866.134    34879.134    34987.134    35020.134    35058.134
   250:    35070.134    35169.134    35218.134    35287.134    35380.134
   255:    35466.134    35558.134    35569.134    35641.134    35676.134
   260:    35688.134    35722.134    35866.134    35899.134    35937.134
   265:    35985.134    36023.134    36086.134    36132.134    36168.134
   270:    36331.134    36345.134    36427.134    36472.134    36567.134
   275:    36689.134    36721.134    36760.134    36981.134    37145.134
   280:    37157.134    37316.134    37575.824    37575.920    39075.910
   285:    39077.611    40077.621    40078.711    40286.121    40327.121
   290:    40361.121    40399.121    40439.121    40474.121    40513.121
   295:    40551.121    40596.121    40636.121    40677.121    40734.121
   300:    40781.121    40826.121    40885.121    40929.121    41015.121
   305:    41141.721    41141.920    41141.901    41141.091    41441.902
   310:    42941.910    42943.613    44893.623    44894.713    45266.123
   315:    45306.123    45515.123    45550.123    45597.123    45639.123
   320:    45695.123    45743.123    45813.123    45847.123    45869.123
   325:    45896.123    45942.123    46070.123    46105.123    46148.123
   330:    46298.123    46371.123    46384.123    46418.123    46458.123
   335:    46468.123    46505.123    46540.123    46590.123    46626.123
   340:    46671.123    46707.123    46743.123    46774.123    46883.723
   345:    46883.920    46883.901    46883.093    47183.902    48683.910
   350:    48685.613    50635.623    50636.713    50807.123    50843.123
   355:    50911.123    50944.123    50981.123    51022.123    51071.123
   360:    51154.123    51244.123    51357.123    51429.123    51502.123
   365:    51578.123    51613.123    51659.123    51739.123    51771.123
   370:    51806.123    51848.123    51854.123    51908.123    51945.123
   375:    52021.123    52056.123    52070.123    52103.123    52197.123
   380:    52232.123    52260.123    52376.123    52427.123    52467.123
   385:    52519.123    52598.723    52598.920    52598.901    52598.093
   390:    52898.902    54398.910    54400.612    55800.622    55801.712
   395:    56007.122    56045.122    56198.122    56242.122    56277.122
   400:    56365.122    56397.122    56453.122    56491.122    56505.122
   405:    56613.122    56652.122    56730.122    56741.122    56785.122
   410:    56830.122    56866.122    56881.122    56919.122    56993.122
   415:    57009.122    57041.122    57078.122    57094.122    57133.122
   420:    57169.122    57173.122    57288.722    57288.920    57288.901
   425:    57288.092    57588.902    59088.910    59090.614    61840.624
   430:    61841.714    62072.124    62678.124    62716.124    62755.124
   435:    62792.124    62871.124    63006.124    63040.124    63078.124
   440:    63120.124    63164.124    63197.124    63238.124    63285.124
   445:    63291.124    63418.124    63459.124    63503.124    63699.124
   450:    63717.124    63832.124    63867.124    63901.124    64014.124
   455:    64084.124    64120.124    64134.124    64173.124    64227.124
   460:    64241.124    64274.124    64353.124    64392.124    64431.124
   465:    64542.124    64579.124    64615.724    64615.920    64615.901
   470:    64615.094    64915.902    66415.910    66417.611    67417.621
   475:    67418.711    67670.121    67704.121    67739.121    67774.121
   480:    67809.121    67849.121    67887.121    67973.121    68008.121
   485:    68043.121    68078.121    68147.121    68184.121    68213.121
   490:    68256.121    68293.121    68366.121    68371.121    68383.121
   495:    68456.721    68456.920    68456.901    68456.091    68756.902
   500:    70256.910    70258.611    71258.621    71259.711    71368.121
   505:    71415.121    71463.121    71511.121    71596.121    71641.121
   510:    71755.121    71803.121    71885.121    71919.121    72008.121
   515:    72023.121    72054.121    72164.121    72201.121    72215.121
   520:    72249.121    72302.721    72302.920    72302.901    72302.091
   525:    72602.902    74102.910    74104.614    76854.624    76855.714
   530:    77629.124    77772.124    77814.124    78059.124    78113.124
   535:    78157.124    78213.124    78436.124    78471.124    78546.124
   540:    78639.124    78670.124    78751.124    78763.124    78803.124
   545:    79038.124    79113.124    79190.124    79240.124    79326.124
   550:    79405.124    79457.124    79489.124    79522.124    79626.724
   555:    79626.920    79626.901    79626.094    79926.902    81426.910
   560:    81428.612    82828.622    82829.712    83023.122    83063.122
   565:    83113.122    83160.122    83168.122    83200.122    83210.122
   570:    83319.122    83355.122    83394.122    83432.122    83470.122
   575:    83512.122    83638.122    83679.122    83722.122    83759.122
   580:    83805.122    83852.122    83985.122    84000.122    84033.122
   585:    84071.122    84108.122    84185.122    84347.722    84347.920
   590:    84347.901    84347.092    84647.902    86147.910    86149.612
   595:    87549.622    87550.712    87640.122    87724.122    87771.122
   600:    87852.122    87891.122    87939.122    88026.122    88123.122
   605:    88138.122    88176.122    88222.122    88271.122    88361.122
   610:    88374.122    88413.122    88566.122    88649.122    88693.122
   615:    88709.122    88749.122    88794.122    88848.122    88925.122
   620:    88938.122    88973.722    88973.920    88973.901    88973.092
   625:    89273.902    90773.910    90775.615    94625.625    94626.715
   630:    94758.125    94812.125    94856.125    94915.125    95170.125
   635:    95212.125    95522.125    95577.125    95618.125    95680.125
   640:    95816.125    95865.125    95945.125    95984.125    96034.125
   645:    96077.125    96191.125    96232.125    96311.125    96326.125
   650:    96359.125    96454.125    96472.125    96512.125    96556.125
   655:    96858.125    96982.125    96996.125    97036.125    97078.125
   660:    97118.125    97161.125    97197.125    97241.125    97340.125
   665:    97379.125    97417.125    97435.125    97534.125    97571.125
   670:    97651.125    97689.125    97706.125    97745.125    97757.125
   675:    97815.125    97909.125    97949.125    97992.125    98029.125
   680:    98066.125    98107.125    98147.125    98293.125    98333.125
   685:    98374.125    98412.125    98455.125    98470.125    98609.725
   690:    98609.920    98609.901    98609.095    98909.902   100409.910
   695:   100411.612   101811.622   101812.712   101922.122   101960.122
   700:   102000.122   102046.122   102095.122   102100.122   102140.122
   705:   102186.122   102233.122   102282.122   102329.122   102371.122
   710:   102414.122   102461.122   102515.122   102603.122   102648.122
   715:   102692.122   102741.122   102786.122   102832.122   102873.122
   720:   102959.122   103042.122   103131.122   103152.122   103186.122
   725:   103267.722   103267.920   103267.901   103267.092   103567.902
   730:   105067.910   105069.613   107019.623   107020.713   108020.123
   735:   108063.123   108103.123   108142.123   108184.123   108226.123
   740:   108267.123   108307.123   108354.123   108411.123   108461.123
   745:   108510.123   108518.123   108609.123   108693.123   108733.123
   750:   108784.123   108838.123   108878.123   108937.123   108977.723
   755:   108977.920   108977.901   108977.093   109277.902   110777.910
   760:   110779.615   114629.625   114630.715   114987.125   115028.125
   765:   115075.125   115320.125   115357.125   115393.125   115430.125
   770:   115560.125   115595.125   115625.125   115636.125   115673.125
   775:   115680.125   115717.125   115819.125   115855.125   115941.125
   780:   116065.125   116108.125   116159.125   116194.125   116236.125
   785:   116246.125   116283.125   116334.125   116345.125   116527.125
   790:   116563.125   116613.125   116647.125   116706.125   116744.125
   795:   116784.125   116798.125   116995.125   117083.125   117124.125
   800:   117169.125   117208.125   117248.125   117287.125   117300.125
   805:   117335.125   117378.125   117462.125   117478.125   117611.125
   810:   117656.125   117671.125   117751.125   117848.125   117905.125
   815:   118032.125   118076.125   118195.125   118237.125   118275.125
   820:   118314.125   118592.725   118592.920   118592.901   118592.095
   825:   118892.902   120392.910   120394.612   121794.622   121795.712
   830:   121999.122   122039.122   122090.122   122145.122   122191.122
   835:   122235.122   122287.122   122333.122   122414.122   122455.122
   840:   122494.122   122534.122   122570.122   122616.122   122711.122
   845:   122754.122   122928.122   122973.122   123056.122   123073.122
   850:   123113.122   123126.122   123166.122   123206.722   123206.920
   855:   123206.901   123206.092   123506.902   125006.910   125008.615
   860:   128858.625   128859.715   129094.125   129142.125   129230.125
   865:   129266.125   129305.125   129536.125   129638.125   129825.125
   870:   129859.125   129905.125   129989.125   130000.125   130037.125
   875:   130042.125   130202.125   130237.125   130275.125   130284.125
   880:   130323.125   130329.125   130381.125   130395.125   130428.125
   885:   130485.125   130529.125   130572.125   130614.125   130665.125
   890:   130873.125   130951.125   130990.125   131031.125   131075.125
   895:   131088.125   131170.125   131182.125   131217.125   131257.125
   900:   131297.125   131457.125   131537.125   131717.125   131734.125
   905:   131769.125   131785.125   131865.125   131990.125   132086.125
   910:   132131.125   132292.125   132335.125   132381.125   132418.125
   915:   132459.125   132475.125   132632.125   132678.125   132761.725
   920:   132761.920   132761.901   132761.095   133061.902   134561.910
   925:   134563.613   136513.623   136514.713   137298.123   137378.123
   930:   137456.123   137502.123   137551.123   137614.123   137664.123
   935:   137713.123   137825.123   137873.123   137956.123   137995.123
   940:   138047.123   138218.123   138262.123   138309.123   138396.123
   945:   138411.123   138494.723   138494.920   138494.901   138494.093
   950:   138794.902   140294.910   140296.613   142246.623   142247.713
   955:   142388.123   142433.123   142471.123   142517.123   142645.123
   960:   142752.123   142792.123   142833.123   142874.123   142926.123
   965:   142973.123   143013.123   143060.123   143150.123   143193.123
   970:   143205.123   143287.123   143338.123   143424.123   143526.123
   975:   143570.123   143612.123   143747.123   143797.123   143976.123
   980:   144021.123   144068.123   144170.123   144185.123   144224.723
   985:   144224.920   144224.901   144224.093   144524.902   146024.910
   990:   146026.611   147026.621   147027.711   147306.121   147347.121
   995:   147422.121   147510.121   147548.121   147587.121   147626.121
  1000:   147669.121   147723.121   147831.121   147868.121   147907.121
  1005:   147943.121   147984.121   148105.721   148105.920   148105.901
  1010:   148105.091   148405.902   149905.910   149907.612   151307.622
  1015:   151308.712   151549.122   151698.122   151748.122   151872.122
  1020:   151909.122   151950.122   152071.122   152110.122   152149.122
  1025:   152187.122   152309.122   152359.122   152554.122   152563.122
  1030:   152602.122   152640.122   152681.122   152778.722   152778.920
  1035:   152778.901   152778.092   153078.902   154578.910   154580.612
  1040:   155980.622   155981.712   156857.122   156898.122   156949.122
  1045:   156999.122   157322.122   157363.122   157401.722   157401.920
  1050:   157401.901   157401.092   157701.902   159201.910   159203.615
  1055:   163053.625   163054.715   163933.125   163974.125   163988.125
  1060:   164031.125   164125.125   164403.125   164444.125   164669.125
  1065:   164716.125   164902.125   164940.125   165194.125   165233.125
  1070:   165326.125   165525.125   165562.125   165616.125   165701.125
  1075:   165790.125   165852.125   165873.125   165915.125   166031.125
  1080:   166076.125   166256.125   166297.125   166501.125   166544.125
  1085:   166618.125   166659.125   166709.125   166714.125   166939.725
  1090:   166939.920   166939.901   166939.095   167239.902   168739.910
  1095:   168741.612   170141.622   170142.712   170322.122   170363.122
  1100:   170406.122   170467.122   170516.122   170573.122   170624.122
  1105:   170674.122   170750.122   170795.122   170830.122   170877.122
  1110:   170918.122   170998.122   171037.122   171073.122   171113.122
  1115:   171152.122   171195.122   171238.122   171332.122   171928.722
  1120:   171928.920   171928.901   171928.092   172228.902   173728.910
  1125:   173730.612   175130.622   175131.812   175233.132   175277.132
  1130:   175353.132   175489.132   175537.132   175604.132   175784.132
  1135:   175841.132   175927.132   175984.132   176031.132   176118.132
  1140:   176174.132   176344.132   176386.132   176425.132   176511.132
  1145:   176526.132   176563.132   176699.132   176747.132   176786.132
  1150:   176925.132   177002.132   177048.132   177092.132   177131.132
  1155:   177195.132   177256.132   177380.132   177422.132   177501.132
  1160:   177544.132   177601.132   177754.132   177801.132   177886.132
  1165:   177897.132   177934.132   178040.132   178081.132   178126.132
  1170:   178207.132   178346.132   178390.132   178432.132   178603.132
  1175:   178731.822   178731.920   180231.910   180233.615   184083.625
  1180:   184084.715   188087.725   188087.920   188087.901   188087.095
  1185:   188387.902   189887.910   189889.612   191289.622   191290.812
  1190:   191573.132   191624.132   191664.132   191707.132   191837.132
  1195:   192038.132   192079.132   192217.132   192507.132   192611.132
  1200:   193142.132   193246.132   193293.132   193336.132   193375.132
  1205:   193494.132   193509.132   193547.132   193605.132   193815.132
  1210:   193856.132   193915.132   193930.132   193970.132   194008.132
  1215:   194290.132   194379.132   194421.132   194504.132   194787.132
  1220:   194852.132   194890.822   194890.920   194904.411   194919.411
  1225:   196390.910   196392.613   198342.623   198343.713   198751.123
  1230:   198833.123   198877.123   199071.123   199121.123   199162.123
  1235:   199260.123   199475.123   199520.123   199564.123   199684.123
  1240:   199781.123   199792.123   199828.123   199886.123   199904.123
  1245:   199941.123   199993.123   200162.123   200241.123   200277.123
  1250:   200315.723   200315.920   200315.901   200315.093   200615.902
  1255:   202115.910   202117.613   204067.623   204068.713   204287.123
  1260:   204795.123   204956.123   205189.123   205416.123   205429.123
  1265:   205469.123   205555.123   205618.123   205706.123   205751.123
  1270:   205793.123   205833.123   205880.123   205887.123   205943.123
  1275:   205992.123   206181.723   206181.920   206181.901   206181.093
  1280:   206481.902   207981.910   207983.614   210733.624   210734.814
  1285:   211034.134   211083.134   211263.134   211304.134   211388.134
  1290:   211466.134   211510.134   211640.134   211688.134   211768.134
  1295:   211808.134   211900.134   211913.134   211950.134   211989.134
  1300:   212004.134   212041.134   212187.134   212200.134   212240.134
  1305:   212252.134   212293.134   212335.134   212377.134   212439.134
  1310:   212612.134   212657.134   212697.134   212740.134   212754.134
  1315:   212788.134   212831.134   212922.134   212932.134   213118.134
  1320:   213160.134   213247.134   213259.134   213298.134   213360.134
  1325:   213581.134   213593.134   213638.134   213778.134   213791.134
  1330:   213828.134   213845.134   214014.134   214059.134   214074.134
  1335:   214407.134   214422.134   214506.134   214600.134   214644.134
  1340:   214733.134   214814.134   214853.134   214893.134   214931.134
  1345:   215227.134   215238.134   215325.134   215364.134   215402.134
  1350:   215440.134   215482.134   215520.134   215561.134   215599.134
  1355:   215614.134   215657.134   216004.134   216048.134   216084.134
  1360:   216121.134   216162.134   216234.824   216234.920   217734.910
  1365:   217736.614   220486.624   220487.714   220795.124   220841.124
  1370:   220881.124   220921.124   220962.124   221007.124   221045.124
  1375:   221078.124   221118.124   221154.124   221191.124   221243.124
  1380:   221251.124   221413.124   221452.124   221490.124   221532.124
  1385:   221571.124   221614.124   221651.124   221668.124   221702.124
  1390:   221736.124   221782.124   221835.124   221887.124   221952.124
  1395:   222010.124   222027.124   222068.124   222074.124   222206.124
  1400:   222260.124   222393.124   222433.124   222489.124   222552.124
  1405:   222564.124   222604.124   222656.124   222836.124   222878.124
  1410:   222916.124   222937.124   222975.124   223038.124   223131.124
  1415:   223141.124   223400.724   223400.920   223400.901   223400.094
  1420:   223700.902   225200.910   225202.611   226202.621   226203.711
  1425:   226758.121   226799.121   226838.121   226874.121   226912.121
  1430:   226999.121   227038.121   227086.121   227144.121   227195.121
  1435:   227244.721   227244.920   227244.901   227244.091   227544.902
  1440:   229044.910   229046.611   230046.621   230047.811   230194.131
  1445:   230268.131   230319.131   230371.131   230487.131   230526.131
  1450:   230563.131   230599.131   230645.131   231035.131   231087.131
  1455:   231101.131   231137.131   231180.131   231195.131   231235.131
  1460:   231252.131   231308.131   231721.131   231768.131   231812.131
  1465:   231848.131   231885.131   231919.131   231961.131   232018.131
  1470:   232418.131   232433.131   232471.131   232521.131   232827.131
  1475:   232876.131   233032.131   233043.131   233247.821   233247.920
  1480:   234747.910   234749.615   238599.625   238600.715   240073.125
  1485:   240125.125   240202.125   240246.125   240493.125   240538.125
  1490:   240747.125   240788.125   240834.125   241066.125   241109.125
  1495:   241149.125   241396.125   241436.125   241483.125   242106.125
  1500:   242161.125   242203.125   242243.125   242294.125   242674.725
  1505:   242674.920   242674.901   242674.095   242974.902   244474.910
  1510:   244476.613   246426.623   246427.813   246559.133   246731.133
  1515:   246774.133   246791.133   246874.133   246920.133   247123.133
  1520:   247210.133   247342.133   247420.133   247614.133   247649.133
  1525:   247737.133   247780.133   247866.133   247930.133   247971.133
  1530:   248139.133   248241.133   248258.133   248626.133   248664.133
  1535:   248704.133   248749.133   248789.133   249104.133   249141.133
  1540:   249180.133   249238.133   249285.133   249557.133   249593.133
  1545:   249628.133   249675.133   249682.133   249722.133   249894.133
  1550:   249943.133   249979.133   250018.133   250053.133   250131.133
  1555:   250185.133   250221.133   250244.133   250287.133   250330.133
  1560:   250577.133   250627.823   250627.920   250639.411   252127.910
  1565:   252129.614   254879.624   254880.714   255240.124   255289.124
  1570:   255371.124   255449.124   255673.124   255722.124   255760.124
  1575:   255821.124   255896.124   256073.124   256122.124   256316.124
  1580:   256355.124   256419.124   256462.124   256531.124   256657.124
  1585:   256937.124   256985.124   257030.124   257360.124   257422.124
  1590:   257435.124   257793.724   257793.920   257793.901   257793.094
  1595:   258093.902   259593.910   259595.612   260995.622   260996.712
  1600:   261186.122   261228.122   261276.122   261321.122   261379.122
  1605:   261429.122   261524.122   261565.122   261605.122   261647.122
  1610:   261707.122   261744.122   261785.122   261895.122   261928.122
  1615:   261962.122   262150.122   262191.122   262233.122   262314.122
  1620:   262356.122   262399.722   262399.920   262399.901   262399.092
  1625:   262699.902   264199.910   264201.614   266951.624   266952.714
  1630:   267307.124   267358.124   267522.124   267753.124   267846.124
  1635:   267897.124   267940.124   267994.124   268232.124   268272.124
  1640:   268318.124   268370.124   268505.124   268607.124   268646.124
  1645:   268771.124   268904.124   268923.124   268965.124   269020.124
  1650:   269084.124   269261.124   269303.124   269395.124   269432.124
  1655:   269480.124   269537.124   269572.124   269611.124   269836.724
  1660:   269836.920   269836.901   269836.094   270136.902   271636.910
  1665:   271638.611   272638.621   272639.711   272712.121   272769.121
  1670:   272819.121   272824.121   272910.121   272949.121   273047.121
  1675:   273085.121   273175.121   273211.121   273232.121   273269.121
  1680:   273353.121   273386.121   273425.121   273467.121   273525.121
  1685:   273540.121   273661.721   273661.920   273661.901   273661.091
  1690:   273961.902   275461.910   275463.613   277413.623   277414.713
  1695:   277631.123   277772.123   277827.123   277952.123   277991.123
  1700:   278036.123   278084.123   278408.123   278459.123   278499.123
  1705:   278766.123   278814.123   278895.123   278935.123   278970.123
  1710:   279181.123   279229.123   279269.123   279314.123   279351.123
  1715:   279390.723   279390.920   279390.901   279390.093   279690.902
  1720:   281190.910   281192.611   282192.621   282193.711   282383.121
  1725:   282428.121   282509.121   282523.121   282599.121   282638.121
  1730:   282683.121   282771.121   282806.121   282845.121   282884.121
  1735:   282920.121   282963.121   283009.121   283129.121   283171.121
  1740:   283261.721   283261.920   283261.901   283261.091   283561.902
  1745:   285061.910   285063.614   287813.624   287814.714   287965.124
  1750:   288203.124   288243.124   288286.124   288322.124   288357.124
  1755:   288403.124   288532.124   288577.124   288764.124   288811.124
  1760:   288856.124   288901.124   289051.124   289086.124   289334.124
  1765:   289375.124   289428.124   289469.124   289515.124   289774.124
  1770:   289785.124   289819.124   289908.124   289987.124   290025.124
  1775:   290118.124   290130.124   290275.124   290430.124   290467.124
  1780:   290508.124   290686.724   290686.920   290686.901   290686.094
  1785:   290986.902   292486.910   292488.614   295238.624   295239.814
  1790:   295968.134   296065.134   296469.134   296514.134   296573.134
  1795:   296623.134   296723.134   296767.134   296801.134   296837.134
  1800:   296851.134   296886.134   296978.134   297026.134   297240.134
  1805:   297322.134   297461.134   297503.134   297559.134   297606.134
  1810:   297618.134   297658.134   297695.134   297751.134   297764.134
  1815:   297777.134   297832.134   297846.134   297859.134   297899.134
  1820:   298076.134   298125.134   298164.134   298201.134   298302.134
  1825:   298340.134   298483.134   298527.134   298571.134   298630.134
  1830:   298641.134   298683.134   298696.134   298854.134   298911.134
  1835:   298924.134   298967.134   299048.134   299092.134   299135.134
  1840:   299145.134   299191.134   299239.134   299273.134   299447.134
  1845:   299552.134   299592.134   299679.134   299691.134   299730.134
  1850:   299776.134   299825.134   299903.134   299944.134   300036.134
  1855:   300076.134   300089.134   300167.134   300207.134   300329.134
  1860:   300386.134   300428.134   300466.134   300504.134   300543.134
  1865:   300739.824   300739.920   302239.910   302241.615   306091.625
  1870:   306092.815   306326.135   306394.135   306473.135   306551.135
  1875:   306592.135   306635.135   306672.135   306712.135   306721.135
  1880:   306770.135   306817.135   306909.135   306948.135   307032.135
  1885:   307085.135   307103.135   307331.135   307414.135   307510.135
  1890:   307593.135   307647.135   307778.135   307788.135   307830.135
  1895:   307844.135   307978.135   308140.135   308190.135   308235.135
  1900:   308323.135   308386.135   308422.135   308463.135   308650.135
  1905:   308670.135   309073.135   309125.135   309269.135   309313.135
  1910:   309359.135   309517.135   309761.135   309802.135   309843.135
  1915:   309967.135   310020.135   310224.135   310268.135   310364.135
  1920:   310401.135   310442.135   310610.135   310664.135   311087.135
  1925:   311135.135   311183.135   311204.135   311296.135   311343.135
  1930:   311398.135   311560.135   311577.135   311668.135   311705.135
  1935:   311952.135   311964.135   312006.135   312169.135   312230.135
  1940:   312296.135   312596.135   312637.135   312716.135   312769.135
  1945:   312825.135   312884.135   312946.135   313181.135   313194.135
  1950:   313550.135   313597.135   313638.135   313687.135   313731.135
  1955:   313777.135   313792.825   313792.920   315292.910   315294.613
  1960:   317244.623   317245.713   317477.123   317520.123   317563.123
  1965:   317603.123   317686.123   317731.123   317774.123   317858.123
  1970:   317941.123   318021.123   318064.123   318238.123   318280.123
  1975:   318343.123   318395.123   318436.123   318452.123   318489.123
  1980:   318670.123   318685.123   318724.123   318768.123   318812.123
  1985:   318821.123   318863.123   318868.123   318928.123   318946.123
  1990:   318996.123   319011.123   319056.123   319073.123   319233.723
  1995:   319233.920   319233.901   319233.093   319533.902   321033.910
  2000:   321035.615   324885.625   324886.715   325426.125   325465.125
  2005:   325506.125   325549.125   325588.125   325631.125   325690.125
  2010:   325731.125   325812.125   325850.125   325889.125   325972.125
  2015:   326082.125   326140.125   326186.125   326225.125   326233.125
  2020:   326320.125   326361.125   326401.125   326524.125   326534.125
  2025:   326625.125   326719.125   326762.125   326776.125   326811.125
  2030:   326947.125   327002.125   327043.125   327125.125   327143.125
  2035:   327235.125   327251.125   327467.125   327570.125   327950.125
  2040:   328115.125   328129.125   328167.125   328325.125   328370.125
  2045:   328430.125   328444.125   328669.125   328732.125   328864.725
  2050:   328864.920   328864.901   328864.095   329164.902   330664.910
  2055:   330666.615   334516.625   334517.715   334956.125   334998.125
  2060:   335036.125   335267.125   335303.125   335338.125   335391.125
  2065:   335887.125   335932.125   335973.125   336009.125   336049.125
  2070:   336084.125   336134.125   336308.125   336345.125   336384.125
  2075:   336430.125   336575.125   336615.125   336692.125   336709.125
  2080:   336966.125   336979.125   337022.125   337033.125   337074.125
  2085:   337117.125   337164.125   337201.125   337280.125   337319.125
  2090:   337361.125   337375.125   337715.125   337759.125   337795.125
  2095:   337859.125   337957.125   337997.125   338040.125   338126.125
  2100:   338218.125   338358.125   338393.725   338393.920   338393.901
  2105:   338393.095   338693.902   340193.910   340195.613   342145.623
  2110:   342146.713   342407.123   342607.123   342644.123   342690.123
  2115:   342817.123   342861.123   343003.123   343057.123   343097.123
  2120:   343500.123   343548.123   343585.123   343777.123   343874.123
  2125:   343909.123   344034.123   344125.723   344125.920   344125.901
  2130:   344125.093   344425.902   345925.910   345927.613   347877.623
  2135:   347878.713   348160.123   348248.123   348289.123   348467.123
  2140:   348526.123   348765.123   348810.123   348888.123   348926.123
  2145:   349009.123   349100.123   349153.123   349240.123   349471.123
  2150:   349568.123   349608.123   349645.123   349686.123   349702.123
  2155:   349758.123   349768.123   349806.123   349853.723   349853.920
  2160:   349853.901   349853.093   350153.902   351653.910   351655.615
  2165:   355505.625   355506.715   356696.125   356741.125   356873.125
  2170:   356909.125   356949.125   356995.125   356999.125   357083.125
  2175:   357094.125   357129.125   357321.125   357357.125   357395.125
  2180:   357431.125   357509.125   357523.125   357554.125   357570.125
  2185:   357692.125   357729.125   357768.125   357813.125   357856.125
  2190:   357891.125   357952.125   358000.125   358055.125   358090.125
  2195:   358258.125   358305.125   358343.125   358389.125   358478.125
  2200:   358640.125   358652.125   358693.125   358729.125   358741.125
  2205:   358844.125   358885.125   358926.125   358966.125   359003.125
  2210:   359021.125   359066.125   359074.125   359258.125   359340.125
  2215:   359418.725   359418.920   359418.901   359418.095   359718.902
  2220:   361218.910   361220.612   362620.622   362621.712   362998.122
  2225:   363036.122   363252.122   363295.122   363349.122   363386.122
  2230:   363420.122   363499.122   363541.122   363664.122   363747.122
  2235:   363790.122   363828.122   363841.122   363897.122   363934.122
  2240:   363976.122   364028.722   364028.920   364028.901   364028.092
  2245:   364328.902   365828.910   365830.611   366830.621   366831.711
  2250:   366983.121   367058.121   367095.121   367129.121   367195.121
  2255:   367286.121   367298.121   367333.121   367368.121   367503.121
  2260:   367583.121   367662.121   367707.121   367742.121   367795.121
  2265:   367834.721   367834.920   367834.901   367834.091   368134.902
  2270:   369634.910   369636.612   371036.622   371037.812   371134.132
  2275:   371178.132   371228.132   371318.132   371466.132   371521.132
  2280:   371560.132   371573.132   371610.132   371655.132   371715.132
  2285:   371754.132   371812.132   371860.132   371976.132   372023.132
  2290:   372102.132   372141.132   372155.132   372197.132   372241.132
  2295:   372317.132   372329.132   372365.132   372381.132   372424.132
  2300:   372440.132   372474.132   372483.132   372577.132   372630.132
  2305:   372671.132   372730.132   372811.132   372889.132   372927.132
  2310:   373065.132   373114.132   373154.132   373196.132   373209.132
  2315:   373244.132   373385.132   373524.132   373533.132   373573.132
  2320:   373588.132   373754.132   373808.132   373933.132   373979.132
  2325:   374035.132   374187.132   374328.132   374530.132   374617.132
  2330:   374637.822   374637.920   376137.910   376139.613   378089.623
  2335:   378090.713   378555.123   378626.123   378698.123   378779.123
  2340:   378872.123   378887.123   378919.123   378936.123   378973.123
  2345:   379173.123   379207.123   379245.123   379282.123   379490.123
  2350:   379531.123   379543.123   379582.123   379717.123   379866.123
  2355:   379959.123   379977.123   380013.123   380096.723   380096.920
  2360:   380096.901   380096.093   380396.902   381896.910   381898.612
  2365:   383298.622   383299.812   383447.132   383515.132   383643.132
  2370:   383681.132   383724.132   383781.132   383866.132   383960.132
  2375:   383999.132   384037.132   384210.132   384257.132   384295.132
  2380:   384546.132   384560.132   384601.132   384660.132   384697.132
  2385:   384746.132   384784.132   384837.132   384849.132   384889.132
  2390:   384899.132   384945.132   384987.132   385067.132   385105.132
  2395:   385141.132   385177.132   385219.132   385258.132   385264.132
  2400:   385373.132   385455.132   385505.132   385567.132   385584.132
  2405:   385614.132   385696.132   385707.132   385792.132   385832.132
  2410:   385870.132   385907.132   385979.132   385994.132   386033.132
  2415:   386331.132   386340.132   386464.132   386508.132   386521.132
  2420:   386559.132   386801.132   386843.132   386899.822   386899.920
  2425:   388399.910   388401.615   392251.625   392252.715   392498.125
  2430:   392556.125   392745.125   393177.125   393187.125   393275.125
  2435:   393360.125   393399.125   393437.125   393520.125   393665.125
  2440:   393676.125   393720.125   393736.125   393815.125   393853.125
  2445:   393864.125   393906.125   393918.125   393957.125   393994.125
  2450:   394048.125   394258.125   394341.125   394353.125   394522.125
  2455:   394566.125   394648.125   394693.125   394752.125   394804.125
  2460:   394844.125   394859.125   394893.125   395104.125   395143.125
  2465:   395285.125   395300.125   395408.125   395460.125   395498.125
  2470:   395567.125   395616.125   395910.125   395951.125   395968.125
  2475:   396254.725   396254.920   396254.901   396254.095   396554.902
  2480:   398054.910   398056.615   401906.625   401907.715   402402.125
  2485:   402454.125   402458.125   402543.125   402588.125   402683.125
  2490:   402860.125   402905.125   402997.125   403041.125   403085.125
  2495:   403090.125   403205.125   403248.125   403253.125   403394.125
  2500:   403431.125   403445.125   403484.125   403530.125   403677.125
  2505:   403713.125   403764.125   403775.125   403813.125   404097.125
  2510:   404136.125   404176.125   404266.125   404461.125   404475.125
  2515:   404593.125   404670.125   404712.125   404746.125   404793.125
  2520:   404804.125   404974.125   405019.125   405057.125   405097.125
  2525:   405146.125   405152.125   405364.125   405406.125   405447.125
  2530:   405488.125   405500.125   405596.125   405728.125   405836.725
  2535:   405836.920   405836.901   405836.095   406136.902   407636.910
  2540:   407638.611   408638.621   408639.711   408734.121   408772.121
  2545:   408818.121   408868.121   408985.121   409022.121   409058.121
  2550:   409098.121   409190.121   409226.121   409307.121   409320.121
  2555:   409360.121   409404.121   409462.121   409541.121   409585.121
  2560:   409628.121   409670.721   409670.920   409670.901   409670.091
  2565:   409970.902   411470.910   411472.613   413422.623   413423.713
  2570:   413493.123   413540.123   413672.123   413799.123   413840.123
  2575:   413929.123   413970.123   414010.123   414162.123   414204.123
  2580:   414254.123   414296.123   414308.123   414415.123   414463.123
  2585:   414502.123   414539.123   414586.123   414642.123   414660.123
  2590:   414696.123   415155.123   415168.123   415207.123   415250.123
  2595:   415266.123   415312.123   415613.723   415613.920   415613.901
  2600:   415613.093   415913.902   417413.910   417415.611   418415.621
  2605:   418416.811   418610.131   418733.131   418849.131   418898.131
  2610:   419015.131   419056.131   419185.131   419265.131   419301.131
  2615:   419397.131   419435.131   419476.131   419487.131   419523.131
  2620:   419599.131   419637.131   419676.131   419719.131   419809.131
  2625:   419854.131   419894.131   419988.131   420001.131   420037.131
  2630:   420076.131   420180.131   420189.131   420227.131   420281.131
  2635:   420323.131   420464.131   420516.131   420560.131   420641.131
  2640:   420650.131   421028.131   421073.131   421115.131   421188.131
  2645:   421230.131   421242.131   421281.131   421319.131   421365.131
  2650:   421379.131   421421.131   421463.131   421616.821   421616.920
  2655:   423116.910   423118.612   424518.622   424519.712   425530.122
  2660:   425749.122   425877.122   425920.722   425920.920   425920.901
  2665:   425920.092   426220.902   427720.910   427722.611   428722.621
  2670:   428723.711   428800.121   428990.121   429054.121   429246.121
  2675:   429298.121   429352.121   429451.121   429501.121   429549.121
  2680:   429764.721   429764.920   429764.901   429764.091   430064.902
  2685:   431564.910   431566.611   432566.621   432567.711   432640.121
  2690:   432695.121   432707.121   432752.121   432800.121   432844.121
  2695:   432889.121   432937.121   433029.121   433070.121   433108.121
  2700:   433178.121   433218.121   433306.121   433349.121   433462.121
  2705:   433506.121   433553.121   433569.721   433569.920   433569.901
  2710:   433569.091   433869.902   435369.910   435371.613   437321.623
  2715:   437322.813   437604.133   437972.133   438023.133   438064.133
  2720:   438411.133   438550.133   438682.133   438720.133   438859.133
  2725:   438898.133   438910.133   438951.133   439030.133   439114.133
  2730:   439201.133   439236.133   439275.133   439370.133   439383.133
  2735:   439516.133   439559.133   439599.133   439703.133   439717.133
  2740:   439891.133   439929.133   440115.133   440125.133   440165.133
  2745:   440206.133   440446.133   440500.133   440542.133   440580.133
  2750:   440624.133   440683.133   440770.133   440817.133   440860.133
  2755:   440905.133   440917.133   441046.133   441099.133   441138.133
  2760:   441351.133   441410.133   441423.133   441522.823   441522.920
  2765:   443022.910   443024.612   444424.622   444425.712   444566.122
  2770:   444611.122   444969.122   445025.122   445115.122   445159.122
  2775:   445279.122   445327.122   445345.122   445385.122   445573.122
  2780:   445628.122   445940.722   445940.920   445940.901   445940.092
  2785:   446240.902   447740.910   447742.615   451592.625   451593.815
  2790:   452228.135   452275.135   452355.135   452485.135   452519.135
  2795:   452596.135   452703.135   452885.135   452918.135   452951.135
  2800:   453023.135   453068.135   453106.135   453191.135   453488.135
  2805:   453524.135   453559.135   453655.135   453665.135   453719.135
  2810:   453736.135   453779.135   453831.135   453951.135   453963.135
  2815:   454043.135   454330.135   454342.135   454469.135   454551.135
  2820:   454790.135   454810.135   454846.135   454886.135   455021.135
  2825:   455036.135   455111.135   455391.135   455427.135   455463.135
  2830:   455646.135   455661.135   455954.135   456001.135   456195.135
  2835:   456249.135   456334.135   456508.135   456576.135   456903.135
  2840:   456946.135   457402.135   457741.135   457797.135   457894.135
  2845:   458072.135   458189.135   458380.135   458519.135   458711.135
  2850:   458757.135   458803.135   458917.135   458953.135   459213.135
  2855:   459293.825   459293.920   460793.910   460795.613   462745.623
  2860:   462746.713   463106.123   463179.123   463288.123   463575.123
  2865:   463628.123   463850.123   463949.123   464005.123   464056.123
  2870:   464110.123   464169.123   464329.123   464510.123   464552.123
  2875:   464607.123   464646.123   464726.723   464726.920   464726.901
  2880:   464726.093   465026.902   466526.910   466528.614   469278.624
  2885:   469279.714   469500.124   469576.124   469614.124   470022.124
  2890:   470067.124   470128.124   470295.124   470309.124   470402.124
  2895:   470486.124   470523.124   470648.124   470658.124   470735.124
  2900:   470788.124   470892.124   470925.124   470962.124   470997.124
  2905:   471088.124   471098.124   471175.124   471216.124   471249.124
  2910:   471455.124   471471.124   471509.124   471814.124   471851.124
  2915:   471889.124   471923.124   471936.124   471978.124   472034.724
  2920:   472034.920   472034.901   472034.094   472334.902   473834.910
  2925:   473836.614   476586.624   476587.714   477286.124   477379.124
  2930:   477488.124   477579.124   478039.124   478074.124   478109.124
  2935:   478198.124   478435.124   478442.124   478476.124   478489.124
  2940:   478588.124   478621.124   478705.124   478717.124   478756.124
  2945:   478788.124   478864.124   478898.124   478912.124   479072.124
  2950:   479108.124   479143.124   479213.124   479249.124   479289.124
  2955:   479301.124   479336.124   479532.724   479532.920   479532.901
  2960:   479532.094   479832.902   481332.910   481334.615   485184.625
  2965:   485185.715   485297.125   485700.125   485810.125   485859.125
  2970:   485996.125   486004.125   486215.125   486227.125   486268.125
  2975:   486447.125   486484.125   486494.125   486529.125   486813.125
  2980:   486930.125   486939.125   487132.125   487146.125   487235.125
  2985:   487277.125   487339.125   487381.125   487463.125   487538.125
  2990:   487583.125   487667.125   487703.125   487737.125   487754.125
  2995:   487833.125   488039.125   488050.125   488087.125   488188.125
  3000:   488224.125   488294.125   488307.125   488346.125   488431.125
  3005:   488470.125   488554.125   488655.125   488666.125   488706.125
  3010:   488918.125   488956.125   489116.725   489116.920   489116.901
  3015:   489116.095   489416.902   490916.910   490918.615   494768.625
  3020:   494769.815   495329.135   495376.135   495587.135   495625.135
  3025:   495685.135   495727.135   495990.135   496035.135   496081.135
  3030:   496293.135   496442.135   496485.135   496727.135   496767.135
  3035:   496904.135   496995.135   497042.135   497057.135   497098.135
  3040:   497130.135   497166.135   497304.135   497337.135   497490.135
  3045:   497525.135   497583.135   497656.135   497690.135   497726.135
  3050:   497765.135   497939.135   497980.135   498096.135   498138.135
  3055:   498153.135   498187.135   498202.135   498238.135   498247.135
  3060:   498290.135   498307.135   498438.135   498472.135   498564.135
  3065:   498602.135   498681.135   498692.135   498862.135   498871.135
  3070:   499089.135   499127.135   499168.135   499184.135   499374.135
  3075:   499390.135   499430.135   499925.135   499963.135   500002.135
  3080:   500088.135   500139.135   500186.135   500236.135   500239.135
  3085:   500273.135   500397.135   500728.135   500857.135   500958.135
  3090:   501059.135   501154.135   501335.135   501396.135   501551.135
  3095:   501801.135   502029.135   502203.135   502469.825   502469.920
  3100:   502474.411   502493.411   502540.411   503969.910   503971.611
  3105:   504971.621   504972.711   505204.121   505251.121   505300.121
  3110:   505347.121   505393.121   505444.121   505494.121   505545.121
  3115:   505688.121   505722.121   505842.121   506376.721   506376.920
  3120:   506376.901   506376.091   506676.902   508176.910   508178.614
  3125:   510928.624   510929.714   512028.124   512161.124   512217.124
  3130:   512301.124   512361.124   512487.124   512636.124   512793.124
  3135:   512892.124   512901.124   512939.124   513109.124   513156.124
  3140:   513239.124   513295.124   513327.124   513579.124   513628.124
  3145:   513731.724   513731.920   513731.901   513731.094   514031.902
  3150:   515531.910   515533.611   516533.621   516534.811   517207.131
  3155:   517247.131   517288.131   517333.131   517375.131   517418.131
  3160:   517459.131   517495.131   517556.131   517638.131   517674.131
  3165:   517750.131   517787.131   517828.131   517871.131   517914.131
  3170:   517952.131   517992.131   518032.131   518072.131   518109.131
  3175:   518149.131   518190.131   518229.131   518286.131   518405.131
  3180:   518509.131   518519.131   518570.131   518617.131   518659.131
  3185:   518779.131   518816.131   518897.131   518935.131   518947.131
  3190:   518986.131   518994.131   519045.131   519102.131   519315.131
  3195:   519397.131   519438.131   519453.131   519489.131   519610.131
  3200:   519663.131   519734.821   519734.920   521234.910   521236.612
  3205:   522636.622   522637.812   522820.132   522862.132   522900.132
  3210:   522940.132   522991.132   523078.132   523124.132   523169.132
  3215:   523286.132   523363.132   523380.132   523426.132   523539.132
  3220:   523616.132   523668.132   523679.132   523716.132   523755.132
  3225:   523770.132   523945.132   523987.132   524002.132   524043.132
  3230:   524086.132   524102.132   524140.132   524411.132   524452.132
  3235:   524462.132   524499.132   524519.132   524607.132   524619.132
  3240:   524670.132   524902.132   524914.132   525015.132   525102.132
  3245:   525113.132   525150.132   525193.132   525234.132   525398.132
  3250:   525674.132   525727.132   525776.132   526237.822   526237.920
  3255:   527737.910   527739.614   530489.624   530490.714   531039.124
  3260:   531092.124   531624.124   531663.124   531724.124   531886.124
  3265:   531931.124   532045.124   532095.124   532131.124   532173.124
  3270:   532184.124   532232.124   532401.124   532443.124   532576.124
  3275:   532615.124   532627.124   532663.124   532702.124   532720.124
  3280:   532865.124   532926.124   533021.124   533078.124   533085.124
  3285:   533223.124   533270.724   533270.920   533270.901   533270.094
  3290:   533570.902   535070.910   535072.615   538922.625   538923.715
  3295:   539180.125   539232.125   539356.125   539515.125   539560.125
  3300:   539608.125   539734.125   539768.125   539784.125   539822.125
  3305:   539905.125   539954.125   539994.125   540035.125   540079.125
  3310:   540130.125   540243.125   540279.125   540553.125   540591.125
  3315:   540633.125   540729.125   540816.125   540884.125   540997.125
  3320:   541074.125   541084.125   541263.125   541320.125   541335.125
  3325:   541381.125   541395.125   541473.125   541564.125   541606.125
  3330:   541779.125   541822.125   541879.125   541937.125   542090.125
  3335:   542127.125   542138.125   542227.125   542367.125   542405.125
  3340:   542442.125   542494.125   543106.725   543106.920   543106.901
  3345:   543106.095   543406.902   544906.910   544908.612   546308.622
  3350:   546309.712   546387.122   546434.122   546531.122   546575.122
  3355:   546661.122   546700.122   546782.122   546818.122   546894.122
  3360:   546933.122   546942.122   546974.122   547024.122   547159.122
  3365:   547198.122   547209.122   547242.122   547261.122   547305.122
  3370:   547527.122   547541.122   547671.122   547727.722   547727.920
  3375:   547727.901   547727.092   548027.902   549527.910   549529.613
  3380:   551479.623   551480.713   551562.123   551853.123   552039.123
  3385:   552095.123   552159.123   552230.123   552361.123   552505.123
  3390:   552675.123   552719.123   552772.123   552907.123   552953.123
  3395:   552967.123   553039.123   553118.123   553131.123   553180.123
  3400:   553224.123   553455.723   553455.920   553455.901   553455.093
  3405:   553755.902   555255.910   555257.615   559107.625   559108.715
  3410:   559625.125   560144.125   560197.125   560324.125   560611.125
  3415:   560660.125   560715.125   560759.125   560801.125   560851.125
  3420:   560965.125   561002.125   561047.125   561236.125   561274.125
  3425:   561364.125   561513.125   561549.125   561674.125   561685.125
  3430:   561720.125   561732.125   561776.125   561823.125   561953.125
  3435:   561969.125   562049.125   562085.125   562123.125   562135.125
  3440:   562313.125   562354.125   562433.125   562472.125   562484.125
  3445:   562521.125   562608.125   562645.125   562658.125   562833.125
  3450:   562915.125   562954.125   562994.725   562994.920   562994.901
  3455:   562994.095   563294.902   564794.910   564796.614   567546.624
  3460:   567547.714   568303.124   568351.124   568619.124   568658.124
  3465:   568710.124   568745.124   568779.124   568814.124   568849.124
  3470:   568865.124   568938.124   568974.124   569055.124   569092.124
  3475:   569108.124   569146.124   569268.124   569347.124   569363.124
  3480:   569436.124   569488.124   569502.124   569537.124   569577.124
  3485:   569619.124   569705.124   569718.124   569802.124   569934.124
  3490:   569947.124   569984.124   570024.124   570180.124   570225.124
  3495:   570270.124   570309.724   570309.920   570309.901   570309.094
  3500:   570609.902   572109.910   572111.614   574861.624   574862.714
  3505:   575152.124   575447.124   575484.124   575524.124   575555.124
  3510:   575831.124   575867.124   575903.124   575938.124   575970.124
  3515:   576200.124   576245.124   576280.124   576316.124   576360.124
  3520:   576514.124   576554.124   576564.124   576599.124   576636.124
  3525:   576705.124   576886.124   576962.124   576996.124   577167.124
  3530:   577176.124   577258.124   577274.124   577310.124   577449.124
  3535:   577533.124   577575.124   577588.124   577673.724   577673.920
  3540:   577673.901   577673.094   577973.902   579473.910   579475.614
  3545:   582225.624   582226.714   582313.124   582356.124   582400.124
  3550:   582845.124   582887.124   582938.124   583363.124   583406.124
  3555:   583452.124   583458.124   583499.124   583537.124   583591.124
  3560:   583634.124   583640.124   583707.124   583826.124   583868.124
  3565:   583905.124   583959.124   583995.124   584041.124   584059.124
  3570:   584193.124   584246.124   584289.124   584447.124   584460.124
  3575:   584500.124   584584.124   584597.124   584633.124   584763.124
  3580:   584894.124   584962.124   585304.724   585304.920   585304.901
  3585:   585304.094   585604.902   587104.910   587106.614   589856.624
  3590:   589857.814   590043.134   590758.134   591188.134   591943.134
  3595:   592484.134   592742.134   593083.134   593254.134   593409.134
  3600:   593611.134   593625.134   593665.134   594055.134   594094.134
  3605:   594143.134   594193.134   594268.134   594349.134   594390.134
  3610:   594454.134   594503.134   594622.134   594657.134   594696.134
  3615:   594780.134   594817.134   595204.134   595259.134   595357.824
  3620:   595357.920   596857.910   596859.613   598809.623   598810.813
  3625:   599017.133   599297.133   599339.133   599390.133   599437.133
  3630:   599447.133   599486.133   599532.133   599675.133   599690.133
  3635:   599877.133   599936.133   599999.133   600050.133   600145.133
  3640:   600183.133   600263.133   600278.133   600313.133   600350.133
  3645:   600411.133   600470.133   600573.133   600608.133   600704.133
  3650:   600739.133   600778.133   600825.133   601053.133   601136.133
  3655:   601170.133   601189.133   601358.133   601394.133   601526.133
  3660:   601620.133   601667.133   601677.133   601773.133   601808.133
  3665:   601846.133   601940.133   602274.133   602314.133   602409.133
  3670:   602827.133   602884.133   602940.133   603005.133   603010.823
  3675:   603010.920   604510.910   604512.615   608362.625   608363.715
  3680:   609430.125   609478.125   609567.125   609844.125   610706.125
  3685:   611204.125   611244.125   611777.125   611861.125   611919.125
  3690:   611959.125   612056.125   612314.725   612314.920   612314.901
  3695:   612314.095   612614.902   614114.910   614116.612   615516.622
  3700:   615517.712   615677.122   615719.122   615835.122   615966.122
  3705:   615971.122   616133.122   616350.122   616387.122   616432.122
  3710:   616516.122   616577.122   616754.122   616873.122   616927.722
  3715:   616927.920   616927.901   616927.092   617227.902   618727.910
  3720:   618729.614   621479.624   621480.714   621638.124   621872.124
  3725:   621927.124   622050.124   622106.124   622349.124   622404.124
  3730:   622496.124   622811.124   622852.124   623211.124   623252.124
  3735:   623290.124   623346.124   623395.124   623706.124   623720.124
  3740:   623803.124   623846.124   623983.124   624016.124   624057.124
  3745:   624263.724   624263.920   624263.901   624263.094   624563.902
  3750:   626063.910   626065.613   628015.623   628016.813   628234.133
  3755:   628567.133   628582.133   628627.133   628631.133   628741.133
  3760:   628779.133   628819.133   629028.133   629062.133   629102.133
  3765:   629140.133   629152.133   629190.133   629234.133   629370.133
  3770:   629407.133   629450.133   629535.133   629572.133   629610.133
  3775:   629688.133   629741.133   629790.133   629809.133   629867.133
  3780:   629905.133   630051.133   630092.133   630126.133   630248.133
  3785:   630289.133   630303.133   630342.133   630439.133   630451.133
  3790:   630491.133   630692.133   630743.133   630787.133   630849.133
  3795:   630894.133   630937.133   631061.133   631075.133   631114.133
  3800:   631395.133   631486.133   631521.133   631628.133   631761.133
  3805:   632036.133   632077.133   632089.133   632206.133   632216.823
  3810:   632216.920   633716.910   633718.611   634718.621   634719.711
  3815:   634956.121   634999.121   635048.121   635092.121   635136.121
  3820:   635182.121   635229.121   635278.121   635315.121   635381.121
  3825:   635429.121   635526.121   635561.121   635599.121   635636.121
  3830:   635649.121   635685.121   635699.121   635734.721   635734.920
  3835:   635734.901   635734.091   636034.902   637534.910   637536.613
  3840:   639486.623   639487.813   639875.133   639912.133   639951.133
  3845:   640000.133   640234.133   640289.133   640329.133   640367.133
  3850:   640415.133   640546.133   640591.133   640628.133   640645.133
  3855:   640736.133   640782.133   640829.133   640919.133   640930.133
  3860:   640972.133   641011.133   641100.133   641112.133   641145.133
  3865:   641291.133   641303.133   641462.133   641562.133   641765.133
  3870:   641776.133   641854.133   641867.133   641905.133   641939.133
  3875:   642087.133   642133.133   642174.133   642240.133   642251.133
  3880:   642307.133   642507.133   642570.133   642608.133   642652.133
  3885:   642748.133   642765.133   642812.133   642906.133   642957.133
  3890:   643093.133   643133.133   643290.133   643349.133   643400.133
  3895:   643626.133   643681.133   643687.823   643687.920   643701.411
  3900:   645187.910   645189.611   646189.621   646190.811   646463.131
  3905:   646520.131   646569.131   646616.131   646665.131   646752.131
  3910:   646785.131   646825.131   646917.131   646958.131   647030.131
  3915:   647068.131   647149.131   647163.131   647195.131   647214.131
  3920:   647254.131   647304.131   647318.131   647357.131   647372.131
  3925:   647407.131   647452.131   647523.131   647567.131   647623.131
  3930:   647669.131   647798.131   647884.131   647898.131   647939.131
  3935:   647976.131   647990.131   648107.131   648171.131   648225.131
  3940:   648264.131   648318.131   648334.131   648486.131   648647.131
  3945:   648703.131   649083.131   649133.131   649153.131   649204.131
  3950:   649250.131   649354.131   649387.131   649390.821   649390.920
  3955:   649402.411   650890.910   650892.615   654742.625   654743.815
  3960:   655425.135   655468.135   655507.135   655545.135   655583.135
  3965:   655621.135   655663.135   655702.135   655716.135   655752.135
  3970:   655795.135   655803.135   655857.135   655898.135   655984.135
  3975:   656076.135   656135.135   656181.135   656223.135   656266.135
  3980:   656322.135   656379.135   656385.135   656589.135   656662.135
  3985:   656676.135   656714.135   656811.135   656858.135   657086.135
  3990:   657098.135   657159.135   657201.135   657242.135   657297.135
  3995:   657838.135   657883.135   657926.135   657972.135   658023.135
  4000:   658067.135   658128.135   658184.135   658253.135   658345.135
  4005:   658605.135   658647.135   658698.135   658797.135   658834.135
  4010:   658882.135   659000.135   659274.135   659327.135   659396.135
  4015:   659861.135   659905.135   660004.135   660056.135   660119.135
  4020:   660172.135   660217.135   661188.135   661571.135   661634.135
  4025:   661771.135   661983.135   662022.135   662099.135   662443.825
  4030:   662443.920   663943.910   663945.611   664945.621   664946.711
  4035:   665062.121   665104.121   665148.121   665345.121   665396.121
  4040:   665449.121   665529.121   665562.121   665600.121   665660.121
  4045:   665940.121   665966.721   665966.920   665966.901   665966.091
  4050:   666266.902   667766.910   667768.614   670518.624   670519.814
  4055:   671539.134   671665.134   671746.134   672554.134   672664.134
  4060:   672973.134   673015.134   673270.134   673391.134   673442.134
  4065:   673484.134   673572.134   673609.134   673716.134   673764.134
  4070:   673937.134   673976.134   674065.134   674182.134   674216.134
  4075:   674420.134   674540.134   674602.134   674617.134   674699.134
  4080:   674711.134   674910.134   674926.134   674962.134   674976.134
  4085:   675014.134   675213.134   675503.134   675886.134   675973.134
  4090:   676019.824   676019.920   677519.910   677521.611   678521.621
  4095:   678522.811   678638.131   678672.131   678707.131   678757.131
  4100:   678889.131   678932.131   678981.131   679030.131   679144.131
  4105:   679180.131   679210.131   679246.131   679259.131   679290.131
  4110:   679320.131   679357.131   679396.131   679407.131   679449.131
  4115:   679467.131   679583.131   679622.131   679635.131   679678.131
  4120:   679730.131   679740.131   679806.131   680223.131   680368.131
  4125:   680693.131   680737.131   680752.131   681044.131   681085.131
  4130:   681099.131   681145.131   681605.131   681653.131   681669.131
  4135:   681710.131   681722.821   681722.920   681722.902   681722.005
  4140:   681722.006   681722.007   681722.020      
D:
     0:        0.000        0.000        0.000        0.000        0.000
     5:        0.000        0.000        0.000        0.000        0.000
    10:        0.000        0.000        0.000        0.000        0.000
    15:        0.000        0.000        0.000        0.000        0.000
    20:        0.000        0.000        0.000        0.000        0.000
    25:        0.000        9.000        0.000        0.000        0.000
    30:        0.000        0.000        0.000        0.000        0.000
    35:        0.000
F:
     0:       10.000       14.000       19.500       27.500       38.500
     5:       10.000       14.000       19.500       27.500       38.500
    10:       10.000       14.000       19.500       27.500       38.500
    15:       20.000       28.000       39.000       55.000       77.000
    20:       20.000       28.000       39.000       55.000       77.000
    25:       20.000       28.000       39.000       55.000       77.000
    30:       10.000       14.000       19.500       27.500       38.500
    35:       10.000       14.000       19.500       27.500       38.500
    40:       10.000       14.000       19.500       27.500       38.500
    45:       10.000       14.000       19.500       27.500       38.500
    50:       10.000       14.000       19.500       27.500       38.500
    55:       10.000       14.000       19.500       27.500       38.500
    60:       10.000       14.000       19.500       27.500       38.500
    65:       10.000       14.000       19.500       27.500       38.500
    70:       10.000       14.000       19.500       27.500       38.500
    75:       20.000       28.000       39.000       55.000       77.000
    80:       20.000       28.000       39.000       55.000       77.000
    85:       10.000       14.000       19.500       27.500       38.500
    90:       10.000       14.000       19.500       27.500       38.500
    95:       10.000       14.000       19.500       27.500       38.500
I:
     0:       75.000        0.000        0.000
M:
     0:       15.000       15.000       15.000       15.000       15.000
     5:        5.000        5.000        5.000        5.000        5.000
    10:      100.000
N:
     0:       20.000       20.000       20.000       20.000       20.000
     5:        0.000
Q:
     0:       15.000       15.000       15.000       15.000       15.000
     5:        0.000
V:
     0:        0.000        0.000        0.000        0.000        0.000
     5:      241.000      298.000      357.000      487.000      622.000
    10:      217.000      236.000      254.000      300.000      366.000
    15:        0.000
