File: C:\MED-PC IV\DATA\M_PEAK32P105


Start Date: 09/08/17
End Date: 09/08/17
Subject: P105
Experiment: IF-PICO
Group: 0
Box: 6
Start Time: 10:07:31
End Time: 12:00:43
MSN: Multiple_Peak
B:       0.000
C:       0.000
E:    5552.000
G:      27.500
H:    2750.000
J:       0.000
K:       0.000
L:       0.000
O:       0.000
P:       0.000
R:       0.000
S:       0.000
T:  679152.000
U:       0.000
W:       0.000
X:       0.000
Y:       0.000
Z:       0.000
A:
     0:        0.010      500.910      502.611     1502.621     1503.711
     5:     1672.121     1713.121     1755.121     1796.121     1838.121
    10:     1881.121     2016.121     2052.121     2091.121     2209.121
    15:     2248.121     2295.121     2338.121     2397.121     2448.121
    20:     2491.121     2529.721     2529.920     2529.901     2529.091
    25:     2829.902     4329.910     4331.615     8181.625     8182.715
    30:     8496.125     8568.125     8603.125     8635.125     8668.125
    35:     8712.125     8746.125     8854.125     8867.125     8899.125
    40:     8981.125     9020.125     9055.125     9091.125     9108.125
    45:     9215.125     9250.125     9284.125     9321.125     9358.125
    50:     9413.125     9451.125     9492.125     9532.125     9542.125
    55:     9662.125     9696.125     9735.125     9770.125     9811.125
    60:     9846.125     9879.125     9914.125     9959.125     9999.125
    65:    10036.125    10146.125    10184.125    10221.125    10337.125
    70:    10375.125    10411.125    10448.125    10487.125    10526.125
    75:    10562.125    10602.125    10650.125    10685.125    10736.125
    80:    10782.125    10828.125    10876.125    10912.125    10949.125
    85:    10960.125    10992.125    11027.125    11063.125    11076.125
    90:    11108.125    11196.125    11229.125    11266.125    11304.125
    95:    11378.125    11420.125    11438.125    11469.125    11503.125
   100:    11673.125    11759.125    11776.125    11814.125    11852.125
   105:    11887.125    11964.125    12042.725    12042.920    12042.901
   110:    12042.095    12342.902    13842.910    13844.612    15244.622
   115:    15245.712    15345.122    15501.122    15540.122    15614.122
   120:    15652.122    15686.122    15736.122    15750.122    15785.122
   125:    15830.122    15875.122    15910.122    15949.122    16001.122
   130:    16036.122    16072.122    16114.122    16129.122    16162.122
   135:    16196.122    16209.122    16325.122    16360.122    16437.122
   140:    16483.122    16554.122    16591.122    16629.122    16661.722
   145:    16661.920    16661.901    16661.092    16961.902    18461.910
   150:    18463.613    20413.623    20414.713    20524.123    20562.123
   155:    20601.123    20648.123    20689.123    20724.123    20757.123
   160:    20820.123    20855.123    20924.123    20955.123    20985.123
   165:    21025.123    21057.123    21067.123    21098.123    21135.123
   170:    21171.123    21204.123    21276.123    21303.123    21339.123
   175:    21362.123    21395.123    21422.123    21457.123    21482.123
   180:    21492.123    21529.123    21578.123    21623.123    21637.123
   185:    21693.123    21774.123    21813.123    21852.123    21891.123
   190:    21930.123    21978.123    22013.123    22048.123    22083.123
   195:    22117.123    22153.123    22231.123    22239.123    22325.123
   200:    22360.123    22397.723    22397.920    22397.901    22397.093
   205:    22697.902    24197.910    24199.612    25599.622    25600.712
   210:    25741.122    25923.122    25964.122    25999.122    26036.122
   215:    26067.122    26103.122    26141.122    26155.122    26184.122
   220:    26198.122    26233.122    26361.122    26400.122    26437.122
   225:    26474.122    26517.122    26560.122    26596.122    26665.122
   230:    26708.122    26748.122    26761.122    26798.122    26838.122
   235:    26870.122    26905.122    26980.122    27019.722    27019.920
   240:    27019.901    27019.092    27319.902    28819.910    28821.613
   245:    30771.623    30772.713    31013.123    31049.123    31081.123
   250:    31114.123    31155.123    31188.123    31224.123    31259.123
   255:    31295.123    31331.123    31362.123    31379.123    31409.123
   260:    31446.123    31480.123    31551.123    31621.123    31655.123
   265:    31692.123    31726.123    31760.123    31778.123    31816.123
   270:    31856.123    31894.123    31930.123    31963.123    32000.123
   275:    32037.123    32073.123    32106.123    32119.123    32154.123
   280:    32190.123    32227.123    32237.123    32275.123    32291.123
   285:    32332.123    32375.123    32411.123    32447.123    32489.123
   290:    32525.123    32568.123    32602.123    32635.123    32673.123
   295:    32717.123    32752.723    32752.920    32752.901    32752.093
   300:    33052.902    34552.910    34554.611    35554.621    35555.711
   305:    35661.121    35701.121    35773.121    35817.121    35858.121
   310:    35895.121    35927.121    35977.121    36010.121    36046.121
   315:    36085.121    36120.121    36153.121    36188.121    36216.121
   320:    36253.121    36289.121    36325.121    36363.121    36371.121
   325:    36406.121    36479.121    36511.121    36548.121    36583.721
   330:    36583.920    36583.901    36583.091    36883.902    38383.910
   335:    38385.615    42235.625    42236.815    42414.135    42496.135
   340:    42695.135    42736.135    42801.135    42834.135    42863.135
   345:    42897.135    42928.135    42964.135    43002.135    43108.135
   350:    43138.135    43172.135    43209.135    43247.135    43278.135
   355:    43312.135    43377.135    43446.135    43480.135    43516.135
   360:    43548.135    43585.135    43599.135    43637.135    43673.135
   365:    43712.135    43747.135    43782.135    43820.135    43856.135
   370:    43894.135    43952.135    44035.135    44073.135    44110.135
   375:    44149.135    44204.135    44240.135    44277.135    44314.135
   380:    44351.135    44390.135    44423.135    44461.135    44494.135
   385:    44543.135    44586.135    44620.135    44655.135    44691.135
   390:    44708.135    44813.135    44923.135    44983.135    45050.135
   395:    45099.135    45134.135    45149.135    45268.135    45305.135
   400:    45323.135    45396.135    45434.135    45472.135    45501.135
   405:    45540.135    45574.135    45614.135    45649.135    45702.135
   410:    45714.135    45805.135    45850.135    45885.135    45961.135
   415:    46007.135    46046.135    46086.135    46121.135    46172.135
   420:    46218.135    46270.135    46322.135    46421.135    46457.135
   425:    46809.135    46888.135    46934.135    47019.135    47096.135
   430:    47134.135    47168.135    47204.135    47235.135    47276.135
   435:    47313.135    47331.135    47366.135    47827.135    47953.135
   440:    47967.135    48062.135    48102.135    48145.135    48179.135
   445:    48232.135    48292.135    48330.135    48368.135    48409.135
   450:    48446.135    48457.135    48490.135    48522.135    48558.135
   455:    48574.135    48610.135    48624.135    48664.135    48670.135
   460:    48725.135    48847.135    48902.135    48915.135    49029.135
   465:    49120.135    49222.135    49263.135    49300.135    49350.135
   470:    49429.135    49442.135    49473.135    49513.135    49527.135
   475:    49560.135    49606.135    49651.135    49667.135    49749.135
   480:    49839.135    49915.135    49936.825    49936.920    49950.411
   485:    49962.411    51436.910    51438.613    53388.623    53389.713
   490:    53717.123    53774.123    53808.123    53883.123    53921.123
   495:    53952.123    53988.123    54023.123    54059.123    54076.123
   500:    54149.123    54199.123    54237.123    54275.123    54310.123
   505:    54346.123    54381.123    54416.123    54455.123    54476.123
   510:    54514.123    54550.123    54586.123    54624.123    54664.123
   515:    54688.123    54702.123    54738.123    54778.123    54817.123
   520:    54855.123    54890.123    54927.123    54940.123    54983.123
   525:    55017.123    55075.123    55109.123    55149.123    55166.123
   530:    55266.123    55306.123    55351.723    55351.920    55351.901
   535:    55351.093    55651.902    57151.910    57153.615    61003.625
   540:    61004.715    61486.125    61525.125    61601.125    61640.125
   545:    61681.125    61720.125    61759.125    61814.125    61851.125
   550:    61889.125    61927.125    61966.125    62003.125    62038.125
   555:    62078.125    62133.125    62170.125    62206.125    62240.125
   560:    62278.125    62311.125    62350.125    62382.125    62423.125
   565:    62461.125    62498.125    62575.125    62639.125    62754.125
   570:    62781.125    62819.125    62899.125    62934.125    62948.125
   575:    63105.125    63146.125    63184.125    63221.125    63241.125
   580:    63273.125    63349.125    63388.125    63425.125    63463.125
   585:    63518.125    63559.125    63595.125    63609.125    63643.125
   590:    63677.125    63720.125    63764.125    63880.125    63916.125
   595:    63953.125    63991.125    64029.125    64068.125    64120.125
   600:    64155.125    64192.125    64248.125    64284.125    64323.125
   605:    64473.125    64514.125    64555.125    64595.125    64633.125
   610:    64694.125    64728.125    64763.125    64855.725    64855.920
   615:    64855.901    64855.095    65155.902    66655.910    66657.611
   620:    67657.621    67658.711    67753.121    67764.121    67841.121
   625:    67886.121    67928.121    67933.121    68042.121    68085.121
   630:    68121.121    68160.121    68195.121    68227.121    68265.121
   635:    68299.121    68337.121    68374.121    68412.121    68461.121
   640:    68532.121    68576.121    68614.121    68651.121    68690.721
   645:    68690.920    68690.901    68690.091    68990.902    70490.910
   650:    70492.611    71492.621    71493.811    71663.131    71701.131
   655:    71771.131    71803.131    71834.131    71865.131    71900.131
   660:    71933.131    71953.131    71987.131    72023.131    72051.131
   665:    72090.131    72106.131    72138.131    72175.131    72286.131
   670:    72336.131    72371.131    72409.131    72431.131    72464.131
   675:    72505.131    72548.131    72582.131    72663.131    72700.131
   680:    72781.131    72815.131    72853.131    72894.131    72930.131
   685:    72967.131    73057.131    73105.131    73179.131    73219.131
   690:    73246.131    73284.131    73322.131    73394.131    73433.131
   695:    73468.131    73505.131    73545.131    73642.131    73677.131
   700:    73811.131    73848.131    73865.131    73910.131    73946.131
   705:    73980.131    74016.131    74153.131    74195.131    74234.131
   710:    74275.131    74325.131    74369.131    74407.131    74417.131
   715:    74459.131    74497.131    74534.131    74569.131    74607.131
   720:    74647.131    74693.821    74693.920    76193.910    76195.612
   725:    77595.622    77596.712    78101.122    78175.122    78207.122
   730:    78241.122    78292.122    78327.122    78364.122    78496.122
   735:    78534.122    78583.122    78632.122    78670.122    78723.122
   740:    78798.122    78842.122    78877.122    78953.122    78992.122
   745:    79030.722    79030.920    79030.901    79030.092    79330.902
   750:    80830.910    80832.611    81832.621    81833.811    81991.131
   755:    82026.131    82060.131    82125.131    82159.131    82193.131
   760:    82227.131    82262.131    82299.131    82332.131    82369.131
   765:    82400.131    82434.131    82470.131    82506.131    82541.131
   770:    82565.131    82602.131    82640.131    82676.131    82714.131
   775:    82747.131    82785.131    82821.131    82837.131    82877.131
   780:    82898.131    82932.131    82969.131    83047.131    83086.131
   785:    83122.131    83136.131    83261.131    83294.131    83332.131
   790:    83369.131    83406.131    83445.131    83481.131    83521.131
   795:    83555.131    83593.131    83615.131    83652.131    83690.131
   800:    83738.131    83774.131    83832.131    83861.131    83899.131
   805:    83936.131    83975.131    84013.131    84049.131    84089.131
   810:    84183.131    84213.131    84270.131    84311.131    84361.131
   815:    84479.131    84550.131    84564.131    84617.131    84648.131
   820:    84684.131    84744.131    84903.131    85033.821    85033.920
   825:    86533.910    86535.614    89285.624    89286.714    90014.124
   830:    90051.124    90130.124    90195.124    90251.124    90320.124
   835:    90358.124    90389.124    90459.124    90493.124    90540.124
   840:    90671.124    90717.124    90754.124    90789.124    90834.124
   845:    90872.124    90906.124    90941.124    90956.124    90988.124
   850:    91036.124    91046.124    91078.124    91167.124    91281.124
   855:    91315.124    91353.124    91386.124    91430.124    91464.124
   860:    91499.124    91542.124    91577.124    91615.124    91651.124
   865:    91687.124    91721.124    91759.124    91796.124    91971.124
   870:    91991.124    92075.724    92075.920    92075.901    92075.094
   875:    92375.902    93875.910    93877.614    96627.624    96628.714
   880:    96837.124    96875.124    96910.124    96945.124    96980.124
   885:    97016.124    97049.124    97080.124    97116.124    97152.124
   890:    97159.124    97302.124    97340.124    97363.124    97397.124
   895:    97412.124    97444.124    97476.124    97507.124    97660.124
   900:    97694.124    97728.124    97766.124    97799.124    97836.124
   905:    97873.124    97923.124    97990.124    98028.124    98066.124
   910:    98100.124    98138.124    98172.124    98208.124    98220.124
   915:    98255.124    98343.124    98392.124    98440.124    98473.124
   920:    98515.124    98550.124    98594.124    98688.124    98725.124
   925:    98759.124    98798.124    98842.124    98886.124    98925.124
   930:    98962.124    98997.124    99037.124    99052.124    99083.124
   935:    99116.124    99216.124    99228.124    99263.124    99296.124
   940:    99369.124    99408.724    99408.920    99408.901    99408.094
   945:    99708.902   101208.910   101210.615   105060.625   105061.815
   950:   105441.135   105486.135   105678.135   105724.135   105760.135
   955:   105792.135   105891.135   105934.135   105974.135   106171.135
   960:   106207.135   106238.135   106273.135   106308.135   106339.135
   965:   106502.135   106537.135   106572.135   106590.135   106622.135
   970:   106657.135   106782.135   106816.135   106853.135   106884.135
   975:   106921.135   106984.135   107018.135   107050.135   107068.135
   980:   107114.135   107126.135   107154.135   107204.135   107214.135
   985:   107247.135   107305.135   107341.135   107417.135   107457.135
   990:   107495.135   107516.135   107552.135   107591.135   107627.135
   995:   107660.135   107698.135   107732.135   107767.135   107839.135
  1000:   107877.135   108039.135   108077.135   108152.135   108170.135
  1005:   108189.135   108293.135   108328.135   108404.135   108442.135
  1010:   108477.135   108518.135   108535.135   108572.135   108609.135
  1015:   108647.135   108839.135   108880.135   108921.135   109083.135
  1020:   109115.135   109153.135   109187.135   109226.135   109262.135
  1025:   109300.135   109610.135   109669.135   109706.135   109738.135
  1030:   109774.135   109785.135   109826.135   109878.135   109946.135
  1035:   109979.135   110133.135   110278.135   110312.135   110352.135
  1040:   110440.135   110501.135   110544.135   110583.135   110624.135
  1045:   110740.135   112731.135   112761.825   112761.920   112767.411
  1050:   114261.910   114263.613   116213.623   116214.713   116366.123
  1055:   116408.123   116445.123   116611.123   116689.123   116728.123
  1060:   116798.123   116833.123   116880.123   116912.123   116944.123
  1065:   116980.123   117014.123   117135.123   117169.123   117239.123
  1070:   117278.123   117350.123   117386.123   117401.123   117436.123
  1075:   117489.123   117526.123   117562.123   117635.123   117682.123
  1080:   117805.123   117845.123   117880.123   117919.123   117955.123
  1085:   117992.123   118034.123   118076.123   118114.123   118194.723
  1090:   118194.920   118194.901   118194.093   118494.902   119994.910
  1095:   119996.615   123846.625   123847.715   124211.125   124257.125
  1100:   124478.125   124558.125   124593.125   124663.125   124699.125
  1105:   124750.125   125012.125   125048.125   125076.125   125113.125
  1110:   125166.125   125196.125   125233.125   125250.125   125280.125
  1115:   125345.125   125382.125   125416.125   125451.125   125487.125
  1120:   125525.125   125561.125   125647.125   125685.125   125724.125
  1125:   125737.125   125770.125   125847.125   125886.125   125921.125
  1130:   125956.125   126026.125   126181.125   126215.125   126256.125
  1135:   126340.125   126394.125   126431.125   126487.125   126524.125
  1140:   126564.125   126602.125   126639.125   126674.125   126689.125
  1145:   126919.125   126949.125   126988.125   127022.125   127064.125
  1150:   127086.125   127122.125   127157.125   127177.125   127213.125
  1155:   127252.125   127433.125   127473.125   127505.125   127581.125
  1160:   127617.125   127673.125   127726.725   127726.920   127726.901
  1165:   127726.095   128026.902   129526.910   129528.614   132278.624
  1170:   132279.714   132579.124   132619.124   132658.124   132699.124
  1175:   132734.124   132770.124   132803.124   132837.124   132872.124
  1180:   132886.124   132958.124   132988.124   133027.124   133045.124
  1185:   133082.124   133194.124   133227.124   133263.124   133298.124
  1190:   133330.124   133348.124   133378.124   133443.124   133453.124
  1195:   133563.124   133605.124   133639.124   133673.124   133709.124
  1200:   133725.124   133758.124   133771.124   133914.124   133957.124
  1205:   133991.124   134062.124   134099.124   134135.124   134301.124
  1210:   134338.124   134376.124   134412.124   134449.124   134464.124
  1215:   134540.124   134577.124   134615.124   134684.124   134720.124
  1220:   134818.124   134946.124   135024.124   135062.724   135062.920
  1225:   135062.901   135062.094   135362.902   136862.910   136864.615
  1230:   140714.625   140715.815   141599.135   141636.135   141941.135
  1235:   141976.135   142011.135   142045.135   142057.135   142091.135
  1240:   142143.135   142177.135   142226.135   142260.135   142274.135
  1245:   142309.135   142521.135   142552.135   142587.135   142621.135
  1250:   142656.135   142690.135   142704.135   142775.135   142807.135
  1255:   142839.135   142856.135   142972.135   143018.135   143052.135
  1260:   143099.135   143131.135   143165.135   143203.135   143238.135
  1265:   143272.135   143313.135   143328.135   143370.135   143411.135
  1270:   143451.135   143492.135   143545.135   143586.135   143622.135
  1275:   143758.135   143793.135   143831.135   143843.135   143876.135
  1280:   143913.135   143966.135   144003.135   144045.135   144059.135
  1285:   144094.135   144130.135   144165.135   144201.135   144240.135
  1290:   144279.135   144318.135   144587.135   144636.135   144648.135
  1295:   144687.135   144723.135   144761.135   144836.135   144897.135
  1300:   144939.135   144994.135   145008.135   145047.135   145149.135
  1305:   145165.135   145255.135   145295.135   145456.135   145495.135
  1310:   145536.135   145645.135   145660.135   145695.135   145951.135
  1315:   145990.135   146000.135   146089.135   146129.135   146370.135
  1320:   147663.135   147741.135   147780.135   147821.135   147855.135
  1325:   147888.135   147926.135   147940.135   147974.135   148042.135
  1330:   148078.135   148092.135   148128.135   148187.135   148219.135
  1335:   148297.135   148333.135   148375.135   148390.135   148415.825
  1340:   148415.920   148428.411   149915.910   149917.613   151867.623
  1345:   151868.713   152099.123   152136.123   152179.123   152445.123
  1350:   152483.123   152532.123   152573.123   152644.123   152706.123
  1355:   152739.123   152833.123   152999.123   153041.123   153052.123
  1360:   153084.123   153117.123   153138.123   153173.123   153186.123
  1365:   153224.123   153269.123   153319.123   153372.123   153449.123
  1370:   153486.123   153518.123   153557.123   153605.123   153641.123
  1375:   153681.123   153716.123   153754.123   153789.123   153826.723
  1380:   153826.920   153826.901   153826.093   154126.902   155626.910
  1385:   155628.613   157578.623   157579.813   157708.133   157758.133
  1390:   157811.133   157893.133   157931.133   158002.133   158052.133
  1395:   158088.133   158178.133   158208.133   158248.133   158327.133
  1400:   158363.133   158397.133   158434.133   158469.133   158505.133
  1405:   158588.133   158639.133   158651.133   158722.133   158853.133
  1410:   158869.133   158940.133   158982.133   159038.133   159066.133
  1415:   159104.133   159116.133   159149.133   159187.133   159199.133
  1420:   159278.133   159314.133   159327.133   159364.133   159455.133
  1425:   159544.133   159667.133   159701.133   159741.133   159873.133
  1430:   159897.133   159937.133   160007.133   160228.133   160304.133
  1435:   160344.133   160361.133   160434.133   160670.133   160683.133
  1440:   160724.133   160761.133   160836.133   160849.133   160897.133
  1445:   160983.133   161020.133   161140.133   161398.133   161494.133
  1450:   161505.133   161546.133   161779.823   161779.920   163279.910
  1455:   163281.613   165231.623   165232.713   165410.123   165453.123
  1460:   165498.123   165580.123   165622.123   165670.123   165717.123
  1465:   165764.123   165797.123   165833.123   165846.123   165895.123
  1470:   165952.123   166002.123   166041.123   166124.123   166167.123
  1475:   166294.123   166335.123   166464.123   166541.123   166585.123
  1480:   166627.123   166640.123   166702.123   166735.123   166768.123
  1485:   166812.123   166849.123   166864.123   166953.123   167066.123
  1490:   167124.123   167169.123   167272.723   167272.920   167272.901
  1495:   167272.093   167572.902   169072.910   169074.614   171824.624
  1500:   171825.814   172093.134   172138.134   172200.134   172246.134
  1505:   172281.134   172288.134   172334.134   172344.134   172797.134
  1510:   172839.134   172893.134   172899.134   172959.134   173049.134
  1515:   173093.134   173139.134   173176.134   173216.134   173223.134
  1520:   173312.134   173351.134   173363.134   173402.134   173456.134
  1525:   173496.134   173511.134   173550.134   173597.134   173633.134
  1530:   173650.134   173686.134   173726.134   173769.134   173809.134
  1535:   173903.134   173919.134   173961.134   174000.134   174055.134
  1540:   174105.134   174158.134   174198.134   174243.134   174255.134
  1545:   174291.134   174332.134   174345.134   174383.134   174396.134
  1550:   174475.134   174518.134   174603.134   174646.134   174688.134
  1555:   174723.134   174768.134   174818.134   174860.134   174879.134
  1560:   174958.134   175003.134   175060.134   175102.134   175190.134
  1565:   175202.134   175337.134   175375.134   175473.134   175518.134
  1570:   175557.134   175573.134   175604.134   175695.134   175747.134
  1575:   175803.134   175885.134   175984.134   176025.134   176266.134
  1580:   176307.134   176364.134   176407.134   176574.134   176641.134
  1585:   176808.134   177072.134   177114.134   177169.134   177222.134
  1590:   177306.134   177318.134   177325.824   177325.920   178825.910
  1595:   178827.615   182677.625   182678.715   183153.125   183198.125
  1600:   183241.125   183283.125   183348.125   183390.125   183432.125
  1605:   183591.125   183632.125   183774.125   183812.125   183864.125
  1610:   183938.125   183977.125   184278.125   184292.125   184374.125
  1615:   184464.125   184556.125   184567.125   184604.125   184701.125
  1620:   184739.125   184757.125   184795.125   184895.125   184986.125
  1625:   185007.125   185192.125   185237.125   185316.125   185373.125
  1630:   185389.125   185422.125   185489.125   185500.125   185543.125
  1635:   185957.125   186003.125   186047.125   186128.125   186169.125
  1640:   186260.125   186446.125   186508.125   186778.725   186778.920
  1645:   186778.901   186778.095   187078.902   188578.910   188580.611
  1650:   189580.621   189581.711   189714.121   189754.121   189796.121
  1655:   189830.121   189873.121   189913.121   189951.121   189987.121
  1660:   190025.121   190062.121   190110.121   190240.121   190282.121
  1665:   190316.121   190353.121   190394.121   190431.121   190470.121
  1670:   190509.121   190550.121   190593.721   190593.920   190593.901
  1675:   190593.091   190893.902   192393.910   192395.611   193395.621
  1680:   193396.711   193506.121   193580.121   193649.121   193692.121
  1685:   193730.121   193772.121   193809.121   193846.121   193885.121
  1690:   193930.121   193989.121   194027.121   194064.121   194100.121
  1695:   194180.121   194219.121   194258.121   194297.121   194337.121
  1700:   194378.121   194416.721   194416.920   194416.901   194416.091
  1705:   194716.902   196216.910   196218.614   198968.624   198969.714
  1710:   199195.124   199241.124   199400.124   199684.124   199724.124
  1715:   199765.124   199875.124   200085.124   200122.124   200137.124
  1720:   200178.124   200214.124   200230.124   200323.124   200487.124
  1725:   200527.124   200564.124   200603.124   200679.124   200725.124
  1730:   200761.124   200893.124   200931.124   200970.124   200986.124
  1735:   201021.124   201061.124   201097.124   201172.124   201214.124
  1740:   201227.124   201370.124   201424.124   201440.124   201514.124
  1745:   201574.124   201616.124   201675.124   201847.724   201847.920
  1750:   201847.901   201847.094   202147.902   203647.910   203649.614
  1755:   206399.624   206400.714   206555.124   206603.124   206643.124
  1760:   206773.124   206810.124   206847.124   206883.124   206916.124
  1765:   206954.124   206989.124   207025.124   207065.124   207103.124
  1770:   207138.124   207177.124   207258.124   207296.124   207419.124
  1775:   207456.124   207493.124   207569.124   207646.124   207682.124
  1780:   207717.124   207931.124   207967.124   208005.124   208041.124
  1785:   208077.124   208197.124   208235.124   208320.124   208359.124
  1790:   208397.124   208409.124   208482.124   208516.124   208552.124
  1795:   208597.124   208646.124   208734.124   208789.124   208833.124
  1800:   208881.124   208987.124   208997.124   209043.124   209088.124
  1805:   209097.124   209133.124   209173.724   209173.920   209173.901
  1810:   209173.094   209473.902   210973.910   210975.611   211975.621
  1815:   211976.811   212228.131   212263.131   212295.131   212333.131
  1820:   212369.131   212407.131   212444.131   212480.131   212512.131
  1825:   212543.131   212612.131   212652.131   212686.131   212712.131
  1830:   212792.131   212833.131   212874.131   212912.131   212948.131
  1835:   212987.131   213026.131   213063.131   213099.131   213113.131
  1840:   213146.131   213197.131   213297.131   213330.131   213406.131
  1845:   213446.131   213487.131   213537.131   213574.131   213626.131
  1850:   213684.131   213727.131   213745.131   213778.131   213834.131
  1855:   213870.131   214084.131   214176.131   214392.131   214768.131
  1860:   214857.131   215033.131   215066.131   215176.821   215176.920
  1865:   216676.910   216678.611   217678.621   217679.811   217949.131
  1870:   217986.131   218021.131   218058.131   218093.131   218131.131
  1875:   218162.131   218194.131   218262.131   218333.131   218372.131
  1880:   218446.131   218483.131   218522.131   218556.131   218593.131
  1885:   218629.131   218709.131   218750.131   218787.131   218838.131
  1890:   218874.131   219093.131   219141.131   219223.131   219239.131
  1895:   219274.131   219314.131   219372.131   219406.131   219446.131
  1900:   219485.131   219554.131   219632.131   219677.131   219720.131
  1905:   219760.131   219805.131   219862.131   219900.131   219940.131
  1910:   220152.131   220231.131   220248.131   220285.131   220471.131
  1915:   220486.131   220521.131   220558.131   220601.131   220638.131
  1920:   220684.131   220722.131   220791.131   220828.131   220862.131
  1925:   220872.131   220879.821   220879.920   222379.910   222381.613
  1930:   224331.623   224332.713   224890.123   224931.123   224963.123
  1935:   224994.123   225051.123   225091.123   225191.123   225436.123
  1940:   225477.123   225515.123   225526.123   225560.123   225595.123
  1945:   225629.123   225714.123   225750.123   225798.123   225831.123
  1950:   225866.123   225908.123   225951.123   225986.123   226001.123
  1955:   226034.123   226071.123   226124.123   226194.123   226233.123
  1960:   226321.723   226321.920   226321.901   226321.093   226621.902
  1965:   228121.910   228123.615   231973.625   231974.715   232192.125
  1970:   232338.125   232375.125   232380.125   232656.125   232692.125
  1975:   232723.125   232760.125   232797.125   232833.125   232880.125
  1980:   232913.125   232944.125   232960.125   233027.125   233120.125
  1985:   233157.125   233189.125   233228.125   233262.125   233294.125
  1990:   233324.125   233375.125   233502.125   233541.125   233578.125
  1995:   233612.125   233647.125   233688.125   233703.125   233732.125
  2000:   233766.125   233777.125   233818.125   233932.125   233972.125
  2005:   234006.125   234043.125   234079.125   234199.125   234234.125
  2010:   234271.125   234347.125   234383.125   234459.125   234508.125
  2015:   234592.125   234603.125   234633.125   234671.125   234705.125
  2020:   234750.125   234760.125   234800.125   234874.125   234986.125
  2025:   235026.125   235065.125   235108.125   235144.125   235185.125
  2030:   235202.125   235242.125   235287.125   235320.125   235358.125
  2035:   235401.125   235415.125   235453.125   235493.125   235544.125
  2040:   235556.125   235844.725   235844.920   235844.901   235844.095
  2045:   236144.902   237644.910   237646.611   238646.621   238647.711
  2050:   238736.121   238774.121   238826.121   238862.121   238938.121
  2055:   238975.121   239004.121   239041.121   239074.121   239106.121
  2060:   239137.121   239169.121   239207.121   239273.121   239309.121
  2065:   239348.121   239403.121   239437.121   239477.121   239519.121
  2070:   239559.121   239575.121   239611.121   239651.721   239651.920
  2075:   239651.901   239651.091   239951.902   241451.910   241453.614
  2080:   244203.624   244204.714   244329.124   244361.124   244534.124
  2085:   244558.124   244872.124   244918.124   244954.124   245012.124
  2090:   245117.124   245150.124   245183.124   245390.124   245426.124
  2095:   245461.124   245497.124   245527.124   245561.124   245591.124
  2100:   245639.124   245753.124   245793.124   245842.124   245875.124
  2105:   245909.124   245946.124   245983.124   246015.124   246051.124
  2110:   246100.124   246132.124   246167.124   246263.124   246294.124
  2115:   246332.124   246363.124   246405.124   246453.124   246489.124
  2120:   246526.124   246564.124   246602.124   246637.124   246674.124
  2125:   246686.124   246725.124   246778.124   246818.124   246854.124
  2130:   246891.124   246929.124   246963.724   246963.920   246963.901
  2135:   246963.094   247263.902   248763.910   248765.612   250165.622
  2140:   250166.712   250263.122   250326.122   250374.122   250412.122
  2145:   250451.122   250496.122   250580.122   250668.122   250704.122
  2150:   250735.122   250767.122   250798.122   250830.122   250863.122
  2155:   250894.122   250932.122   251014.122   251054.122   251092.122
  2160:   251138.122   251265.122   251300.122   251334.122   251406.122
  2165:   251444.122   251486.122   251643.722   251643.920   251643.901
  2170:   251643.092   251943.902   253443.910   253445.613   255395.623
  2175:   255396.713   256019.123   256145.123   256182.123   256244.123
  2180:   256441.123   256480.123   256496.123   256527.123   256560.123
  2185:   256592.123   256627.123   256660.123   256696.123   256849.123
  2190:   256883.123   256915.123   256984.123   257019.123   257054.123
  2195:   257089.123   257123.123   257193.123   257242.123   257279.123
  2200:   257327.123   257390.723   257390.920   257390.901   257390.093
  2205:   257690.902   259190.910   259192.612   260592.622   260593.812
  2210:   260880.132   260916.132   260985.132   261018.132   261052.132
  2215:   261088.132   261122.132   261157.132   261191.132   261229.132
  2220:   261265.132   261304.132   261344.132   261383.132   261419.132
  2225:   261456.132   261496.132   261571.132   261686.132   261721.132
  2230:   261796.132   261834.132   261872.132   261946.132   262033.132
  2235:   262075.132   262126.132   262165.132   262215.132   262251.132
  2240:   262287.132   262327.132   262362.132   262378.132   262450.132
  2245:   262484.132   262502.132   262584.132   262635.132   262664.132
  2250:   262683.132   262740.132   262779.132   262797.132   262868.132
  2255:   262879.132   262918.132   262961.132   263009.132   263241.132
  2260:   263280.132   263315.132   263402.132   263481.132   263598.132
  2265:   263633.132   263688.132   263730.132   263776.132   263864.132
  2270:   263916.132   263953.132   264035.132   264104.132   264144.132
  2275:   264193.822   264193.920   264198.411   265693.910   265695.611
  2280:   266695.621   266696.711   266782.121   266822.121   266862.121
  2285:   266892.121   266932.121   267085.121   267121.121   267155.121
  2290:   267190.121   267275.121   267324.121   267357.121   267436.121
  2295:   267486.121   267497.121   267531.121   267565.121   267603.121
  2300:   267641.121   267681.121   267732.721   267732.920   267732.901
  2305:   267732.091   268032.902   269532.910   269534.612   270934.622
  2310:   270935.712   271090.122   271125.122   271162.122   271196.122
  2315:   271233.122   271265.122   271309.122   271346.122   271376.122
  2320:   271410.122   271450.122   271482.122   271517.122   271551.122
  2325:   271585.122   271626.122   271658.122   271740.122   271823.122
  2330:   271861.122   271902.122   271940.122   271976.122   272012.122
  2335:   272049.122   272069.122   272103.122   272137.122   272227.122
  2340:   272268.122   272307.122   272341.722   272341.920   272341.901
  2345:   272341.092   272641.902   274141.910   274143.613   276093.623
  2350:   276094.813   276329.133   276367.133   276403.133   276444.133
  2355:   276478.133   276489.133   276589.133   276917.133   276957.133
  2360:   276973.133   277049.133   277098.133   277133.133   277216.133
  2365:   277236.133   277270.133   277306.133   277320.133   277369.133
  2370:   277544.133   277581.133   277620.133   277657.133   277694.133
  2375:   277734.133   277756.133   277787.133   277795.133   277850.133
  2380:   277866.133   277903.133   277920.133   278020.133   278100.133
  2385:   278136.133   278177.133   278222.133   278261.133   278299.133
  2390:   278340.133   278388.133   278424.133   278463.133   278480.133
  2395:   278520.133   278562.133   278612.133   278627.133   278661.133
  2400:   278702.133   278746.133   278870.133   278971.133   279014.133
  2405:   279029.133   279069.133   279110.133   279232.133   279280.133
  2410:   279321.133   279360.133   279400.133   279417.133   279456.133
  2415:   279474.133   279521.133   279560.133   279614.133   279639.133
  2420:   279729.133   279824.133   279866.133   279908.133   279950.133
  2425:   279964.133   280146.133   280189.133   280230.133   280269.133
  2430:   280294.823   280294.920   280315.411   281794.910   281796.614
  2435:   284546.624   284547.714   285516.124   285563.124   285617.124
  2440:   285697.124   285733.124   285775.124   285865.124   285900.124
  2445:   285944.124   285978.124   286005.124   286048.124   286267.124
  2450:   286303.124   286340.124   286379.124   286393.124   286431.124
  2455:   286467.124   286514.124   286548.124   286588.124   286630.124
  2460:   286646.124   286685.124   286764.124   286780.124   286819.124
  2465:   286858.124   286897.124   286935.124   286987.124   287027.124
  2470:   287068.124   287105.124   287145.124   287184.124   287226.124
  2475:   287263.124   287306.724   287306.920   287306.901   287306.094
  2480:   287606.902   289106.910   289108.614   291858.624   291859.814
  2485:   292694.134   292736.134   292779.134   292864.134   292909.134
  2490:   292943.134   292985.134   293145.134   293204.134   293258.134
  2495:   293295.134   293330.134   293366.134   293403.134   293440.134
  2500:   293616.134   293662.134   293695.134   293732.134   293769.134
  2505:   293819.134   293856.134   293872.134   293912.134   293949.134
  2510:   293989.134   294086.134   294132.134   294170.134   294208.134
  2515:   294246.134   294325.134   294366.134   294428.134   294474.134
  2520:   294511.134   294550.134   294590.134   294629.134   294669.134
  2525:   294708.134   294724.134   294766.134   294779.134   294821.134
  2530:   294858.134   294894.134   294937.134   294983.134   295027.134
  2535:   295065.134   295127.134   295140.134   295178.134   295218.134
  2540:   295237.134   295460.134   295513.134   295549.134   295566.134
  2545:   295602.134   295641.134   295679.134   295721.134   295741.134
  2550:   295786.134   295827.134   295869.134   295954.134   295989.134
  2555:   296026.134   296080.134   296120.134   296167.134   296409.134
  2560:   296533.134   296578.134   296593.134   296933.134   296946.134
  2565:   297359.824   297359.920   298859.910   298861.611   299861.621
  2570:   299862.711   300537.121   300585.121   300672.121   300710.121
  2575:   300785.121   300824.121   300878.721   300878.920   300878.901
  2580:   300878.091   301178.902   302678.910   302680.615   306530.625
  2585:   306531.815   306668.135   307052.135   307497.135   307550.135
  2590:   307711.135   307745.135   307779.135   307815.135   307855.135
  2595:   307859.135   308007.135   308041.135   308073.135   308278.135
  2600:   308317.135   308352.135   308372.135   308405.135   308445.135
  2605:   308489.135   308528.135   308544.135   308627.135   308692.135
  2610:   308727.135   308765.135   308805.135   308846.135   308883.135
  2615:   308918.135   308956.135   308993.135   309013.135   309046.135
  2620:   309061.135   309100.135   309140.135   309199.135   309248.135
  2625:   309307.135   309348.135   309403.135   309444.135   309490.135
  2630:   309623.135   309676.135   309746.135   309779.135   309815.135
  2635:   309854.135   309904.135   309940.135   309988.135   310028.135
  2640:   310044.135   310082.135   310103.135   310181.135   310277.135
  2645:   310294.135   310337.135   310388.135   310429.135   310447.135
  2650:   310493.135   310659.135   310699.135   310811.135   310850.135
  2655:   310895.135   311165.135   311602.135   311660.135   311800.135
  2660:   311816.135   311860.135   311899.135   311949.135   311989.135
  2665:   312001.135   312044.135   312144.135   312161.135   312205.135
  2670:   312249.135   312261.135   312608.135   312717.135   312813.135
  2675:   312856.135   312960.135   312971.135   314231.825   314231.920
  2680:   315731.910   315733.613   317683.623   317684.813   318235.133
  2685:   318325.133   318667.133   318720.133   318985.133   319026.133
  2690:   319081.133   319117.133   319149.133   319170.133   319256.133
  2695:   319289.133   319324.133   319361.133   319397.133   319435.133
  2700:   319471.133   319510.133   319563.133   319642.133   319693.133
  2705:   319747.133   319783.133   319823.133   319860.133   319898.133
  2710:   319983.133   319996.133   320109.133   320160.133   320202.133
  2715:   320245.133   320296.133   320332.133   320345.133   320429.133
  2720:   320479.133   320494.133   320673.133   320716.133   320755.133
  2725:   320771.133   320813.133   320851.133   320867.133   320907.133
  2730:   320918.133   320997.133   321086.133   321143.133   321179.133
  2735:   321223.133   321269.133   321314.133   321325.133   321373.133
  2740:   321643.133   321722.133   321736.133   321779.133   321884.823
  2745:   321884.920   323384.910   323386.615   327236.625   327237.815
  2750:   327703.135   328648.135   328687.135   328725.135   328739.135
  2755:   328784.135   328840.135   328886.135   328939.135   328977.135
  2760:   329058.135   329312.135   329352.135   329365.135   329417.135
  2765:   329430.135   329468.135   329509.135   329548.135   329562.135
  2770:   329597.135   329679.135   329716.135   329756.135   329768.135
  2775:   329979.135   330028.135   330068.135   330116.135   330151.135
  2780:   330191.135   330254.135   330265.135   330303.135   330436.135
  2785:   330477.135   330561.135   330794.135   330835.135   330857.135
  2790:   330893.135   330952.135   331087.135   331100.135   331139.135
  2795:   331177.135   331189.135   331400.135   331443.135   331467.135
  2800:   331501.135   331549.135   331591.135   331630.135   331672.135
  2805:   331722.135   331773.135   331914.135   331952.135   332076.135
  2810:   332173.135   332308.135   332352.135   332608.135   332799.135
  2815:   333490.135   333534.135   333643.135   333659.135   333726.135
  2820:   333761.135   333796.135   333872.135   333998.135   334050.135
  2825:   334063.135   334121.135   334223.135   334274.135   334368.135
  2830:   334411.135   334420.135   334543.135   334621.135   334742.135
  2835:   334776.135   334813.135   334850.135   334891.135   334937.825
  2840:   334937.920   336437.910   336439.615   340289.625   340290.715
  2845:   340994.125   341038.125   341076.125   341149.125   341238.125
  2850:   341368.125   341442.125   341479.125   341562.125   341635.125
  2855:   341679.125   341769.125   341780.125   341861.125   341903.125
  2860:   341938.125   341953.125   341991.125   342029.125   342242.125
  2865:   342363.125   342425.125   342460.125   342624.125   342667.125
  2870:   342740.125   342777.125   342825.125   342862.125   342900.125
  2875:   342942.125   342973.125   343026.125   343071.125   343081.125
  2880:   343121.125   343264.125   343300.125   343341.125   343419.125
  2885:   343457.125   343505.125   343620.125   343676.125   343880.125
  2890:   343920.125   344101.125   344185.725   344185.920   344185.901
  2895:   344185.095   344485.902   345985.910   345987.612   347387.622
  2900:   347388.712   347695.122   347734.122   347769.122   347804.122
  2905:   347837.122   347873.122   347909.122   347945.122   348017.122
  2910:   348052.122   348162.122   348199.122   348239.122   348277.122
  2915:   348312.122   348350.122   348390.122   348427.122   348508.122
  2920:   348581.122   348618.122   348674.122   348718.122   348953.722
  2925:   348953.920   348953.901   348953.092   349253.902   350753.910
  2930:   350755.614   353505.624   353506.714   355120.124   355158.124
  2935:   355235.124   355270.124   355304.124   355341.124   355379.124
  2940:   355454.124   355564.124   355603.124   355678.124   355759.124
  2945:   355802.124   355880.124   355924.124   355977.124   356013.124
  2950:   356091.124   356166.124   356177.124   356252.124   356288.724
  2955:   356288.920   356288.901   356288.094   356588.902   358088.910
  2960:   358090.613   360040.623   360041.713   360444.123   360486.123
  2965:   360522.123   360594.123   360628.123   360667.123   360702.123
  2970:   360738.123   360774.123   361088.123   361107.123   361136.123
  2975:   361175.123   361209.123   361265.123   361459.123   361507.123
  2980:   361545.123   361581.123   361652.123   361719.123   361751.123
  2985:   361787.123   361819.123   361890.123   361937.123   361972.123
  2990:   362008.723   362008.920   362008.901   362008.093   362308.902
  2995:   363808.910   363810.614   366560.624   366561.814   366783.134
  3000:   366960.134   366998.134   367035.134   367237.134   367250.134
  3005:   367284.134   367318.134   367354.134   367388.134   367422.134
  3010:   367455.134   367489.134   367524.134   367556.134   367592.134
  3015:   367625.134   367672.134   367708.134   367752.134   367789.134
  3020:   367827.134   367841.134   367880.134   367895.134   367930.134
  3025:   367964.134   368001.134   368074.134   368109.134   368147.134
  3030:   368185.134   368228.134   368270.134   368309.134   368364.134
  3035:   368398.134   368438.134   368596.134   368630.134   368721.134
  3040:   368760.134   368813.134   368849.134   368923.134   368965.134
  3045:   369092.134   369130.134   369178.134   369262.134   369339.134
  3050:   369377.134   369426.134   369467.134   369506.134   369683.134
  3055:   369726.134   369741.134   369970.134   370374.134   370412.134
  3060:   370461.134   370495.134   370533.134   370569.134   370612.134
  3065:   370648.134   370682.134   370718.134   370795.134   370836.134
  3070:   370873.134   370918.134   371041.134   372061.824   372061.920
  3075:   373561.910   373563.613   375513.623   375514.813   376006.133
  3080:   376042.133   376079.133   376519.133   376554.133   376608.133
  3085:   377003.133   377092.133   377277.133   377375.133   377415.133
  3090:   377604.133   377633.133   377660.133   377692.133   377867.133
  3095:   377901.133   378167.133   378201.133   378234.133   378266.133
  3100:   378298.133   378333.133   378365.133   378398.133   378435.133
  3105:   378473.133   378555.133   378646.133   378689.133   378727.133
  3110:   378740.133   378784.133   378796.133   378833.133   378870.133
  3115:   378909.133   378949.133   379092.133   379212.133   379280.133
  3120:   379362.133   379377.133   379512.133   379629.133   379706.133
  3125:   379714.823   379714.920   381214.910   381216.612   382616.622
  3130:   382617.812   383757.132   383827.132   383864.132   383907.132
  3135:   383943.132   384012.132   384051.132   384089.132   384135.132
  3140:   384176.132   384251.132   384290.132   384367.132   384406.132
  3145:   384445.132   384483.132   384524.132   384564.132   384610.132
  3150:   384719.132   384852.132   384939.132   384977.132   385074.132
  3155:   385116.132   385156.132   385321.132   385404.132   385458.132
  3160:   385639.132   385675.132   385799.132   385849.132   385927.132
  3165:   385972.132   386217.822   386217.920   387717.910   387719.611
  3170:   388719.621   388720.711   390160.721   390160.920   390160.901
  3175:   390160.091   390460.902   391960.910   391962.611   392962.621
  3180:   392963.711   393144.121   393183.121   393262.121   393340.121
  3185:   393377.121   393416.121   393456.121   393497.121   393531.121
  3190:   393572.121   393659.121   393734.121   393773.121   393814.121
  3195:   393867.121   393921.121   393939.121   393997.721   393997.920
  3200:   393997.901   393997.091   394297.902   395797.910   395799.613
  3205:   397749.623   397750.713   397875.123   397998.123   398196.123
  3210:   398245.123   398350.123   398610.123   398762.123   398808.123
  3215:   399102.123   399190.123   399203.123   399240.123   399276.123
  3220:   399313.123   399353.123   399400.123   399489.123   399522.123
  3225:   399765.723   399765.920   399765.901   399765.093   400065.902
  3230:   401565.910   401567.614   404317.624   404318.714   404955.124
  3235:   404997.124   405707.124   405723.124   405769.124   406190.124
  3240:   406228.124   406265.124   406304.124   406311.124   406575.124
  3245:   406683.124   406716.124   406749.124   406787.124   406823.124
  3250:   406894.124   407012.124   407065.124   407099.724   407099.920
  3255:   407099.901   407099.094   407399.902   408899.910   408901.615
  3260:   412751.625   412752.715   412886.125   412923.125   413076.125
  3265:   413435.125   413507.125   413599.125   414025.125   414060.125
  3270:   414091.125   414122.125   414356.125   414391.125   414423.125
  3275:   414460.125   414678.125   414780.125   414816.125   414856.125
  3280:   414902.125   414938.125   414980.125   415217.125   415296.125
  3285:   415338.125   415420.125   415459.125   415499.125   415535.125
  3290:   415549.125   415584.125   415607.125   415643.125   415678.125
  3295:   415695.125   415776.125   415815.125   415853.125   415894.125
  3300:   415935.125   415971.125   416166.125   416263.125   416302.125
  3305:   416349.125   416372.125   416408.125   416448.125   416493.125
  3310:   416531.125   416580.125   416634.725   416634.920   416634.901
  3315:   416634.095   416934.902   418434.910   418436.614   419994.074
  3320:   421186.624   421187.714   421607.124   421647.124   421726.124
  3325:   421789.124   421825.124   421863.124   421900.124   422007.124
  3330:   422037.124   422074.124   422110.124   422147.124   422187.124
  3335:   422226.124   422306.124   422342.124   422379.124   422420.124
  3340:   422441.124   422476.124   422526.124   422567.124   422603.124
  3345:   422686.124   422729.124   422740.124   422775.124   422814.124
  3350:   422853.124   422887.124   422927.124   422964.124   423004.124
  3355:   423046.124   423094.124   423105.124   423147.124   423182.124
  3360:   423264.124   423303.124   423354.124   423406.124   423450.124
  3365:   423490.124   423506.124   423600.124   423643.124   423686.124
  3370:   423773.124   423793.124   423866.124   423905.124   423946.724
  3375:   423946.920   423946.901   423946.094   424246.902   425746.910
  3380:   425748.612   427148.622   427149.712   427395.122   427444.122
  3385:   427492.122   427529.122   427567.122   427604.122   427643.122
  3390:   427681.122   427797.122   427837.122   427919.122   427997.122
  3395:   428038.122   428079.122   428161.122   428273.122   428317.122
  3400:   428360.122   428403.122   428442.122   428492.122   428573.722
  3405:   428573.920   428573.901   428573.092   428873.902   430373.910
  3410:   430375.613   432325.623   432326.813   432523.133   432556.133
  3415:   432770.133   432803.133   432837.133   432868.133   432903.133
  3420:   432954.133   432989.133   433027.133   433064.133   433101.133
  3425:   433141.133   433179.133   433200.133   433231.133   433270.133
  3430:   433391.133   433429.133   433468.133   433509.133   433523.133
  3435:   433560.133   433697.133   433737.133   433753.133   433788.133
  3440:   433830.133   433875.133   433915.133   433957.133   434005.133
  3445:   434045.133   434149.133   434200.133   434217.133   434253.133
  3450:   434296.133   434315.133   434351.133   434399.133   434444.133
  3455:   434458.133   434501.133   434541.133   434556.133   434603.133
  3460:   434616.133   434695.133   434749.133   434792.133   434830.133
  3465:   434904.133   434943.133   434978.133   435057.133   435103.133
  3470:   435159.133   435176.133   435225.133   435420.133   435478.133
  3475:   435534.133   435586.133   435622.133   435666.133   435756.133
  3480:   435772.133   436112.133   436151.133   436207.133   436526.823
  3485:   436526.920   438026.910   438028.611   439028.621   439029.711
  3490:   439432.121   439500.121   439529.121   439564.121   439596.121
  3495:   439636.121   439666.121   439700.121   439717.121   439749.121
  3500:   439787.121   439818.121   439856.121   439897.121   439934.121
  3505:   439973.121   439986.121   440019.121   440096.721   440096.920
  3510:   440096.901   440096.091   440396.902   441896.910   441898.611
  3515:   442898.621   442899.711   443012.121   443046.121   443117.121
  3520:   443154.121   443196.121   443269.121   443306.121   443338.121
  3525:   443374.121   443406.121   443440.121   443463.121   443530.121
  3530:   443589.121   443623.121   443663.121   443696.121   443774.121
  3535:   443811.121   443850.121   443920.721   443920.920   443920.901
  3540:   443920.091   444220.902   445720.910   445722.615   449572.625
  3545:   449573.715   450068.125   450100.125   450134.125   450166.125
  3550:   450204.125   450354.125   450392.125   450616.125   450659.125
  3555:   450665.125   450742.125   450772.125   451002.125   451035.125
  3560:   451067.125   451101.125   451135.125   451167.125   451205.125
  3565:   451238.125   451271.125   451337.125   451353.125   451387.125
  3570:   451423.125   451524.125   451569.125   451636.125   451672.125
  3575:   451705.125   451749.125   451830.125   451864.125   451897.125
  3580:   451931.125   451970.125   452003.125   452039.125   452075.125
  3585:   452110.125   452158.125   452208.125   452219.125   452248.125
  3590:   452281.125   452319.125   452357.125   452446.125   452485.125
  3595:   452542.125   452667.125   452715.125   452753.125   452792.125
  3600:   452918.125   452935.125   452981.125   453080.125   453117.125
  3605:   453123.125   453161.125   453215.125   453251.125   453287.125
  3610:   453460.725   453460.920   453460.901   453460.095   453760.902
  3615:   455260.910   455262.612   456662.622   456663.712   456804.122
  3620:   456841.122   456875.122   456909.122   456951.122   456987.122
  3625:   457021.122   457089.122   457104.122   457134.122   457169.122
  3630:   457205.122   457238.122   457273.122   457307.122   457342.122
  3635:   457373.122   457409.122   457441.122   457485.122   457528.122
  3640:   457565.122   457603.122   457617.122   457653.122   457732.122
  3645:   457767.122   457803.122   457826.122   457861.122   457913.122
  3650:   458019.122   458059.122   458102.722   458102.920   458102.901
  3655:   458102.092   458402.902   459902.910   459904.614   462654.624
  3660:   462655.714   463123.124   463160.124   463391.124   463463.124
  3665:   463497.124   463540.124   463571.124   463602.124   463639.124
  3670:   463668.124   463776.124   463860.124   463977.124   464009.124
  3675:   464042.124   464248.124   464295.124   464329.124   464342.124
  3680:   464372.124   464404.124   464438.124   464485.124   464517.124
  3685:   464559.124   464592.124   464622.124   464658.124   464700.124
  3690:   464736.124   464818.124   464835.124   464870.124   464884.124
  3695:   464993.124   465032.124   465067.124   465109.124   465156.124
  3700:   465169.124   465221.124   465235.124   465316.124   465354.124
  3705:   465397.124   465434.724   465434.920   465434.901   465434.094
  3710:   465734.902   467234.910   467236.612   468636.622   468637.812
  3715:   468745.132   468828.132   468865.132   468934.132   469060.132
  3720:   469103.132   469137.132   469169.132   469245.132   469278.132
  3725:   469317.132   469391.132   469406.132   469438.132   469526.132
  3730:   469573.132   469611.132   469731.132   469766.132   469807.132
  3735:   469849.132   469919.132   470010.132   470047.132   470084.132
  3740:   470122.132   470136.132   470170.132   470187.132   470217.132
  3745:   470260.132   470297.132   470389.132   470432.132   470446.132
  3750:   470504.132   470518.132   470555.132   470607.132   470622.132
  3755:   470790.132   470801.132   471008.132   471188.132   471231.132
  3760:   471271.132   471363.132   471452.132   471486.132   471562.132
  3765:   471576.132   471695.132   471747.132   471860.132   471921.132
  3770:   471958.132   471987.132   472061.132   472098.132   472114.132
  3775:   472162.132   472194.132   472232.132   472237.822   472237.920
  3780:   473737.910   473739.612   475139.622   475140.712   475283.122
  3785:   475334.122   475375.122   475451.122   475516.122   475584.122
  3790:   475623.122   475653.122   475725.122   475759.122   475811.122
  3795:   475870.122   475916.122   475948.122   475986.122   476020.122
  3800:   476061.122   476107.122   476142.122   476210.122   476255.122
  3805:   476293.122   476447.122   476454.122   476544.722   476544.920
  3810:   476544.901   476544.092   476844.902   478344.910   478346.614
  3815:   481096.624   481097.714   481656.124   481695.124   481746.124
  3820:   481779.124   481815.124   481860.124   481898.124   482206.124
  3825:   482247.124   482280.124   482321.124   482364.124   482397.124
  3830:   482429.124   482465.124   482494.124   482532.124   482610.124
  3835:   482677.124   482748.124   482780.124   482831.124   482864.124
  3840:   482916.124   482950.124   482987.124   483024.124   483112.124
  3845:   483162.124   483173.124   483217.124   483247.124   483282.124
  3850:   483370.124   483409.124   483445.124   483480.124   483518.124
  3855:   483528.124   483562.124   483597.124   483794.124   483833.124
  3860:   483869.724   483869.920   483869.901   483869.094   484169.902
  3865:   485669.910   485671.612   487071.622   487072.712   487260.122
  3870:   487291.122   487354.122   487389.122   487421.122   487455.122
  3875:   487489.122   487532.122   487566.122   487597.122   487620.122
  3880:   487650.122   487684.122   487712.122   487746.122   487782.122
  3885:   487810.122   487946.122   487983.122   488016.122   488031.122
  3890:   488068.122   488114.122   488160.122   488197.122   488243.122
  3895:   488276.122   488343.122   488378.122   488411.122   488451.122
  3900:   488488.722   488488.920   488488.901   488488.092   488788.902
  3905:   490288.910   490290.612   491690.622   491691.712   491784.122
  3910:   491832.122   491873.122   491907.122   491944.122   491981.122
  3915:   492014.122   492051.122   492083.122   492115.122   492182.122
  3920:   492213.122   492247.122   492282.122   492317.122   492354.122
  3925:   492385.122   492423.122   492458.122   492490.122   492523.122
  3930:   492557.122   492589.122   492668.122   492684.122   492717.122
  3935:   492752.122   492790.122   492821.122   492898.122   492934.122
  3940:   493020.122   493061.122   493099.722   493099.920   493099.901
  3945:   493099.092   493399.902   494899.910   494901.612   496301.622
  3950:   496302.812   496497.132   496724.132   496762.132   496811.132
  3955:   496843.132   496879.132   496978.132   497219.132   497271.132
  3960:   497318.132   497354.132   497368.132   497594.132   497632.132
  3965:   497670.132   497709.132   497776.132   497813.132   497847.132
  3970:   497864.132   497902.132   497981.132   497993.132   498029.132
  3975:   498109.132   498154.132   498209.132   498295.132   498332.132
  3980:   498369.132   498408.132   498453.132   498491.132   498576.132
  3985:   498594.132   498629.132   498681.132   498719.132   498764.132
  3990:   498802.132   498847.132   498887.132   498937.132   499081.132
  3995:   499112.132   499150.132   499191.132   499238.132   499256.132
  4000:   499296.132   499333.132   499375.132   499419.132   499464.132
  4005:   499560.132   499583.132   499668.132   499685.132   499842.132
  4010:   499861.132   499902.822   499902.920   501402.910   501404.612
  4015:   502804.622   502805.712   503314.122   503324.122   503374.122
  4020:   503418.122   503471.122   503888.122   503932.122   503972.122
  4025:   504095.122   504131.122   504168.122   504183.122   504224.722
  4030:   504224.920   504224.901   504224.092   504524.902   506024.910
  4035:   506026.615   509876.625   509877.715   510275.125   510354.125
  4040:   510388.125   510428.125   511132.125   511176.125   511218.125
  4045:   511350.125   511384.125   511415.125   511461.125   511542.125
  4050:   511577.125   511611.125   511627.125   511661.125   511780.125
  4055:   511858.125   511893.125   511930.125   511967.125   512004.125
  4060:   512045.125   512089.125   512125.125   512187.125   512272.125
  4065:   512309.125   512350.125   512387.125   512426.125   512473.125
  4070:   512522.125   512607.125   512648.125   512686.125   512725.125
  4075:   512767.125   512818.125   512856.125   512896.125   512939.125
  4080:   512953.125   513039.125   513051.125   513124.125   513141.125
  4085:   513176.125   513211.125   513252.125   513292.125   513335.125
  4090:   513383.125   513447.125   513501.125   513546.125   513636.125
  4095:   513720.125   513760.725   513760.920   513760.901   513760.095
  4100:   514060.902   515560.910   515562.614   518312.624   518313.714
  4105:   518568.124   518608.124   518647.124   518681.124   518717.124
  4110:   518752.124   518790.124   518824.124   518860.124   518897.124
  4115:   518989.124   519040.124   519079.124   519119.124   519154.124
  4120:   519189.124   519229.124   519282.124   519318.124   519370.124
  4125:   519416.124   519455.124   519488.124   519527.124   519564.124
  4130:   519605.124   519619.124   519654.124   519688.124   519729.124
  4135:   519765.124   519782.124   519860.124   519885.124   520036.124
  4140:   520075.124   520094.124   520128.124   520167.124   520202.124
  4145:   520240.124   520281.124   520337.124   520371.124   520412.124
  4150:   520424.124   520525.124   520605.124   520708.124   520752.124
  4155:   520793.124   520871.124   520949.124   520993.124   521038.124
  4160:   521069.724   521069.920   521069.901   521069.094   521369.902
  4165:   522869.910   522871.615   526721.625   526722.715   527283.125
  4170:   527338.125   527378.125   527428.125   527476.125   527512.125
  4175:   527547.125   527560.125   527645.125   527675.125   527690.125
  4180:   527725.125   527765.125   527797.125   527881.125   527969.125
  4185:   528013.125   528053.125   528092.125   528130.125   528164.125
  4190:   528202.125   528240.125   528279.125   528319.125   528355.125
  4195:   528396.125   528437.125   528477.125   528512.125   528552.125
  4200:   528589.125   528631.125   528653.125   528663.125   528699.125
  4205:   528766.125   528814.125   528959.125   529006.125   529048.125
  4210:   529086.125   529172.125   529223.125   529265.125   529310.125
  4215:   529355.125   529393.125   529436.125   529479.125   529520.125
  4220:   529558.125   529595.125   529632.125   529672.125   529686.125
  4225:   529818.125   529860.125   529905.125   529947.125   529984.125
  4230:   530029.125   530040.125   530083.125   530097.125   530135.125
  4235:   530181.125   530228.125   530244.125   530433.125   530476.125
  4240:   530535.125   530576.725   530576.920   530576.901   530576.095
  4245:   530876.902   532376.910   532378.614   535128.624   535129.714
  4250:   535284.124   535360.124   535544.124   535576.124   535613.124
  4255:   535641.124   535860.124   535888.124   535917.124   535947.124
  4260:   535981.124   536017.124   536053.124   536084.124   536182.124
  4265:   536215.124   536246.124   536282.124   536316.124   536330.124
  4270:   536358.124   536391.124   536427.124   536461.124   536581.124
  4275:   536649.124   536689.124   536758.124   536809.124   536880.124
  4280:   536935.124   536970.124   537005.124   537042.124   537098.124
  4285:   537144.124   537184.124   537200.124   537234.124   537312.124
  4290:   537350.124   537390.124   537402.124   537440.124   537480.124
  4295:   537513.124   537659.124   537693.124   537776.124   537811.124
  4300:   537863.124   537901.724   537901.920   537901.901   537901.094
  4305:   538201.902   539701.910   539703.612   541103.622   541104.712
  4310:   541258.122   541292.122   541335.122   541378.122   541411.122
  4315:   541449.122   541480.122   541512.122   541550.122   541589.122
  4320:   541648.122   541680.122   541790.122   541825.122   541900.122
  4325:   541939.122   541971.122   542010.122   542053.122   542090.122
  4330:   542172.122   542208.122   542282.122   542320.122   542392.122
  4335:   542429.122   542468.122   542481.122   542517.722   542517.920
  4340:   542517.901   542517.092   542817.902   544317.910   544319.611
  4345:   545319.621   545320.711   545465.121   545501.121   545539.121
  4350:   545576.121   545611.121   545644.121   545677.121   545708.121
  4355:   545742.121   545775.121   545809.121   545843.121   545879.121
  4360:   545918.121   545954.121   545982.121   546041.121   546078.121
  4365:   546116.121   546154.121   546242.121   546274.121   546312.121
  4370:   546433.721   546433.920   546433.901   546433.091   546733.902
  4375:   548233.910   548235.615   552085.625   552086.715   552276.125
  4380:   552325.125   552444.125   552483.125   552571.125   552996.125
  4385:   553101.125   553171.125   553413.125   553451.125   553492.125
  4390:   553525.125   553530.125   553613.125   553655.125   553685.125
  4395:   553721.125   553772.125   553803.125   553837.125   553971.125
  4400:   554002.125   554040.125   554141.125   554177.125   554209.125
  4405:   554246.125   554284.125   554319.125   554354.125   554388.125
  4410:   554419.125   554434.125   554501.125   554531.125   554564.125
  4415:   554606.125   554644.125   554680.125   554715.125   554800.125
  4420:   554834.125   554852.125   554883.125   554920.125   554968.125
  4425:   555044.125   555057.125   555087.125   555122.125   555137.125
  4430:   555168.125   555206.125   555220.125   555252.125   555262.125
  4435:   555305.125   555318.125   555361.125   555393.125   555431.125
  4440:   555524.125   555559.125   555593.125   555628.125   555672.125
  4445:   555681.125   555717.125   555734.125   555863.125   555894.125
  4450:   555935.125   555982.725   555982.920   555982.901   555982.095
  4455:   556282.902   557782.910   557784.613   559734.623   559735.713
  4460:   559914.123   559953.123   560169.123   560206.123   560239.123
  4465:   560256.123   560507.123   560543.123   560577.123   560610.123
  4470:   560644.123   560678.123   560723.123   560768.123   560802.123
  4475:   560835.123   560851.123   560879.123   560912.123   561014.123
  4480:   561060.123   561091.123   561111.123   561144.123   561185.123
  4485:   561242.123   561276.123   561311.123   561347.123   561384.123
  4490:   561418.123   561453.123   561487.123   561524.123   561539.123
  4495:   561572.123   561609.123   561646.123   561717.723   561717.920
  4500:   561717.901   561717.093   562017.902   563517.910   563519.615
  4505:   567369.625   567370.715   567558.125   567651.125   567792.125
  4510:   567847.125   568022.125   568234.125   568265.125   568298.125
  4515:   568333.125   568367.125   568398.125   568431.125   568502.125
  4520:   568535.125   568547.125   568582.125   568624.125   568651.125
  4525:   568686.125   568701.125   568730.125   568765.125   568801.125
  4530:   568870.125   568915.125   568931.125   568961.125   569064.125
  4535:   569101.125   569169.125   569237.125   569276.125   569320.125
  4540:   569354.125   569387.125   569423.125   569473.125   569508.125
  4545:   569544.125   569574.125   569605.125   569672.125   569792.125
  4550:   569825.125   569863.125   569898.125   569949.125   569984.125
  4555:   570024.125   570057.125   570096.125   570115.125   570158.125
  4560:   570191.125   570206.125   570251.125   570289.125   570326.125
  4565:   570362.125   570404.125   570421.125   570505.125   570517.125
  4570:   570556.125   570588.125   570747.125   570841.125   570916.125
  4575:   570948.125   570990.125   571033.125   571048.125   571085.125
  4580:   571135.125   571153.125   571190.125   571252.725   571252.920
  4585:   571252.901   571252.095   571552.902   573052.910   573054.615
  4590:   576904.625   576905.715   577106.125   577143.125   577185.125
  4595:   577220.125   577264.125   577309.125   577350.125   577394.125
  4600:   577467.125   577501.125   577535.125   577577.125   577618.125
  4605:   577629.125   577660.125   577678.125   577709.125   577790.125
  4610:   577809.125   577910.125   577978.125   578015.125   578025.125
  4615:   578057.125   578072.125   578109.125   578153.125   578187.125
  4620:   578258.125   578275.125   578304.125   578339.125   578350.125
  4625:   578418.125   578451.125   578489.125   578523.125   578602.125
  4630:   578677.125   578761.125   578775.125   578804.125   578839.125
  4635:   578874.125   578910.125   578945.125   578961.125   578992.125
  4640:   579078.125   579115.125   579152.125   579225.125   579259.125
  4645:   579273.125   579304.125   579342.125   579359.125   579389.125
  4650:   579426.125   579462.125   579499.125   579534.125   579569.125
  4655:   579624.125   579703.125   579741.125   579756.125   579791.125
  4660:   579806.125   579919.125   579952.125   579988.125   580001.125
  4665:   580072.125   580108.125   580394.125   580426.125   580505.125
  4670:   580642.125   580690.125   580728.125   580805.725   580805.920
  4675:   580805.901   580805.095   581105.902   582605.910   582607.611
  4680:   583607.621   583608.711   583849.121   583888.121   583924.121
  4685:   583960.121   583997.121   584028.121   584062.121   584096.121
  4690:   584130.121   584205.121   584218.121   584251.121   584283.121
  4695:   584323.121   584368.121   584476.121   584552.121   584589.121
  4700:   584669.721   584669.920   584669.901   584669.091   584969.902
  4705:   586469.910   586471.612   587871.622   587872.712   588005.122
  4710:   588047.122   588125.122   588155.122   588198.122   588232.122
  4715:   588265.122   588298.122   588361.122   588412.122   588447.122
  4720:   588476.122   588510.122   588544.122   588578.122   588612.122
  4725:   588648.122   588683.122   588786.122   588820.122   588831.122
  4730:   588863.122   588908.122   588993.122   589026.122   589067.122
  4735:   589107.122   589138.122   589176.122   589227.122   589322.722
  4740:   589322.920   589322.901   589322.092   589622.902   591122.910
  4745:   591124.613   593074.623   593075.713   593468.123   593506.123
  4750:   593539.123   593571.123   593605.123   593686.123   593749.123
  4755:   593782.123   593899.123   593930.123   593963.123   593978.123
  4760:   594006.123   594038.123   594055.123   594087.123   594120.123
  4765:   594154.123   594185.123   594221.123   594253.123   594290.123
  4770:   594303.123   594413.123   594447.123   594465.123   594495.123
  4775:   594531.123   594571.123   594583.123   594616.123   594630.123
  4780:   594740.123   594818.123   594858.123   594891.123   594926.123
  4785:   594962.123   594996.123   595036.723   595036.920   595036.901
  4790:   595036.093   595336.902   596836.910   596838.612   598238.622
  4795:   598239.712   598396.122   598461.122   598546.122   598577.122
  4800:   598652.122   598725.122   598758.122   598791.122   598825.122
  4805:   598862.122   598896.122   598914.122   598944.122   598980.122
  4810:   599012.122   599047.122   599078.122   599111.122   599143.122
  4815:   599179.122   599192.122   599227.122   599266.122   599303.122
  4820:   599341.122   599378.122   599416.122   599446.122   599487.122
  4825:   599501.122   599540.122   599577.122   599618.122   599631.122
  4830:   599668.722   599668.920   599668.901   599668.092   599968.902
  4835:   601468.910   601470.615   605320.625   605321.715   605416.125
  4840:   605457.125   605512.125   605596.125   605626.125   605657.125
  4845:   605692.125   605726.125   605758.125   605791.125   605827.125
  4850:   605872.125   605913.125   605989.125   606026.125   606044.125
  4855:   606076.125   606106.125   606141.125   606218.125   606264.125
  4860:   606298.125   606331.125   606364.125   606398.125   606416.125
  4865:   606453.125   606542.125   606616.125   606649.125   606686.125
  4870:   606721.125   606761.125   606798.125   606868.125   606902.125
  4875:   606934.125   607026.125   607058.125   607094.125   607130.125
  4880:   607213.125   607248.125   607285.125   607322.125   607333.125
  4885:   607373.125   607508.125   607542.125   607556.125   607681.125
  4890:   607719.125   607737.125   607767.125   607804.125   607838.125
  4895:   607954.125   607988.125   608026.125   608071.125   608109.125
  4900:   608124.125   608214.125   608296.125   608333.125   608348.125
  4905:   608382.125   608423.125   608459.125   608495.125   608626.125
  4910:   608658.125   608694.125   608729.125   608761.125   608793.125
  4915:   608831.125   608916.125   608952.125   608986.125   609061.125
  4920:   609098.125   609142.125   609182.725   609182.920   609182.901
  4925:   609182.095   609482.902   610982.910   610984.614   613734.624
  4930:   613735.814   613912.134   613958.134   614035.134   614082.134
  4935:   614266.134   614310.134   614350.134   614514.134   614558.134
  4940:   614594.134   614628.134   614665.134   614705.134   614718.134
  4945:   614749.134   614788.134   614826.134   614863.134   614882.134
  4950:   614916.134   614970.134   615012.134   615046.134   615085.134
  4955:   615098.134   615131.134   615168.134   615203.134   615215.134
  4960:   615248.134   615271.134   615341.134   615377.134   615389.134
  4965:   615423.134   615462.134   615497.134   615536.134   615567.134
  4970:   615581.134   615657.134   615688.134   615751.134   615765.134
  4975:   615793.134   615827.134   615873.134   615903.134   615936.134
  4980:   615971.134   615984.134   616019.134   616035.134   616068.134
  4985:   616100.134   616115.134   616143.134   616219.134   616256.134
  4990:   616284.134   616298.134   616330.134   616383.134   616420.134
  4995:   616534.134   616570.134   616604.134   616639.134   616757.134
  5000:   616830.134   616863.134   616934.134   616968.134   617008.134
  5005:   617037.134   617107.134   617155.134   617195.134   617206.134
  5010:   617262.134   617273.134   617312.134   617357.134   617567.134
  5015:   617644.134   617675.134   617706.134   617723.134   617784.134
  5020:   617818.134   617855.134   617897.134   617981.134   618014.134
  5025:   618048.134   618063.134   618089.134   618104.134   618131.134
  5030:   618168.134   618264.134   618298.134   618312.134   618361.134
  5035:   618378.134   618450.134   618527.134   618538.134   618583.134
  5040:   618624.134   618641.134   619235.824   619235.920   620735.910
  5045:   620737.613   622687.623   622688.713   623061.123   623102.123
  5050:   623178.123   623211.123   623265.123   623292.123   623358.123
  5055:   623496.123   623525.123   623557.123   623588.123   623619.123
  5060:   623689.123   623723.123   623753.123   623802.123   623866.123
  5065:   623900.123   623912.123   623947.123   623975.123   624007.123
  5070:   624025.123   624058.123   624075.123   624098.123   624130.123
  5075:   624173.123   624205.123   624252.123   624312.123   624379.123
  5080:   624434.123   624489.123   624503.123   624536.123   624605.123
  5085:   624639.723   624639.920   624639.901   624639.093   624939.902
  5090:   626439.910   626441.611   627441.621   627442.811   627550.131
  5095:   627585.131   627620.131   627658.131   627697.131   627728.131
  5100:   627757.131   627817.131   627847.131   627875.131   627903.131
  5105:   628057.131   628091.131   628121.131   628167.131   628193.131
  5110:   628255.131   628291.131   628355.131   628424.131   628494.131
  5115:   628530.131   628632.131   628664.131   628676.131   628710.131
  5120:   628742.131   628757.131   628786.131   628858.131   628892.131
  5125:   628908.131   628939.131   628972.131   629012.131   629045.131
  5130:   629083.131   629093.131   629128.131   629140.131   629171.131
  5135:   629208.131   629282.131   629293.131   629328.131   629364.131
  5140:   629433.131   629469.131   629490.131   629522.131   629554.131
  5145:   629673.131   629745.131   629777.131   629819.131   629938.131
  5150:   629973.131   630012.131   630044.131   630081.131   630151.131
  5155:   630242.131   630305.131   630336.131   630409.131   630642.821
  5160:   630642.920   630656.411   632142.910   632144.614   634894.624
  5165:   634895.814   635088.134   635283.134   635359.134   635496.134
  5170:   635528.134   635578.134   635697.134   635727.134   635753.134
  5175:   635827.134   635937.134   635947.134   636015.134   636049.134
  5180:   636077.134   636094.134   636122.134   636149.134   636181.134
  5185:   636199.134   636327.134   636359.134   636390.134   636423.134
  5190:   636491.134   636523.134   636534.134   636565.134   636670.134
  5195:   636697.134   636734.134   636768.134   636808.134   636868.134
  5200:   636904.134   636915.134   636944.134   636977.134   637020.134
  5205:   637100.134   637133.134   637167.134   637201.134   637214.134
  5210:   637247.134   637312.134   637327.134   637362.134   637405.134
  5215:   637450.134   637484.134   637496.134   637661.134   637692.134
  5220:   637726.134   637759.134   637788.134   637801.134   637837.134
  5225:   637911.134   637939.134   638119.134   638151.134   638187.134
  5230:   638432.134   638466.134   638478.134   638517.134   638561.134
  5235:   638682.134   638781.134   638812.134   638848.134   638924.134
  5240:   639195.134   639397.134   639530.134   639604.134   639637.134
  5245:   639649.134   640109.134   640248.134   640296.134   640395.824
  5250:   640395.920   641895.910   641897.613   643847.623   643848.713
  5255:   643905.123   643945.123   644009.123   644048.123   644225.123
  5260:   644254.123   644340.123   644450.123   644478.123   644668.123
  5265:   644695.123   644722.123   644817.123   644853.123   644864.123
  5270:   644916.123   644987.123   645016.123   645043.123   645209.123
  5275:   645239.123   645268.123   645309.123   645383.123   645423.123
  5280:   645435.123   645584.123   645612.123   645646.123   645693.123
  5285:   645717.123   645752.123   645783.123   645817.723   645817.920
  5290:   645817.901   645817.093   646117.902   647617.910   647619.611
  5295:   648619.621   648620.711   648764.121   648800.121   648836.121
  5300:   648868.121   648912.121   648952.121   648982.121   649052.121
  5305:   649080.121   649110.121   649143.121   649175.121   649193.121
  5310:   649219.121   649249.121   649283.121   649315.121   649371.121
  5315:   649401.121   649462.121   649493.121   649562.121   649627.721
  5320:   649627.920   649627.901   649627.091   649927.902   651427.910
  5325:   651429.613   653379.623   653380.713   653815.123   653974.123
  5330:   654028.123   654340.123   654398.123   654554.123   654592.123
  5335:   654620.123   654826.123   654858.123   654891.123   654924.123
  5340:   655121.123   655151.123   655183.123   655212.123   655240.123
  5345:   655271.123   655423.723   655423.920   655423.901   655423.093
  5350:   655723.902   657223.910   657225.612   658625.622   658626.812
  5355:   658790.132   658852.132   658894.132   658927.132   658970.132
  5360:   658999.132   659032.132   659089.132   659146.132   659179.132
  5365:   659217.132   659252.132   659286.132   659494.132   659535.132
  5370:   659578.132   659648.132   659687.132   659724.132   659763.132
  5375:   659801.132   659909.132   659939.132   659973.132   660006.132
  5380:   660039.132   660137.132   660147.132   660187.132   660205.132
  5385:   660286.132   660326.132   660392.132   660445.132   660477.132
  5390:   660513.132   660548.132   660580.132   660621.132   660747.132
  5395:   660779.132   660815.132   660856.132   660867.132   660931.132
  5400:   660966.132   661000.132   661036.132   661078.132   661197.132
  5405:   661324.132   661356.132   661436.132   661497.132   661530.132
  5410:   661578.132   661711.132   661760.132   661899.132   661910.132
  5415:   661983.132   662012.132   662045.132   662092.132   662128.132
  5420:   662164.132   662199.132   662226.822   662226.920   662230.411
  5425:   662280.411   663726.910   663728.615   667578.625   667579.715
  5430:   668402.125   668740.125   668811.125   668873.125   668904.125
  5435:   668951.125   668983.125   669045.125   669073.125   669110.125
  5440:   669127.125   669155.125   669184.125   669254.125   669308.125
  5445:   669319.125   669426.125   669459.125   669489.125   669524.125
  5450:   669556.125   669661.125   669700.125   669733.125   669780.125
  5455:   669812.125   669827.125   669875.125   669887.125   669918.125
  5460:   669957.125   669988.125   670091.125   670123.125   670139.125
  5465:   670173.125   670205.125   670276.125   670293.125   670402.125
  5470:   670530.125   670581.125   670659.125   670834.125   670872.125
  5475:   670918.125   670953.125   671004.125   671038.125   671226.125
  5480:   671275.125   671308.125   671338.125   671375.125   671417.125
  5485:   671538.725   671538.920   671538.901   671538.095   671838.902
  5490:   673338.910   673340.614   676090.624   676091.714   676263.124
  5495:   676641.124   676676.124   676708.124   676720.124   676823.124
  5500:   676864.124   676890.124   677025.124   677050.124   677085.124
  5505:   677117.124   677180.124   677182.124   677262.124   677292.124
  5510:   677326.124   677420.124   677458.124   677492.124   677520.124
  5515:   677603.124   677634.124   677664.124   677695.124   677761.124
  5520:   677841.124   677918.124   677956.124   677996.124   678044.124
  5525:   678129.124   678170.124   678201.124   678230.124   678299.124
  5530:   678335.124   678351.124   678381.124   678432.124   678461.124
  5535:   678609.124   678657.124   678675.124   678709.124   678751.124
  5540:   678806.124   678819.124   678852.724   678852.920   678852.901
  5545:   678852.094   679152.902   679152.902   679152.005   679152.006
  5550:   679152.007   679152.020 
D:
     0:        0.000        0.000        0.000        1.000        0.000
     5:        0.000        0.000        0.000        0.000        0.000
    10:        0.000        0.000        0.000        0.000        0.000
    15:        0.000        0.000        0.000        0.000        0.000
    20:        0.000        0.000        0.000        0.000        0.000
    25:        0.000        9.000        0.000        0.000        0.000
    30:        0.000        0.000        0.000        0.000        0.000
    35:        0.000
F:
     0:       10.000       14.000       19.500       27.500       38.500
     5:       10.000       14.000       19.500       27.500       38.500
    10:       10.000       14.000       19.500       27.500       38.500
    15:       20.000       28.000       39.000       55.000       77.000
    20:       20.000       28.000       39.000       55.000       77.000
    25:       20.000       28.000       39.000       55.000       77.000
    30:       10.000       14.000       19.500       27.500       38.500
    35:       10.000       14.000       19.500       27.500       38.500
    40:       10.000       14.000       19.500       27.500       38.500
    45:       10.000       14.000       19.500       27.500       38.500
    50:       10.000       14.000       19.500       27.500       38.500
    55:       10.000       14.000       19.500       27.500       38.500
    60:       10.000       14.000       19.500       27.500       38.500
    65:       10.000       14.000       19.500       27.500       38.500
    70:       10.000       14.000       19.500       27.500       38.500
    75:       20.000       28.000       39.000       55.000       77.000
    80:       20.000       28.000       39.000       55.000       77.000
    85:       10.000       14.000       19.500       27.500       38.500
    90:       10.000       14.000       19.500       27.500       38.500
    95:       10.000       14.000       19.500       27.500       38.500
I:
     0:       75.000        0.000        0.000
M:
     0:       15.000       15.000       15.000       15.000       15.000
     5:        5.000        5.000        5.000        5.000        5.000
    10:      100.000
N:
     0:       20.000       20.000       20.000       20.000       20.000
     5:        0.000
Q:
     0:       15.000       15.000       15.000       15.000       15.000
     5:        0.000
V:
     0:        0.000        0.000        0.000        0.000        0.000
     5:      284.000      415.000      519.000      681.000     1003.000
    10:      306.000      290.000      320.000      439.000      529.000
    15:        0.000
