File: C:\MED-PC IV\DATA\M_PEAK26P875


Start Date: 08/31/17
End Date: 08/31/17
Subject: P875
Experiment: IF-PICO
Group: 0
Box: 8
Start Time: 10:26:05
End Time: 12:19:40
MSN: Multiple_Peak
B:       0.000
C:       0.000
E:    4775.000
G:      38.500
H:    3850.000
J:       0.000
K:       0.000
L:       0.000
O:       0.000
P:       0.000
R:       0.000
S:       0.000
T:  681461.000
U:       0.000
W:       0.000
X:       0.000
Y:       0.000
Z:       0.000
A:
     0:        0.010      500.910      502.611      860.111      874.111
     5:     1502.621     1503.711     2167.121     2198.121     2227.121
    10:     2293.121     2327.121     2360.121     2426.121     2461.121
    15:     2494.121     2529.721     2529.920     2529.901     2529.091
    20:     2829.902     4329.910     4331.613     6281.623     6282.813
    25:     6722.133     6758.133     6789.133     6820.133     6854.133
    30:     6888.133     6925.133     6965.133     7000.133     7034.133
    35:     7070.133     7102.133     7136.133     7169.133     7206.133
    40:     7240.133     7276.133     7312.133     7343.133     7370.133
    45:     7406.133     7448.133     7473.133     7510.133     7540.133
    50:     7576.133     7609.133     7642.133     7680.133     7709.133
    55:     7740.133     7776.133     7804.133     7836.133     7871.133
    60:     7899.133     7931.133     7966.133     8031.133     8064.133
    65:     8092.133     8121.133     8205.133     8239.133     8270.133
    70:     8300.133     8329.133     8366.133     8396.133     8428.133
    75:     8469.133     8498.133     8527.133     8561.133     8601.133
    80:     8627.133     8662.133     8704.133     8736.133     8770.133
    85:     8804.133     8841.133     8869.133     8934.133     8967.133
    90:     8998.133     9069.133     9103.133     9146.133     9217.133
    95:     9269.133     9308.133     9341.133     9463.133     9494.133
   100:     9522.133     9556.133     9586.133     9633.133     9671.133
   105:     9702.133     9737.133     9770.133     9812.133     9847.133
   110:     9879.133    10018.133    10116.133    10146.133    10177.133
   115:    10205.133    10234.133    10264.133    10300.133    10338.133
   120:    10422.133    10450.133    10482.823    10482.920    11982.910
   125:    11984.612    13384.622    13385.712    13617.122    13651.122
   130:    13687.122    13717.122    13750.122    13815.122    13846.122
   135:    13916.122    13950.122    13990.122    14023.122    14088.122
   140:    14119.122    14151.122    14187.122    14218.122    14284.122
   145:    14315.122    14344.122    14380.122    14409.122    14444.122
   150:    14476.122    14508.122    14541.122    14579.122    14610.122
   155:    14674.122    14713.122    14742.122    14777.122    14817.722
   160:    14817.920    14817.901    14817.092    15117.902    16617.910
   165:    16619.615    20469.625    20470.815    20645.135    20674.135
   170:    20715.135    21226.135    21257.135    21291.135    21323.135
   175:    21357.135    21393.135    21429.135    21465.135    21504.135
   180:    21538.135    21575.135    21607.135    21642.135    21671.135
   185:    21740.135    21770.135    21807.135    21838.135    21874.135
   190:    21905.135    21943.135    21979.135    22010.135    22044.135
   195:    22073.135    22108.135    22140.135    22169.135    22204.135
   200:    22238.135    22274.135    22301.135    22336.135    22366.135
   205:    22401.135    22435.135    22466.135    22494.135    22531.135
   210:    22562.135    22595.135    22627.135    22664.135    22693.135
   215:    22729.135    22767.135    22798.135    22832.135    22866.135
   220:    22897.135    22930.135    22968.135    22998.135    23035.135
   225:    23065.135    23098.135    23134.135    23167.135    23198.135
   230:    23229.135    23260.135    23287.135    23380.135    23407.135
   235:    23468.135    23505.135    23540.135    23572.135    23608.135
   240:    23637.135    23686.135    23800.135    23857.135    23894.135
   245:    23925.135    23961.135    24085.135    24171.135    24209.135
   250:    24250.135    24444.135    24485.135    24817.135    24850.135
   255:    24886.135    24919.135    24952.135    24987.135    25018.135
   260:    25050.135    25079.135    25113.135    25142.135    25177.135
   265:    25208.135    25240.135    25274.135    25338.135    25375.135
   270:    25407.135    25440.135    25472.135    25508.135    25538.135
   275:    25578.135    25619.135    25688.135    25726.135    25811.135
   280:    25845.135    25879.135    26018.135    26048.135    26082.135
   285:    26118.135    26728.135    26760.135    26832.135    26867.135
   290:    26996.135    27067.135    27248.135    27281.135    27314.135
   295:    27345.135    27377.135    27411.135    27443.135    27470.135
   300:    27502.135    27537.135    27566.135    27605.135    27633.135
   305:    27664.135    27693.135    27725.135    27754.135    27790.135
   310:    27820.135    27850.135    27913.135    27945.135    28008.135
   315:    28044.135    28075.135    28149.135    28170.825    28170.920
   320:    28181.411    29670.910    29672.612    31072.622    31073.712
   325:    31232.122    31272.122    31308.122    31340.122    31370.122
   330:    31401.122    31434.122    31462.122    31503.122    31530.122
   335:    31566.122    31603.122    31667.122    31699.122    31733.122
   340:    31764.122    31795.122    31823.122    31857.122    31921.122
   345:    31954.122    31988.122    32020.122    32057.122    32088.122
   350:    32156.122    32193.122    32222.122    32254.122    32292.122
   355:    32387.122    32423.122    32484.722    32484.920    32484.901
   360:    32484.092    32784.902    34284.910    34286.611    35286.621
   365:    35287.711    35464.121    35497.121    35530.121    35563.121
   370:    35590.121    35624.121    35661.121    35694.121    35731.121
   375:    35759.121    35796.121    35823.121    35862.121    35894.121
   380:    35931.121    35961.121    36003.121    36033.121    36064.121
   385:    36103.121    36138.121    36170.121    36206.121    36235.121
   390:    36267.121    36333.721    36333.920    36333.901    36333.091
   395:    36633.902    38133.910    38135.615    41985.625    41986.715
   400:    42644.125    42677.125    42862.125    42898.125    42924.125
   405:    42988.125    43014.125    43048.125    43077.125    43111.125
   410:    43174.125    43211.125    43242.125    43301.125    43334.125
   415:    43367.125    43404.125    43431.125    43504.125    43534.125
   420:    43567.125    43596.125    43664.125    43745.125    43777.125
   425:    43838.125    43872.125    43899.125    43932.125    43969.125
   430:    44010.125    44042.125    44077.125    44107.125    44140.125
   435:    44172.125    44205.125    44242.125    44272.125    44307.125
   440:    44337.125    44370.125    44403.125    44477.125    44507.125
   445:    44539.125    44575.125    44613.125    44683.125    44714.125
   450:    44750.125    44789.125    44817.125    44850.125    44888.125
   455:    44917.125    44950.125    44983.125    45016.125    45055.125
   460:    45083.125    45116.125    45187.125    45220.125    45261.125
   465:    45292.125    45326.125    45358.125    45388.125    45431.125
   470:    45456.125    45489.125    45519.125    45557.125    45600.125
   475:    45666.125    45700.125    45981.725    45981.920    45981.901
   480:    45981.095    46281.902    47781.910    47783.612    49183.622
   485:    49184.712    49475.122    49572.122    49604.122    49642.122
   490:    49672.122    49705.122    49740.122    49767.122    49802.122
   495:    49831.122    49868.122    49898.122    49932.122    49963.122
   500:    49997.122    50031.122    50067.122    50097.122    50130.122
   505:    50167.122    50199.122    50230.122    50271.122    50302.122
   510:    50339.122    50373.122    50409.122    50441.122    50471.122
   515:    50509.122    50541.122    50576.122    50607.722    50607.920
   520:    50607.901    50607.092    50907.902    52407.910    52409.615
   525:    56259.625    56260.715    56692.125    56726.125    56765.125
   530:    56842.125    56872.125    56917.125    56996.125    57122.125
   535:    57161.125    57194.125    57269.125    57297.125    57336.125
   540:    57374.125    57405.125    57441.125    57473.125    57507.125
   545:    57540.125    57571.125    57603.125    57642.125    57680.125
   550:    57710.125    57747.125    57783.125    57814.125    57846.125
   555:    57882.125    57918.125    57953.125    57989.125    58019.125
   560:    58086.125    58126.125    58162.125    58191.125    58228.125
   565:    58265.125    58305.125    58345.125    58390.125    58421.125
   570:    58482.125    58522.125    58556.125    58591.125    58630.125
   575:    58671.125    58708.125    58738.125    58772.125    58812.125
   580:    58845.125    58879.125    58918.125    58951.125    59029.125
   585:    59066.125    59099.125    59136.125    59174.125    59204.125
   590:    59237.125    59311.125    59345.125    59382.125    59411.125
   595:    59446.125    59484.125    59518.125    59551.125    59591.125
   600:    59659.125    59692.125    59727.125    59766.125    59797.125
   605:    59860.125    59891.125    59928.125    59969.125    60001.125
   610:    60037.125    60069.125    60148.725    60148.920    60148.901
   615:    60148.095    60448.902    61948.910    61950.614    64700.624
   620:    64701.714    65511.124    65547.124    65786.124    65850.124
   625:    65884.124    65918.124    65947.124    65982.124    66018.124
   630:    66057.124    66094.124    66129.124    66167.124    66208.124
   635:    66237.124    66274.124    66311.124    66349.124    66385.124
   640:    66428.124    66498.124    66535.124    66566.124    66598.124
   645:    66637.124    66671.124    66706.124    66745.124    66781.124
   650:    66820.124    66890.124    66929.124    66963.124    66995.124
   655:    67039.124    67071.124    67107.124    67149.124    67180.124
   660:    67215.124    67254.124    67291.124    67324.124    67365.124
   665:    67396.124    67430.124    67466.724    67466.920    67466.901
   670:    67466.094    67766.902    69266.910    69268.611    70268.621
   675:    70269.811    70354.131    70435.131    70471.131    70501.131
   680:    70541.131    70577.131    70611.131    70651.131    70688.131
   685:    70756.131    70795.131    70835.131    70867.131    70934.131
   690:    70971.131    71001.131    71038.131    71068.131    71103.131
   695:    71146.131    71176.131    71212.131    71280.131    71315.131
   700:    71348.131    71382.131    71423.131    71457.131    71489.131
   705:    71526.131    71558.131    71598.131    71636.131    71665.131
   710:    71701.131    71736.131    71772.131    71810.131    71849.131
   715:    71887.131    71920.131    71953.131    72023.131    72062.131
   720:    72096.131    72131.131    72168.131    72197.131    72233.131
   725:    72264.131    72302.131    72334.131    72369.131    72403.131
   730:    72438.131    72469.131    72507.131    72570.131    72606.131
   735:    72642.131    72670.131    72702.131    72738.131    72775.131
   740:    72810.131    72838.131    72909.131    72945.131    72977.131
   745:    73027.131    73066.131    73098.131    73236.131    73271.131
   750:    73298.131    73437.131    73469.821    73469.920    74969.910
   755:    74971.613    76921.623    76922.713    77594.123    77628.123
   760:    77663.123    77699.123    77735.123    77769.123    77804.123
   765:    77838.123    77876.123    78036.123    78072.123    78111.123
   770:    78147.123    78184.123    78216.123    78288.123    78353.123
   775:    78389.123    78421.123    78455.123    78494.123    78525.123
   780:    78558.123    78600.123    78631.123    78663.123    78700.123
   785:    78768.123    78804.123    78839.123    78873.723    78873.920
   790:    78873.901    78873.093    79173.902    80673.910    80675.615
   795:    84525.625    84526.715    85713.125    85749.125    85783.125
   800:    85861.125    85899.125    85943.125    86032.125    86077.125
   805:    86111.125    86153.125    86187.125    86225.125    86265.125
   810:    86295.125    86330.125    86362.125    86395.125    86432.125
   815:    86467.125    86500.125    86531.125    86565.125    86599.125
   820:    86633.125    86663.125    86697.125    86731.125    86764.125
   825:    86797.125    86832.125    86871.125    86904.125    86938.125
   830:    86975.125    87006.125    87040.125    87080.125    87112.125
   835:    87145.125    87181.125    87219.125    87256.125    87290.125
   840:    87327.125    87359.125    87395.125    87439.125    87474.125
   845:    87507.125    87542.125    87575.125    87608.125    87680.125
   850:    87781.125    87814.125    87844.125    87871.125    87906.125
   855:    87941.125    87973.125    88006.125    88036.125    88071.125
   860:    88103.125    88136.125    88169.125    88204.125    88233.125
   865:    88268.125    88298.125    88360.125    88395.725    88395.920
   870:    88395.901    88395.095    88695.902    90195.910    90197.612
   875:    91597.622    91598.712    91840.122    91909.122    91946.122
   880:    91982.122    92051.122    92119.122    92156.122    92231.122
   885:    92304.122    92342.122    92374.122    92409.122    92447.122
   890:    92480.122    92518.122    92553.122    92588.122    92628.122
   895:    92658.122    92694.122    92735.122    92772.122    92802.122
   900:    92836.122    92879.122    92913.122    92943.122    92979.122
   905:    93011.722    93011.920    93011.901    93011.092    93311.902
   910:    94811.910    94813.614    97563.624    97564.714    98249.124
   915:    98529.124    98561.124    98593.124    98624.124    98659.124
   920:    98693.124    98767.124    98807.124    98847.124    98886.124
   925:    98920.124    99002.124    99036.124    99072.124    99109.124
   930:    99178.124    99217.124    99253.124    99286.124    99326.124
   935:    99357.124    99393.124    99436.124    99463.124    99500.124
   940:    99538.124    99573.124    99610.124    99643.124    99677.124
   945:    99710.124    99745.124    99782.124    99821.124    99857.124
   950:    99888.124    99923.124    99952.124    99989.124   100026.124
   955:   100063.124   100097.124   100129.124   100162.124   100237.124
   960:   100310.124   100343.724   100343.920   100343.901   100343.094
   965:   100643.902   102143.910   102145.613   104095.623   104096.713
   970:   104472.123   104509.123   104544.123   104582.123   104618.123
   975:   104647.123   104684.123   104727.123   104830.123   104864.123
   980:   104903.123   104936.123   104973.123   105012.123   105045.123
   985:   105077.123   105110.123   105139.123   105206.123   105241.123
   990:   105281.123   105311.123   105342.123   105375.123   105475.123
   995:   105508.123   105541.123   105575.123   105609.123   105644.123
  1000:   105681.123   105755.123   105786.123   105857.123   105888.123
  1005:   105959.123   106031.123   106072.723   106072.920   106072.901
  1010:   106072.093   106372.902   107872.910   107874.615   111724.625
  1015:   111725.715   113412.125   113452.125   113488.125   113564.125
  1020:   113639.125   113667.125   113702.125   113731.125   113766.125
  1025:   113802.125   113833.125   113868.125   113904.125   113941.125
  1030:   114042.125   114074.125   114108.125   114171.125   114203.125
  1035:   114239.125   114269.125   114338.125   114369.125   114401.125
  1040:   114433.125   114463.125   114500.125   114534.125   114564.125
  1045:   114597.125   114670.125   114702.125   114733.125   114767.125
  1050:   114805.125   114835.125   114868.125   114901.125   114944.125
  1055:   114975.125   115006.125   115043.125   115080.125   115109.125
  1060:   115175.125   115206.125   115272.125   115307.125   115340.125
  1065:   115374.125   115412.125   115442.125   115472.125   115515.125
  1070:   115554.125   115589.725   115589.920   115589.901   115589.095
  1075:   115889.902   117389.910   117391.615   121241.625   121242.815
  1080:   122722.135   123066.135   123116.135   123165.135   123202.135
  1085:   123342.135   123374.135   123416.135   123605.135   123711.135
  1090:   123748.135   123785.135   123826.135   123867.135   123906.135
  1095:   123945.135   123985.135   124027.135   124065.135   124107.135
  1100:   124145.135   124188.135   124231.135   124263.135   124303.135
  1105:   124344.135   124389.135   124422.135   124461.135   124503.135
  1110:   124545.135   124578.135   124617.135   124668.135   124708.135
  1115:   124750.135   124780.135   124819.135   124859.135   124899.135
  1120:   124941.135   124974.135   125012.135   125052.135   125086.135
  1125:   125123.135   125167.135   125206.135   125243.135   125284.135
  1130:   125320.135   125366.135   125404.135   125443.135   125488.135
  1135:   125525.135   125569.135   125605.135   125643.135   125694.135
  1140:   125727.135   125766.135   125808.135   125842.135   125880.135
  1145:   125922.135   125957.135   125995.135   126030.135   126067.135
  1150:   126110.135   126146.135   126184.135   126222.135   126266.135
  1155:   126300.135   126340.135   126378.135   126411.135   126449.135
  1160:   126488.135   126525.135   126564.135   126603.135   126636.135
  1165:   126678.135   126718.135   126754.135   126785.135   126825.135
  1170:   126862.135   126906.135   126945.135   126978.135   127015.135
  1175:   127055.135   127092.135   127137.135   127178.135   127214.135
  1180:   127251.135   127291.135   127332.135   127373.135   127410.135
  1185:   127526.135   127609.135   127651.135   127717.135   127880.135
  1190:   127962.135   128116.135   128246.135   128458.135   128919.135
  1195:   128942.825   128942.920   128955.411   130442.910   130444.614
  1200:   133194.624   133195.814   133866.134   133956.134   133984.134
  1205:   134017.134   134048.134   134080.134   134106.134   134139.134
  1210:   134179.134   134212.134   134245.134   134287.134   134318.134
  1215:   134343.134   134379.134   134408.134   134441.134   134480.134
  1220:   134510.134   134541.134   134575.134   134610.134   134679.134
  1225:   134713.134   134743.134   134775.134   134809.134   134843.134
  1230:   134872.134   134924.134   134956.134   135026.134   135057.134
  1235:   135089.134   135124.134   135164.134   135228.134   135258.134
  1240:   135322.134   135355.134   135387.134   135458.134   135487.134
  1245:   135523.134   135555.134   135590.134   135622.134   135654.134
  1250:   135719.134   135747.134   135811.134   135846.134   135879.134
  1255:   135945.134   135976.134   136048.134   136081.134   136119.134
  1260:   136181.134   136220.134   136249.134   136281.134   136321.134
  1265:   136388.134   136425.134   136460.134   136513.134   136696.134
  1270:   136742.134   136915.134   136950.134   137064.134   137104.134
  1275:   137253.134   137326.134   137355.134   137382.134   137444.134
  1280:   137509.134   137536.134   138695.824   138695.920   140195.910
  1285:   140197.611   141197.621   141198.711   141655.121   141688.121
  1290:   141723.121   141790.121   141830.121   141863.121   141892.121
  1295:   141927.121   141966.121   141993.121   142026.121   142059.121
  1300:   142118.121   142153.121   142180.121   142215.721   142215.920
  1305:   142215.901   142215.091   142515.902   144015.910   144017.612
  1310:   145417.622   145418.712   146883.722   146883.920   146883.901
  1315:   146883.092   147183.902   148683.910   148685.613   150635.623
  1320:   150636.713   151092.123   151513.123   151550.123   151583.123
  1325:   151640.123   151674.123   151701.123   151735.123   151764.123
  1330:   151796.123   151820.123   151849.123   151917.123   151953.123
  1335:   151983.123   152013.123   152046.123   152074.123   152107.123
  1340:   152174.123   152202.123   152235.123   152266.123   152328.123
  1345:   152365.123   152392.123   152426.123   152461.123   152491.123
  1350:   152522.123   152559.123   152590.723   152590.920   152590.901
  1355:   152590.093   152890.902   154390.910   154392.613   156342.623
  1360:   156343.713   156486.123   156623.123   156653.123   156685.123
  1365:   156710.123   156776.123   156806.123   156835.123   156870.123
  1370:   156899.123   157001.123   157033.123   157062.123   157115.123
  1375:   157145.123   157213.123   157240.123   157272.123   157303.123
  1380:   157335.123   157367.123   157403.123   157431.123   157459.123
  1385:   157500.123   157560.123   157593.123   157623.123   157656.123
  1390:   157687.123   157754.123   157822.123   157884.123   157922.123
  1395:   157963.123   157995.123   158024.123   158059.123   158127.123
  1400:   158197.123   158234.123   158274.123   158301.723   158301.920
  1405:   158301.901   158301.093   158601.902   160101.910   160103.613
  1410:   162053.623   162054.713   162243.123   162275.123   162538.123
  1415:   162570.123   162604.123   162701.123   162734.123   162762.123
  1420:   162800.123   162827.123   162856.123   162913.123   162948.123
  1425:   162979.123   163015.123   163046.123   163083.123   163111.123
  1430:   163140.123   163180.123   163208.123   163240.123   163272.123
  1435:   163300.123   163335.123   163365.123   163395.123   163430.123
  1440:   163460.123   163492.123   163533.123   163562.123   163635.123
  1445:   163674.123   163711.123   163739.123   163770.123   163803.123
  1450:   163836.123   163874.123   163911.123   163944.123   163976.123
  1455:   164011.723   164011.920   164011.901   164011.093   164311.902
  1460:   165811.910   165813.614   168563.624   168564.814   168867.134
  1465:   168933.134   168974.134   169033.134   169065.134   169139.134
  1470:   169168.134   169204.134   169271.134   169368.134   169403.134
  1475:   169431.134   169464.134   169505.134   169537.134   169567.134
  1480:   169604.134   169641.134   169670.134   169702.134   169741.134
  1485:   169798.134   169829.134   169862.134   169898.134   169930.134
  1490:   169966.134   170000.134   170033.134   170067.134   170099.134
  1495:   170130.134   170197.134   170228.134   170266.134   170303.134
  1500:   170375.134   170436.134   170477.134   170509.134   170542.134
  1505:   170578.134   170641.134   170675.134   170740.134   170810.134
  1510:   170837.134   170907.134   170936.134   170970.134   171002.134
  1515:   171063.134   171092.134   171128.134   171159.134   171195.134
  1520:   171225.134   171258.134   171286.134   171317.134   171353.134
  1525:   171393.134   171433.134   171464.134   171498.134   171566.134
  1530:   171600.134   171644.134   171682.134   171706.134   171739.134
  1535:   171777.134   171857.134   171899.134   171997.134   172076.134
  1540:   172246.134   172703.134   173411.134   173442.134   173671.134
  1545:   174064.824   174064.920   175564.910   175566.615   179416.625
  1550:   179417.715   180479.125   180548.125   180583.125   180619.125
  1555:   180657.125   180695.125   180728.125   180798.125   180831.125
  1560:   180897.125   180933.125   180964.125   181001.125   181030.125
  1565:   181065.125   181102.125   181141.125   181168.125   181202.125
  1570:   181246.125   181285.125   181315.125   181384.125   181415.125
  1575:   181451.125   181490.125   181523.125   181553.125   181592.125
  1580:   181624.125   181691.125   181724.125   181761.125   181791.125
  1585:   181827.125   181864.125   181898.125   181933.125   181968.125
  1590:   182004.125   182040.125   182073.125   182107.125   182209.125
  1595:   182288.125   182318.125   182419.125   182447.125   182575.125
  1600:   182606.125   182646.125   182686.125   182723.125   182823.125
  1605:   182855.125   182886.125   182918.125   183046.125   183082.125
  1610:   183217.125   183696.725   183696.920   183696.901   183696.095
  1615:   183996.902   185496.910   185498.611   186498.621   186499.711
  1620:   186630.121   186667.121   186698.121   186730.121   186788.121
  1625:   186820.121   186845.121   186906.121   186941.121   186974.121
  1630:   187003.121   187043.121   187077.121   187109.121   187142.121
  1635:   187171.121   187201.121   187259.121   187287.121   187320.121
  1640:   187357.121   187382.121   187451.121   187509.721   187509.920
  1645:   187509.901   187509.091   187809.902   189309.910   189311.615
  1650:   193161.625   193162.715   193510.125   193548.125   193584.125
  1655:   193654.125   193690.125   193859.125   193998.125   194026.125
  1660:   194180.125   194211.125   194461.125   194492.125   194523.125
  1665:   194553.125   194610.125   194644.125   194672.125   194703.125
  1670:   194732.125   194760.125   194791.125   194846.125   194882.125
  1675:   194917.125   194949.125   194983.125   195014.125   195052.125
  1680:   195119.125   195185.125   195211.125   195278.125   195308.125
  1685:   195346.125   195406.125   195436.125   195467.125   195499.125
  1690:   195533.125   195568.125   195605.125   195636.125   195675.125
  1695:   195742.125   195778.125   195807.125   195872.125   195911.125
  1700:   195949.125   195985.125   196012.125   196045.125   196085.125
  1705:   196123.125   196157.125   196191.125   196230.125   196290.125
  1710:   196356.125   196388.125   196425.125   196460.125   196492.125
  1715:   196530.125   196566.125   196595.125   196632.125   196668.125
  1720:   196706.125   196739.125   196778.125   196823.125   196866.125
  1725:   196909.125   196946.125   196985.125   197025.725   197025.920
  1730:   197025.901   197025.095   197325.902   198825.910   198827.613
  1735:   200777.623   200778.713   201616.123   201894.123   201927.123
  1740:   201956.123   201991.123   202026.123   202057.123   202090.123
  1745:   202120.123   202153.123   202279.123   202347.123   202384.123
  1750:   202409.123   202440.123   202476.123   202506.123   202543.123
  1755:   202570.123   202601.123   202637.123   202704.123   202739.723
  1760:   202739.920   202739.901   202739.093   203039.902   204539.910
  1765:   204541.614   207291.624   207292.714   208046.124   208648.124
  1770:   208679.124   208715.124   208748.124   208779.124   208807.124
  1775:   208866.124   208899.124   208937.124   208973.124   209002.124
  1780:   209037.124   209071.124   209106.124   209196.124   209224.124
  1785:   209330.124   209361.124   209398.124   209427.124   209457.124
  1790:   209487.124   209524.124   209557.124   209652.124   209686.124
  1795:   209714.124   209747.124   209782.124   209823.124   209861.124
  1800:   209890.124   209923.124   209984.124   210029.124   210092.724
  1805:   210092.920   210092.901   210092.094   210392.902   211892.910
  1810:   211894.614   214644.624   214645.714   216361.124   216389.124
  1815:   216426.124   216464.124   216496.124   216536.124   216568.124
  1820:   216610.124   216770.124   216800.124   216835.124   216873.124
  1825:   216975.124   217009.124   217082.124   217114.124   217144.124
  1830:   217176.124   217213.124   217250.124   217284.124   217314.124
  1835:   217347.124   217379.124   217415.724   217415.920   217415.901
  1840:   217415.094   217715.902   219215.910   219217.614   221967.624
  1845:   221968.714   222603.124   222637.124   222676.124   222949.124
  1850:   222986.124   223156.124   223191.124   223224.124   223258.124
  1855:   223294.124   223323.124   223394.124   223432.124   223470.124
  1860:   223506.124   223540.124   223572.124   223605.124   223709.124
  1865:   223745.124   223775.124   223806.124   223873.124   223894.124
  1870:   223964.124   223996.124   224067.124   224099.124   224132.124
  1875:   224176.124   224237.124   224274.124   224310.124   224344.124
  1880:   224377.124   224445.124   224486.124   224528.124   224558.124
  1885:   224591.124   224644.124   224676.124   224711.124   224747.724
  1890:   224747.920   224747.901   224747.094   225047.902   226547.910
  1895:   226549.615   230399.625   230400.715   230896.125   231325.125
  1900:   231790.125   231830.125   232032.125   232304.125   232333.125
  1905:   232360.125   232388.125   232417.125   232446.125   232477.125
  1910:   232510.125   232546.125   232577.125   232614.125   232647.125
  1915:   232724.125   232787.125   232927.125   232962.125   232989.125
  1920:   233022.125   233050.125   233084.125   233116.125   233149.125
  1925:   233176.125   233209.125   233234.125   233273.125   233309.125
  1930:   233338.125   233369.125   233435.125   233472.125   233504.125
  1935:   233570.125   233605.125   233665.125   233702.125   233730.125
  1940:   233831.125   233864.125   233900.125   233936.125   233963.125
  1945:   234028.125   234069.125   234103.125   234133.125   234170.125
  1950:   234201.125   234234.125   234271.725   234271.920   234271.901
  1955:   234271.095   234571.902   236071.910   236073.612   237473.622
  1960:   237474.712   238400.122   238435.122   238483.122   239133.722
  1965:   239133.920   239133.901   239133.092   239433.902   240933.910
  1970:   240935.614   243685.624   243686.814   244538.134   244581.134
  1975:   244829.134   244862.134   245207.134   245240.134   245272.134
  1980:   245305.134   245333.134   245369.134   245398.134   245431.134
  1985:   245464.134   245501.134   245538.134   245571.134   245602.134
  1990:   245667.134   245702.134   245731.134   245765.134   245798.134
  1995:   245859.134   245896.134   245925.134   245953.134   245991.134
  2000:   246022.134   246053.134   246085.134   246157.134   246186.134
  2005:   246218.134   246254.134   246289.134   246318.134   246350.134
  2010:   246386.134   246417.134   246488.134   246521.134   246552.134
  2015:   246583.134   246657.134   246691.134   246725.134   246755.134
  2020:   246788.134   246822.134   246855.134   246888.134   246922.134
  2025:   246953.134   246985.134   247029.134   247063.134   247093.134
  2030:   247138.134   247170.134   247201.134   247268.134   247341.134
  2035:   247375.134   247405.134   247440.134   247475.134   247501.134
  2040:   247532.134   247572.134   247632.134   247669.134   247732.134
  2045:   247768.134   247797.134   247879.134   247909.134   247944.134
  2050:   247976.134   248005.134   248037.134   248070.134   248104.134
  2055:   248132.134   248164.134   248199.134   248230.134   248298.134
  2060:   248330.134   248362.134   248396.134   248440.134   248478.134
  2065:   248514.134   248549.134   248579.134   248621.134   248661.134
  2070:   248708.134   248754.134   248809.134   248849.134   248968.134
  2075:   249089.134   249186.824   249186.920   250686.910   250688.613
  2080:   252638.623   252639.713   253102.123   253404.123   253416.123
  2085:   253459.123   253503.123   253625.123   253663.123   253701.123
  2090:   253740.123   253778.123   253818.123   253860.123   253896.123
  2095:   253934.123   253975.123   254008.123   254051.123   254086.123
  2100:   254123.123   254161.123   254201.123   254239.123   254276.123
  2105:   254321.123   254357.123   254393.123   254436.123   254475.123
  2110:   254509.123   254549.123   254592.723   254592.920   254592.901
  2115:   254592.093   254892.902   256392.910   256394.613   258344.623
  2120:   258345.713   259238.123   259278.123   259314.123   259348.123
  2125:   259388.123   259426.123   259466.123   259505.123   259542.123
  2130:   259582.123   259615.123   259655.123   259691.123   259734.123
  2135:   259770.123   259807.123   259850.123   259890.123   259927.123
  2140:   259964.123   260002.123   260043.123   260081.123   260116.123
  2145:   260152.123   260198.123   260236.123   260273.123   260314.723
  2150:   260314.920   260314.901   260314.093   260614.902   262114.910
  2155:   262116.611   263116.621   263117.711   263301.121   263339.121
  2160:   263375.121   263418.121   263450.121   263492.121   263531.121
  2165:   263571.121   263613.121   263650.121   263687.121   263721.121
  2170:   263759.121   263800.121   263834.121   263875.121   263920.121
  2175:   263954.121   263992.121   264033.121   264073.121   264115.121
  2180:   264152.721   264152.920   264152.901   264152.091   264452.902
  2185:   265952.910   265954.615   269804.625   269805.715   270843.125
  2190:   271517.125   271648.125   271842.125   271880.125   271920.125
  2195:   271964.125   272006.125   272043.125   272079.125   272121.125
  2200:   272159.125   272196.125   272233.125   272271.125   272309.125
  2205:   272343.125   272386.125   272429.125   272463.125   272501.125
  2210:   272547.125   272584.125   272621.125   272665.125   272713.125
  2215:   272749.125   272789.125   272827.125   272868.125   272907.125
  2220:   272948.125   272980.125   273019.125   273061.125   273094.125
  2225:   273135.125   273176.125   273213.125   273265.125   273302.125
  2230:   273337.125   273379.125   273414.125   273448.125   273491.125
  2235:   273535.125   273575.125   273610.125   273647.125   273687.725
  2240:   273687.920   273687.901   273687.095   273987.902   275487.910
  2245:   275489.615   279339.625   279340.815   279546.135   280069.135
  2250:   280111.135   280596.135   280638.135   280964.135   281001.135
  2255:   281034.135   281071.135   281112.135   281154.135   281191.135
  2260:   281228.135   281269.135   281312.135   281365.135   281399.135
  2265:   281440.135   281478.135   281516.135   281557.135   281598.135
  2270:   281638.135   281677.135   281715.135   281756.135   281793.135
  2275:   281838.135   281883.135   281920.135   281960.135   282003.135
  2280:   282039.135   282082.135   282127.135   282163.135   282200.135
  2285:   282237.135   282281.135   282315.135   282356.135   282400.135
  2290:   282436.135   282470.135   282512.135   282546.135   282586.135
  2295:   282626.135   282662.135   282701.135   282742.135   282776.135
  2300:   282813.135   282850.135   282894.135   282932.135   282964.135
  2305:   283009.135   283043.135   283082.135   283126.135   283162.135
  2310:   283187.135   283226.135   283274.135   283311.135   283347.135
  2315:   283385.135   283417.135   283457.135   283495.135   283532.135
  2320:   283571.135   283609.135   283647.135   283690.135   283743.135
  2325:   283786.135   283826.135   283866.135   283908.135   283949.135
  2330:   283988.135   284023.135   284062.135   284149.135   284190.135
  2335:   284330.135   284381.135   284425.135   284879.135   285055.135
  2340:   285675.135   285712.135   285757.135   285797.135   286008.135
  2345:   286045.135   286082.135   286120.135   286153.135   286191.135
  2350:   286229.135   286547.135   286585.135   286699.135   286740.135
  2355:   286775.135   286815.135   286856.135   286895.135   286927.135
  2360:   286965.135   287003.135   287035.135   287040.825   287040.920
  2365:   288540.910   288542.612   289942.622   289943.812   290191.132
  2370:   290667.132   290776.132   290811.132   290947.132   290983.132
  2375:   291019.132   291058.132   291097.132   291140.132   291184.132
  2380:   291223.132   291267.132   291304.132   291344.132   291381.132
  2385:   291418.132   291455.132   291497.132   291536.132   291573.132
  2390:   291610.132   291651.132   291688.132   291728.132   291763.132
  2395:   291799.132   291841.132   291878.132   291920.132   291953.132
  2400:   291991.132   292033.132   292068.132   292107.132   292153.132
  2405:   292192.132   292266.132   292306.132   292345.132   292379.132
  2410:   292416.132   292453.132   292497.132   292535.132   292568.132
  2415:   292605.132   292644.132   292676.132   292710.132   292752.132
  2420:   292787.132   292823.132   292863.132   292899.132   292939.132
  2425:   292982.132   293024.132   293058.132   293089.132   293128.132
  2430:   293165.132   293203.132   293234.132   293271.132   293310.132
  2435:   293351.132   293388.132   293425.132   293473.132   293522.132
  2440:   293543.822   293543.920   295043.910   295045.614   297795.624
  2445:   297796.814   298058.134   298698.134   298737.134   298777.134
  2450:   298817.134   298854.134   298894.134   298936.134   298977.134
  2455:   299026.134   299061.134   299102.134   299143.134   299183.134
  2460:   299221.134   299260.134   299300.134   299342.134   299375.134
  2465:   299415.134   299457.134   299490.134   299528.134   299569.134
  2470:   299601.134   299640.134   299685.134   299719.134   299757.134
  2475:   299798.134   299835.134   299870.134   299906.134   299943.134
  2480:   299980.134   300019.134   300062.134   300103.134   300135.134
  2485:   300174.134   300213.134   300252.134   300295.134   300334.134
  2490:   300367.134   300406.134   300449.134   300485.134   300521.134
  2495:   300567.134   300600.134   300634.134   300678.134   300718.134
  2500:   300753.134   300797.134   300832.134   300872.134   300909.134
  2505:   300943.134   300982.134   301018.134   301056.134   301095.134
  2510:   301136.134   301174.134   301217.134   301260.134   301302.134
  2515:   301340.134   301380.134   301420.134   301465.134   301505.134
  2520:   301698.134   301736.134   301780.134   301843.134   301882.134
  2525:   302133.134   302204.134   302236.134   302267.134   302304.134
  2530:   302459.134   302991.134   303030.134   303069.134   303113.134
  2535:   303154.134   303195.134   303235.134   303270.134   303296.824
  2540:   303296.920   303307.411   304796.910   304798.611   305798.621
  2545:   305799.811   306206.131   306254.131   306290.131   306327.131
  2550:   306376.131   306414.131   306450.131   306493.131   306535.131
  2555:   306573.131   306612.131   306652.131   306691.131   306731.131
  2560:   306771.131   306814.131   306851.131   306886.131   306925.131
  2565:   306970.131   307006.131   307039.131   307080.131   307124.131
  2570:   307158.131   307197.131   307240.131   307277.131   307318.131
  2575:   307352.131   307388.131   307428.131   307465.131   307501.131
  2580:   307538.131   307581.131   307622.131   307660.131   307697.131
  2585:   307741.131   307774.131   307814.131   307855.131   307891.131
  2590:   307930.131   307974.131   308015.131   308047.131   308084.131
  2595:   308126.131   308159.131   308200.131   308253.131   308288.131
  2600:   308325.131   308363.131   308398.131   308438.131   308536.131
  2605:   308582.131   308716.131   308753.131   308995.131   308999.821
  2610:   308999.920   310499.910   310501.611   311501.621   311502.811
  2615:   311824.131   311980.131   312016.131   312050.131   312090.131
  2620:   312129.131   312169.131   312212.131   312254.131   312295.131
  2625:   312334.131   312378.131   312418.131   312458.131   312495.131
  2630:   312536.131   312578.131   312610.131   312646.131   312686.131
  2635:   312728.131   312764.131   312804.131   312844.131   312879.131
  2640:   312923.131   312960.131   313000.131   313044.131   313082.131
  2645:   313115.131   313151.131   313193.131   313234.131   313277.131
  2650:   313315.131   313353.131   313397.131   313440.131   313475.131
  2655:   313506.131   313547.131   313586.131   313619.131   313657.131
  2660:   313697.131   313731.131   313775.131   313824.131   313913.131
  2665:   313950.131   314016.131   314058.131   314108.131   314141.131
  2670:   314191.131   314279.131   314320.131   314437.131   314524.131
  2675:   314565.131   314677.131   314702.821   314702.920   316202.910
  2680:   316204.613   318154.623   318155.813   318565.133   319459.133
  2685:   319499.133   319536.133   319573.133   319611.133   319654.133
  2690:   319694.133   319855.133   319894.133   320027.133   320061.133
  2695:   320099.133   320138.133   320339.133   320376.133   320413.133
  2700:   320488.133   320526.133   320564.133   320604.133   320647.133
  2705:   320687.133   320732.133   320767.133   320805.133   320841.133
  2710:   320879.133   320915.133   320956.133   320992.133   321025.133
  2715:   321064.133   321111.133   321153.133   321186.133   321225.133
  2720:   321257.133   321296.133   321336.133   321371.133   321413.133
  2725:   321445.133   321485.133   321536.133   321572.133   321610.133
  2730:   321645.133   321685.133   321723.133   321766.133   321805.133
  2735:   321925.133   321966.133   322016.133   322059.133   322281.133
  2740:   322355.823   322355.920   323855.910   323857.611   324857.621
  2745:   324858.811   325430.131   325500.131   326049.131   326127.131
  2750:   326762.131   326801.131   326920.131   326959.131   327107.131
  2755:   327249.131   327281.131   327315.131   327356.131   327400.131
  2760:   327442.131   327609.131   327647.131   327835.131   328058.821
  2765:   328058.920   329558.910   329560.612   330960.622   330961.812
  2770:   331139.132   331184.132   331413.132   331446.132   331480.132
  2775:   331514.132   331552.132   331589.132   331624.132   331656.132
  2780:   331695.132   331732.132   331774.132   331807.132   331851.132
  2785:   331887.132   331928.132   331963.132   331998.132   332033.132
  2790:   332075.132   332107.132   332146.132   332186.132   332222.132
  2795:   332264.132   332302.132   332339.132   332380.132   332422.132
  2800:   332454.132   332492.132   332538.132   332576.132   332614.132
  2805:   332657.132   332692.132   332731.132   332776.132   332816.132
  2810:   332853.132   332897.132   332935.132   332967.132   333012.132
  2815:   333055.132   333093.132   333130.132   333171.132   333214.132
  2820:   333255.132   333297.132   333338.132   333386.132   333431.132
  2825:   333469.132   333502.132   333546.132   333657.132   333774.132
  2830:   333926.132   333962.132   333998.132   334173.132   334210.132
  2835:   334422.132   334561.822   334561.920   336061.910   336063.613
  2840:   338013.623   338014.813   338306.133   338345.133   338455.133
  2845:   338600.133   338667.133   338703.133   338739.133   338773.133
  2850:   338808.133   338840.133   338879.133   338917.133   338963.133
  2855:   339080.133   339114.133   339151.133   339192.133   339224.133
  2860:   339263.133   339324.133   339400.133   339438.133   339479.133
  2865:   339515.133   339693.133   339736.133   339769.133   339805.133
  2870:   339914.133   340065.133   340175.133   340303.133   340333.133
  2875:   340426.133   340464.133   340646.133   340858.133   340892.133
  2880:   341309.133   341349.133   341530.133   341564.133   341604.133
  2885:   341871.133   342214.823   342214.920   343714.910   343716.613
  2890:   345666.623   345667.713   345989.123   346000.123   346032.123
  2895:   346429.123   346468.123   346497.123   346538.123   346877.123
  2900:   346943.123   346984.123   347017.123   347048.123   347085.123
  2905:   347119.123   347156.123   347196.123   347232.123   347268.123
  2910:   347306.123   347345.123   347380.123   347417.123   347448.123
  2915:   347525.123   347562.123   347592.123   347628.723   347628.920
  2920:   347628.901   347628.093   347928.902   349428.910   349430.614
  2925:   352180.624   352181.814   352587.134   352824.134   352889.134
  2930:   352927.134   352955.134   352988.134   353024.134   353056.134
  2935:   353091.134   353121.134   353158.134   353196.134   353230.134
  2940:   353269.134   353307.134   353337.134   353372.134   353442.134
  2945:   353474.134   353509.134   353543.134   353581.134   353610.134
  2950:   353644.134   353682.134   353712.134   353746.134   353778.134
  2955:   353812.134   353848.134   353878.134   353914.134   353955.134
  2960:   353991.134   354028.134   354068.134   354096.134   354133.134
  2965:   354171.134   354241.134   354280.134   354317.134   354352.134
  2970:   354387.134   354418.134   354460.134   354492.134   354532.134
  2975:   354575.134   354607.134   354644.134   354686.134   354716.134
  2980:   354739.134   354771.134   354803.134   354836.134   354874.134
  2985:   354909.134   354945.134   354977.134   355051.134   355086.134
  2990:   355115.134   355151.134   355185.134   355225.134   355308.134
  2995:   355348.134   355437.134   355550.134   355587.134   355619.134
  3000:   355760.134   355899.134   355935.134   357515.134   357681.824
  3005:   357681.920   359181.910   359183.611   360183.621   360184.711
  3010:   360585.121   360672.121   360704.121   360742.121   361063.121
  3015:   362071.721   362071.920   362071.901   362071.091   362371.902
  3020:   363871.910   363873.612   365273.622   365274.712   365384.122
  3025:   365421.122   365458.122   365496.122   365636.122   365670.122
  3030:   365707.122   365743.122   365778.122   365814.122   365852.122
  3035:   365886.122   365927.122   365961.122   366001.122   366037.122
  3040:   366074.122   366113.122   366204.122   366238.122   366270.122
  3045:   366306.122   366335.122   366373.122   366409.122   366437.122
  3050:   366476.122   366513.122   366545.122   366585.122   366625.122
  3055:   366658.122   366692.722   366692.920   366692.901   366692.092
  3060:   366992.902   368492.910   368494.614   371244.624   371245.714
  3065:   372527.124   373158.124   373195.124   373393.124   373876.124
  3070:   374199.724   374199.920   374199.901   374199.094   374499.902
  3075:   375999.910   376001.614   378751.624   378752.714   380118.124
  3080:   380376.124   380410.124   380445.124   380481.124   380882.124
  3085:   380956.124   381309.124   381349.124   381685.724   381685.920
  3090:   381685.901   381685.094   381985.902   383485.910   383487.612
  3095:   384887.622   384888.712   385177.122   385444.122   385478.122
  3100:   385515.122   385554.122   385589.122   385624.122   385658.122
  3105:   385692.122   385728.122   385769.122   385841.122   385878.122
  3110:   385914.122   386003.122   386037.122   386080.122   386117.122
  3115:   386151.122   386226.122   386260.122   386298.722   386298.920
  3120:   386298.901   386298.092   386598.902   388098.910   388100.615
  3125:   391950.625   391951.715   392647.125   392689.125   392769.125
  3130:   393267.125   393307.125   393487.125   393528.125   393566.125
  3135:   393603.125   393641.125   393673.125   393710.125   393753.125
  3140:   393787.125   393902.125   393940.125   393978.125   394019.125
  3145:   394056.125   394092.125   394134.125   394167.125   394290.125
  3150:   394326.125   394364.125   394402.125   394436.125   394470.125
  3155:   394508.125   394547.125   394583.125   394622.125   394663.125
  3160:   394697.125   394742.125   394784.125   394818.125   394857.125
  3165:   394896.125   394934.125   394974.125   395014.125   395053.125
  3170:   395091.125   395128.125   395182.125   395261.125   395311.125
  3175:   395354.125   395391.125   395523.125   395564.125   395608.125
  3180:   395651.125   395684.125   395727.125   395767.125   395814.725
  3185:   395814.920   395814.901   395814.095   396114.902   397614.910
  3190:   397616.611   398616.621   398617.711   398980.121   399022.121
  3195:   399417.121   399546.121   399582.121   399732.721   399732.920
  3200:   399732.901   399732.091   400032.902   401532.910   401534.613
  3205:   403484.623   403485.713   403894.123   404248.123   404443.123
  3210:   404815.123   404854.123   404891.123   404923.123   404963.123
  3215:   404999.123   405035.123   405071.123   405116.123   405218.123
  3220:   405253.123   405284.123   405322.123   405363.123   405399.123
  3225:   405437.723   405437.920   405437.901   405437.093   405737.902
  3230:   407237.910   407239.612   408639.622   408640.712   409456.122
  3235:   409497.122   409536.122   409610.122   409649.122   409684.122
  3240:   409723.122   409766.122   409803.122   409842.122   409889.122
  3245:   409930.122   409964.122   410005.122   410046.722   410046.920
  3250:   410046.901   410046.092   410346.902   411846.910   411848.612
  3255:   413248.622   413249.812   413720.132   413805.132   414335.132
  3260:   414382.132   414490.132   414525.132   414562.132   414597.132
  3265:   414633.132   414669.132   414710.132   414750.132   414785.132
  3270:   414821.132   414864.132   414905.132   414943.132   414980.132
  3275:   415021.132   415056.132   415093.132   415131.132   415169.132
  3280:   415206.132   415242.132   415279.132   415319.132   415354.132
  3285:   415393.132   415433.132   415474.132   415515.132   415555.132
  3290:   415630.132   415674.132   415716.132   415756.132   415792.132
  3295:   415831.132   415871.132   415907.132   415945.132   415983.132
  3300:   416024.132   416058.132   416100.132   416138.132   416170.132
  3305:   416215.132   416255.132   416292.132   416333.132   416369.132
  3310:   416451.132   416494.132   416531.132   416566.132   416610.132
  3315:   416651.132   416686.132   416726.132   416756.132   416797.132
  3320:   416843.132   416849.822   416849.920   418349.910   418351.611
  3325:   419351.621   419352.711   419531.121   420273.121   420364.721
  3330:   420364.920   420364.901   420364.091   420664.902   422164.910
  3335:   422166.615   426016.625   426017.815   426515.135   426975.135
  3340:   427315.135   427352.135   427393.135   427776.135   427820.135
  3345:   428269.135   428582.135   428625.135   428959.135   429074.135
  3350:   429181.135   429216.135   429250.135   429284.135   429321.135
  3355:   429359.135   429399.135   429437.135   429473.135   429514.135
  3360:   429551.135   429593.135   429634.135   429698.135   429730.135
  3365:   429764.135   429803.135   429844.135   429883.135   429922.135
  3370:   429964.135   430043.135   430076.135   430173.135   430203.135
  3375:   430240.135   430274.135   430308.135   430400.135   430448.135
  3380:   430476.135   430589.135   430939.135   430976.135   431278.135
  3385:   431318.135   431358.135   431647.135   431688.135   432058.135
  3390:   432096.135   432134.135   432174.135   432433.135   432656.135
  3395:   433000.135   433353.135   433430.135   433460.135   433500.135
  3400:   433535.135   433717.825   433717.920   433722.411   435217.910
  3405:   435219.615   439069.625   439070.715   439311.125   439966.125
  3410:   440295.125   440335.125   440950.125   441371.125   441499.125
  3415:   441532.125   441565.125   441604.125   441661.125   441697.125
  3420:   441735.125   441782.125   442119.125   442364.125   442400.125
  3425:   442438.125   442476.125   442512.125   442541.125   442580.125
  3430:   442618.125   442653.125   442692.125   442731.125   442768.125
  3435:   442803.125   442843.125   442879.125   442949.725   442949.920
  3440:   442949.901   442949.095   443249.902   444749.910   444751.613
  3445:   446701.623   446702.713   446906.123   446944.123   446989.123
  3450:   447270.123   447310.123   447344.123   447377.123   447410.123
  3455:   447445.123   447582.123   447617.123   447654.123   447686.123
  3460:   447718.123   447752.123   447792.123   447821.123   447857.123
  3465:   447907.123   447951.123   447985.123   448019.123   448056.123
  3470:   448092.123   448130.123   448169.123   448207.123   448238.123
  3475:   448313.123   448348.123   448383.123   448417.123   448455.123
  3480:   448491.123   448525.123   448556.123   448632.123   448670.723
  3485:   448670.920   448670.901   448670.093   448970.902   450470.910
  3490:   450472.611   451472.621   451473.711   451693.121   451725.121
  3495:   451759.121   451794.121   451832.121   451899.121   451936.121
  3500:   451969.121   452076.121   452143.121   452179.121   452215.121
  3505:   452250.121   452350.121   452389.121   452422.121   452465.121
  3510:   452502.721   452502.920   452502.901   452502.091   452802.902
  3515:   454302.910   454304.614   457054.624   457055.714   457171.124
  3520:   457917.124   457953.124   458073.124   458146.124   458179.124
  3525:   458213.124   458248.124   458284.124   458320.124   458356.124
  3530:   458387.124   458425.124   458464.124   458549.124   458585.124
  3535:   458622.124   458657.124   458692.124   458729.124   458761.124
  3540:   458832.124   458863.124   458898.124   458936.124   458970.124
  3545:   459007.124   459045.124   459082.124   459108.124   459142.124
  3550:   459176.124   459213.124   459250.124   459285.124   459322.124
  3555:   459357.124   459386.124   459456.124   459524.124   459564.124
  3560:   459636.124   459675.124   459708.124   459746.124   459784.124
  3565:   459814.724   459814.920   459814.901   459814.094   460114.902
  3570:   461614.910   461616.615   465466.625   465467.715   466374.125
  3575:   467404.125   467729.125   468323.125   468355.125   468386.125
  3580:   468993.125   469031.125   469287.125   469320.725   469320.920
  3585:   469320.901   469320.095   469620.902   471120.910   471122.612
  3590:   472522.622   472523.712   472631.122   472664.122   472728.122
  3595:   472765.122   472899.122   472932.122   472968.122   473003.122
  3600:   473034.122   473070.122   473106.122   473141.122   473178.122
  3605:   473210.122   473248.122   473283.122   473315.122   473388.122
  3610:   473423.122   473456.122   473491.122   473526.122   473563.122
  3615:   473595.122   473633.122   473668.122   473706.122   473771.122
  3620:   473805.122   473841.122   473879.122   473913.122   473948.722
  3625:   473948.920   473948.901   473948.092   474248.902   475748.910
  3630:   475750.611   476750.621   476751.711   477038.121   477068.121
  3635:   477098.121   477133.121   477170.121   477205.121   477237.121
  3640:   477275.121   477310.121   477382.121   477412.121   477443.121
  3645:   477482.121   477517.121   477552.121   477584.121   477613.121
  3650:   477647.121   477681.121   477715.121   477750.121   477781.721
  3655:   477781.920   477781.901   477781.091   478081.902   479581.910
  3660:   479583.612   480983.622   480984.712   481158.122   481195.122
  3665:   481229.122   481259.122   481336.122   481372.122   481411.122
  3670:   481451.122   481483.122   481521.122   481554.122   481593.122
  3675:   481628.122   481661.122   481694.122   481728.122   481762.122
  3680:   481795.122   481827.122   481861.122   481892.122   481926.122
  3685:   481995.122   482030.122   482062.122   482094.122   482142.122
  3690:   482174.122   482202.122   482272.122   482311.122   482340.122
  3695:   482373.122   482411.722   482411.920   482411.901   482411.092
  3700:   482711.902   484211.910   484213.615   488063.625   488064.715
  3705:   488667.125   489311.125   489605.125   489765.125   489802.125
  3710:   490117.125   490178.125   490331.125   490363.125   490398.125
  3715:   490520.125   490547.125   490579.125   490610.125   490682.125
  3720:   490715.125   490745.125   490777.125   490812.125   490843.125
  3725:   490878.125   490910.125   490944.125   490978.125   491005.125
  3730:   491052.125   491082.125   491122.125   491156.125   491182.125
  3735:   491215.125   491249.125   491321.125   491385.125   491400.125
  3740:   491430.125   491461.125   491495.125   491531.125   491558.125
  3745:   491592.125   491627.125   491660.125   491759.125   491788.125
  3750:   491821.125   491854.125   491892.125   491926.725   491926.920
  3755:   491926.901   491926.095   492226.902   493726.910   493728.614
  3760:   496478.624   496479.714   497345.124   497379.124   497413.124
  3765:   497560.124   497633.124   497667.124   497699.124   497732.124
  3770:   497767.124   497799.124   497833.124   497904.124   497943.124
  3775:   497974.124   498008.124   498045.124   498113.124   498145.124
  3780:   498179.124   498210.124   498247.124   498282.124   498315.124
  3785:   498364.124   498397.124   498430.124   498504.124   498569.124
  3790:   498601.124   498638.124   498675.124   498709.124   498742.124
  3795:   498778.124   498809.124   498844.124   498878.124   498914.124
  3800:   498950.124   498980.124   499015.124   499052.124   499087.124
  3805:   499128.124   499156.124   499227.124   499261.724   499261.920
  3810:   499261.901   499261.094   499561.902   501061.910   501063.611
  3815:   502063.621   502064.711   502486.121   502516.121   502551.121
  3820:   502593.121   502631.121   502670.121   502710.121   502750.121
  3825:   502789.121   502826.121   502863.121   502899.121   502935.121
  3830:   502975.121   503014.121   503050.121   503088.721   503088.920
  3835:   503088.901   503088.091   503388.902   504888.910   504890.611
  3840:   505890.621   505891.711   506109.121   506142.121   506179.121
  3845:   506216.121   506255.121   506293.121   506332.121   506372.121
  3850:   506412.121   506446.121   506485.121   506524.121   506560.121
  3855:   506600.121   506638.121   506674.121   506759.121   506796.121
  3860:   506939.721   506939.920   506939.901   506939.091   507239.902
  3865:   508739.910   508741.613   510691.623   510692.713   511270.123
  3870:   511552.123   511586.123   511622.123   511659.123   511697.123
  3875:   511819.123   511857.123   511896.123   511936.123   511972.123
  3880:   512007.123   512047.123   512081.123   512125.123   512162.123
  3885:   512203.123   512244.123   512279.123   512321.123   512360.123
  3890:   512395.123   512427.123   512463.123   512543.123   512576.123
  3895:   512616.123   512658.723   512658.920   512658.901   512658.093
  3900:   512958.902   514458.910   514460.611   515460.621   515461.711
  3905:   515858.121   515894.121   516180.121   516536.721   516536.920
  3910:   516536.901   516536.091   516836.902   518336.910   518338.614
  3915:   521088.624   521089.714   521960.124   522131.124   522165.124
  3920:   522447.124   522486.124   522523.124   522556.124   522586.124
  3925:   522621.124   522656.124   522694.124   522737.124   522822.124
  3930:   522888.124   522928.124   522965.124   523002.124   523043.124
  3935:   523080.124   523115.124   523151.124   523187.124   523229.124
  3940:   523269.124   523301.124   523335.124   523371.124   523400.124
  3945:   523438.124   523476.124   523513.124   523552.124   523591.124
  3950:   523630.124   523670.124   523708.124   523745.124   523785.124
  3955:   523819.124   523851.724   523851.920   523851.901   523851.094
  3960:   524151.902   525651.910   525653.615   529503.625   529504.715
  3965:   530460.125   532153.125   532197.125   533810.725   533810.920
  3970:   533810.901   533810.095   534110.902   535610.910   535612.612
  3975:   537012.622   537013.712   538478.722   538478.920   538478.901
  3980:   538478.092   538778.902   540278.910   540280.613   542230.623
  3985:   542231.813   542424.133   542948.133   543391.133   543755.133
  3990:   543789.133   544194.133   544683.133   544715.133   544749.133
  3995:   544850.133   544885.133   544913.133   544951.133   545017.133
  4000:   545132.133   545167.133   545204.133   545240.133   545274.133
  4005:   545311.133   545346.133   545376.133   545438.133   545499.133
  4010:   545525.133   545557.133   545593.133   545624.133   545655.133
  4015:   545689.133   545723.133   545758.133   545789.133   545824.133
  4020:   545853.133   545884.133   545912.133   545951.133   545984.133
  4025:   546016.133   546044.133   546078.133   546108.133   546143.133
  4030:   546171.133   546185.133   546236.133   546271.133   546306.133
  4035:   546338.133   546366.133   546404.133   546431.823   546431.920
  4040:   546439.411   547931.910   547933.611   548933.621   548934.711
  4045:   549213.121   549621.121   549657.121   550004.721   550004.920
  4050:   550004.901   550004.091   550304.902   551804.910   551806.611
  4055:   552806.621   552807.811   552978.131   553009.131   553183.131
  4060:   553219.131   553249.131   553280.131   553312.131   553346.131
  4065:   553377.131   553412.131   553458.131   553491.131   553555.131
  4070:   553590.131   553628.131   553661.131   553732.131   553766.131
  4075:   553795.131   553827.131   553863.131   553897.131   553928.131
  4080:   553959.131   553987.131   554022.131   554051.131   554079.131
  4085:   554122.131   554146.131   554208.131   554240.131   554270.131
  4090:   554335.131   554376.131   554402.131   554438.131   554492.131
  4095:   554522.131   554556.131   554590.131   554659.131   554715.131
  4100:   554742.131   554775.131   554809.131   554836.131   554870.131
  4105:   554904.131   554934.131   554962.131   554995.131   555051.131
  4110:   555087.131   555146.131   555179.131   555245.131   555278.131
  4115:   555310.131   555343.131   555400.131   555430.131   555462.131
  4120:   555533.131   555593.131   555622.131   555687.131   555769.131
  4125:   556007.821   556007.920   557507.910   557509.612   558909.622
  4130:   558910.712   559146.122   559720.122   559753.122   560212.122
  4135:   560246.122   560276.122   560622.722   560622.920   560622.901
  4140:   560622.092   560922.902   562422.910   562424.613   564374.623
  4145:   564375.713   564790.123   564840.123   565211.123   565609.123
  4150:   565642.123   565678.123   565986.123   566021.123   566054.123
  4155:   566137.123   566177.123   566219.123   566316.123   566408.723
  4160:   566408.920   566408.901   566408.093   566708.902   568208.910
  4165:   568210.613   570160.623   570161.713   570334.123   570518.123
  4170:   570860.123   570889.123   571017.123   571049.123   571080.123
  4175:   571134.123   571165.123   571202.123   571270.123   571300.123
  4180:   571333.123   571401.123   571430.123   571461.123   571494.123
  4185:   571528.123   571556.123   571624.123   571658.123   571727.123
  4190:   571754.123   571786.123   571819.123   571891.123   571931.123
  4195:   571992.123   572029.123   572090.123   572122.723   572122.920
  4200:   572122.901   572122.093   572422.902   573922.910   573924.612
  4205:   575324.622   575325.812   575536.132   576087.132   576113.132
  4210:   576142.132   576212.132   576279.132   576312.132   576414.132
  4215:   576486.132   576526.132   576591.132   576629.132   576662.132
  4220:   576694.132   576724.132   576757.132   576793.132   576824.132
  4225:   576884.132   576916.132   576949.132   576981.132   577012.132
  4230:   577079.132   577110.132   577141.132   577157.132   577188.132
  4235:   577217.132   577248.132   577280.132   577341.132   577376.132
  4240:   577412.132   577445.132   577501.132   577532.132   577575.132
  4245:   577604.132   577637.132   577667.132   577724.132   577763.132
  4250:   577790.132   577821.132   577853.132   577879.132   577916.132
  4255:   577985.132   578040.132   578075.132   578109.132   578181.132
  4260:   578214.132   578298.132   578332.132   578505.132   578578.132
  4265:   578612.132   578647.132   578785.132   578925.822   578925.920
  4270:   580425.910   580427.614   583177.624   583178.714   583552.124
  4275:   583938.124   584009.124   584391.124   584867.124   584899.124
  4280:   585347.124   585411.124   585940.724   585940.920   585940.901
  4285:   585940.094   586240.902   587740.910   587742.615   591592.625
  4290:   591593.715   591921.125   591950.125   592401.125   592969.125
  4295:   593001.125   593027.125   593088.125   593115.125   593217.125
  4300:   593247.125   593323.125   593434.125   593472.125   593500.125
  4305:   593616.125   593649.125   593682.125   593714.125   593749.125
  4310:   593783.125   593813.125   593849.125   593927.125   593964.125
  4315:   593996.125   594070.125   594127.125   594161.125   594204.125
  4320:   594366.125   594395.125   594424.125   594448.125   594477.125
  4325:   594506.125   594545.125   594575.125   594600.125   594669.125
  4330:   594702.125   594732.125   594763.125   594796.125   594824.125
  4335:   594852.125   594881.125   594917.125   594951.125   595015.125
  4340:   595039.125   595071.125   595100.125   595175.125   595201.125
  4345:   595232.125   595265.125   595298.125   595327.125   595361.125
  4350:   595392.125   595436.125   595465.725   595465.920   595465.901
  4355:   595465.095   595765.902   597265.910   597267.612   598667.622
  4360:   598668.812   599209.132   599240.132   599718.132   599750.132
  4365:   599778.132   599967.132   600421.132   600450.132   600488.132
  4370:   600596.132   600697.132   600762.132   600798.132   601175.132
  4375:   601209.132   601293.132   601410.132   601437.132   601526.132
  4380:   601838.132   601871.132   601904.132   602268.822   602268.920
  4385:   603768.910   603770.611   604770.621   604771.711   605061.121
  4390:   605966.721   605966.920   605966.901   605966.091   606266.902
  4395:   607766.910   607768.614   610518.624   610519.714   610813.124
  4400:   611206.124   611242.124   611392.124   611762.124   611793.124
  4405:   611822.124   612253.124   612395.124   612553.124   612582.124
  4410:   612612.124   612647.124   612684.124   612718.124   612755.124
  4415:   612847.124   612909.124   612944.124   612972.124   613004.124
  4420:   613042.124   613074.124   613111.124   613147.124   613252.124
  4425:   613288.724   613288.920   613288.901   613288.094   613588.902
  4430:   615088.910   615090.612   616490.622   616491.712   616982.122
  4435:   617210.122   617238.122   617275.122   617309.122   617374.122
  4440:   617408.122   617438.122   617470.122   617504.122   617536.122
  4445:   617571.122   617601.122   617700.122   617728.122   617796.122
  4450:   617827.122   617866.122   617895.722   617895.920   617895.901
  4455:   617895.092   618195.902   619695.910   619697.614   622447.624
  4460:   622448.714   623100.124   623136.124   623453.124   623489.124
  4465:   623818.124   623852.124   624283.124   624315.124   624350.124
  4470:   624436.124   624831.124   625264.724   625264.920   625264.901
  4475:   625264.094   625564.902   627064.910   627066.612   628466.622
  4480:   628467.712   628695.122   628740.122   629064.122   629167.122
  4485:   629198.122   629526.122   629558.122   630119.722   630119.920
  4490:   630119.901   630119.092   630419.902   631919.910   631921.613
  4495:   633871.623   633872.713   634191.123   634557.123   634590.123
  4500:   634623.123   634657.123   634688.123   634757.123   634807.123
  4505:   634833.123   634867.123   634899.123   634941.123   634968.123
  4510:   635004.123   635040.123   635074.123   635109.123   635144.123
  4515:   635216.123   635249.123   635285.123   635320.123   635351.123
  4520:   635389.123   635427.123   635461.123   635496.123   635527.123
  4525:   635561.123   635618.123   635656.123   635690.123   635784.123
  4530:   635812.123   635847.723   635847.920   635847.901   635847.093
  4535:   636147.902   637647.910   637649.615   641499.625   641500.815
  4540:   641681.135   642339.135   642712.135   642741.135   643085.135
  4545:   643184.135   643215.135   643284.135   643419.135   643517.135
  4550:   643548.135   643612.135   643650.135   643683.135   643743.135
  4555:   643778.135   643880.135   643913.135   643941.135   643975.135
  4560:   644008.135   644045.135   644072.135   644105.135   644139.135
  4565:   644166.135   644230.135   644289.135   644354.135   644380.135
  4570:   644412.135   644443.135   644475.135   644508.135   644569.135
  4575:   644602.135   644637.135   644666.135   644695.135   644728.135
  4580:   644770.135   644802.135   644831.135   644866.135   644939.135
  4585:   644972.135   645032.135   645065.135   645097.135   645217.135
  4590:   645285.135   645318.135   645414.135   645519.135   646110.135
  4595:   646143.135   646173.135   646205.135   646578.135   646611.135
  4600:   646647.135   646747.135   647099.135   647521.135   647593.135
  4605:   647955.135   647990.135   648019.135   648345.135   648373.135
  4610:   648732.135   648765.135   648793.135   649139.135   649170.135
  4615:   649200.825   649200.920   649217.411   650700.910   650702.613
  4620:   652652.623   652653.813   653369.133   653796.133   654112.133
  4625:   654146.133   654178.133   654523.133   654555.133   654908.133
  4630:   654942.133   655040.133   655392.133   655774.133   655809.133
  4635:   656176.133   656213.133   656623.133   656661.133   656853.823
  4640:   656853.920   658353.910   658355.614   661105.624   661106.714
  4645:   661794.124   662396.124   662433.124   662839.124   662880.124
  4650:   663229.124   663614.124   663653.124   664181.724   664181.920
  4655:   664181.901   664181.094   664481.902   665981.910   665983.614
  4660:   668733.624   668734.714   668943.124   669581.124   669979.124
  4665:   670077.124   670109.124   670243.124   670358.124   670659.124
  4670:   670694.124   670777.124   670809.124   670836.124   670867.124
  4675:   670897.124   670936.124   670966.124   671002.124   671033.124
  4680:   671064.124   671091.124   671167.124   671198.124   671227.124
  4685:   671291.124   671324.124   671390.124   671423.124   671471.124
  4690:   671502.724   671502.920   671502.901   671502.094   671802.902
  4695:   673302.910   673304.615   677154.625   677155.715   678007.125
  4700:   678354.125   678389.125   678517.125   678551.125   678587.125
  4705:   678617.125   678652.125   678716.125   678746.125   678786.125
  4710:   678820.125   678852.125   678882.125   678912.125   678947.125
  4715:   678984.125   679003.125   679039.125   679072.125   679106.125
  4720:   679150.125   679187.125   679218.125   679253.125   679292.125
  4725:   679321.125   679350.125   679374.125   679407.125   679441.125
  4730:   679475.125   679506.125   679531.125   679563.125   679597.125
  4735:   679631.125   679698.125   679726.125   679754.125   679785.125
  4740:   679816.125   679848.125   679879.125   679910.125   679925.125
  4745:   679978.125   680006.125   680072.125   680102.125   680133.125
  4750:   680170.125   680207.125   680246.125   680286.125   680324.125
  4755:   680355.125   680390.125   680419.125   680453.125   680527.125
  4760:   680553.125   680582.125   680616.125   680655.125   680840.125
  4765:   681161.725   681161.920   681161.901   681161.095   681461.902
  4770:   681461.902   681461.005   681461.006   681461.007   681461.020 
D:
     0:        0.000        0.000        0.000        0.000        0.000
     5:        0.000        0.000        0.000        0.000        0.000
    10:        0.000        0.000        0.000        0.000        0.000
    15:        0.000        0.000        0.000        0.000        0.000
    20:        0.000        0.000        0.000        0.000        0.000
    25:        0.000        6.000        0.000        0.000        0.000
    30:        0.000        0.000        0.000        0.000        0.000
    35:        0.000
F:
     0:       10.000       14.000       19.500       27.500       38.500
     5:       10.000       14.000       19.500       27.500       38.500
    10:       10.000       14.000       19.500       27.500       38.500
    15:       20.000       28.000       39.000       55.000       77.000
    20:       20.000       28.000       39.000       55.000       77.000
    25:       20.000       28.000       39.000       55.000       77.000
    30:       10.000       14.000       19.500       27.500       38.500
    35:       10.000       14.000       19.500       27.500       38.500
    40:       10.000       14.000       19.500       27.500       38.500
    45:       10.000       14.000       19.500       27.500       38.500
    50:       10.000       14.000       19.500       27.500       38.500
    55:       10.000       14.000       19.500       27.500       38.500
    60:       10.000       14.000       19.500       27.500       38.500
    65:       10.000       14.000       19.500       27.500       38.500
    70:       10.000       14.000       19.500       27.500       38.500
    75:       20.000       28.000       39.000       55.000       77.000
    80:       20.000       28.000       39.000       55.000       77.000
    85:       10.000       14.000       19.500       27.500       38.500
    90:       10.000       14.000       19.500       27.500       38.500
    95:       10.000       14.000       19.500       27.500       38.500
I:
     0:       75.000        0.000        0.000
M:
     0:       15.000       15.000       15.000       15.000       15.000
     5:        5.000        5.000        5.000        5.000        5.000
    10:      100.000
N:
     0:       20.000       20.000       20.000       20.000       20.000
     5:        0.000
Q:
     0:       15.000       15.000       15.000       15.000       15.000
     5:        0.000
V:
     0:        2.000        0.000        0.000        0.000        0.000
     5:      200.000      304.000      463.000      437.000      817.000
    10:      287.000      284.000      267.000      434.000      518.000
    15:        0.000
