File: C:\MED-PC IV\DATA\M_PEAK3P105


Start Date: 08/08/17
End Date: 08/08/17
Subject: P105
Experiment: IF-PICO
Group: 0
Box: 6
Start Time: 10:24:18
End Time: 12:16:26
MSN: Multiple_Peak
B:       0.000
C:       0.000
E:    5113.000
G:      27.500
H:    2750.000
J:       0.000
K:       0.000
L:       0.000
O:       0.000
P:       0.000
R:       0.000
S:       0.000
T:  668116.000
U:       0.000
W:       0.000
X:       0.000
Y:       0.000
Z:       0.000
A:
     0:        0.010      500.910      502.614     3252.624     3253.814
     5:     3373.134     3423.134     3660.134     3701.134     3743.134
    10:     3860.134     3907.134     4004.134     4041.134     4091.134
    15:     4135.134     4202.134     4242.134     4323.134     4461.134
    20:     4511.134     4591.134     4645.134     4696.134     4745.134
    25:     4829.134     4866.134     4916.134     5046.134     5192.134
    30:     5246.134     5472.134     5515.134     5562.134     5609.134
    35:     5643.134     5926.134     5973.134     6244.134     6286.134
    40:     6394.134     6485.134     6530.134     6553.134     6591.134
    45:     6657.134     6867.134     6888.134     6979.134     7016.134
    50:     7051.134     7058.134     7208.134     7261.134     7416.134
    55:     7453.134     7470.134     7519.134     7630.134     7668.134
    60:     7799.134     7898.134     7932.134     8077.134     8114.134
    65:     8151.134     8219.134     8276.134     8595.134     8692.134
    70:     8707.134     8753.824     8753.920    10253.910    10255.615
    75:    14105.625    14106.815    14478.135    14516.135    14600.135
    80:    14640.135    14712.135    14792.135    14832.135    15001.135
    85:    15054.135    15107.135    15151.135    15195.135    15246.135
    90:    15287.135    15295.135    15336.135    15432.135    15448.135
    95:    15483.135    15531.135    15545.135    15648.135    15736.135
   100:    15786.135    15877.135    15894.135    15957.135    15970.135
   105:    16030.135    16161.135    16207.135    16216.135    16291.135
   110:    16347.135    16409.135    16512.135    16522.135    16572.135
   115:    16613.135    16629.135    16682.135    16993.135    17082.135
   120:    17172.135    17215.135    17264.135    17304.135    17483.135
   125:    17634.135    17717.135    17933.135    17979.135    18029.135
   130:    18073.135    18125.135    18167.135    18210.135    18321.135
   135:    18330.135    18483.135    18524.135    18571.135    18616.135
   140:    18735.135    18782.135    18876.135    18917.135    18968.135
   145:    19024.135    19121.135    19330.135    19370.135    19411.135
   150:    19457.135    19498.135    19513.135    19556.135    19698.135
   155:    19737.135    19786.135    19856.135    19955.135    19997.135
   160:    20038.135    20086.135    20225.135    20262.135    20284.135
   165:    20357.135    20435.135    20545.135    20657.315    20836.135
   170:    21321.135    21360.135    21402.135    21443.135    21490.135
   175:    21585.135    21620.135    21668.135    21708.135    21801.135
   180:    21806.825    21806.920    23306.910    23308.611    24308.621
   185:    24309.811    24449.131    24487.131    24598.131    24720.131
   190:    24763.131    24797.131    24848.131    24886.131    24943.131
   195:    25052.131    25102.131    25149.131    25187.131    25231.131
   200:    25322.131    25362.131    25373.131    25410.131    25426.131
   205:    25486.131    25497.131    25553.131    25593.131    25683.131
   210:    25733.131    25777.131    25829.131    25893.131    25932.131
   215:    25974.131    25987.131    26027.131    26078.131    26117.131
   220:    26162.131    26202.131    26243.131    26309.821    26309.920
   225:    27809.910    27811.613    29761.623    29762.813    30062.133
   230:    30140.133    30268.133    30475.133    30514.133    30624.133
   235:    30676.133    30741.133    30790.133    30905.133    30945.133
   240:    31108.133    31180.133    31259.133    31354.133    31419.133
   245:    31608.133    31657.133    31720.133    31774.133    31809.133
   250:    31956.133    31995.133    32045.133    32186.133    32199.133
   255:    32238.133    32296.133    32338.133    32380.133    32423.133
   260:    32602.133    32667.133    32772.133    32895.133    32911.133
   265:    32958.133    33001.133    33054.133    33114.133    33130.133
   270:    33176.133    33222.133    33298.133    33374.133    33547.133
   275:    33626.133    33630.133    33662.823    33662.920    33668.411
   280:    35162.910    35164.614    37914.624    37915.714    40408.124
   285:    40452.124    40494.124    40622.124    40723.724    40723.920
   290:    40723.901    40723.094    41023.902    42523.910    42525.615
   295:    46375.625    46376.815    46543.135    46588.135    46820.135
   300:    47053.135    47094.135    47139.135    47179.135    47321.135
   305:    47426.135    47467.135    47510.135    47551.135    47565.135
   310:    47601.135    47714.135    47760.135    47861.135    47902.135
   315:    47936.135    47982.135    48012.135    48088.135    48105.135
   320:    48142.135    48170.135    48210.135    48375.135    48389.135
   325:    48430.135    48476.135    48567.135    48636.135    48646.135
   330:    48729.135    48744.135    48900.135    48919.135    49027.135
   335:    49070.135    49109.135    49156.135    49208.135    49246.135
   340:    49296.135    49333.135    49440.135    49483.135    49519.135
   345:    49618.135    49658.135    49728.135    49779.135    49813.135
   350:    49931.135    49972.135    50055.135    50076.135    50113.135
   355:    50160.135    50206.135    50254.135    50365.135    50403.135
   360:    50441.135    50501.135    50645.135    50686.135    50735.135
   365:    50898.135    50938.135    50979.135    51028.135    51083.135
   370:    51118.135    51161.135    51207.135    51214.135    51245.135
   375:    51343.135    51451.135    51496.135    51546.135    51563.135
   380:    51775.135    51822.135    51876.135    51919.135    52100.135
   385:    52205.135    52353.135    52414.135    52500.135    52657.135
   390:    52715.135    52930.135    52974.135    53019.135    53029.135
   395:    53075.135    53120.135    53210.135    53282.135    53323.135
   400:    53502.135    53585.135    53623.135    53666.135    53728.135
   405:    53744.135    53786.135    53907.135    53925.135    53996.135
   410:    54076.825    54076.920    55576.910    55578.611    56578.621
   415:    56579.711    56680.121    56724.121    56764.121    56812.121
   420:    56884.121    56972.121    57055.121    57101.121    57143.121
   425:    57189.121    57315.121    57360.121    57423.121    57501.121
   430:    57708.721    57708.920    57708.901    57708.091    58008.902
   435:    59508.910    59510.611    60510.621    60511.811    60676.131
   440:    60753.131    60800.131    60844.131    60924.131    60969.131
   445:    61021.131    61061.131    61072.131    61137.131    61195.131
   450:    61351.131    61436.131    61476.131    61567.131    61611.131
   455:    61653.131    61716.131    61762.131    61811.131    61962.131
   460:    62007.131    62049.131    62097.131    62145.131    62152.131
   465:    62224.131    62279.131    62344.131    62445.131    62511.821
   470:    62511.920    64011.910    64013.614    66763.624    66764.714
   475:    67028.124    67123.124    67176.124    67389.124    67428.124
   480:    67512.124    67561.124    67607.124    67648.124    67691.124
   485:    67728.124    67769.124    67820.124    67895.124    67954.124
   490:    67995.124    68044.124    68066.124    68078.124    68118.124
   495:    68140.124    68186.124    68215.124    68251.124    68300.124
   500:    68341.124    68440.124    68454.124    68545.124    68595.124
   505:    68640.124    68690.124    68749.124    68803.124    68932.124
   510:    68973.124    69015.124    69058.124    69119.124    69159.124
   515:    69208.124    69256.124    69307.124    69354.124    69400.124
   520:    69511.124    69557.724    69557.920    69557.901    69557.094
   525:    69857.902    71357.910    71359.612    72759.622    72760.812
   530:    72882.132    72928.132    72973.132    73020.132    73064.132
   535:    73196.132    73239.132    73281.132    73325.132    73374.132
   540:    73412.132    73466.132    73510.132    73556.132    73660.132
   545:    73725.132    73847.132    73891.132    74015.132    74105.132
   550:    74172.132    74215.132    74275.132    74317.132    74440.132
   555:    74482.132    74589.132    74604.132    74647.132    74692.132
   560:    74735.132    74798.132    74847.132    74977.132    75024.132
   565:    75118.132    75204.132    75257.132    75304.132    75388.132
   570:    75438.132    75492.132    75534.132    75560.822    75560.920
   575:    77060.910    77062.615    80912.625    80913.715    81336.125
   580:    81377.125    81438.125    81524.125    81653.125    81693.125
   585:    81869.125    81917.125    81958.125    82009.125    82050.125
   590:    82106.125    82147.125    82319.125    82399.125    82454.125
   595:    82474.125    82512.125    82641.125    82684.125    82741.125
   600:    82800.125    82852.125    82988.125    83029.125    83093.125
   605:    83135.125    83218.125    83235.125    83279.125    83295.125
   610:    83337.125    83384.125    83431.125    83555.125    83658.125
   615:    83697.125    83759.125    83897.125    84004.125    84134.125
   620:    84176.125    84269.125    84316.125    84462.125    84506.125
   625:    84608.125    84653.125    84701.125    84743.125    84943.725
   630:    84943.920    84943.901    84943.095    85243.902    86743.910
   635:    86745.614    89495.624    89496.814    89646.134    89737.134
   640:    89955.134    90137.134    90180.134    90224.134    90267.134
   645:    90308.134    90351.134    90404.134    90445.134    90501.134
   650:    90541.134    90605.134    90650.134    90668.134    90747.134
   655:    90792.134    90840.134    90889.134    90938.134    90963.134
   660:    91048.134    91144.134    91187.134    91308.134    91513.134
   665:    91574.134    91589.134    91636.134    91681.134    91811.134
   670:    91829.134    91866.134    91957.134    91972.134    92016.134
   675:    92066.134    92183.134    92268.134    92312.134    92403.134
   680:    92641.134    92689.134    92775.134    92819.134    92862.134
   685:    92903.134    92950.134    92965.134    93008.134    93072.134
   690:    93134.134    93297.134    93381.134    93396.134    93436.134
   695:    93453.134    93497.134    93510.134    93575.134    93731.134
   700:    93785.134    93834.134    93925.134    93966.134    94027.134
   705:    94041.134    94086.134    94171.134    94395.134    94459.134
   710:    94499.134    94552.134    94611.134    94631.134    94698.134
   715:    94741.134    94806.134    94848.134    94996.824    94996.920
   720:    96496.910    96498.611    97498.621    97499.711    97703.121
   725:    97740.121    97781.121    97826.121    97862.121    97900.121
   730:    97941.121    97984.121    98026.121    98158.121    98389.121
   735:    98426.121    98470.121    98619.721    98619.920    98619.901
   740:    98619.091    98919.902   100419.910   100421.613   102371.623
   745:   102372.713   103148.123   103286.123   103394.123   103468.123
   750:   103522.123   103562.123   103614.123   103724.123   103764.123
   755:   103807.123   103849.123   103886.123   103966.123   104178.123
   760:   104217.123   104257.123   104304.123   104348.723   104348.920
   765:   104348.901   104348.093   104648.902   106148.910   106150.614
   770:   108900.624   108901.714   109555.124   109678.124   109696.124
   775:   109733.124   109784.124   109871.124   109974.124   110077.124
   780:   110123.124   110171.124   110213.124   110264.124   110477.124
   785:   110524.124   110579.124   110623.124   110831.124   110853.124
   790:   110923.124   110964.124   110987.124   111030.124   111059.124
   795:   111107.124   111159.124   111200.124   111268.124   111313.124
   800:   111347.124   111401.124   111446.124   111485.124   111525.124
   805:   111583.124   111590.124   111627.124   111636.124   111676.724
   810:   111676.920   111676.901   111676.094   111976.902   113476.910
   815:   113478.615   117328.625   117329.715   117540.125   117687.125
   820:   117728.125   117765.125   117809.125   117847.125   117892.125
   825:   117941.125   118082.125   118128.125   118173.125   118287.125
   830:   118331.125   118450.125   118503.125   118521.125   118564.125
   835:   118672.125   118712.125   118769.125   118810.125   118861.125
   840:   118908.125   119003.125   119046.125   119089.125   119132.125
   845:   119150.125   119190.125   119236.125   119359.125   119402.125
   850:   119452.125   119477.125   119494.125   119560.125   119583.125
   855:   119609.125   119662.125   119685.125   119761.125   119802.125
   860:   119855.125   119902.125   119959.125   120003.125   120055.125
   865:   120091.125   120106.125   120151.125   120212.125   120252.125
   870:   120303.125   120486.125   120505.125   120549.125   120567.125
   875:   120611.125   120701.125   120814.125   120855.125   120907.125
   880:   120932.125   121027.125   121063.125   121123.125   121169.125
   885:   121298.725   121298.920   121298.901   121298.095   121598.902
   890:   123098.910   123100.612   124500.622   124501.712   124667.122
   895:   124710.122   124759.122   124839.122   124880.122   124929.122
   900:   124967.122   125087.122   125153.122   125197.122   125302.122
   905:   125361.122   125401.122   125445.122   125492.122   125542.122
   910:   125585.122   125627.122   125672.122   125837.122   125885.122
   915:   125930.722   125930.920   125930.901   125930.092   126230.902
   920:   127730.910   127732.615   131582.625   131583.715   131750.125
   925:   131827.125   131959.125   132127.125   132172.125   132222.125
   930:   132255.125   132279.125   132315.125   132356.125   132392.125
   935:   132432.125   132479.125   132562.125   132601.125   132651.125
   940:   132781.125   132826.125   132873.125   132960.125   133005.125
   945:   133053.125   133125.125   133234.125   133313.125   133406.125
   950:   133454.125   133501.125   133509.125   133549.125   133604.125
   955:   133717.125   133734.125   133849.125   133892.125   133950.125
   960:   134019.125   134064.125   134111.125   134131.125   134280.125
   965:   134294.125   134342.125   134387.125   134431.125   134476.125
   970:   134585.125   134623.125   134664.125   134703.125   134747.125
   975:   134788.125   134842.125   135015.125   135057.125   135103.125
   980:   135203.125   135311.125   135354.125   135406.125   135446.725
   985:   135446.920   135446.901   135446.095   135746.902   137246.910
   990:   137248.611   138248.621   138249.711   138383.121   138427.121
   995:   138469.121   138515.121   138597.121   138638.121   138676.121
  1000:   138717.121   138803.121   138845.121   138927.121   138949.121
  1005:   138989.121   139033.121   139086.121   139147.121   139222.121
  1010:   139273.721   139273.920   139273.901   139273.091   139573.902
  1015:   141073.910   141075.613   143025.623   143026.713   143162.123
  1020:   143202.123   143245.123   143324.123   143362.123   143405.123
  1025:   143447.123   143520.123   143562.123   143584.123   143648.123
  1030:   143792.123   143833.123   143981.123   144167.123   144231.123
  1035:   144277.123   144334.123   144373.123   144417.123   144574.123
  1040:   144624.123   144669.123   144758.123   144804.123   144878.123
  1045:   144939.123   144993.723   144993.920   144993.901   144993.093
  1050:   145293.902   146793.910   146795.611   147795.621   147796.711
  1055:   148422.121   148466.121   148558.121   148598.121   148642.121
  1060:   148686.121   148771.121   148817.721   148817.920   148817.901
  1065:   148817.091   149117.902   150617.910   150619.613   152569.623
  1070:   152570.713   152861.123   152900.123   152950.123   153134.123
  1075:   153410.123   153490.123   153655.123   153721.123   153942.123
  1080:   154048.123   154147.123   154229.123   154270.123   154389.123
  1085:   154434.123   154475.123   154571.723   154571.920   154571.901
  1090:   154571.093   154871.902   156371.910   156373.613   158323.623
  1095:   158324.713   158453.123   158492.123   158542.123   158582.123
  1100:   158623.123   158667.123   158709.123   158755.123   158859.123
  1105:   158902.123   158978.123   159026.123   159217.123   159274.123
  1110:   159324.123   159369.123   159433.123   159563.123   159659.123
  1115:   159667.123   159712.123   159822.123   159878.123   159921.123
  1120:   159961.123   160014.123   160068.123   160109.123   160158.123
  1125:   160207.123   160251.123   160377.723   160377.920   160377.901
  1130:   160377.093   160677.902   162177.910   162179.615   166029.625
  1135:   166030.815   166362.135   166424.135   166464.135   166509.135
  1140:   166554.135   166612.135   166695.135   166736.135   166783.135
  1145:   167102.135   167155.135   167193.135   167242.135   167297.135
  1150:   167343.135   167378.135   167584.135   167630.135   167675.135
  1155:   167718.135   167773.135   167817.135   167951.135   167996.135
  1160:   168073.135   168114.135   168205.135   168247.135   168294.135
  1165:   168483.135   168533.135   168572.135   168621.135   168740.135
  1170:   168751.135   168790.135   168837.135   168881.135   169113.135
  1175:   169228.135   169267.135   169321.135   169360.135   169414.135
  1180:   169455.135   169496.135   169536.135   169594.135   169634.135
  1185:   169672.135   169717.135   169756.135   169907.135   169962.135
  1190:   170023.135   170066.135   170110.135   170149.135   170434.135
  1195:   170482.135   170564.135   170609.135   170697.135   170740.135
  1200:   170783.135   170828.135   170870.135   170915.135   170954.135
  1205:   171074.135   171268.135   171403.135   171448.135   171578.135
  1210:   171625.135   171670.135   171715.135   171754.135   171796.135
  1215:   171840.135   171888.135   171934.135   172057.135   172072.135
  1220:   172112.135   172196.135   172240.135   172353.135   172394.135
  1225:   172438.135   172482.135   172525.135   172570.135   172617.135
  1230:   172665.135   172711.135   172824.135   172880.135   172945.135
  1235:   173037.135   173078.135   173148.135   173202.135   173244.135
  1240:   173294.135   173348.135   173569.135   173667.135   173730.825
  1245:   173730.920   175230.910   175232.613   177182.623   177183.713
  1250:   177351.123   177640.123   177688.123   177731.123   177779.123
  1255:   177816.123   177857.123   177893.123   177938.123   178071.123
  1260:   178089.123   178133.123   178172.123   178266.123   178314.123
  1265:   178397.123   178484.123   178504.123   178545.123   178646.123
  1270:   178687.123   178793.123   178848.123   178895.123   179049.123
  1275:   179112.123   179157.723   179157.920   179157.901   179157.093
  1280:   179457.902   180957.910   180959.611   181959.621   181960.711
  1285:   182152.121   182189.121   182230.121   182272.121   182314.121
  1290:   182393.121   182475.121   182520.121   182567.121   182578.121
  1295:   182617.121   182752.121   182770.121   182889.121   182933.121
  1300:   183019.721   183019.920   183019.901   183019.091   183319.902
  1305:   184819.910   184821.612   186221.622   186222.812   186324.132
  1310:   186363.132   186404.132   186452.132   186494.132   186534.132
  1315:   186619.132   186662.132   186744.132   186749.132   186788.132
  1320:   186832.132   186873.132   186914.132   186958.132   187065.132
  1325:   187112.132   187152.132   187197.132   187256.132   187301.132
  1330:   187337.132   187380.132   187422.132   187467.132   187508.132
  1335:   187555.132   187659.132   187715.132   187760.132   187808.132
  1340:   187870.132   187882.132   187921.132   187986.132   188121.132
  1345:   188168.132   188229.132   188274.132   188284.132   188349.132
  1350:   188436.132   188488.132   188578.132   188624.132   188663.132
  1355:   188817.132   188859.132   188902.132   188945.132   188990.132
  1360:   189022.822   189022.920   189039.411   190522.910   190524.612
  1365:   191924.622   191925.712   192021.122   192062.122   192105.122
  1370:   192187.122   192231.122   192273.122   192360.122   192457.122
  1375:   192541.122   192677.122   192877.122   192931.122   193023.122
  1380:   193036.122   193075.122   193196.122   193242.122   193431.722
  1385:   193431.920   193431.901   193431.092   193731.902   195231.910
  1390:   195233.614   197983.624   197984.714   198176.124   198218.124
  1395:   198268.124   198306.124   198388.124   198592.124   198611.124
  1400:   198656.124   198693.124   198736.124   198776.124   198860.124
  1405:   198904.124   198938.124   198981.124   199021.124   199072.124
  1410:   199178.124   199233.124   199427.124   199443.124   199482.124
  1415:   199518.124   199562.124   199608.124   199647.124   199690.124
  1420:   199732.124   199774.124   199858.124   199896.124   199938.124
  1425:   199978.124   200095.124   200129.124   200241.124   200296.124
  1430:   200341.124   200409.124   200450.124   200556.124   200604.124
  1435:   200705.124   200798.724   200798.920   200798.901   200798.094
  1440:   201098.902   202598.910   202600.612   204000.622   204001.712
  1445:   204113.122   204152.122   204198.122   204244.122   204284.122
  1450:   204331.122   204378.122   204425.122   204461.122   204483.122
  1455:   204520.122   204560.122   204601.122   204676.122   204716.122
  1460:   204756.122   204798.122   204839.122   204881.122   204922.122
  1465:   204962.122   205043.122   205083.122   205126.122   205170.122
  1470:   205215.122   205261.122   205332.122   205379.122   205466.722
  1475:   205466.920   205466.901   205466.092   205766.902   207266.910
  1480:   207268.614   210018.624   210019.714   210138.124   210179.124
  1485:   210222.124   210267.124   210353.124   210396.124   210439.124
  1490:   210482.124   210526.124   210566.124   210610.124   210660.124
  1495:   210700.124   210743.124   210787.124   210886.124   210988.124
  1500:   211028.124   211114.124   211160.124   211205.124   211258.124
  1505:   211304.124   211386.124   211404.124   211499.124   211549.124
  1510:   211590.124   211740.124   211782.124   211830.124   211879.124
  1515:   211920.124   211970.124   212060.124   212105.124   212149.124
  1520:   212305.124   212395.124   212483.124   212562.124   212611.124
  1525:   212835.724   212835.920   212835.901   212835.094   213135.902
  1530:   214635.910   214637.615   218487.625   218488.715   218633.125
  1535:   218691.125   218844.125   218889.125   218933.125   218973.125
  1540:   219016.125   219052.125   219097.125   219203.125   219318.125
  1545:   219361.125   219386.125   219427.125   219470.125   219512.125
  1550:   219574.125   219639.125   219680.125   219823.125   219936.125
  1555:   219974.125   220014.125   220055.125   220081.125   220193.125
  1560:   220244.125   220286.125   220334.125   220378.125   220423.125
  1565:   220466.125   220580.125   220632.125   220747.125   220790.125
  1570:   220843.125   220991.125   221084.125   221170.125   221258.125
  1575:   221304.125   221352.125   221426.125   221529.125   221618.125
  1580:   221628.125   221779.125   221873.125   221924.125   222034.125
  1585:   222127.125   222167.125   222285.125   222323.125   222364.725
  1590:   222364.920   222364.901   222364.095   222664.902   224164.910
  1595:   224166.615   228016.625   228017.715   228145.125   228324.125
  1600:   228359.125   228444.125   228607.125   228650.125   228697.125
  1605:   228780.125   228819.125   228861.125   228901.125   228942.125
  1610:   228993.125   229040.125   229080.125   229130.125   229172.125
  1615:   229302.125   229339.125   229384.125   229534.125   229575.125
  1620:   229620.125   229834.125   229878.125   229921.125   229964.125
  1625:   229983.125   230061.125   230122.125   230219.125   230310.125
  1630:   230365.125   230415.125   230485.125   230574.125   230591.125
  1635:   230636.125   230651.125   230734.125   230846.125   230991.125
  1640:   231148.125   231257.125   231298.125   231343.125   231362.125
  1645:   231404.125   231455.125   231501.125   231541.125   231581.125
  1650:   231626.125   231707.125   231752.125   231815.125   231864.125
  1655:   231976.725   231976.920   231976.901   231976.095   232276.902
  1660:   233776.910   233778.614   236528.624   236529.814   236921.134
  1665:   236992.134   237132.134   237168.134   237212.134   237259.134
  1670:   237336.134   237351.134   237392.134   237447.134   237486.134
  1675:   237522.134   237564.134   237604.134   237652.134   237659.134
  1680:   237776.134   237815.134   237856.134   237902.134   237947.134
  1685:   237990.134   238032.134   238122.134   238163.134   238210.134
  1690:   238228.134   238332.134   238433.134   238453.134   238500.134
  1695:   238551.134   238658.134   238926.134   239121.134   239181.134
  1700:   239247.134   239300.134   239387.134   239435.134   239481.134
  1705:   239519.134   239566.134   239612.134   239674.134   239714.134
  1710:   239916.134   239958.134   240000.134   240049.134   240233.134
  1715:   240288.134   240356.134   240374.134   240484.134   240525.134
  1720:   240565.134   240608.134   240648.134   240690.134   240732.134
  1725:   240772.134   240818.134   240991.134   241052.134   241133.134
  1730:   241177.134   241224.134   241278.134   241297.134   241342.134
  1735:   241387.134   241427.134   241588.134   241631.134   241830.134
  1740:   241943.134   241997.134   242029.824   242029.920   242050.411
  1745:   243529.910   243531.613   245481.623   245482.713   245646.123
  1750:   245686.123   245904.123   246020.123   246107.123   246150.123
  1755:   246192.123   246237.123   246282.123   246319.123   246410.123
  1760:   246454.123   246509.123   246553.123   246594.123   246635.123
  1765:   246676.123   246749.123   246788.123   246833.123   246879.123
  1770:   246921.123   247155.123   247375.123   247476.723   247476.920
  1775:   247476.901   247476.093   247776.902   249276.910   249278.611
  1780:   250278.621   250279.711   250386.121   250426.121   250473.121
  1785:   250478.121   250516.121   250557.121   250601.121   250647.121
  1790:   250687.121   250765.121   250809.121   250850.121   250890.121
  1795:   250935.121   250980.121   251021.121   251065.121   251104.121
  1800:   251147.121   251231.121   251276.121   251320.721   251320.920
  1805:   251320.901   251320.091   251620.902   253120.910   253122.615
  1810:   256972.625   256973.715   257067.125   257115.125   257167.125
  1815:   257206.125   257253.125   257299.125   257423.125   257768.125
  1820:   257815.125   257906.125   257963.125   258005.125   258053.125
  1825:   258141.125   258182.125   258226.125   258270.125   258320.125
  1830:   258359.125   258379.125   258469.125   258530.125   258665.125
  1835:   258711.125   258754.125   258861.125   258923.125   259025.125
  1840:   259072.125   259151.125   259195.125   259243.125   259262.125
  1845:   259306.125   259349.125   259401.125   259506.125   259550.125
  1850:   259596.125   259643.125   259686.125   259726.125   259867.125
  1855:   259909.125   260026.125   260066.125   260160.125   260325.125
  1860:   260446.125   260485.125   260589.125   260630.125   260676.125
  1865:   260719.125   260895.725   260895.920   260895.901   260895.095
  1870:   261195.902   262695.910   262697.614   265447.624   265448.714
  1875:   265620.124   265667.124   265713.124   265757.124   265796.124
  1880:   265849.124   265888.124   265929.124   265966.124   266005.124
  1885:   266047.124   266092.124   266133.124   266176.124   266213.124
  1890:   266219.124   266261.124   266344.124   266363.124   266405.124
  1895:   266452.124   266545.124   266588.124   266730.124   266766.124
  1900:   266807.124   266858.124   266906.124   266951.124   266990.124
  1905:   267031.124   267075.124   267149.124   267199.124   267237.124
  1910:   267285.124   267301.124   267343.124   267382.124   267421.124
  1915:   267464.124   267525.124   267625.124   267664.124   267711.124
  1920:   267748.124   267864.124   267925.124   267973.124   267992.124
  1925:   268083.124   268128.124   268195.124   268254.724   268254.920
  1930:   268254.901   268254.094   268554.902   270054.910   270056.613
  1935:   272006.623   272007.713   272102.123   272150.123   272234.123
  1940:   272277.123   272314.123   272356.123   272394.123   272435.123
  1945:   272504.123   272633.123   272668.123   272687.123   272727.123
  1950:   272807.123   272849.123   272904.123   272914.123   272967.123
  1955:   272985.123   273072.123   273110.123   273158.123   273205.123
  1960:   273247.123   273289.123   273393.123   273437.123   273475.123
  1965:   273519.123   273559.123   273600.123   273668.123   273686.123
  1970:   273768.123   273812.123   273852.123   273892.123   273939.123
  1975:   274047.723   274047.920   274047.901   274047.093   274347.902
  1980:   275847.910   275849.611   276849.621   276850.711   276933.121
  1985:   276977.121   277021.121   277026.121   277065.121   277115.121
  1990:   277164.121   277489.121   277530.121   277575.121   277619.121
  1995:   277683.121   277723.121   277781.121   277823.121   277878.721
  2000:   277878.920   277878.901   277878.091   278178.902   279678.910
  2005:   279680.615   283530.625   283531.715   283593.125   283635.125
  2010:   283683.125   283729.125   283768.125   283812.125   283854.125
  2015:   283892.125   283932.125   283973.125   284091.125   284131.125
  2020:   284192.125   284229.125   284265.125   284304.125   284383.125
  2025:   284393.125   284455.125   284518.125   284589.125   284668.125
  2030:   284729.125   284854.125   284898.125   284919.125   285058.125
  2035:   285098.125   285147.125   285190.125   285243.125   285341.125
  2040:   285387.125   285436.125   285477.125   285518.125   285530.125
  2045:   285659.125   285695.125   285778.125   285823.125   285914.125
  2050:   285958.125   286063.125   286111.125   286219.125   286263.125
  2055:   286355.125   286401.125   286498.125   286548.125   286611.125
  2060:   286699.125   286743.125   286785.125   286831.125   286929.125
  2065:   286942.125   287044.125   287091.125   287131.125   287174.125
  2070:   287219.125   287265.125   287282.125   287321.125   287361.125
  2075:   287450.725   287450.920   287450.901   287450.095   287750.902
  2080:   289250.910   289252.615   293102.625   293103.715   293495.125
  2085:   293532.125   293571.125   293619.125   293655.125   293696.125
  2090:   293800.125   293839.125   293875.125   293919.125   293962.125
  2095:   294071.125   294112.125   294158.125   294199.125   294245.125
  2100:   294260.125   294300.125   294340.125   294383.125   294424.125
  2105:   294512.125   294602.125   294644.125   294688.125   294747.125
  2110:   294789.125   294835.125   294874.125   294912.125   294952.125
  2115:   295009.125   295121.125   295160.125   295315.125   295373.125
  2120:   295459.125   295526.125   295622.125   295667.125   295771.125
  2125:   295916.125   295957.125   296054.125   296174.125   296221.125
  2130:   296262.125   296306.125   296350.125   296390.125   296501.125
  2135:   296544.125   296590.125   296684.125   296727.125   296828.125
  2140:   296866.125   296907.125   297077.725   297077.920   297077.901
  2145:   297077.095   297377.902   298877.910   298879.615   302729.625
  2150:   302730.715   302937.125   302977.125   303306.125   303347.125
  2155:   303388.125   303438.125   303476.125   303553.125   303595.125
  2160:   303642.125   303691.125   303734.125   303777.125   303820.125
  2165:   303865.125   303991.125   304096.125   304136.125   304199.125
  2170:   304245.125   304287.125   304328.125   304379.125   304494.125
  2175:   304508.125   304551.125   304597.125   304637.125   304678.125
  2180:   304771.125   304793.125   304834.125   304893.125   304934.125
  2185:   304998.125   305040.125   305061.125   305177.125   305257.125
  2190:   305300.125   305386.125   305427.125   305472.125   305534.125
  2195:   305594.125   305635.125   305681.125   305723.125   305832.125
  2200:   305878.125   305944.125   306003.125   306051.125   306070.125
  2205:   306106.125   306153.125   306194.125   306232.125   306256.125
  2210:   306343.125   306388.125   306456.125   306528.125   306671.725
  2215:   306671.920   306671.901   306671.095   306971.902   308471.910
  2220:   308473.615   312323.625   312324.815   312599.135   312635.135
  2225:   312680.135   313000.135   313040.135   313154.135   313207.135
  2230:   313248.135   313291.135   313335.135   313497.135   313538.135
  2235:   313597.135   313644.135   313727.135   313746.135   313779.135
  2240:   313799.135   313835.135   313854.135   313891.135   313917.135
  2245:   313974.135   314012.135   314053.135   314106.135   314143.135
  2250:   314272.135   314440.135   314482.135   314532.135   314568.135
  2255:   314614.135   314638.135   314678.135   314773.135   314838.135
  2260:   314886.135   314959.135   315003.135   315115.135   315158.135
  2265:   315177.135   315278.135   315319.135   315358.135   315418.135
  2270:   315507.135   315554.135   315689.135   315728.135   315767.135
  2275:   315811.135   315866.135   315910.135   316056.135   316210.135
  2280:   316263.135   316299.135   316377.135   316424.135   316462.135
  2285:   316501.135   316585.135   316622.135   316719.135   316868.135
  2290:   316906.135   316944.135   316981.135   317021.135   317130.135
  2295:   317169.135   317192.135   317227.135   317304.135   317356.135
  2300:   317409.135   317450.135   317492.135   317606.135   317655.135
  2305:   317757.135   317865.135   317906.135   317942.135   317958.135
  2310:   318016.135   318057.135   318120.135   318159.135   318215.135
  2315:   318258.135   318277.135   318380.135   318430.135   318469.135
  2320:   318509.135   318544.135   318585.135   318633.135   318675.135
  2325:   318721.135   318769.135   318809.135   318860.135   318905.135
  2330:   319005.135   319045.135   319152.135   319190.135   319230.135
  2335:   319267.135   319338.135   319376.135   319424.135   319439.135
  2340:   319478.135   319584.135   319624.135   319672.135   319712.135
  2345:   319811.135   319830.135   319973.135   320015.135   320024.825
  2350:   320024.920   321524.910   321526.611   322526.621   322527.711
  2355:   322605.121   322642.121   322716.121   322754.121   322790.121
  2360:   322827.121   322864.121   322903.121   322938.121   322975.121
  2365:   323048.121   323099.121   323107.121   323145.121   323178.121
  2370:   323213.121   323327.121   323373.121   323411.121   323447.121
  2375:   323483.121   323522.121   323562.721   323562.920   323562.901
  2380:   323562.091   323862.902   325362.910   325364.613   327314.623
  2385:   327315.813   327417.133   327458.133   327503.133   327542.133
  2390:   327581.133   327618.133   327656.133   327691.133   327725.133
  2395:   327763.133   327783.133   327883.133   327904.133   327976.133
  2400:   328102.133   328178.133   328222.133   328259.133   328297.133
  2405:   328335.133   328376.133   328442.133   328485.133   328564.133
  2410:   328603.133   328671.133   328708.133   328749.133   328805.133
  2415:   328941.133   328980.133   329196.133   329240.133   329295.133
  2420:   329381.133   329423.133   329543.133   329588.133   329605.133
  2425:   329681.133   329722.133   329762.133   329799.133   329842.133
  2430:   329879.133   330034.133   330076.133   330173.133   330216.133
  2435:   330359.133   330466.133   330511.133   330571.133   330678.133
  2440:   330716.133   330823.133   331178.133   331215.823   331215.920
  2445:   332715.910   332717.611   333717.621   333718.711   333822.121
  2450:   333860.121   333898.121   333937.121   333974.121   334009.121
  2455:   334044.121   334091.121   334158.121   334194.121   334232.121
  2460:   334269.121   334304.121   334323.121   334356.121   334394.121
  2465:   334434.121   334469.121   334547.121   334587.121   334663.121
  2470:   334738.721   334738.920   334738.901   334738.091   335038.902
  2475:   336538.910   336540.612   337940.622   337941.712   338023.122
  2480:   338064.122   338068.122   338140.122   338175.122   338284.122
  2485:   338329.122   338385.122   338420.122   338530.122   338566.122
  2490:   338601.122   338640.122   338786.122   338856.122   338904.122
  2495:   338939.122   339027.122   339061.122   339101.122   339140.122
  2500:   339320.122   339360.722   339360.920   339360.901   339360.092
  2505:   339660.902   341160.910   341162.615   345012.625   345013.715
  2510:   345205.125   345242.125   345356.125   345395.125   345433.125
  2515:   345781.125   345863.125   345899.125   346033.125   346351.125
  2520:   346392.125   346436.125   346475.125   346520.125   346552.125
  2525:   346633.125   346667.125   346723.125   346757.125   346794.125
  2530:   346834.125   346871.125   346914.125   346951.125   346994.125
  2535:   347035.125   347115.125   347156.125   347273.125   347311.125
  2540:   347397.125   347434.125   347468.125   347505.125   347535.125
  2545:   347556.125   347600.125   347635.125   347667.125   347828.125
  2550:   347903.125   347944.125   348022.125   348065.125   348171.125
  2555:   348217.125   348259.125   348425.125   348508.125   348596.125
  2560:   348653.125   348694.125   348748.125   348835.125   348875.725
  2565:   348875.920   348875.901   348875.095   349175.902   350675.910
  2570:   350677.612   352077.622   352078.712   352166.122   352207.122
  2575:   352249.122   352293.122   352333.122   352377.122   352459.122
  2580:   352496.122   352574.122   352606.122   352735.122   352795.122
  2585:   352822.122   352858.122   352880.122   352923.122   353080.122
  2590:   353122.122   353185.122   353272.122   353309.122   353351.122
  2595:   353468.122   353510.722   353510.920   353510.901   353510.092
  2600:   353810.902   355310.910   355312.613   357262.623   357263.713
  2605:   357373.123   357446.123   357563.123   357604.123   357680.123
  2610:   357713.123   357761.123   357802.123   357899.123   357935.123
  2615:   357971.123   358005.123   358042.123   358078.123   358112.123
  2620:   358171.123   358271.123   358323.123   358360.123   358400.123
  2625:   358479.123   358583.123   358679.123   358771.123   358788.123
  2630:   358824.123   358860.123   358888.123   359050.123   359171.123
  2635:   359211.123   359233.723   359233.920   359233.901   359233.093
  2640:   359533.902   361033.910   361035.615   364885.625   364886.715
  2645:   365120.125   365164.125   365288.125   365604.125   365719.125
  2650:   365759.125   365794.125   365836.125   366188.125   366263.125
  2655:   366323.125   366365.125   366434.125   366485.125   366733.125
  2660:   366774.125   366813.125   366834.125   366882.125   366966.125
  2665:   367010.125   367096.125   367174.125   367210.125   367243.125
  2670:   367335.125   367372.125   367450.125   367553.125   367604.125
  2675:   367651.125   367695.125   367735.125   367864.125   367900.125
  2680:   368006.125   368045.125   368086.125   368122.125   368167.125
  2685:   368205.125   368239.125   368294.125   368331.125   368377.125
  2690:   368480.125   368520.125   368558.125   368596.125   368634.125
  2695:   368650.125   368721.125   368766.725   368766.920   368766.901
  2700:   368766.095   369066.902   370566.910   370568.612   371968.622
  2705:   371969.712   372072.122   372163.122   372206.122   372280.122
  2710:   372312.122   372351.122   372390.122   372429.122   372446.122
  2715:   372479.122   372515.122   372549.122   372590.122   372633.122
  2720:   372656.122   372808.122   372846.122   372881.122   372967.122
  2725:   373005.122   373046.122   373081.122   373161.122   373207.122
  2730:   373244.122   373284.122   373329.122   373372.722   373372.920
  2735:   373372.901   373372.092   373672.902   375172.910   375174.614
  2740:   377924.624   377925.714   378283.124   378575.124   378640.124
  2745:   379134.124   379216.124   379258.124   379306.124   379347.124
  2750:   379393.124   379448.124   379488.124   379530.124   379569.124
  2755:   379616.124   379658.124   379806.124   379854.124   379896.124
  2760:   379932.124   379951.124   379989.124   380044.124   380100.124
  2765:   380139.124   380196.124   380291.124   380329.124   380368.124
  2770:   380409.124   380436.124   380473.124   380521.124   380610.124
  2775:   380655.124   380693.724   380693.920   380693.901   380693.094
  2780:   380993.902   382493.910   382495.611   383495.621   383496.711
  2785:   383610.121   383652.121   383693.121   383734.121   383776.121
  2790:   383820.121   383864.121   383910.121   383952.121   384028.121
  2795:   384066.121   384107.121   384149.121   384191.121   384227.121
  2800:   384267.121   384310.121   384348.121   384356.121   384396.121
  2805:   384436.121   384475.121   384581.721   384581.920   384581.901
  2810:   384581.091   384881.902   386381.910   386383.612   387783.622
  2815:   387784.712   387882.122   387924.122   387963.122   388001.122
  2820:   388039.122   388071.122   388110.122   388136.122   388180.122
  2825:   388218.122   388257.122   388320.122   388361.122   388469.122
  2830:   388513.122   388551.122   388595.122   388637.122   388678.122
  2835:   388720.122   388760.122   388803.122   388850.122   388956.122
  2840:   388995.122   389033.122   389119.122   389280.722   389280.920
  2845:   389280.901   389280.092   389580.902   391080.910   391082.615
  2850:   394932.625   394933.815   395149.135   395185.135   395264.135
  2855:   395312.135   395354.135   395470.135   396086.135   396124.135
  2860:   396201.135   396243.135   396328.135   396403.135   396446.135
  2865:   396487.135   396531.135   396552.135   396631.135   396690.135
  2870:   396734.135   396790.135   396829.135   396871.135   396911.135
  2875:   396994.135   397088.135   397137.135   397189.135   397235.135
  2880:   397241.135   397314.135   397376.135   397414.135   397458.135
  2885:   397498.135   397533.135   397544.135   397584.135   397665.135
  2890:   397713.135   397756.135   397775.135   397908.135   397949.135
  2895:   398024.135   398067.135   398110.135   398157.135   398293.135
  2900:   398339.135   398348.135   398391.135   398432.135   398472.135
  2905:   398515.135   398584.135   398628.135   398707.135   398755.135
  2910:   398800.135   398988.135   399029.135   399068.135   399106.135
  2915:   399200.135   399242.135   399287.135   399329.135   399370.135
  2920:   399413.135   399454.135   399500.135   399586.135   399715.135
  2925:   399755.135   399853.135   399900.135   399989.135   400034.135
  2930:   400111.135   400153.135   400289.135   400345.135   400488.135
  2935:   400526.135   400580.135   400687.135   400728.135   400775.135
  2940:   400793.135   400834.135   401119.135   401198.135   401239.135
  2945:   401303.135   401356.135   401393.135   401434.135   401618.135
  2950:   401661.135   401705.135   401789.135   401896.135   401955.135
  2955:   401997.135   402035.135   402076.135   402114.135   402166.135
  2960:   402209.135   402249.135   402275.135   402314.135   402360.135
  2965:   402410.135   402456.135   402557.135   402601.135   402633.825
  2970:   402633.920   404133.910   404135.611   405135.621   405136.711
  2975:   405248.121   405290.121   405332.121   405370.121   405419.121
  2980:   405496.121   405532.121   405569.121   405608.121   405647.121
  2985:   405725.121   405762.121   405818.121   405867.121   405906.121
  2990:   405934.121   405975.121   406103.121   406146.721   406146.920
  2995:   406146.901   406146.091   406446.902   407946.910   407948.612
  3000:   409348.622   409349.712   409483.122   409524.122   409568.122
  3005:   409616.122   409654.122   409693.122   409737.122   409766.122
  3010:   409805.122   409879.122   409917.122   409955.122   409994.122
  3015:   410076.122   410119.122   410215.122   410252.122   410298.122
  3020:   410338.122   410575.122   410615.122   410700.122   410745.122
  3025:   410790.722   410790.920   410790.901   410790.092   411090.902
  3030:   412590.910   412592.612   413992.622   413993.712   414084.122
  3035:   414123.122   414166.122   414210.122   414247.122   414287.122
  3040:   414328.122   414390.122   414429.122   414468.122   414512.122
  3045:   414551.122   414592.122   414630.122   414685.122   414732.122
  3050:   414769.122   414849.122   414928.122   414988.122   415072.122
  3055:   415114.122   415154.122   415196.122   415276.122   415317.122
  3060:   415360.122   415402.722   415402.920   415402.901   415402.092
  3065:   415702.902   417202.910   417204.613   419154.623   419155.813
  3070:   419389.133   419423.133   419461.133   419500.133   419537.133
  3075:   419596.133   419640.133   419686.133   419799.133   419857.133
  3080:   419898.133   419938.133   419979.133   420087.133   420126.133
  3085:   420226.133   420265.133   420314.133   420375.133   420418.133
  3090:   420502.133   420546.133   420592.133   420637.133   420687.133
  3095:   420770.133   420814.133   420961.133   420999.133   421088.133
  3100:   421141.133   421185.133   421225.133   421271.133   421384.133
  3105:   421426.133   421471.133   421532.133   421579.133   421597.133
  3110:   421638.133   421764.133   421803.133   421848.133   421888.133
  3115:   421977.133   422018.133   422062.133   422083.133   422197.133
  3120:   422254.133   422296.133   422377.133   422420.133   422466.133
  3125:   422515.133   422559.133   422675.133   422717.133   422759.133
  3130:   422856.133   422903.133   422970.133   423027.133   423055.823
  3135:   423055.920   424555.910   424557.612   425957.622   425958.712
  3140:   426072.122   426114.122   426150.122   426294.122   426327.122
  3145:   426363.122   426400.122   426436.122   426505.122   426557.122
  3150:   426644.122   426679.122   426713.122   426732.122   426768.122
  3155:   426827.122   426837.122   426916.122   427027.122   427065.122
  3160:   427105.122   427142.122   427176.122   427217.122   427260.122
  3165:   427309.122   427359.722   427359.920   427359.901   427359.092
  3170:   427659.902   429159.910   429161.611   430161.621   430162.711
  3175:   430242.121   430280.121   430320.121   430359.121   430397.121
  3180:   430433.121   430472.121   430572.121   430611.121   430668.121
  3185:   430708.121   430744.121   430784.121   430819.121   430856.121
  3190:   430896.121   430985.121   431021.121   431066.121   431103.121
  3195:   431165.721   431165.920   431165.901   431165.091   431465.902
  3200:   432965.910   432967.611   433967.621   433968.811   434085.131
  3205:   434121.131   434159.131   434194.131   434230.131   434271.131
  3210:   434306.131   434343.131   434385.131   434418.131   434454.131
  3215:   434489.131   434526.131   434556.131   434609.131   434647.131
  3220:   434758.131   434830.131   435017.131   435056.131   435094.131
  3225:   435131.131   435172.131   435208.131   435250.131   435285.131
  3230:   435321.131   435357.131   435394.131   435432.131   435471.131
  3235:   435556.131   435618.131   435657.131   435697.131   435830.131
  3240:   435871.131   435912.131   435968.821   435968.920   437468.910
  3245:   437470.615   441320.625   441321.715   441457.125   441497.125
  3250:   441890.125   441985.125   442021.125   442060.125   442103.125
  3255:   442145.125   442179.125   442229.125   442292.125   442416.125
  3260:   442468.125   442512.125   442548.125   442586.125   442625.125
  3265:   442789.125   442867.125   442903.125   442937.125   442973.125
  3270:   443054.125   443084.125   443124.125   443144.125   443161.125
  3275:   443202.125   443242.125   443261.125   443444.125   443512.125
  3280:   443606.125   443695.125   443735.125   443774.125   443792.125
  3285:   443827.125   443918.125   443934.125   443968.125   444020.125
  3290:   444108.125   444148.125   444185.125   444286.125   444324.125
  3295:   444375.125   444425.125   444485.125   444524.125   444565.125
  3300:   444599.125   444616.125   444735.125   444820.125   444921.125
  3305:   445037.125   445075.125   445113.125   445152.125   445306.725
  3310:   445306.920   445306.901   445306.095   445606.902   447106.910
  3315:   447108.612   448508.622   448509.712   448694.122   448763.122
  3320:   448798.122   448838.122   448874.122   448913.122   448952.122
  3325:   449039.122   449082.122   449192.122   449211.122   449245.122
  3330:   449260.122   449310.122   449346.122   449401.122   449428.122
  3335:   449507.122   449526.122   449560.122   449679.122   449707.122
  3340:   449783.122   449860.122   449911.722   449911.920   449911.901
  3345:   449911.092   450211.902   451711.910   451713.613   453663.623
  3350:   453664.713   453777.123   453814.123   453879.123   453917.123
  3355:   453959.123   453992.123   454029.123   454068.123   454102.123
  3360:   454140.123   454183.123   454218.123   454268.123   454390.123
  3365:   454429.123   454448.123   454739.123   454792.123   454805.123
  3370:   454840.123   455000.123   455049.123   455099.123   455160.123
  3375:   455202.123   455285.123   455415.123   455440.123   455478.123
  3380:   455534.123   455570.123   455606.123   455654.723   455654.920
  3385:   455654.901   455654.093   455954.902   457454.910   457456.612
  3390:   458856.622   458857.712   458951.122   458989.122   459029.122
  3395:   459066.122   459106.122   459146.122   459182.122   459218.122
  3400:   459294.122   459433.122   459516.122   459556.122   459613.122
  3405:   459649.122   459668.122   459779.122   459885.122   459920.122
  3410:   459998.122   460053.122   460092.122   460197.122   460235.122
  3415:   460261.722   460261.920   460261.901   460261.092   460561.902
  3420:   462061.910   462063.614   464813.624   464814.714   464888.124
  3425:   464931.124   465004.124   465210.124   465248.124   465325.124
  3430:   465366.124   465463.124   465483.124   465592.124   465607.124
  3435:   465639.124   465668.124   465742.124   465776.124   465822.124
  3440:   465841.124   465874.124   466038.124   466130.124   466222.124
  3445:   466261.124   466297.124   466384.124   466505.124   466542.124
  3450:   466562.124   466634.124   466669.124   466721.124   466777.124
  3455:   466851.124   466903.124   466943.124   466979.124   467009.124
  3460:   467045.124   467079.124   467122.124   467157.124   467305.124
  3465:   467358.124   467370.124   467535.124   467569.724   467569.920
  3470:   467569.901   467569.094   467869.902   469369.910   469371.612
  3475:   470771.622   470772.812   470896.132   470936.132   470987.132
  3480:   471020.132   471054.132   471119.132   471158.132   471188.132
  3485:   471206.132   471272.132   471339.132   471422.132   471595.132
  3490:   471611.132   471686.132   471799.132   471869.132   471890.132
  3495:   471980.132   471991.132   472024.132   472062.132   472102.132
  3500:   472145.132   472184.132   472220.132   472243.132   472296.132
  3505:   472330.132   472366.132   472405.132   472454.132   472492.132
  3510:   472535.132   472616.132   472660.132   472843.132   472926.132
  3515:   473028.132   473045.132   473123.132   473174.132   473309.132
  3520:   473353.132   473572.822   473572.920   475072.910   475074.611
  3525:   476074.621   476075.811   476172.131   476209.131   476248.131
  3530:   476285.131   476322.131   476362.131   476403.131   476441.131
  3535:   476477.131   476514.131   476587.131   476620.131   476661.131
  3540:   476696.131   476731.131   476767.131   476799.131   476835.131
  3545:   476883.131   476930.131   476995.131   477068.131   477110.131
  3550:   477188.131   477225.131   477279.131   477355.131   477400.131
  3555:   477469.131   477510.131   477547.131   477565.131   477604.131
  3560:   477664.131   477675.131   477775.131   477810.131   477834.131
  3565:   477887.131   477956.131   477998.131   478035.131   478071.131
  3570:   478075.821   478075.920   479575.910   479577.614   482327.624
  3575:   482328.714   482390.124   482460.124   482915.124   483000.124
  3580:   483036.124   483075.124   483117.124   483154.124   483196.124
  3585:   483389.124   483435.124   483473.124   483510.124   483551.124
  3590:   483557.124   483637.124   483671.124   483691.124   483729.124
  3595:   483805.124   483843.124   483915.124   483929.124   483979.124
  3600:   484014.124   484048.124   484092.124   484133.124   484175.124
  3605:   484213.124   484308.124   484345.124   484394.124   484436.124
  3610:   484560.124   484616.124   484655.124   484696.124   484753.124
  3615:   484791.124   484836.124   484919.124   485023.124   485059.124
  3620:   485133.724   485133.920   485133.901   485133.094   485433.902
  3625:   486933.910   486935.613   488885.623   488886.713   489046.123
  3630:   489084.123   489123.123   489213.123   489258.123   489299.123
  3635:   489334.123   489370.123   489414.123   489450.123   489493.123
  3640:   489537.123   489577.123   489623.123   489667.123   489671.123
  3645:   489706.123   489747.123   489788.123   489832.123   489878.123
  3650:   489921.123   489966.123   490036.123   490113.123   490159.123
  3655:   490176.123   490215.123   490257.123   490296.123   490334.123
  3660:   490374.123   490457.123   490495.123   490579.123   490623.123
  3665:   490699.123   490737.123   490791.123   490873.723   490873.920
  3670:   490873.901   490873.093   491173.902   492673.910   492675.613
  3675:   494625.623   494626.713   494712.123   494748.123   494784.123
  3680:   494819.123   494853.123   494888.123   494926.123   494966.123
  3685:   494998.123   495056.123   495084.123   495159.123   495196.123
  3690:   495232.123   495271.123   495336.123   495381.123   495470.123
  3695:   495487.123   495521.123   495556.123   495581.123   495652.123
  3700:   495690.123   495709.123   495786.123   495885.123   495928.123
  3705:   495982.123   496069.123   496116.123   496152.123   496190.123
  3710:   496209.123   496299.123   496339.123   496381.123   496423.123
  3715:   496439.123   496496.123   496547.123   496579.723   496579.920
  3720:   496579.901   496579.093   496879.902   498379.910   498381.612
  3725:   499781.622   499782.712   499878.122   499915.122   499953.122
  3730:   499994.122   500035.122   500071.122   500113.122   500187.122
  3735:   500228.122   500273.122   500350.122   500384.122   500423.122
  3740:   500473.122   500614.122   500651.122   500690.122   500733.122
  3745:   500844.122   500882.122   500962.122   501073.122   501152.122
  3750:   501189.722   501189.920   501189.901   501189.092   501489.902
  3755:   502989.910   502991.614   505741.624   505742.714   505832.124
  3760:   505902.124   506074.124   506152.124   506245.124   506372.124
  3765:   506385.124   506416.124   506484.124   506514.124   506549.124
  3770:   506622.124   506662.124   506716.124   506754.124   506798.124
  3775:   506836.124   506933.124   506944.124   507013.124   507089.124
  3780:   507125.124   507159.124   507197.124   507238.124   507283.124
  3785:   507376.124   507411.124   507425.124   507460.124   507491.124
  3790:   507526.124   507565.124   507584.124   507621.124   507781.124
  3795:   507831.124   507871.124   507912.124   508004.124   508046.124
  3800:   508129.124   508182.124   508219.124   508295.124   508332.124
  3805:   508371.124   508413.124   508488.124   508524.724   508524.920
  3810:   508524.901   508524.094   508824.902   510324.910   510326.614
  3815:   513076.624   513077.714   513284.124   513334.124   513369.124
  3820:   513410.124   513507.124   513543.124   513614.124   513668.124
  3825:   513747.124   513782.124   513830.124   513909.124   513954.124
  3830:   513989.124   514027.124   514069.124   514107.124   514126.124
  3835:   514163.124   514205.124   514250.124   514419.124   514457.124
  3840:   514472.124   514506.124   514526.124   514590.124   514629.124
  3845:   514683.124   514725.124   514844.124   514880.124   515064.124
  3850:   515102.124   515137.124   515199.124   515236.124   515286.124
  3855:   515300.124   515338.124   515372.124   515408.124   515451.124
  3860:   515494.124   515533.124   515614.124   515650.124   515687.124
  3865:   515725.124   515761.124   515799.124   515835.724   515835.920
  3870:   515835.901   515835.094   516135.902   517635.910   517637.611
  3875:   518637.621   518638.711   518774.121   518812.121   518849.121
  3880:   518889.121   518925.121   518967.121   519004.121   519110.121
  3885:   519144.121   519164.121   519236.121   519274.121   519312.121
  3890:   519373.121   519411.121   519447.121   519556.121   519597.121
  3895:   519643.721   519643.920   519643.901   519643.091   519943.902
  3900:   521443.910   521445.614   524195.624   524196.714   524283.124
  3905:   524350.124   524391.124   524428.124   524532.124   524566.124
  3910:   524600.124   524806.124   524835.124   524870.124   524912.124
  3915:   524957.124   525029.124   525067.124   525195.124   525228.124
  3920:   525282.124   525365.124   525410.124   525425.124   525463.124
  3925:   525548.124   525582.124   525677.124   525734.124   525751.124
  3930:   525831.124   525872.124   525922.124   525977.124   526016.124
  3935:   526091.124   526127.124   526165.124   526217.124   526253.124
  3940:   526265.124   526297.124   526348.124   526387.124   526479.124
  3945:   526521.124   526559.124   526599.124   526636.124   526673.124
  3950:   526726.124   526765.124   526802.124   527054.724   527054.920
  3955:   527054.901   527054.094   527354.902   528854.910   528856.612
  3960:   530256.622   530257.712   530360.122   530401.122   530445.122
  3965:   530488.122   530528.122   530568.122   530608.122   530651.122
  3970:   530698.122   530735.122   530804.122   530853.122   530903.122
  3975:   530938.122   530976.122   531016.122   531063.122   531092.122
  3980:   531130.122   531175.122   531194.122   531231.122   531268.122
  3985:   531298.122   531335.122   531403.122   531437.122   531498.122
  3990:   531537.122   531575.122   531619.122   531659.722   531659.920
  3995:   531659.901   531659.092   531959.902   533459.910   533461.614
  4000:   536211.624   536212.814   536496.134   536567.134   536604.134
  4005:   536643.134   536685.134   536725.134   537050.134   537124.134
  4010:   537202.134   537240.134   537270.134   537323.134   537364.134
  4015:   537400.134   537436.134   537481.134   537556.134   537599.134
  4020:   537636.134   537673.134   537696.134   537746.134   537765.134
  4025:   537808.134   537974.134   537989.134   538024.134   538040.134
  4030:   538077.134   538114.134   538133.134   538248.134   538306.134
  4035:   538322.134   538354.134   538398.134   538486.134   538523.134
  4040:   538567.134   538604.134   538663.134   538713.134   538753.134
  4045:   538805.134   538855.134   538902.134   538940.134   538981.134
  4050:   539032.134   539095.134   539183.134   539243.134   539262.134
  4055:   539301.134   539343.134   539381.134   539402.134   539442.134
  4060:   539481.134   539502.134   539621.134   539663.134   539704.134
  4065:   539745.134   539783.134   539867.134   539908.134   539953.134
  4070:   539982.134   540019.134   540062.134   540186.134   540232.134
  4075:   540280.134   540339.134   540382.134   540438.134   540565.134
  4080:   540679.134   540735.134   540788.134   540836.134   540877.134
  4085:   540920.134   540958.134   541021.134   541149.134   541205.134
  4090:   541247.134   541296.134   541344.134   541397.134   541444.134
  4095:   541497.134   541545.134   541587.134   541632.134   541712.824
  4100:   541712.920   541724.411   543212.910   543214.612   544614.622
  4105:   544615.812   544697.132   544741.132   544786.132   544831.132
  4110:   544871.132   544911.132   544944.132   544981.132   545008.132
  4115:   545040.132   545076.132   545192.132   545212.132   545247.132
  4120:   545281.132   545327.132   545343.132   545425.132   545479.132
  4125:   545517.132   545559.132   545609.132   545655.132   545705.132
  4130:   545770.132   545811.132   545854.132   545931.132   545973.132
  4135:   546012.132   546066.132   546110.132   546151.132   546197.132
  4140:   546239.132   546279.132   546322.132   546362.132   546401.132
  4145:   546442.132   546485.132   546524.132   546562.132   546607.132
  4150:   546623.132   546703.132   546743.132   546781.132   546818.132
  4155:   546859.132   546899.132   546939.132   547017.132   547058.132
  4160:   547121.132   547166.132   547184.132   547265.132   547276.132
  4165:   547321.132   547415.822   547415.920   548915.910   548917.613
  4170:   550867.623   550868.713   550952.123   551076.123   551120.123
  4175:   551160.123   551198.123   551236.123   551271.123   551291.123
  4180:   551310.123   551343.123   551380.123   551422.123   551460.123
  4185:   551497.123   551521.123   551561.123   551580.123   551657.123
  4190:   551701.123   551757.123   551792.123   551857.123   551875.123
  4195:   551912.123   551933.123   551968.123   551981.123   552016.123
  4200:   552081.123   552143.123   552182.123   552269.123   552284.123
  4205:   552390.123   552459.123   552502.123   552545.123   552637.123
  4210:   552739.123   552759.123   552852.723   552852.920   552852.901
  4215:   552852.093   553152.902   554652.910   554654.614   557404.624
  4220:   557405.714   557563.124   557608.124   557663.124   557703.124
  4225:   557744.124   557781.124   557821.124   557862.124   557907.124
  4230:   557953.124   558072.124   558115.124   558156.124   558192.124
  4235:   558230.124   558252.124   558281.124   558322.124   558369.124
  4240:   558410.124   558525.124   558546.124   558609.124   558648.124
  4245:   558687.124   558729.124   558824.124   558883.124   558927.124
  4250:   559051.124   559090.124   559181.124   559268.124   559323.124
  4255:   559373.124   559393.124   559428.124   559477.124   559527.124
  4260:   559575.124   559673.124   559711.124   559733.124   559773.124
  4265:   559818.124   559875.124   559916.124   560052.124   560092.124
  4270:   560139.124   560253.724   560253.920   560253.901   560253.094
  4275:   560553.902   562053.910   562055.613   564005.623   564006.813
  4280:   564169.133   564217.133   564264.133   564302.133   564345.133
  4285:   564385.133   564421.133   564499.133   564523.133   564557.133
  4290:   564599.133   564674.133   564712.133   564760.133   564802.133
  4295:   564844.133   564974.133   565014.133   565053.133   565103.133
  4300:   565142.133   565186.133   565228.133   565338.133   565375.133
  4305:   565414.133   565436.133   565476.133   565686.133   565722.133
  4310:   565760.133   565779.133   565819.133   565856.133   565874.133
  4315:   565965.133   566022.133   566064.133   566101.133   566126.133
  4320:   566168.133   566185.133   566259.133   566298.133   566363.133
  4325:   566411.133   566456.133   566472.133   566642.133   566728.133
  4330:   566795.133   566808.133   566867.133   566917.133   566961.133
  4335:   567082.133   567165.133   567223.133   567261.133   567395.133
  4340:   567445.133   567492.133   567549.133   567706.133   567745.133
  4345:   567764.133   567828.133   567868.133   567906.823   567906.920
  4350:   569406.910   569408.613   571358.623   571359.713   571493.123
  4355:   571559.123   571605.123   571646.123   571689.123   571729.123
  4360:   571773.123   571848.123   571920.123   572007.123   572060.123
  4365:   572080.123   572110.123   572126.123   572180.123   572212.123
  4370:   572247.123   572283.123   572343.123   572379.123   572419.123
  4375:   572511.123   572546.123   572564.123   572595.123   572608.123
  4380:   572647.123   572688.123   572732.123   572775.123   572790.123
  4385:   572828.123   572937.123   572978.123   573078.123   573114.123
  4390:   573194.123   573290.123   573326.723   573326.920   573326.901
  4395:   573326.093   573626.902   575126.910   575128.613   577078.623
  4400:   577079.813   577222.133   577261.133   577305.133   577347.133
  4405:   577392.133   577479.133   577523.133   577559.133   577596.133
  4410:   577635.133   577698.133   577746.133   577787.133   577868.133
  4415:   577906.133   577945.133   577987.133   578025.133   578063.133
  4420:   578102.133   578121.133   578159.133   578202.133   578284.133
  4425:   578359.133   578449.133   578498.133   578513.133   578547.133
  4430:   578603.133   578640.133   578721.133   578757.133   578796.133
  4435:   578813.133   578847.133   578882.133   578901.133   578951.133
  4440:   579101.133   579137.133   579220.133   579259.133   579301.133
  4445:   579342.133   579397.133   579445.133   579485.133   579534.133
  4450:   579574.133   579620.133   579656.133   579813.133   579850.133
  4455:   579926.133   579969.133   580053.133   580147.133   580185.133
  4460:   580223.133   580357.133   580402.133   580437.133   580477.133
  4465:   580587.133   580715.133   580751.133   580793.133   580892.133
  4470:   580908.133   580966.133   580979.823   580979.920   580980.411
  4475:   581000.411   582479.910   582481.615   586331.625   586332.715
  4480:   586452.125   586494.125   586536.125   586571.125   586602.125
  4485:   586953.125   586988.125   587485.125   587526.125   588006.125
  4490:   588044.125   588087.125   588124.125   588163.125   588209.125
  4495:   588255.125   588334.125   588382.125   588418.125   588496.125
  4500:   588529.125   588569.125   588614.125   588702.125   588737.125
  4505:   588776.125   588819.125   588980.125   589111.125   589150.125
  4510:   589309.125   589400.125   589516.125   589552.125   589591.125
  4515:   589633.125   589670.125   589713.125   589756.125   589797.125
  4520:   589837.125   589880.125   589918.125   589954.125   590032.125
  4525:   590100.125   590138.125   590189.725   590189.920   590189.901
  4530:   590189.095   590489.902   591989.910   591991.614   594741.624
  4535:   594742.814   594870.134   594917.134   595110.134   595400.134
  4540:   595439.134   595477.134   595561.134   595700.134   595740.134
  4545:   595856.134   595907.134   595983.134   596019.134   596053.134
  4550:   596089.134   596154.134   596228.134   596274.134   596342.134
  4555:   596367.134   596430.134   596473.134   596490.134   596531.134
  4560:   596578.134   596615.134   596659.134   596664.134   596734.134
  4565:   596797.134   596840.134   596875.134   597005.134   597040.134
  4570:   597081.134   597116.134   597138.134   597168.134   597207.134
  4575:   597245.134   597321.134   597352.134   597389.134   597429.134
  4580:   597474.134   597519.134   597557.134   597602.134   597638.134
  4585:   597737.134   597777.134   597794.134   597831.134   597868.134
  4590:   597905.134   597943.134   597980.134   597994.134   598034.134
  4595:   598122.134   598236.134   598271.134   598379.134   598426.134
  4600:   598464.134   598566.134   598609.134   598705.134   598749.134
  4605:   598969.134   599056.134   599069.134   599103.134   599154.134
  4610:   599194.134   599301.134   599430.134   599467.134   599646.134
  4615:   599689.134   599727.134   599764.134   599809.134   599969.134
  4620:   600013.134   600054.134   600096.134   600135.134   600217.134
  4625:   600242.824   600242.920   601742.910   601744.613   603694.623
  4630:   603695.713   603793.123   603860.123   603973.123   604069.123
  4635:   604162.123   604199.123   604239.123   604398.123   604433.123
  4640:   604592.123   604635.123   604676.123   604819.123   604858.123
  4645:   604897.123   604938.123   604980.123   605056.123   605068.123
  4650:   605104.123   605139.123   605174.123   605209.123   605402.123
  4655:   605458.123   605493.123   605515.123   605585.123   605619.123
  4660:   605661.723   605661.920   605661.901   605661.093   605961.902
  4665:   607461.910   607463.611   608463.621   608464.811   608551.131
  4670:   608592.131   608629.131   608670.131   608710.131   608784.131
  4675:   608862.131   608894.131   608930.131   608968.131   609003.131
  4680:   609040.131   609073.131   609109.131   609148.131   609164.131
  4685:   609214.131   609251.131   609328.131   609463.131   609501.131
  4690:   609538.131   609630.131   609666.131   609706.131   609741.131
  4695:   609784.131   609820.131   609857.131   609936.131   609976.131
  4700:   610013.131   610091.131   610128.131   610265.131   610309.131
  4705:   610347.131   610366.131   610402.131   610464.821   610464.920
  4710:   611964.910   611966.611   612966.621   612967.711   613073.121
  4715:   613124.121   613162.121   613204.121   613245.121   613295.121
  4720:   613370.121   613411.121   613536.121   613578.121   613616.121
  4725:   613630.121   613701.121   613736.121   613808.121   613849.121
  4730:   613870.121   613948.121   614003.721   614003.920   614003.901
  4735:   614003.091   614303.902   615803.910   615805.614   618555.624
  4740:   618556.714   618741.124   619074.124   619110.124   619151.124
  4745:   619195.124   619267.124   619314.124   619391.124   619513.124
  4750:   619808.124   619850.124   619884.124   619924.124   620215.124
  4755:   620256.124   620369.124   620445.124   620495.124   620539.124
  4760:   620765.124   620807.124   620845.124   620880.124   620917.124
  4765:   620960.124   621015.124   621052.124   621095.124   621136.124
  4770:   621182.124   621390.724   621390.920   621390.901   621390.094
  4775:   621690.902   623190.910   623192.612   624592.622   624593.812
  4780:   624764.132   624803.132   624848.132   624889.132   624925.132
  4785:   624965.132   625004.132   625047.132   625089.132   625129.132
  4790:   625211.132   625254.132   625304.132   625339.132   625377.132
  4795:   625414.132   625459.132   625503.132   625551.132   625592.132
  4800:   625768.132   625808.132   625845.132   625884.132   625919.132
  4805:   625992.132   626092.132   626203.132   626240.132   626289.132
  4810:   626332.132   626400.132   626436.132   626477.132   626535.132
  4815:   626585.132   626627.132   626759.132   626864.132   626894.132
  4820:   626910.132   626975.132   627018.132   627073.132   627185.132
  4825:   627222.132   627268.132   627311.132   627350.132   627392.132
  4830:   627393.822   627393.920   628893.910   628895.612   630295.622
  4835:   630296.712   630431.122   630531.122   630579.122   630625.122
  4840:   630696.122   630737.122   630825.122   630957.122   630996.122
  4845:   631034.122   631073.122   631112.122   631170.122   631218.122
  4850:   631250.122   631286.122   631323.122   631396.122   631435.122
  4855:   631473.122   631507.122   631553.122   631630.122   631658.122
  4860:   631701.722   631701.920   631701.901   631701.092   632001.902
  4865:   633501.910   633503.615   637353.625   637354.715   637515.125
  4870:   637898.125   638486.125   638522.125   638562.125   638620.125
  4875:   638658.125   638697.125   638764.125   638796.125   638878.125
  4880:   638909.125   638954.125   638995.125   639069.125   639105.125
  4885:   639177.125   639368.125   639405.125   639489.125   639588.125
  4890:   639671.125   639704.125   639743.125   639786.125   639842.125
  4895:   639889.125   639984.125   639999.125   640040.125   640072.125
  4900:   640110.125   640145.125   640181.125   640220.125   640255.125
  4905:   640367.125   640426.125   640464.125   640502.125   640548.125
  4910:   640587.125   640629.125   640675.125   640717.125   640799.125
  4915:   640836.125   640878.125   640911.125   640948.125   640989.125
  4920:   641114.125   641152.125   641321.725   641321.920   641321.901
  4925:   641321.095   641621.902   643121.910   643123.615   646973.625
  4930:   646974.715   647384.125   647658.125   647697.125   647769.125
  4935:   647844.125   647890.125   647927.125   648198.125   648241.125
  4940:   648285.125   648333.125   648382.125   648586.125   648633.125
  4945:   648690.125   648750.125   648787.125   648838.125   648873.125
  4950:   648915.125   648958.125   649002.125   649043.125   649085.125
  4955:   649126.125   649165.125   649205.125   649211.125   649314.125
  4960:   649345.125   649392.125   649415.125   649446.125   649485.125
  4965:   649596.125   649664.125   649707.125   649795.125   649831.125
  4970:   649899.125   649967.125   649984.125   650065.125   650108.125
  4975:   650157.125   650194.125   650300.125   650357.125   650400.125
  4980:   650451.125   650500.125   650531.125   650571.125   650603.125
  4985:   650650.125   650698.125   650852.725   650852.920   650852.901
  4990:   650852.095   651152.902   652652.910   652654.611   653654.621
  4995:   653655.711   653755.121   653798.121   653852.121   653899.121
  5000:   653945.121   653988.121   654029.121   654071.121   654107.121
  5005:   654175.121   654189.121   654271.121   654331.121   654368.121
  5010:   654413.121   654460.121   654516.121   654615.121   654676.721
  5015:   654676.920   654676.901   654676.091   654976.902   656476.910
  5020:   656478.613   658428.623   658429.713   658553.123   658591.123
  5025:   658632.123   658673.123   658712.123   658756.123   658798.123
  5030:   658879.123   658965.123   659004.123   659100.123   659159.123
  5035:   659198.123   659217.123   659314.123   659361.123   659496.123
  5040:   659532.123   659570.123   659629.123   659668.123   659750.123
  5045:   659805.123   659936.123   659977.123   660062.123   660198.123
  5050:   660239.123   660281.123   660321.123   660376.123   660466.723
  5055:   660466.920   660466.901   660466.093   660766.902   662266.910
  5060:   662268.614   665018.624   665019.714   665117.124   665192.124
  5065:   665291.124   665563.124   665607.124   665702.124   665737.124
  5070:   666146.124   666221.124   666261.124   666355.124   666530.124
  5075:   666566.124   666622.124   666663.124   666699.124   666731.124
  5080:   666747.124   666832.124   666878.124   666917.124   666999.124
  5085:   667075.124   667150.124   667186.124   667206.124   667242.124
  5090:   667277.124   667314.124   667350.124   667366.124   667402.124
  5095:   667451.124   667491.124   667537.124   667581.124   667603.124
  5100:   667682.124   667721.124   667768.124   667816.724   667816.920
  5105:   667816.901   667816.094   668116.902   668116.902   668116.005
  5110:   668116.006   668116.007   668116.020
D:
     0:        0.000        0.000        0.000        0.000        0.000
     5:        0.000        0.000        0.000        0.000        0.000
    10:        0.000        0.000        0.000        0.000        1.000
    15:        0.000        0.000        0.000        0.000        0.000
    20:        0.000        0.000        0.000        0.000        0.000
    25:        0.000        6.000        0.000        0.000        0.000
    30:        0.000        0.000        0.000        0.000        0.000
    35:        0.000
F:
     0:       10.000       14.000       19.500       27.500       38.500
     5:       10.000       14.000       19.500       27.500       38.500
    10:       10.000       14.000       19.500       27.500       38.500
    15:       20.000       28.000       39.000       55.000       77.000
    20:       20.000       28.000       39.000       55.000       77.000
    25:       20.000       28.000       39.000       55.000       77.000
    30:       10.000       14.000       19.500       27.500       38.500
    35:       10.000       14.000       19.500       27.500       38.500
    40:       10.000       14.000       19.500       27.500       38.500
    45:       10.000       14.000       19.500       27.500       38.500
    50:       10.000       14.000       19.500       27.500       38.500
    55:       10.000       14.000       19.500       27.500       38.500
    60:       10.000       14.000       19.500       27.500       38.500
    65:       10.000       14.000       19.500       27.500       38.500
    70:       10.000       14.000       19.500       27.500       38.500
    75:       20.000       28.000       39.000       55.000       77.000
    80:       20.000       28.000       39.000       55.000       77.000
    85:       10.000       14.000       19.500       27.500       38.500
    90:       10.000       14.000       19.500       27.500       38.500
    95:       10.000       14.000       19.500       27.500       38.500
I:
     0:       75.000        0.000        0.000
M:
     0:       15.000       15.000       15.000       15.000       15.000
     5:        5.000        5.000        5.000        5.000        5.000
    10:      100.000
N:
     0:       20.000       20.000       20.000       20.000       20.000
     5:        0.000
Q:
     0:       15.000       15.000       15.000       15.000       15.000
     5:        0.000
V:
     0:        0.000        0.000        0.000        0.000        0.000
     5:      274.000      382.000      475.000      631.000      869.000
    10:      187.000      248.000      308.000      410.000      566.000
    15:        0.000
