File: C:\MED-PC IV\DATA\M_PEAK_LP13P003


Start Date: 09/29/17
End Date: 09/29/17
Subject: P003
Experiment: IF-PICO
Group: 0
Box: 7
Start Time: 10:23:08
End Time: 12:27:41
MSN: Multiple_PeakLP2
B:       0.000
C:       0.000
E:    5766.000
G:      27.500
H:    2750.000
J:       0.000
K:       0.000
L:       0.000
O:       0.000
P:       0.000
R:       0.000
S:       0.000
T:  747294.000
U:       0.000
W:       0.000
X:       0.000
Y:       0.000
Z:       0.000
A:
     0:        0.010      500.910      502.615     4352.625     4353.715
     5:     5213.125     5248.125     5284.125     5318.125     5354.125
    10:     5452.125     5483.125     5515.125     5551.125     5586.125
    15:     5620.125     5652.125     5686.125     5718.125     5754.125
    20:     5787.125     5817.125     5851.125     5885.125     5917.125
    25:     5988.125     6069.125     6137.125     6172.125     6207.125
    30:     6241.125     6317.125     6354.125     6388.125     6426.125
    35:     6461.125     6498.125     6533.125     6575.125     6611.125
    40:     6647.125     6684.125     6723.125     6794.125     6828.125
    45:     6864.125     6907.125     6940.125     7015.125     7052.125
    50:     7090.125     7161.125     7197.125     7235.125     7303.125
    55:     7445.125     7482.125     7526.125     7631.125     7666.125
    60:     7701.125     7736.125     7773.125     7871.125     7905.125
    65:     7941.125     7978.125     8070.125     8137.125     8176.125
    70:     8271.725     8271.920     8271.901     8271.095     8571.902
    75:    10071.910    10073.613    12023.623    12024.713    13735.123
    80:    13771.123    13809.123    13849.123    13887.123    13998.723
    85:    13998.920    13998.901    13998.093    14298.902    15798.910
    90:    15800.613    17750.623    17751.713    17921.123    17955.123
    95:    18018.123    18051.123    18084.123    18153.123    18217.123
   100:    18250.123    18282.123    18316.123    18355.123    18388.123
   105:    18424.123    18460.123    18492.123    18524.123    18591.123
   110:    18624.123    18655.123    18692.123    18726.123    18760.123
   115:    18793.123    18827.123    18862.123    18898.123    18931.123
   120:    18967.123    18999.123    19036.123    19071.123    19109.123
   125:    19143.123    19179.123    19210.123    19248.123    19284.123
   130:    19319.123    19353.123    19389.123    19428.123    19463.123
   135:    19500.123    19536.123    19573.123    19608.123    19643.123
   140:    19679.123    19711.723    19711.920    19711.901    19711.093
   145:    20011.902    21511.910    21513.615    25363.625    25364.715
   150:    25780.125    25817.125    25885.125    25925.125    25967.125
   155:    26070.125    26101.125    26131.125    26165.125    26205.125
   160:    26246.125    26281.125    26317.125    26357.125    26392.125
   165:    26428.125    26460.125    26493.125    26526.125    26560.125
   170:    26595.125    26629.125    26663.125    26698.125    26733.125
   175:    26767.125    26801.125    26837.125    26875.125    26911.125
   180:    26946.125    26982.125    27019.125    27055.125    27096.125
   185:    27132.125    27203.125    27240.125    27277.125    27314.125
   190:    27351.125    27389.125    27428.125    27467.125    27503.125
   195:    27539.125    27575.125    27615.125    27658.125    27734.125
   200:    27772.125    27848.125    27882.125    27920.125    27961.125
   205:    28003.125    28044.125    28081.125    28119.125    28264.125
   210:    28302.125    28340.125    28377.125    28414.125    28450.125
   215:    28491.125    28531.125    28608.125    28651.125    28689.125
   220:    28733.125    28775.125    28813.125    28848.125    28888.125
   225:    28928.125    28968.125    29099.125    29138.125    29178.125
   230:    29219.725    29219.920    29219.901    29219.095    29519.902
   235:    31019.910    31021.615    34871.625    34872.715    35013.125
   240:    35075.125    35112.125    35246.125    35291.125    35393.125
   245:    35469.125    35500.125    35536.125    35610.125    35649.125
   250:    35682.125    35716.125    35749.125    35782.125    35816.125
   255:    35853.125    35886.125    35921.125    35952.125    36030.125
   260:    36064.125    36101.125    36137.125    36173.125    36215.125
   265:    36257.125    36294.125    36332.125    36364.125    36406.125
   270:    36446.125    36519.125    36552.125    36588.125    36623.125
   275:    36659.125    36695.125    36734.125    36774.125    36813.125
   280:    36849.125    36925.125    36963.125    36998.125    37035.125
   285:    37075.125    37114.125    37185.125    37223.125    37262.125
   290:    37299.125    37338.125    37384.125    37422.125    37460.125
   295:    37495.125    37532.125    37567.125    37609.125    37646.125
   300:    37682.125    37719.125    37759.125    37798.125    37834.125
   305:    37869.125    37945.125    37986.125    38024.125    38059.125
   310:    38097.125    38134.125    38172.125    38213.125    38251.125
   315:    38289.125    38329.125    38367.125    38404.125    38439.125
   320:    38475.125    38516.125    38553.125    38590.125    38629.125
   325:    38667.125    38705.125    38744.725    38744.920    38744.901
   330:    38744.095    39044.902    40544.910    40546.612    41946.622
   335:    41947.712    42429.122    42462.122    42506.122    42540.122
   340:    42574.122    42609.122    42649.122    42686.122    42724.122
   345:    42796.122    42861.122    42894.122    42925.122    42960.122
   350:    42994.122    43032.122    43069.122    43138.122    43174.122
   355:    43214.122    43250.122    43287.122    43321.122    43358.722
   360:    43358.920    43358.901    43358.092    43658.902    45158.910
   365:    45160.613    47110.623    47111.713    47557.123    47598.123
   370:    47685.123    47717.123    47781.123    47813.123    47853.123
   375:    47894.123    47950.123    48025.123    48066.123    48109.123
   380:    48188.123    48226.123    48262.123    48297.123    48328.123
   385:    48361.123    48395.123    48429.123    48498.123    48568.123
   390:    48605.123    48641.123    48679.123    48718.123    48754.123
   395:    48795.123    48832.123    48870.123    48909.123    48948.123
   400:    48988.123    49028.123    49067.723    49067.920    49067.901
   405:    49067.093    49367.902    50867.910    50869.614    53619.624
   410:    53620.714    54019.124    54188.124    54224.124    54331.124
   415:    54367.124    54469.124    54502.124    54533.124    54565.124
   420:    54686.124    54719.124    54761.124    54799.124    54886.124
   425:    54920.124    54957.124    54997.124    55042.124    55076.124
   430:    55152.124    55239.124    55277.124    55313.124    55352.124
   435:    55391.124    55434.124    55474.124    55512.124    55553.124
   440:    55598.124    55642.124    55687.124    55731.124    55773.124
   445:    55816.124    55859.124    55900.124    55940.124    55983.124
   450:    56026.124    56066.124    56108.124    56147.124    56189.124
   455:    56232.124    56273.124    56314.124    56355.124    56396.724
   460:    56396.920    56396.901    56396.094    56696.902    58196.910
   465:    58198.614    60948.624    60949.714    61352.124    61392.124
   470:    61514.124    61604.124    61646.124    61721.124    61759.124
   475:    61797.124    61836.124    61876.124    61970.124    62008.124
   480:    62044.124    62082.124    62116.124    62158.124    62195.124
   485:    62232.124    62269.124    62308.124    62347.124    62385.124
   490:    62425.124    62461.124    62502.124    62544.124    62584.124
   495:    62624.124    62662.124    62704.124    62749.124    62792.124
   500:    62832.124    62876.124    62917.124    62960.124    63002.124
   505:    63044.124    63083.124    63123.124    63163.124    63205.124
   510:    63247.124    63287.124    63328.124    63370.124    63414.124
   515:    63460.124    63502.124    63543.124    63587.124    63633.124
   520:    63678.124    63720.724    63720.920    63720.901    63720.094
   525:    64020.902    65520.910    65522.615    69372.625    69373.715
   530:    69810.125    69887.125    69967.125    70080.125    70120.125
   535:    70162.125    70264.125    70303.125    70342.125    70378.125
   540:    70411.125    70445.125    70489.125    70523.125    70560.125
   545:    70595.125    70632.125    70677.125    70715.125    70752.125
   550:    70790.125    70828.125    70864.125    70902.125    70939.125
   555:    70978.125    71017.125    71057.125    71097.125    71140.125
   560:    71182.125    71221.125    71261.125    71310.125    71352.125
   565:    71394.125    71437.125    71479.125    71518.125    71557.125
   570:    71597.125    71636.125    71679.125    71718.125    71760.125
   575:    71809.125    71850.125    71896.125    71942.125    71983.125
   580:    72024.125    72065.125    72108.125    72150.125    72191.125
   585:    72236.125    72283.125    72325.125    72362.125    72402.125
   590:    72444.125    72491.125    72532.125    72571.125    72612.125
   595:    72650.125    72689.125    72727.125    72771.125    72811.125
   600:    72855.125    72896.125    72939.125    72978.125    73018.125
   605:    73063.125    73105.125    73144.125    73185.125    73231.725
   610:    73231.920    73231.901    73231.095    73531.902    75031.910
   615:    75033.615    78883.625    78884.715    79186.125    79326.125
   620:    79372.125    79452.125    79492.125    79544.125    79599.125
   625:    79645.125    79689.125    79798.125    79837.125    79875.125
   630:    79909.125    79945.125    79983.125    80020.125    80065.125
   635:    80105.125    80151.125    80188.125    80230.125    80281.125
   640:    80319.125    80361.125    80407.125    80454.125    80496.125
   645:    80545.125    80587.125    80678.125    80716.125    80756.125
   650:    80796.125    80834.125    80875.125    80918.125    80960.125
   655:    81002.125    81042.125    81084.125    81127.125    81173.125
   660:    81217.125    81261.125    81347.125    81387.125    81427.125
   665:    81472.125    81513.125    81559.125    81600.125    81642.125
   670:    81684.125    81729.125    81774.125    81818.125    81860.125
   675:    81904.125    81948.125    81993.125    82035.125    82080.125
   680:    82123.125    82170.125    82215.125    82263.125    82305.125
   685:    82347.125    82390.125    82431.125    82472.125    82511.125
   690:    82552.125    82599.125    82639.125    82679.125    82717.125
   695:    82754.725    82754.920    82754.901    82754.095    83054.902
   700:    84554.910    84556.612    85956.622    85957.712    86315.122
   705:    86376.122    86463.122    86511.122    86551.122    86588.122
   710:    86624.122    86659.122    86694.122    86728.122    86762.122
   715:    86798.122    86834.122    86871.122    86907.122    86944.122
   720:    86983.122    87022.122    87060.122    87099.122    87138.122
   725:    87177.122    87217.122    87259.122    87299.122    87341.122
   730:    87381.722    87381.920    87381.901    87381.092    87681.902
   735:    89181.910    89183.615    93033.625    93034.715    93462.125
   740:    93608.125    93782.125    93872.125    93918.125    93967.125
   745:    94157.125    94193.125    94241.125    94329.125    94385.125
   750:    94432.125    94473.125    94514.125    94563.125    94597.125
   755:    94638.125    94722.125    94758.125    94794.125    94838.125
   760:    94876.125    94918.125    94958.125    95005.125    95047.125
   765:    95096.125    95139.125    95187.125    95228.125    95317.125
   770:    95355.125    95394.125    95437.125    95477.125    95515.125
   775:    95556.125    95600.125    95643.125    95688.125    95729.125
   780:    95772.125    95814.125    95858.125    95896.125    95936.125
   785:    95979.125    96018.125    96060.125    96102.125    96144.125
   790:    96184.125    96228.125    96271.125    96313.125    96357.125
   795:    96402.125    96447.125    96488.125    96529.125    96570.125
   800:    96614.125    96665.125    96713.125    96765.125    96805.125
   805:    96851.125    96896.725    96896.920    96896.901    96896.095
   810:    97196.902    98696.910    98698.615   102548.625   102549.715
   815:   103344.125   103382.125   103418.125   103460.125   103518.125
   820:   103659.125   103694.125   103732.125   103766.125   103811.125
   825:   103855.125   103894.125   103926.125   103959.125   103996.125
   830:   104030.125   104068.125   104099.125   104136.125   104168.125
   835:   104202.125   104358.125   104393.125   104430.125   104477.125
   840:   104517.125   104565.125   104605.125   104649.125   104684.125
   845:   104726.125   104769.125   104812.125   104855.125   104900.125
   850:   104981.125   105058.125   105095.125   105132.125   105206.125
   855:   105244.125   105282.125   105319.125   105355.125   105399.125
   860:   105444.125   105486.125   105525.125   105567.125   105607.125
   865:   105646.125   105684.125   105723.125   105765.125   105808.125
   870:   105844.125   105885.125   105925.125   105966.125   106006.125
   875:   106046.125   106085.125   106130.125   106168.125   106210.125
   880:   106248.125   106329.125   106373.125   106416.725   106416.920
   885:   106416.901   106416.095   106716.902   108216.910   108218.615
   890:   112068.625   112069.715   112829.125   112878.125   112988.125
   895:   113124.125   113221.125   113265.125   113300.125   113332.125
   900:   113461.125   113494.125   113575.125   113615.125   113703.125
   905:   113750.125   113800.125   113836.125   113879.125   113921.125
   910:   114010.125   114046.125   114083.125   114123.125   114162.125
   915:   114198.125   114242.125   114286.125   114323.125   114365.125
   920:   114404.125   114443.125   114481.125   114521.125   114562.125
   925:   114604.125   114647.125   114686.125   114726.125   114764.125
   930:   114803.125   114844.125   114887.125   114929.125   114975.125
   935:   115056.125   115097.125   115135.125   115176.125   115214.125
   940:   115253.125   115292.125   115332.125   115371.125   115445.125
   945:   115484.125   115523.125   115563.125   115601.125   115638.125
   950:   115677.125   115760.125   115801.125   115845.125   115885.125
   955:   115923.725   115923.920   115923.901   115923.095   116223.902
   960:   117723.910   117725.614   120475.624   120476.714   121377.124
   965:   121515.124   121553.124   121712.124   121750.124   121781.124
   970:   121820.124   121885.124   121919.124   121952.124   121985.124
   975:   122016.124   122049.124   122082.124   122119.124   122154.124
   980:   122188.124   122223.124   122262.124   122297.124   122333.124
   985:   122374.124   122413.124   122450.124   122491.124   122535.124
   990:   122572.124   122647.124   122684.124   122723.124   122766.124
   995:   122804.124   122844.124   122887.124   122926.124   122963.124
  1000:   123005.124   123054.124   123095.124   123173.124   123212.124
  1005:   123254.724   123254.920   123254.901   123254.094   123554.902
  1010:   125054.910   125056.611   126056.621   126057.811   126204.131
  1015:   126377.131   126419.131   126458.131   126494.131   126529.131
  1020:   126564.131   126597.131   126630.131   126662.131   126697.131
  1025:   126730.131   126764.131   126796.131   126832.131   126874.131
  1030:   126911.131   126948.131   126986.131   127021.131   127063.131
  1035:   127102.131   127143.131   127181.131   127219.131   127257.131
  1040:   127298.131   127338.131   127379.131   127421.131   127461.131
  1045:   127501.131   127584.131   127626.131   127668.131   127711.131
  1050:   127753.131   127794.131   127833.131   127872.131   127912.131
  1055:   127952.131   127994.131   128035.131   128075.131   128120.131
  1060:   128161.131   128199.131   128243.131   128284.131   128326.131
  1065:   128374.131   128417.131   128462.131   128505.131   128548.131
  1070:   128599.131   128643.131   128681.131   128724.131   128767.131
  1075:   128806.131   128843.131   128880.131   128916.131   128955.131
  1080:   128994.131   129034.131   129118.131   129161.131   129211.131
  1085:   129294.131   129333.131   129368.131   129406.131   129446.131
  1090:   129491.131   129534.131   129557.821   129557.920   131057.910
  1095:   131059.611   132059.621   132060.811   132383.131   132419.131
  1100:   132452.131   132484.131   132516.131   132546.131   132577.131
  1105:   132640.131   132671.131   132703.131   132771.131   132806.131
  1110:   132841.131   132879.131   132916.131   132950.131   132984.131
  1115:   133022.131   133062.131   133100.131   133135.131   133173.131
  1120:   133211.131   133249.131   133287.131   133325.131   133365.131
  1125:   133401.131   133477.131   133516.131   133560.131   133602.131
  1130:   133643.131   133680.131   133718.131   133770.131   133807.131
  1135:   133843.131   133882.131   133922.131   133960.131   133996.131
  1140:   134033.131   134106.131   134142.131   134176.131   134189.131
  1145:   134231.131   134268.131   134313.131   134367.131   134414.131
  1150:   134455.131   134497.131   134537.131   134579.131   134617.131
  1155:   134653.131   134740.131   134778.131   134820.131   134858.131
  1160:   134894.131   134930.131   134970.131   135009.131   135064.131
  1165:   135117.131   135163.131   135209.131   135259.131   135308.131
  1170:   135343.131   135389.131   135427.131   135466.131   135514.131
  1175:   135560.821   135560.920   137060.910   137062.613   139012.623
  1180:   139013.813   139375.133   139417.133   139448.133   139476.133
  1185:   139506.133   139537.133   139598.133   139629.133   139662.133
  1190:   139694.133   139727.133   139763.133   139799.133   139833.133
  1195:   139867.133   139902.133   139939.133   139972.133   140009.133
  1200:   140049.133   140089.133   140127.133   140166.133   140206.133
  1205:   140246.133   140284.133   140325.133   140363.133   140401.133
  1210:   140481.133   140521.133   140560.133   140597.133   140636.133
  1215:   140677.133   140725.133   140764.133   140799.133   140835.133
  1220:   140873.133   140941.133   140985.133   141041.133   141126.133
  1225:   141167.133   141200.133   141231.133   141262.133   141295.133
  1230:   141331.133   141364.133   141408.133   141447.133   141486.133
  1235:   141523.133   141562.133   141597.133   141640.133   141716.133
  1240:   141756.133   141794.133   141901.133   141943.133   141981.133
  1245:   142019.133   142060.133   142101.133   142136.133   142173.133
  1250:   142202.133   142242.133   142276.133   142309.133   142347.133
  1255:   142392.133   142470.133   142515.133   142552.133   142595.133
  1260:   142637.133   142677.133   142713.133   142749.133   142827.133
  1265:   142874.133   142921.133   143014.133   143055.133   143099.133
  1270:   143221.133   143321.133   143453.133   143650.133   143727.133
  1275:   143813.823   143813.920   145313.910   145315.614   148065.624
  1280:   148066.814   148446.134   148488.134   148643.134   148683.134
  1285:   148725.134   148761.134   148942.134   148978.134   149012.134
  1290:   149050.134   149084.134   149117.134   149153.134   149221.134
  1295:   149257.134   149294.134   149335.134   149371.134   149411.134
  1300:   149455.134   149498.134   149541.134   149585.134   149635.134
  1305:   149673.134   149712.134   149746.134   149781.134   149815.134
  1310:   149891.134   149929.134   149968.134   150003.134   150041.134
  1315:   150083.134   150122.134   150163.134   150205.134   150248.134
  1320:   150333.134   150371.134   150443.134   150477.134   150517.134
  1325:   150553.134   150636.134   150677.134   150715.134   150753.134
  1330:   150787.134   150824.134   150868.134   150904.134   150943.134
  1335:   150979.134   151023.134   151075.134   151112.134   151155.134
  1340:   151198.134   151247.134   151300.134   151382.134   151416.134
  1345:   151453.134   151489.134   151526.134   151569.134   151619.134
  1350:   151665.134   151711.134   151752.134   151789.134   151823.134
  1355:   151872.134   151910.134   151951.134   151987.134   152042.134
  1360:   152089.134   152147.134   152244.134   152333.134   152458.134
  1365:   152516.134   152661.134   152841.134   153005.134   153220.134
  1370:   153317.134   153485.134   153626.134   153866.824   153866.920
  1375:   155366.910   155368.612   156768.622   156769.812   157087.132
  1380:   157137.132   157177.132   157210.132   157244.132   157278.132
  1385:   157313.132   157348.132   157384.132   157418.132   157453.132
  1390:   157489.132   157525.132   157561.132   157596.132   157633.132
  1395:   157669.132   157708.132   157749.132   157791.132   157834.132
  1400:   157876.132   157918.132   157961.132   158003.132   158044.132
  1405:   158091.132   158134.132   158175.132   158218.132   158259.132
  1410:   158303.132   158349.132   158440.132   158481.132   158523.132
  1415:   158564.132   158615.132   158657.132   158907.132   159034.132
  1420:   159153.132   159302.132   159353.132   159505.132   159653.132
  1425:   159706.132   159920.132   159964.132   160014.132   160548.132
  1430:   160769.822   160769.920   162269.910   162271.611   163271.621
  1435:   163272.711   163701.121   163741.121   163780.121   163812.121
  1440:   163848.121   163882.121   163915.121   163948.121   163982.121
  1445:   164017.121   164051.121   164088.121   164124.121   164160.121
  1450:   164199.121   164236.121   164274.721   164274.920   164274.901
  1455:   164274.091   164574.902   166074.910   166076.613   168026.623
  1460:   168027.713   168655.123   168739.123   168800.123   168843.123
  1465:   168879.123   168912.123   168946.123   168984.123   169036.123
  1470:   169072.123   169112.123   169150.123   169185.123   169221.123
  1475:   169255.123   169290.123   169327.123   169362.123   169408.123
  1480:   169447.123   169483.123   169521.123   169560.123   169593.123
  1485:   169634.123   169674.123   169712.123   169751.123   169790.123
  1490:   169829.123   169870.123   169910.123   169954.123   170003.723
  1495:   170003.920   170003.901   170003.093   170303.902   171803.910
  1500:   171805.612   173205.622   173206.712   173616.122   173660.122
  1505:   173701.122   173736.122   173774.122   173808.122   173842.122
  1510:   173878.122   173912.122   173948.122   173986.122   174021.122
  1515:   174058.122   174094.122   174129.122   174167.122   174202.122
  1520:   174240.122   174279.122   174318.122   174357.122   174396.122
  1525:   174434.122   174475.122   174514.122   174555.122   174598.122
  1530:   174642.722   174642.920   174642.901   174642.092   174942.902
  1535:   176442.910   176444.614   179194.624   179195.714   179444.124
  1540:   179679.124   179724.124   179834.124   179875.124   179920.124
  1545:   179963.124   180005.124   180050.124   180088.124   180229.124
  1550:   180264.124   180302.124   180345.124   180384.124   180421.124
  1555:   180457.124   180497.124   180534.124   180573.124   180614.124
  1560:   180651.124   180690.124   180733.124   180773.124   180811.124
  1565:   180851.124   180891.124   180930.124   180970.124   181013.124
  1570:   181055.124   181095.124   181134.124   181176.124   181218.124
  1575:   181260.124   181303.124   181346.124   181393.124   181439.124
  1580:   181482.124   181525.124   181567.124   181609.124   181652.124
  1585:   181692.124   181741.124   181783.124   181826.124   181867.124
  1590:   181909.124   181954.724   181954.920   181954.901   181954.094
  1595:   182254.902   183754.910   183756.612   185156.622   185157.812
  1600:   185694.132   185748.132   185786.132   185822.132   185856.132
  1605:   185896.132   185932.132   185966.132   186007.132   186047.132
  1610:   186081.132   186117.132   186156.132   186195.132   186229.132
  1615:   186263.132   186300.132   186336.132   186374.132   186412.132
  1620:   186447.132   186485.132   186524.132   186565.132   186605.132
  1625:   186649.132   186688.132   186730.132   186772.132   186817.132
  1630:   186859.132   186899.132   186942.132   186983.132   187024.132
  1635:   187070.132   187112.132   187153.132   187198.132   187238.132
  1640:   187278.132   187321.132   187366.132   187380.132   187423.132
  1645:   187467.132   187504.132   187542.132   187583.132   187633.132
  1650:   187682.132   187724.132   187762.132   187797.132   187833.132
  1655:   187869.132   187909.132   187996.132   188042.132   188080.132
  1660:   188137.132   188191.132   188232.132   188276.132   188316.132
  1665:   188352.132   188392.132   188458.132   188504.132   188553.132
  1670:   188605.132   188644.132   188695.132   188781.132   188817.132
  1675:   188852.132   188882.132   188914.132   188948.132   188986.132
  1680:   189056.132   189112.132   189152.132   189157.822   189157.920
  1685:   190657.910   190659.614   193409.624   193410.714   193737.124
  1690:   193789.124   193836.124   193910.124   193950.124   194115.124
  1695:   194156.124   194203.124   194252.124   194288.124   194331.124
  1700:   194371.124   194412.124   194448.124   194493.124   194529.124
  1705:   194562.124   194641.124   194678.124   194708.124   194759.124
  1710:   194799.124   194834.124   194867.124   194900.124   194934.124
  1715:   194967.124   194998.124   195033.124   195071.124   195108.124
  1720:   195183.124   195222.124   195255.124   195302.124   195336.124
  1725:   195409.124   195445.124   195483.124   195531.124   195568.124
  1730:   195607.124   195645.124   195728.124   195768.124   195806.124
  1735:   195843.124   195890.124   195983.124   196020.124   196058.124
  1740:   196101.124   196139.124   196184.724   196184.920   196184.901
  1745:   196184.094   196484.902   197984.910   197986.612   199386.622
  1750:   199387.812   200087.132   200132.132   200254.132   200286.132
  1755:   200318.132   200351.132   200414.132   200452.132   200483.132
  1760:   200525.132   200606.132   200637.132   200675.132   200716.132
  1765:   200749.132   200787.132   200824.132   200863.132   200899.132
  1770:   200936.132   200978.132   201013.132   201050.132   201086.132
  1775:   201122.132   201156.132   201198.132   201235.132   201271.132
  1780:   201310.132   201349.132   201388.132   201426.132   201470.132
  1785:   201509.132   201545.132   201588.132   201624.132   201660.132
  1790:   201698.132   201734.132   201775.132   201814.132   201852.132
  1795:   201890.132   201931.132   201974.132   202015.132   202051.132
  1800:   202149.132   202192.132   202276.132   202312.132   202349.132
  1805:   202385.132   202430.132   202508.132   202545.132   202587.132
  1810:   202626.132   202661.132   202702.132   202739.132   202774.132
  1815:   202823.132   202898.132   202942.132   202982.132   203027.132
  1820:   203069.132   203116.132   203155.132   203192.132   203228.132
  1825:   203262.132   203297.132   203333.132   203369.132   203387.822
  1830:   203387.920   204887.910   204889.612   206289.622   206290.812
  1835:   206521.132   206561.132   206606.132   206641.132   206703.132
  1840:   206736.132   206796.132   206828.132   206859.132   206895.132
  1845:   206927.132   206961.132   206994.132   207025.132   207057.132
  1850:   207090.132   207123.132   207157.132   207192.132   207258.132
  1855:   207294.132   207330.132   207369.132   207408.132   207446.132
  1860:   207486.132   207527.132   207567.132   207606.132   207642.132
  1865:   207680.132   207719.132   207756.132   207795.132   207836.132
  1870:   207885.132   207926.132   207963.132   208006.132   208048.132
  1875:   208091.132   208132.132   208171.132   208220.132   208355.132
  1880:   208714.132   208763.132   208913.132   210276.132   210290.822
  1885:   210290.920   211790.910   211792.612   213192.622   213193.712
  1890:   213556.122   213663.122   213699.122   213728.122   213760.122
  1895:   213792.122   213822.122   213854.122   213885.122   213916.122
  1900:   213948.122   214011.122   214049.122   214081.122   214118.122
  1905:   214151.122   214186.122   214220.122   214257.122   214295.122
  1910:   214329.122   214366.122   214400.122   214442.122   214480.122
  1915:   214516.122   214555.122   214596.722   214596.920   214596.901
  1920:   214596.092   214896.902   216396.910   216398.613   218348.623
  1925:   218349.713   218636.123   218707.123   218742.123   218784.123
  1930:   218818.123   218850.123   218885.123   218925.123   218992.123
  1935:   219025.123   219069.123   219107.123   219141.123   219173.123
  1940:   219204.123   219234.123   219269.123   219337.123   219372.123
  1945:   219411.123   219445.123   219484.123   219521.123   219558.123
  1950:   219596.123   219635.123   219673.123   219750.123   219789.123
  1955:   219863.123   219901.123   219940.123   219977.123   220018.123
  1960:   220056.123   220094.123   220134.123   220181.123   220225.123
  1965:   220267.123   220312.723   220312.920   220312.901   220312.093
  1970:   220612.902   222112.910   222114.615   225964.625   225965.715
  1975:   226331.125   226653.125   226697.125   226765.125   226810.125
  1980:   226928.125   226963.125   226998.125   227113.125   227201.125
  1985:   227250.125   227439.125   227474.125   227510.125   227545.125
  1990:   227580.125   227621.125   227658.125   227691.125   227725.125
  1995:   227762.125   227797.125   227837.125   227883.125   227919.125
  2000:   227956.125   227997.125   228042.125   228082.125   228120.125
  2005:   228160.125   228238.125   228276.125   228315.125   228355.125
  2010:   228397.125   228433.125   228472.125   228510.125   228544.125
  2015:   228580.125   228615.125   228650.125   228686.125   228725.125
  2020:   228761.125   228803.125   228841.125   228877.125   228913.125
  2025:   228955.125   228993.125   229035.125   229079.125   229125.125
  2030:   229159.125   229207.125   229246.125   229288.125   229328.125
  2035:   229370.125   229412.125   229454.125   229501.125   229540.125
  2040:   229582.125   229624.125   229753.125   229838.725   229838.920
  2045:   229838.901   229838.095   230138.902   231638.910   231640.613
  2050:   233590.623   233591.813   233984.133   234067.133   234111.133
  2055:   234313.133   234388.133   234472.133   234512.133   234549.133
  2060:   234671.133   234716.133   234765.133   234804.133   234845.133
  2065:   234886.133   235000.133   235040.133   235073.133   235108.133
  2070:   235149.133   235191.133   235230.133   235267.133   235309.133
  2075:   235349.133   235388.133   235428.133   235469.133   235508.133
  2080:   235550.133   235596.133   235635.133   235670.133   235710.133
  2085:   235746.133   235796.133   235838.133   235883.133   235924.133
  2090:   236007.133   236048.133   236095.133   236179.133   236217.133
  2095:   236250.133   236331.133   236368.133   236436.133   236474.133
  2100:   236512.133   236556.133   236593.133   236630.133   236669.133
  2105:   236710.133   236747.133   236786.133   236824.133   236865.133
  2110:   236907.133   236943.133   236982.133   237019.133   237060.133
  2115:   237107.133   237149.133   237200.133   237239.133   237278.133
  2120:   237320.133   237361.133   237399.133   237483.133   237569.133
  2125:   237604.133   237643.133   237685.133   237740.133   237787.133
  2130:   237940.133   237986.133   238032.133   238391.823   238391.920
  2135:   239891.910   239893.613   241843.623   241844.713   245780.723
  2140:   245780.920   245780.901   245780.093   246080.902   247580.910
  2145:   247582.615   251432.625   251433.715   251530.125   251572.125
  2150:   251845.125   251884.125   251951.125   251998.125   252121.125
  2155:   252162.125   252199.125   252242.125   252279.125   252419.125
  2160:   252463.125   252503.125   252539.125   252568.125   252609.125
  2165:   252648.125   252685.125   252724.125   252760.125   252842.125
  2170:   252879.125   252946.125   253021.125   253059.125   253096.125
  2175:   253129.125   253163.125   253194.125   253227.125   253264.125
  2180:   253297.125   253328.125   253409.125   253447.125   253486.125
  2185:   253524.125   253568.125   253604.125   253642.125   253684.125
  2190:   253729.125   253766.125   253808.125   253849.125   253886.125
  2195:   253961.125   254002.125   254043.125   254127.125   254169.125
  2200:   254206.125   254245.125   254283.125   254326.125   254370.125
  2205:   254446.125   254484.125   254525.125   254566.125   254655.125
  2210:   254690.125   254735.125   254775.125   254816.125   254852.125
  2215:   254930.125   254975.125   255017.125   255091.125   255139.125
  2220:   255179.125   255217.125   255260.125   255304.725   255304.920
  2225:   255304.901   255304.095   255604.902   257104.910   257106.614
  2230:   259856.624   259857.814   260087.134   260169.134   260221.134
  2235:   260370.134   260412.134   260448.134   260540.134   260578.134
  2240:   260660.134   260697.134   260729.134   260761.134   260794.134
  2245:   260827.134   260859.134   260889.134   260923.134   261003.134
  2250:   261046.134   261081.134   261157.134   261197.134   261239.134
  2255:   261273.134   261309.134   261388.134   261423.134   261460.134
  2260:   261495.134   261538.134   261587.134   261623.134   261660.134
  2265:   261700.134   261736.134   261769.134   261809.134   261850.134
  2270:   261890.134   261935.134   261970.134   262009.134   262052.134
  2275:   262090.134   262128.134   262214.134   262254.134   262295.134
  2280:   262342.134   262383.134   262424.134   262468.134   262522.134
  2285:   262567.134   262608.134   262649.134   262685.134   262725.134
  2290:   262766.134   262807.134   262846.134   262886.134   262925.134
  2295:   262966.134   263005.134   263082.134   263122.134   263161.134
  2300:   263200.134   263240.134   263280.134   263319.134   263361.134
  2305:   263400.134   263442.134   263523.134   263563.134   263601.134
  2310:   263678.134   263724.134   263774.134   263857.134   263898.134
  2315:   263938.134   263979.134   264019.134   264059.134   264097.134
  2320:   264144.134   264197.134   264237.134   264280.134   265147.134
  2325:   265344.134   265390.134   265565.134   265657.824   265657.920
  2330:   267157.910   267159.613   269109.623   269110.713   269483.123
  2335:   269746.123   269787.123   269827.123   269867.123   269905.123
  2340:   269987.123   270020.123   270053.123   270086.123   270120.123
  2345:   270209.123   270246.123   270283.123   270362.123   270402.123
  2350:   270437.123   270474.123   270543.123   270577.123   270610.123
  2355:   270657.123   270694.123   270732.123   270768.123   270805.123
  2360:   270844.123   270880.123   270915.123   270952.123   270994.123
  2365:   271030.123   271064.723   271064.920   271064.901   271064.093
  2370:   271364.902   272864.910   272866.614   275616.624   275617.814
  2375:   276269.134   277046.134   277205.134   277254.134   277598.134
  2380:   277743.134   277778.134   277822.134   277865.134   277911.134
  2385:   278038.134   278116.134   278181.134   278260.134   278297.134
  2390:   278346.134   278382.134   278413.134   278500.134   278534.134
  2395:   278577.134   278610.134   278645.134   278678.134   278711.134
  2400:   278780.134   278822.134   278899.134   278941.134   278979.134
  2405:   279063.134   279107.134   279156.134   279192.134   279235.134
  2410:   279274.134   279313.134   279361.134   279408.134   279449.134
  2415:   279520.134   279558.134   279595.134   279632.134   279676.134
  2420:   279713.134   279752.134   279787.134   279826.134   279866.134
  2425:   279907.134   279985.134   280032.134   280074.134   280113.134
  2430:   280154.134   280196.134   280236.134   280280.134   280317.134
  2435:   280358.134   280398.134   280439.134   280478.134   280518.134
  2440:   280560.134   280602.134   280643.134   280685.134   280722.134
  2445:   280759.134   280799.134   280840.134   280887.134   280930.134
  2450:   280986.134   281060.134   281098.134   281179.134   281417.824
  2455:   281417.920   281420.411   282917.910   282919.615   286769.625
  2460:   286770.715   287275.125   287507.125   287573.125   287651.125
  2465:   287697.125   287866.125   287910.125   287954.125   288003.125
  2470:   288047.125   288189.125   288227.125   288264.125   288428.125
  2475:   288468.125   288512.125   288552.125   288599.125   288640.125
  2480:   288738.125   288786.125   288844.125   288906.125   288948.125
  2485:   288987.125   289025.125   289060.125   289097.125   289134.125
  2490:   289174.125   289211.125   289249.125   289289.125   289326.125
  2495:   289366.125   289408.125   289449.125   289488.125   289526.125
  2500:   289568.125   289606.125   289646.125   289684.125   289723.125
  2505:   289804.125   289843.125   289881.125   289922.125   290001.125
  2510:   290042.125   290083.125   290123.125   290168.125   290217.125
  2515:   290254.125   290296.125   290344.125   290395.125   290433.125
  2520:   290488.125   290576.125   290631.725   290631.920   290631.901
  2525:   290631.095   290931.902   292431.910   292433.612   293833.622
  2530:   293834.712   294036.122   294208.122   294254.122   294339.122
  2535:   294391.122   294472.122   294514.122   294555.122   294670.122
  2540:   294705.122   294734.122   294798.122   294830.122   294861.122
  2545:   294899.122   294930.122   294997.122   295033.122   295069.122
  2550:   295102.122   295138.122   295173.122   295209.122   295244.722
  2555:   295244.920   295244.901   295244.092   295544.902   297044.910
  2560:   297046.615   300896.625   300897.715   302115.125   302161.125
  2565:   302520.125   302704.125   302755.125   303059.125   303104.125
  2570:   303237.125   303386.125   303541.125   303574.125   303607.125
  2575:   303680.125   303720.125   303755.125   303789.125   303830.125
  2580:   303868.125   303904.125   303943.125   303973.125   304006.125
  2585:   304077.125   304117.125   304156.125   304202.125   304241.125
  2590:   304274.125   304313.125   304352.125   304390.125   304429.125
  2595:   304472.125   304509.125   304548.125   304607.125   304656.125
  2600:   304695.125   304736.125   304782.725   304782.920   304782.901
  2605:   304782.095   305082.902   306582.910   306584.614   309334.624
  2610:   309335.814   310570.134   310613.134   310655.134   310701.134
  2615:   310755.134   310832.134   310998.134   311034.134   311073.134
  2620:   311247.134   311355.134   311392.134   311427.134   311464.134
  2625:   311498.134   311530.134   311573.134   311608.134   311643.134
  2630:   311682.134   311716.134   311753.134   311788.134   311828.134
  2635:   311870.134   311904.134   311942.134   311978.134   312017.134
  2640:   312055.134   312093.134   312128.134   312171.134   312210.134
  2645:   312251.134   312293.134   312331.134   312369.134   312411.134
  2650:   312452.134   312495.134   312535.134   312573.134   312614.134
  2655:   312656.134   312699.134   312744.134   312785.134   312826.134
  2660:   312868.134   312912.134   312961.134   313004.134   313044.134
  2665:   313085.134   313124.134   313166.134   313203.134   313244.134
  2670:   313282.134   313327.134   313366.134   313414.134   313453.134
  2675:   313495.134   313545.134   313587.134   313629.134   313672.134
  2680:   313712.134   313749.134   313803.134   313850.134   313894.134
  2685:   313940.134   313976.134   314010.134   314045.134   314083.134
  2690:   314127.134   314169.134   314206.134   314245.134   314288.134
  2695:   314329.134   314371.134   314427.134   314469.134   314513.134
  2700:   314612.134   314652.134   314695.134   314793.134   314846.134
  2705:   314913.134   315038.134   315082.134   315134.134   315135.824
  2710:   315135.920   316635.910   316637.612   318037.622   318038.712
  2715:   318368.122   318454.122   318494.122   318529.122   318562.122
  2720:   318594.122   318628.122   318663.122   318694.122   318726.122
  2725:   318760.122   318798.122   318832.122   318871.122   318903.122
  2730:   318937.122   318972.122   319007.122   319043.122   319081.122
  2735:   319118.122   319157.122   319198.122   319237.122   319278.122
  2740:   319316.122   319353.122   319392.122   319431.122   319471.722
  2745:   319471.920   319471.901   319471.092   319771.902   321271.910
  2750:   321273.615   325123.625   325124.815   325839.135   326001.135
  2755:   326387.135   326539.135   326579.135   326613.135   326782.135
  2760:   326823.135   326872.135   326956.135   326998.135   327034.135
  2765:   327162.135   327197.135   327235.135   327279.135   327319.135
  2770:   327355.135   327389.135   327427.135   327463.135   327502.135
  2775:   327541.135   327578.135   327615.135   327655.135   327694.135
  2780:   327735.135   327773.135   327815.135   327854.135   327895.135
  2785:   327935.135   327977.135   328017.135   328062.135   328106.135
  2790:   328147.135   328189.135   328231.135   328273.135   328313.135
  2795:   328355.135   328397.135   328437.135   328477.135   328522.135
  2800:   328565.135   328608.135   328649.135   328688.135   328725.135
  2805:   328761.135   328799.135   328839.135   328874.135   328913.135
  2810:   328955.135   328997.135   329042.135   329079.135   329127.135
  2815:   329169.135   329205.135   329244.135   329283.135   329322.135
  2820:   329360.135   329373.135   329410.135   329450.135   329489.135
  2825:   329523.135   329560.135   329599.135   329642.135   329688.135
  2830:   329738.135   329781.135   329823.135   329940.135   329999.135
  2835:   330051.135   330166.135   330225.135   331119.135   331273.135
  2840:   331396.135   331438.135   331484.135   331528.135   331712.135
  2845:   331757.135   331950.135   332172.135   332338.135   332379.135
  2850:   332641.135   332816.135   332824.825   332824.920   334324.910
  2855:   334326.614   337076.624   337077.714   338147.124   338197.124
  2860:   338253.124   338597.124   338652.124   338802.124   338876.124
  2865:   338951.124   339006.124   339050.124   339110.124   339153.124
  2870:   339284.124   339315.124   339351.124   339387.124   339427.124
  2875:   339466.124   339499.124   339531.124   339568.124   339604.124
  2880:   339642.124   339680.124   339718.124   339771.124   339814.124
  2885:   339855.724   339855.920   339855.901   339855.094   340155.902
  2890:   341655.910   341657.614   344407.624   344408.714   345246.124
  2895:   345414.124   345554.124   345596.124   345639.124   345746.124
  2900:   345785.124   345818.124   345867.124   345915.124   345963.124
  2905:   346001.124   346040.124   346079.124   346112.124   346159.124
  2910:   346207.124   346244.124   346277.124   346322.124   346363.124
  2915:   346400.124   346440.124   346479.124   346527.124   346569.124
  2920:   346605.124   346648.124   346687.124   346733.124   346773.124
  2925:   346809.124   346856.124   346896.124   346951.124   346994.124
  2930:   347043.124   347085.124   347129.124   347171.724   347171.920
  2935:   347171.901   347171.094   347471.902   348971.910   348973.615
  2940:   352823.625   352824.715   353545.125   353594.125   353711.125
  2945:   353763.125   353851.125   353898.125   354022.125   354070.125
  2950:   354111.125   354148.125   354227.125   354271.125   354312.125
  2955:   354357.125   354401.125   354442.125   354484.125   354524.125
  2960:   354566.125   354608.125   354657.125   354707.125   354747.125
  2965:   354783.125   354835.125   354876.125   354915.125   354962.125
  2970:   355000.125   355037.125   355077.125   355116.125   355156.125
  2975:   355197.125   355237.125   355278.125   355322.125   355364.125
  2980:   355407.125   355449.125   355490.125   355539.125   355589.125
  2985:   355630.125   355669.125   355710.125   355756.125   355800.125
  2990:   355841.125   355881.125   355927.125   355973.125   356012.125
  2995:   356053.125   356116.125   356155.125   356191.125   356232.125
  3000:   356271.125   356311.125   356350.125   356393.125   356440.125
  3005:   356478.125   356516.125   356564.125   356603.125   356640.125
  3010:   356680.725   356680.920   356680.901   356680.095   356980.902
  3015:   358480.910   358482.611   359482.621   359483.811   359802.131
  3020:   359840.131   359887.131   359928.131   359964.131   359996.131
  3025:   360032.131   360063.131   360100.131   360132.131   360167.131
  3030:   360200.131   360240.131   360276.131   360311.131   360344.131
  3035:   360378.131   360413.131   360448.131   360484.131   360520.131
  3040:   360557.131   360594.131   360630.131   360667.131   360707.131
  3045:   360751.131   360795.131   360836.131   360875.131   360914.131
  3050:   360954.131   360996.131   361039.131   361080.131   361126.131
  3055:   361169.131   361209.131   361252.131   361292.131   361331.131
  3060:   361346.131   361387.131   361428.131   361468.131   361509.131
  3065:   361600.131   361641.131   361685.131   361724.131   361769.131
  3070:   361816.131   361858.131   361987.131   362027.131   362069.131
  3075:   362114.131   362158.131   362201.131   362245.131   362294.131
  3080:   362338.131   362385.131   362426.131   362474.131   362518.131
  3085:   362571.131   362658.131   362778.131   362891.131   362983.821
  3090:   362983.920   364483.910   364485.613   366435.623   366436.813
  3095:   367020.133   367222.133   367257.133   367295.133   367331.133
  3100:   367364.133   367396.133   367429.133   367463.133   367501.133
  3105:   367538.133   367575.133   367610.133   367645.133   367683.133
  3110:   367723.133   367759.133   367795.133   367833.133   367868.133
  3115:   367907.133   367944.133   367980.133   368022.133   368058.133
  3120:   368102.133   368141.133   368182.133   368222.133   368266.133
  3125:   368310.133   368349.133   368392.133   368432.133   368474.133
  3130:   368513.133   368554.133   368596.133   368638.133   368680.133
  3135:   368722.133   368762.133   368815.133   368863.133   368909.133
  3140:   368955.133   368997.133   369044.133   369315.133   369367.133
  3145:   369508.133   369802.133   369939.133   370027.133   370039.133
  3150:   370187.133   370339.133   370395.133   370454.133   370619.133
  3155:   370680.133   371090.133   371164.133   371236.823   371236.920
  3160:   372736.910   372738.611   373738.621   373739.711   373970.121
  3165:   374130.121   374206.121   374239.121   374270.121   374299.121
  3170:   374334.121   374363.121   374391.121   374422.121   374454.121
  3175:   374485.121   374515.121   374582.121   374684.121   374725.121
  3180:   374758.721   374758.920   374758.901   374758.091   375058.902
  3185:   376558.910   376560.615   380410.625   380411.715   381723.125
  3190:   381967.125   382017.125   382232.125   382308.125   382346.125
  3195:   382555.125   382591.125   382684.125   382717.125   382746.125
  3200:   382834.125   382866.125   382900.125   382932.125   382967.125
  3205:   383004.125   383045.125   383089.125   383126.125   383159.125
  3210:   383204.125   383236.125   383285.125   383320.125   383354.125
  3215:   383388.125   383421.125   383458.125   383494.125   383530.125
  3220:   383566.125   383602.125   383641.125   383678.125   383714.125
  3225:   383754.125   383792.125   383836.125   383871.125   383909.125
  3230:   383949.125   383987.125   384025.125   384065.125   384106.125
  3235:   384144.125   384181.125   384256.125   384296.725   384296.920
  3240:   384296.901   384296.095   384596.902   386096.910   386098.615
  3245:   389948.625   389949.815   391030.135   391341.135   391571.135
  3250:   391758.135   391796.135   391833.135   391867.135   391907.135
  3255:   392058.135   392111.135   392225.135   392266.135   392307.135
  3260:   392341.135   392375.135   392409.135   392514.135   392545.135
  3265:   392576.135   392605.135   392643.135   392676.135   392723.135
  3270:   392761.135   392803.135   392835.135   392870.135   392912.135
  3275:   392956.135   392997.135   393082.135   393119.135   393165.135
  3280:   393202.135   393236.135   393275.135   393314.135   393357.135
  3285:   393395.135   393434.135   393470.135   393514.135   393555.135
  3290:   393595.135   393635.135   393673.135   393716.135   393753.135
  3295:   393791.135   393829.135   393912.135   393948.135   393987.135
  3300:   394020.135   394055.135   394093.135   394130.135   394168.135
  3305:   394207.135   394242.135   394275.135   394315.135   394364.135
  3310:   394436.135   394447.135   394485.135   394526.135   394562.135
  3315:   394601.135   394643.135   394684.135   394724.135   394804.135
  3320:   394844.135   394883.135   394925.135   394964.135   395000.135
  3325:   395040.135   395080.135   395125.135   395218.135   395263.135
  3330:   395307.135   395353.135   395394.135   395445.135   395556.135
  3335:   395598.135   395654.135   395809.135   395885.135   396088.135
  3340:   396324.135   396441.135   396841.135   397081.135   397330.135
  3345:   397513.135   397649.825   397649.920   399149.910   399151.611
  3350:   400151.621   400152.711   400397.121   400487.121   400531.121
  3355:   400562.121   400602.121   400636.121   400665.121   400725.121
  3360:   400755.121   400786.121   400819.121   400851.121   400882.121
  3365:   400913.121   400945.121   400977.121   401009.121   401041.121
  3370:   401075.121   401112.121   401146.121   401183.721   401183.920
  3375:   401183.901   401183.091   401483.902   402983.910   402985.615
  3380:   406835.625   406836.715   407595.125   407638.125   407827.125
  3385:   408194.125   408240.125   408317.125   408423.125   408461.125
  3390:   408540.125   408572.125   408608.125   408656.125   408699.125
  3395:   408737.125   408782.125   408880.125   408912.125   408952.125
  3400:   409039.125   409077.125   409114.125   409157.125   409191.125
  3405:   409226.125   409269.125   409304.125   409339.125   409379.125
  3410:   409416.125   409452.125   409493.125   409541.125   409582.125
  3415:   409620.125   409695.125   409776.125   409812.125   409849.125
  3420:   409889.125   409926.125   409965.125   410007.125   410042.125
  3425:   410084.125   410122.125   410157.125   410198.125   410240.125
  3430:   410276.125   410319.125   410363.125   410399.125   410437.125
  3435:   410477.125   410517.125   410556.125   410595.125   410635.125
  3440:   410674.125   410713.725   410713.920   410713.901   410713.095
  3445:   411013.902   412513.910   412515.613   414465.623   414466.813
  3450:   414840.133   414900.133   415066.133   415230.133   415267.133
  3455:   415307.133   415351.133   415388.133   415425.133   415472.133
  3460:   415508.133   415595.133   415663.133   415702.133   415739.133
  3465:   415771.133   415845.133   415882.133   415918.133   415955.133
  3470:   415990.133   416025.133   416132.133   416172.133   416209.133
  3475:   416246.133   416286.133   416324.133   416364.133   416402.133
  3480:   416441.133   416479.133   416518.133   416554.133   416591.133
  3485:   416630.133   416674.133   416713.133   416750.133   416790.133
  3490:   416829.133   416904.133   416943.133   416979.133   417020.133
  3495:   417061.133   417101.133   417180.133   417218.133   417258.133
  3500:   417337.133   417378.133   417419.133   417499.133   417544.133
  3505:   417584.133   417631.133   417667.133   417702.133   417750.133
  3510:   417791.133   417847.133   417904.133   417948.133   418017.133
  3515:   418140.133   418359.133   418599.133   418738.133   418891.133
  3520:   419095.133   419266.823   419266.920   420766.910   420768.614
  3525:   423518.624   423519.714   425086.124   425413.124   425453.124
  3530:   425572.124   425683.124   425719.124   425850.124   425892.124
  3535:   425975.124   426010.124   426041.124   426074.124   426106.124
  3540:   426140.124   426183.124   426218.124   426303.724   426303.920
  3545:   426303.901   426303.094   426603.902   428103.910   428105.615
  3550:   431955.625   431956.815   432606.135   432666.135   432781.135
  3555:   432830.135   432960.135   432993.135   433030.135   433067.135
  3560:   433156.135   433197.135   433319.135   433356.135   433400.135
  3565:   433442.135   433484.135   433520.135   433558.135   433593.135
  3570:   433643.135   433686.135   433724.135   433759.135   433812.135
  3575:   433853.135   433899.135   433936.135   433985.135   434024.135
  3580:   434061.135   434101.135   434141.135   434182.135   434232.135
  3585:   434274.135   434316.135   434359.135   434399.135   434438.135
  3590:   434478.135   434529.135   434573.135   434614.135   434661.135
  3595:   434703.135   434745.135   434784.135   434823.135   434861.135
  3600:   434903.135   434943.135   434981.135   435019.135   435056.135
  3605:   435099.135   435137.135   435181.135   435220.135   435266.135
  3610:   435304.135   435351.135   435395.135   435436.135   435486.135
  3615:   435531.135   435586.135   435631.135   435676.135   435718.135
  3620:   435765.135   435807.135   435860.135   435906.135   435945.135
  3625:   435984.135   436029.135   436067.135   436114.135   436161.135
  3630:   436207.135   436249.135   436291.135   436343.135   436391.135
  3635:   436434.135   436478.135   436523.135   436569.135   436613.135
  3640:   436661.135   436705.135   436743.135   436795.135   436837.135
  3645:   436886.135   436947.135   438028.135   438461.135   438472.135
  3650:   438548.135   438605.135   438783.135   438984.135   439128.135
  3655:   439188.135   439428.135   439483.135   439534.135   439656.825
  3660:   439656.920   441156.910   441158.612   442558.622   442559.712
  3665:   442919.122   442954.122   442986.122   443018.122   443053.122
  3670:   443087.122   443123.122   443158.122   443194.122   443229.122
  3675:   443264.122   443300.122   443336.122   443373.122   443409.122
  3680:   443447.122   443484.122   443524.122   443563.122   443600.122
  3685:   443641.122   443683.122   443725.122   443765.122   443802.122
  3690:   443842.122   443884.122   443925.122   443968.722   443968.920
  3695:   443968.901   443968.092   444268.902   445768.910   445770.612
  3700:   447170.622   447171.712   447546.122   447584.122   447617.122
  3705:   447653.122   447688.122   447730.122   447777.122   447819.122
  3710:   447851.122   447887.122   447921.122   447957.122   447993.122
  3715:   448028.122   448062.122   448098.122   448139.122   448176.122
  3720:   448214.122   448257.122   448298.122   448338.122   448378.122
  3725:   448420.122   448461.122   448502.122   448541.122   448582.722
  3730:   448582.920   448582.901   448582.092   448882.902   450382.910
  3735:   450384.613   452334.623   452335.713   452909.123   453062.123
  3740:   453108.123   453145.123   453182.123   453236.123   453276.123
  3745:   453312.123   453344.123   453378.123   453417.123   453456.123
  3750:   453489.123   453531.123   453568.123   453605.123   453643.123
  3755:   453679.123   453719.123   453761.123   453800.123   453837.123
  3760:   453875.123   453914.123   453951.123   453992.123   454032.123
  3765:   454070.123   454111.123   454153.123   454195.123   454235.123
  3770:   454276.123   454320.723   454320.920   454320.901   454320.093
  3775:   454620.902   456120.910   456122.614   458872.624   458873.814
  3780:   459253.134   459560.134   459632.134   459673.134   459757.134
  3785:   459797.134   459942.134   459982.134   460014.134   460052.134
  3790:   460121.134   460158.134   460200.134   460250.134   460297.134
  3795:   460336.134   460369.134   460408.134   460445.134   460481.134
  3800:   460519.134   460565.134   460602.134   460646.134   460687.134
  3805:   460726.134   460766.134   460806.134   460845.134   460885.134
  3810:   460919.134   460969.134   461011.134   461051.134   461094.134
  3815:   461132.134   461176.134   461215.134   461254.134   461289.134
  3820:   461326.134   461363.134   461404.134   461442.134   461486.134
  3825:   461560.134   461609.134   461657.134   461703.134   461743.134
  3830:   461780.134   461815.134   461849.134   461889.134   461929.134
  3835:   462085.134   462124.134   462158.134   462194.134   462233.134
  3840:   462280.134   462329.134   462377.134   462421.134   462471.134
  3845:   462514.134   462684.134   462742.134   462803.134   463020.134
  3850:   463176.134   464477.134   464608.134   464642.134   464673.824
  3855:   464673.920   464680.411   466173.910   466175.615   470025.625
  3860:   470026.815   470402.135   470490.135   470617.135   470680.135
  3865:   470722.135   470838.135   470878.135   470921.135   470957.135
  3870:   470990.135   471096.135   471140.135   471173.135   471205.135
  3875:   471242.135   471282.135   471316.135   471348.135   471394.135
  3880:   471435.135   471503.135   471545.135   471619.135   471656.135
  3885:   471692.135   471727.135   471810.135   471848.135   471886.135
  3890:   471921.135   471939.135   471977.135   472015.135   472051.135
  3895:   472087.135   472119.135   472156.135   472191.135   472224.135
  3900:   472260.135   472305.135   472348.135   472387.135   472430.135
  3905:   472468.135   472504.135   472546.135   472588.135   472627.135
  3910:   472748.135   472785.135   472832.135   472913.135   472952.135
  3915:   472995.135   473043.135   473080.135   473133.135   473171.135
  3920:   473222.135   473261.135   473300.135   473343.135   473387.135
  3925:   473430.135   473475.135   473539.135   473581.135   473625.135
  3930:   473665.135   473708.135   473759.135   473807.135   473860.135
  3935:   473984.135   474029.135   474310.135   474317.135   474368.135
  3940:   474462.135   474708.135   474715.135   475312.135   475358.135
  3945:   475852.135   476000.135   476258.135   477502.135   477557.135
  3950:   477663.135   477726.825   477726.920   479226.910   479228.612
  3955:   480628.622   480629.712   480779.122   481071.122   481122.122
  3960:   481166.122   481203.122   481237.122   481272.122   481344.122
  3965:   481378.122   481416.122   481479.122   481512.122   481542.122
  3970:   481572.122   481605.122   481636.122   481669.122   481732.122
  3975:   481764.122   481794.122   481828.122   481895.122   481934.122
  3980:   481971.122   482005.122   482045.722   482045.920   482045.901
  3985:   482045.092   482345.902   483845.910   483847.615   487697.625
  3990:   487698.715   488755.125   488961.125   489066.125   489132.125
  3995:   489189.125   489348.125   489390.125   489425.125   489465.125
  4000:   489510.125   489554.125   489586.125   489622.125   489657.125
  4005:   489688.125   489728.125   489767.125   489805.125   489852.125
  4010:   489885.125   489927.125   489963.125   490001.125   490071.125
  4015:   490113.125   490148.125   490179.125   490215.125   490253.125
  4020:   490288.125   490325.125   490366.125   490402.125   490436.125
  4025:   490472.125   490511.125   490545.125   490581.125   490617.125
  4030:   490691.125   490725.125   490763.125   490799.125   490833.125
  4035:   490870.125   490906.125   490945.125   490986.125   491021.125
  4040:   491055.125   491090.125   491130.125   491166.125   491205.125
  4045:   491245.125   491281.125   491324.125   491361.125   491431.125
  4050:   491467.125   491513.125   491579.725   491579.920   491579.901
  4055:   491579.095   491879.902   493379.910   493381.614   496131.624
  4060:   496132.714   497189.124   497238.124   497435.124   497470.124
  4065:   497512.124   497553.124   497746.124   497861.124   497927.124
  4070:   497956.124   497988.124   498020.124   498050.124   498083.124
  4075:   498115.124   498146.124   498177.124   498210.124   498243.124
  4080:   498278.124   498313.124   498347.124   498386.124   498421.124
  4085:   498458.124   498497.124   498533.124   498571.124   498606.124
  4090:   498645.124   498685.124   498723.124   498763.124   498801.124
  4095:   498839.124   498881.124   498922.724   498922.920   498922.901
  4100:   498922.094   499222.902   500722.910   500724.615   504574.625
  4105:   504575.815   505843.135   506392.135   506471.135   506607.135
  4110:   506798.135   506846.135   506920.135   506959.135   507005.135
  4115:   507126.135   507203.135   507242.135   507281.135   507322.135
  4120:   507338.135   507406.135   507443.135   507522.135   508013.135
  4125:   508054.135   508095.135   508139.135   508173.135   508206.135
  4130:   508240.135   508272.135   508306.135   508339.135   508370.135
  4135:   508401.135   508432.135   508463.135   508513.135   508552.135
  4140:   508585.135   508620.135   508654.135   508693.135   508797.135
  4145:   508832.135   508868.135   508913.135   508948.135   508991.135
  4150:   509025.135   509073.135   509110.135   509154.135   509191.135
  4155:   509242.135   509297.135   509374.135   509457.135   509499.135
  4160:   509544.135   509583.135   509618.135   509663.135   509775.135
  4165:   509815.135   509850.135   509884.135   509920.135   509963.135
  4170:   510002.135   510038.135   510080.135   510117.135   510155.135
  4175:   510193.135   510231.135   510274.135   510331.135   510372.135
  4180:   510416.135   510492.135   510537.135   510579.135   510615.135
  4185:   510652.135   510893.135   511080.135   511470.135   511615.135
  4190:   511718.135   511922.135   511970.135   512082.135   512190.135
  4195:   512261.135   512275.825   512275.920   513775.910   513777.613
  4200:   515727.623   515728.813   516101.133   516138.133   516171.133
  4205:   516201.133   516230.133   516263.133   516324.133   516356.133
  4210:   516394.133   516430.133   516463.133   516496.133   516528.133
  4215:   516563.133   516595.133   516628.133   516661.133   516694.133
  4220:   516761.133   516795.133   516833.133   516867.133   516905.133
  4225:   516941.133   517013.133   517052.133   517089.133   517125.133
  4230:   517162.133   517212.133   517250.133   517284.133   517359.133
  4235:   517394.133   517436.133   517476.133   517516.133   517555.133
  4240:   517598.133   517646.133   517847.133   517885.133   518125.133
  4245:   518381.133   518496.133   519380.133   519623.133   519837.133
  4250:   520002.133   520241.133   520284.133   520460.133   520528.823
  4255:   520528.920   522028.910   522030.614   524780.624   524781.714
  4260:   525868.124   525909.124   526056.124   526186.124   526367.124
  4265:   526408.124   526568.124   526610.124   526724.124   526775.124
  4270:   526816.124   526860.124   526900.124   526992.124   527022.124
  4275:   527056.124   527087.124   527117.124   527149.124   527191.124
  4280:   527226.124   527295.124   527328.124   527365.124   527401.124
  4285:   527437.124   527474.124   527510.124   527545.724   527545.920
  4290:   527545.901   527545.094   527845.902   529345.910   529347.611
  4295:   530347.621   530348.711   530983.121   531031.121   531069.121
  4300:   531182.121   531221.121   531251.121   531289.121   531315.121
  4305:   531345.121   531385.721   531385.920   531385.901   531385.091
  4310:   531685.902   533185.910   533187.615   537037.625   537038.815
  4315:   537303.135   537352.135   537469.135   537505.135   537539.135
  4320:   537605.135   537836.135   537881.135   537924.135   538012.135
  4325:   538043.135   538074.135   538116.135   538150.135   538182.135
  4330:   538224.135   538257.135   538294.135   538333.135   538368.135
  4335:   538403.135   538439.135   538474.135   538515.135   538552.135
  4340:   538593.135   538632.135   538669.135   538709.135   538747.135
  4345:   538785.135   538823.135   538864.135   538906.135   538948.135
  4350:   538991.135   539027.135   539075.135   539119.135   539203.135
  4355:   539239.135   539276.135   539312.135   539348.135   539383.135
  4360:   539423.135   539457.135   539495.135   539536.135   539578.135
  4365:   539621.135   539658.135   539705.135   539746.135   539791.135
  4370:   539836.135   539882.135   539924.135   539964.135   540010.135
  4375:   540059.135   540094.135   540137.135   540193.135   540236.135
  4380:   540331.135   540369.135   540415.135   540458.135   540493.135
  4385:   540533.135   540579.135   540620.135   540670.135   540706.135
  4390:   540746.135   540792.135   540830.135   540871.135   540920.135
  4395:   540971.135   541019.135   541074.135   541191.135   541235.135
  4400:   541411.135   541464.135   541754.135   542092.135   542131.135
  4405:   542283.135   542421.135   542505.135   542589.135   542638.135
  4410:   542746.135   542988.135   543800.135   543841.135   543897.135
  4415:   543948.135   544012.135   544044.135   544077.135   544112.135
  4420:   544140.135   544173.135   544202.135   544232.135   544269.135
  4425:   544300.135   544331.135   544365.135   544398.135   544429.135
  4430:   544460.135   544492.135   544558.135   544595.135   544625.135
  4435:   544658.135   544689.135   544723.135   544738.825   544738.920
  4440:   546238.910   546240.611   547240.621   547241.711   547743.121
  4445:   547842.121   547873.121   547904.121   547935.121   547969.121
  4450:   547999.121   548028.121   548058.121   548092.121   548124.121
  4455:   548156.121   548189.121   548219.121   548254.721   548254.920
  4460:   548254.901   548254.091   548554.902   550054.910   550056.615
  4465:   553906.625   553907.815   555299.135   555403.135   555418.135
  4470:   555694.135   555747.135   555824.135   555894.135   555929.135
  4475:   555966.135   556004.135   556039.135   556075.135   556109.135
  4480:   556148.135   556182.135   556223.135   556269.135   556303.135
  4485:   556342.135   556386.135   556424.135   556462.135   556538.135
  4490:   556572.135   556614.135   556693.135   556730.135   556765.135
  4495:   556805.135   556855.135   556896.135   556933.135   556980.135
  4500:   557023.135   557064.135   557104.135   557146.135   557183.135
  4505:   557225.135   557302.135   557347.135   557428.135   557466.135
  4510:   557520.135   557559.135   557599.135   557635.135   557675.135
  4515:   557715.135   557796.135   557835.135   557876.135   557915.135
  4520:   557957.135   557993.135   558027.135   558064.135   558104.135
  4525:   558143.135   558179.135   558230.135   558269.135   558311.135
  4530:   558360.135   558407.135   558484.135   558524.135   558565.135
  4535:   558604.135   558938.135   559351.135   559554.135   559737.135
  4540:   560232.135   560348.135   560705.135   561607.825   561607.920
  4545:   563107.910   563109.614   565859.624   565860.814   566862.134
  4550:   566988.134   567042.134   567237.134   567272.134   567314.134
  4555:   567352.134   567387.134   567430.134   567478.134   567568.134
  4560:   567636.134   567673.134   567701.134   567736.134   567798.134
  4565:   567828.134   567857.134   567888.134   567921.134   567952.134
  4570:   567987.134   568050.134   568082.134   568116.134   568147.134
  4575:   568183.134   568253.134   568291.134   568329.134   568364.134
  4580:   568397.134   568427.134   568461.134   568497.134   568530.134
  4585:   568566.134   568602.134   568641.134   568679.134   568757.134
  4590:   568791.134   568831.134   568873.134   568915.134   568950.134
  4595:   569031.134   569082.134   569122.134   569165.134   569208.134
  4600:   569287.134   569335.134   569420.134   569460.134   569506.134
  4605:   569550.134   569591.134   569627.134   569668.134   569832.134
  4610:   570099.134   570897.134   570947.134   571138.134   571185.134
  4615:   571292.134   571338.134   571577.134   571660.824   571660.920
  4620:   573160.910   573162.615   577012.625   577013.715   577601.125
  4625:   578629.125   578977.125   579131.125   579226.125   579273.125
  4630:   579521.125   579755.125   579806.125   579848.125   579881.125
  4635:   579917.125   579968.125   580009.125   580065.125   580102.125
  4640:   580139.125   580179.125   580221.125   580257.125   580293.125
  4645:   580333.125   580368.125   580402.125   580438.125   580474.125
  4650:   580511.125   580549.125   580589.125   580635.125   580671.125
  4655:   580709.125   580745.125   580781.125   580822.125   580861.125
  4660:   580901.725   580901.920   580901.901   580901.095   581201.902
  4665:   582701.910   582703.611   583703.621   583704.711   583908.121
  4670:   584272.121   584450.121   584506.121   584592.121   584627.121
  4675:   584654.121   584686.121   584724.721   584724.920   584724.901
  4680:   584724.091   585024.902   586524.910   586526.611   587526.621
  4685:   587527.711   587761.121   587790.121   587818.121   587847.121
  4690:   587881.121   587911.121   587941.121   587970.121   588004.121
  4695:   588035.121   588078.121   588110.121   588142.121   588173.121
  4700:   588203.121   588276.121   588310.121   588341.121   588373.121
  4705:   588406.121   588439.121   588472.121   588524.121   588558.721
  4710:   588558.920   588558.901   588558.091   588858.902   590358.910
  4715:   590360.613   592310.623   592311.713   592867.123   592943.123
  4720:   593128.123   593161.123   593190.123   593231.123   593268.123
  4725:   593305.123   593509.123   593544.123   593574.123   593607.123
  4730:   593640.123   593678.123   593716.123   593751.123   593785.123
  4735:   593817.123   593856.123   593892.123   593931.123   593964.123
  4740:   593999.123   594039.123   594080.123   594115.123   594151.123
  4745:   594188.123   594224.123   594263.723   594263.920   594263.901
  4750:   594263.093   594563.902   596063.910   596065.615   599915.625
  4755:   599916.715   600725.125   600834.125   601097.125   601135.125
  4760:   601243.125   601409.125   601448.125   601527.125   601567.125
  4765:   601611.125   601722.125   601756.125   601846.125   601879.125
  4770:   601919.125   601960.125   602005.125   602088.125   602128.125
  4775:   602165.125   602211.125   602258.125   602342.125   602394.125
  4780:   602434.125   602475.125   602515.125   602553.125   602629.125
  4785:   602666.125   602702.125   602776.125   602813.125   602850.125
  4790:   602886.125   602921.125   602957.125   603014.125   603052.125
  4795:   603085.125   603122.125   603162.125   603199.125   603237.125
  4800:   603317.125   603355.125   603392.125   603430.125   603472.125
  4805:   603513.125   603590.125   603628.125   603660.125   603695.125
  4810:   603727.125   603765.125   603808.725   603808.920   603808.901
  4815:   603808.095   604108.902   605608.910   605610.613   607560.623
  4820:   607561.713   608084.123   608232.123   608267.123   608316.123
  4825:   608443.123   608484.123   608528.123   608568.123   608603.123
  4830:   608635.123   608669.123   608706.123   608738.123   608770.123
  4835:   608800.123   608833.123   608865.123   608898.123   608930.123
  4840:   608964.123   609032.123   609067.123   609101.123   609173.123
  4845:   609212.123   609247.123   609284.123   609324.123   609363.123
  4850:   609439.123   609476.123   609514.723   609514.920   609514.901
  4855:   609514.093   609814.902   611314.910   611316.613   613266.623
  4860:   613267.713   613748.123   613828.123   613866.123   613906.123
  4865:   613937.123   613974.123   614011.123   614047.123   614092.123
  4870:   614130.123   614162.123   614197.123   614229.123   614260.123
  4875:   614301.123   614332.123   614362.123   614395.123   614430.123
  4880:   614464.123   614500.123   614536.123   614570.123   614605.123
  4885:   614640.123   614680.123   614717.123   614754.123   614791.123
  4890:   614864.123   614904.123   614941.123   614980.123   615019.123
  4895:   615098.123   615190.123   615226.723   615226.920   615226.901
  4900:   615226.093   615526.902   617026.910   617028.613   618978.623
  4905:   618979.713   619202.123   619236.123   619270.123   619303.123
  4910:   619335.123   619370.123   619409.123   619453.123   619490.123
  4915:   619521.123   619568.123   619604.123   619636.123   619673.123
  4920:   619717.123   619752.123   619786.123   619823.123   619858.123
  4925:   619890.123   619926.123   619963.123   620000.123   620035.123
  4930:   620073.123   620112.123   620148.123   620224.123   620263.123
  4935:   620298.123   620333.123   620369.123   620404.123   620512.123
  4940:   620548.123   620585.123   620620.123   620657.123   620735.123
  4945:   620772.123   620808.123   620844.123   620882.123   620922.123
  4950:   620963.723   620963.920   620963.901   620963.093   621263.902
  4955:   622763.910   622765.614   625515.624   625516.714   626902.124
  4960:   627087.124   627194.124   627227.124   627305.124   627352.124
  4965:   627468.124   627499.124   627544.124   627573.124   627610.124
  4970:   627648.124   627682.124   627800.124   627843.124   627872.124
  4975:   627956.124   627992.124   628032.124   628119.124   628152.124
  4980:   628195.124   628242.124   628278.724   628278.920   628278.901
  4985:   628278.094   628578.902   630078.910   630080.613   632030.623
  4990:   632031.713   632441.123   632534.123   632570.123   632611.123
  4995:   632802.123   632899.123   632941.123   633009.123   633052.123
  5000:   633095.123   633144.123   633179.123   633225.123   633268.123
  5005:   633305.123   633351.123   633391.123   633437.123   633543.123
  5010:   633586.123   633623.123   633711.123   633746.123   633782.123
  5015:   633820.123   633859.123   633896.123   633933.123   633972.123
  5020:   634011.723   634011.920   634011.901   634011.093   634311.902
  5025:   635811.910   635813.614   638563.624   638564.714   640424.124
  5030:   641142.124   641376.724   641376.920   641376.901   641376.094
  5035:   641676.902   643176.910   643178.613   645128.623   645129.713
  5040:   645250.123   645552.123   645620.123   645704.123   645747.123
  5045:   645787.123   645812.123   645897.123   645928.123   645971.123
  5050:   646011.123   646048.123   646089.123   646134.123   646172.123
  5055:   646251.123   646293.123   646334.123   646374.123   646460.123
  5060:   646500.123   646542.123   646617.123   646657.123   646695.123
  5065:   646733.123   646771.123   646807.123   646885.123   646924.123
  5070:   646962.123   647001.123   647039.123   647076.123   647117.723
  5075:   647117.920   647117.901   647117.093   647417.902   648917.910
  5080:   648919.614   651669.624   651670.714   652455.124   652557.124
  5085:   652727.124   652758.124   652799.124   652837.124   652875.124
  5090:   652951.124   652994.124   653038.124   653073.124   653118.124
  5095:   653176.124   653210.124   653254.124   653296.124   653335.124
  5100:   653367.124   653399.124   653437.124   653471.124   653507.124
  5105:   653544.124   653579.124   653614.124   653684.124   653728.124
  5110:   653764.124   653801.124   653836.124   653917.124   653960.124
  5115:   654039.124   654073.124   654114.124   654154.124   654193.124
  5120:   654232.124   654272.124   654314.124   654355.124   654413.124
  5125:   654461.724   654461.920   654461.901   654461.094   654761.902
  5130:   656261.910   656263.613   658213.623   658214.713   659692.123
  5135:   659733.123   659823.123   659867.123   659947.123   660271.723
  5140:   660271.920   660271.901   660271.093   660571.902   662071.910
  5145:   662073.614   664823.624   664824.714   665529.124   665541.124
  5150:   665724.124   665823.124   665856.124   665897.124   665928.124
  5155:   665965.124   666042.124   666072.124   666113.124   666150.124
  5160:   666189.124   666305.124   666337.124   666376.124   666414.124
  5165:   666497.124   666540.124   666662.124   666694.124   666730.124
  5170:   666767.124   666868.124   666902.124   666940.124   666979.124
  5175:   667018.124   667090.124   667132.124   667173.124   667214.124
  5180:   667253.124   667293.124   667332.124   667372.124   667411.124
  5185:   667452.124   667492.124   667573.124   667610.724   667610.920
  5190:   667610.901   667610.094   667910.902   669410.910   669412.614
  5195:   672162.624   672163.714   672662.124   672803.124   672814.124
  5200:   672907.124   672953.124   673031.124   673141.124   673176.124
  5205:   673209.124   673253.124   673292.124   673330.124   673368.124
  5210:   673410.124   673453.124   673497.124   673536.124   673577.124
  5215:   673624.124   673656.124   673701.124   673745.124   673779.124
  5220:   673819.124   673862.124   673906.124   673942.124   673986.124
  5225:   674032.124   674076.124   674120.124   674162.124   674207.124
  5230:   674245.124   674283.124   674328.124   674374.124   674413.124
  5235:   674453.124   674539.124   674586.124   674628.124   674669.124
  5240:   674707.124   674748.124   674791.124   674836.124   674880.124
  5245:   674919.724   674919.920   674919.901   674919.094   675219.902
  5250:   676719.910   676721.611   677721.621   677722.711   677906.121
  5255:   678035.121   678066.121   678098.121   678130.121   678162.121
  5260:   678202.121   678243.121   678275.121   678309.121   678342.121
  5265:   678376.121   678410.121   678443.121   678510.121   678579.121
  5270:   678614.121   678654.121   678687.121   678724.721   678724.920
  5275:   678724.901   678724.091   679024.902   680524.910   680526.612
  5280:   681926.622   681927.712   682365.122   682402.122   682432.122
  5285:   682462.122   682492.122   682523.122   682553.122   682584.122
  5290:   682649.122   682680.122   682713.122   682747.122   682780.122
  5295:   682815.122   682850.122   682887.122   682960.122   682994.122
  5300:   683031.122   683068.122   683105.122   683142.122   683180.122
  5305:   683217.122   683250.122   683293.122   683381.722   683381.920
  5310:   683381.901   683381.092   683681.902   685181.910   685183.614
  5315:   687933.624   687934.714   688382.124   688479.124   688524.124
  5320:   688570.124   688643.124   688684.124   688760.124   688837.124
  5325:   688866.124   688901.124   688933.124   688970.124   689009.124
  5330:   689046.124   689085.124   689123.124   689156.124   689191.124
  5335:   689225.124   689260.124   689295.124   689329.124   689365.124
  5340:   689437.124   689473.124   689511.124   689554.124   689592.124
  5345:   689627.124   689702.124   689740.124   689774.124   689810.124
  5350:   689848.124   689881.124   689920.124   689957.124   690043.124
  5355:   690081.124   690121.124   690159.124   690195.124   690234.124
  5360:   690309.124   690350.124   690429.124   690463.124   690497.124
  5365:   690533.124   690568.124   690606.124   690679.124   690717.724
  5370:   690717.920   690717.901   690717.094   691017.902   692517.910
  5375:   692519.612   693919.622   693920.712   694345.122   694454.122
  5380:   694487.122   694521.122   694561.122   694592.122   694664.122
  5385:   694696.122   694729.122   694794.122   694826.122   694858.122
  5390:   694893.122   694928.122   694964.122   695000.122   695037.122
  5395:   695075.122   695113.122   695151.122   695189.122   695234.122
  5400:   695309.122   695345.722   695345.920   695345.901   695345.092
  5405:   695645.902   697145.910   697147.611   698147.621   698148.711
  5410:   698467.121   698505.121   698539.121   698649.121   698683.121
  5415:   698714.121   698744.121   698774.121   698812.121   698842.121
  5420:   698880.121   698918.121   698954.121   698986.121   699019.121
  5425:   699051.121   699085.121   699118.121   699154.721   699154.920
  5430:   699154.901   699154.091   699454.902   700954.910   700956.612
  5435:   702356.622   702357.712   702978.122   703136.122   703240.122
  5440:   703286.122   703361.122   703404.122   703513.122   703548.122
  5445:   703624.122   703654.122   703687.122   703726.122   703762.722
  5450:   703762.920   703762.901   703762.092   704062.902   705562.910
  5455:   705564.614   708314.624   708315.714   708481.124   708624.124
  5460:   708655.124   708696.124   708737.124   708774.124   708848.124
  5465:   708929.124   708968.124   709049.124   709086.124   709128.124
  5470:   709167.124   709250.124   709287.124   709326.124   709362.124
  5475:   709401.124   709441.124   709479.124   709512.124   709554.124
  5480:   709597.124   709638.124   709674.124   709709.124   709748.124
  5485:   709796.124   709869.124   709908.124   709944.124   709980.124
  5490:   710016.124   710055.124   710100.124   710135.124   710172.124
  5495:   710209.124   710251.124   710290.124   710328.124   710368.124
  5500:   710409.124   710445.124   710480.124   710521.124   710562.124
  5505:   710595.124   710634.124   710672.124   710711.124   710757.124
  5510:   710798.124   710833.124   710871.124   710909.124   710949.124
  5515:   710988.124   711026.124   711062.124   711097.724   711097.920
  5520:   711097.901   711097.094   711397.902   712897.910   712899.615
  5525:   716749.625   716750.715   717353.125   717423.125   717519.125
  5530:   717567.125   717616.125   717771.125   717799.125   717841.125
  5535:   717884.125   717933.125   717974.125   718020.125   718060.125
  5540:   718102.125   718149.125   718221.125   718263.125   718345.125
  5545:   718380.125   718418.125   718462.125   718495.125   718542.125
  5550:   718632.125   718663.125   718696.125   718739.125   718776.125
  5555:   718821.125   718862.125   718901.125   718938.125   718977.125
  5560:   719015.125   719052.125   719111.125   719151.125   719192.125
  5565:   719233.125   719305.125   719344.125   719386.125   719425.125
  5570:   719462.125   719500.125   719540.125   719582.125   719627.125
  5575:   719668.125   719751.125   719790.125   719825.125   719860.125
  5580:   719895.125   719929.125   719967.125   720005.125   720054.125
  5585:   720135.125   720173.125   720215.125   720255.125   720333.125
  5590:   720375.125   720412.125   720450.125   720487.125   720529.125
  5595:   720575.125   720615.725   720615.920   720615.901   720615.095
  5600:   720915.902   722415.910   722417.615   726267.625   726268.715
  5605:   727208.125   727593.125   727606.125   727787.125   727883.125
  5610:   727937.125   728062.125   728132.125   728176.125   728303.125
  5615:   728346.125   728386.125   728466.125   728499.125   728542.125
  5620:   728585.125   728630.125   728673.125   728716.125   728764.125
  5625:   728809.125   728845.125   728891.125   728948.125   728983.125
  5630:   729027.125   729072.125   729110.125   729148.125   729188.125
  5635:   729230.125   729271.125   729315.125   729357.125   729403.125
  5640:   729444.125   729483.125   729525.125   729565.125   729615.125
  5645:   729661.125   729699.125   729748.125   729793.125   729834.125
  5650:   729875.125   729915.125   729957.125   729996.125   730075.125
  5655:   730115.125   730154.725   730154.920   730154.901   730154.095
  5660:   730454.902   731954.910   731956.615   735806.625   735807.715
  5665:   737046.125   737309.125   737448.125   737537.125   737571.125
  5670:   737662.125   737803.125   737845.125   737886.125   737926.125
  5675:   737967.125   738013.125   738045.125   738088.125   738129.125
  5680:   738220.125   738258.125   738293.125   738327.125   738371.125
  5685:   738415.125   738450.125   738498.125   738618.125   738658.125
  5690:   738695.125   738731.125   738767.125   738804.125   738841.125
  5695:   738876.125   738913.125   738952.125   738989.125   739026.125
  5700:   739064.125   739103.125   739146.125   739183.125   739221.125
  5705:   739259.125   739296.125   739333.125   739380.125   739417.125
  5710:   739455.125   739496.125   739538.125   739583.125   739624.125
  5715:   739668.725   739668.920   739668.901   739668.095   739968.902
  5720:   741468.910   741470.614   744220.624   744221.714   745400.124
  5725:   745533.124   745637.124   745681.124   745820.124   745860.124
  5730:   745897.124   745938.124   746094.124   746124.124   746157.124
  5735:   746187.124   746224.124   746255.124   746289.124   746322.124
  5740:   746359.124   746392.124   746431.124   746466.124   746504.124
  5745:   746541.124   746576.124   746615.124   746650.124   746686.124
  5750:   746722.124   746761.124   746840.124   746880.124   746916.124
  5755:   746956.124   746994.724   746994.920   746994.901   746994.094
  5760:   747294.902   747294.902   747294.005   747294.006   747294.007
  5765:   747294.020
D:
     0:        0.000        0.000        0.000        0.000        0.000
     5:        0.000        0.000        0.000        0.000        0.000
    10:        0.000        0.000        0.000        0.000        0.000
    15:        0.000        0.000        0.000        0.000        0.000
    20:        0.000        0.000        0.000        0.000        0.000
    25:        0.000        2.000        0.000        0.000        0.000
    30:        0.000        0.000        0.000        0.000        0.000
    35:        0.000
F:
     0:       10.000       10.000       10.000       10.000       10.000
     5:       10.000       10.000       10.000       10.000       14.000
    10:       14.000       14.000       14.000       14.000       14.000
    15:       14.000       14.000       14.000       14.000       14.000
    20:       14.000       19.500       19.500       19.500       19.500
    25:       19.500       19.500       19.500       19.500       19.500
    30:       19.500       19.500       19.500       19.500       19.500
    35:       19.500       27.500       27.500       27.500       27.500
    40:       27.500       27.500       27.500       27.500       27.500
    45:       27.500       27.500       27.500       27.500       27.500
    50:       27.500       27.500       27.500       27.500       38.500
    55:       38.500       38.500       38.500       38.500       38.500
    60:       38.500       38.500       38.500       38.500       38.500
    65:       38.500       38.500       38.500       38.500       38.500
    70:       38.500       38.500       38.500       38.500       38.500
    75:       20.000       20.000       20.000       28.000       28.000
    80:       28.000       28.000       39.000       39.000       39.000
    85:       39.000       39.000       55.000       55.000       55.000
    90:       55.000       55.000       55.000       77.000       77.000
    95:       77.000       77.000       77.000       77.000       77.000
I:
     0:       75.000        0.000        0.000
M:
     0:        9.000       12.000       15.000       18.000       21.000
     5:        3.000        4.000        5.000        6.000        7.000
    10:      100.000
N:
     0:       12.000       16.000       20.000       24.000       28.000
     5:        0.000
Q:
     0:        9.000       12.000       15.000       18.000       21.000
     5:        0.000
V:
     0:        0.000        0.000        0.000        0.000        0.000
     5:      153.000      308.000      448.000      710.000     1350.000
    10:      225.000      261.000      361.000      508.000      684.000
    15:        0.000
