File: C:\MED-PC IV\DATA\M_PEAK_LP21P105


Start Date: 10/09/17
End Date: 10/09/17
Subject: P105
Experiment: IF-PICO
Group: 0
Box: 6
Start Time:  9:32:52
End Time: 11:37:49
MSN: Multiple_PeakLP2
B:       0.000
C:       0.000
E:    3663.000
G:      27.500
H:    2750.000
J:       0.000
K:       0.000
L:       0.000
O:       0.000
P:       0.000
R:       0.000
S:       0.000
T:  749702.000
U:       0.000
W:       0.000
X:       0.000
Y:       0.000
Z:       0.000
A:
     0:        0.010      500.910      502.612     1902.622     1903.712
     5:     3322.722     3322.920     3322.901     3322.092     3622.902
    10:     5122.910     5124.614     7874.624     7875.714     8187.124
    15:     8251.124     8263.124     8303.124     8344.124     8381.124
    20:     8417.124     8455.124     8550.124     8598.124     8608.124
    25:     8642.124     8691.124     8731.124     8857.124     8934.124
    30:     8998.124     9012.124     9075.124     9166.124     9344.124
    35:     9362.124     9460.124     9579.124     9617.124     9664.124
    40:     9756.124     9845.124     9856.124     9928.124     9943.124
    45:    10131.124    10139.124    10150.124    10217.124    10229.124
    50:    10244.124    10259.124    10273.124    10346.124    10402.124
    55:    10454.124    10574.124    10656.724    10656.920    10656.901
    60:    10656.094    10956.902    12456.910    12458.615    16308.625
    65:    16309.715    16420.125    16461.125    16497.125    16535.125
    70:    16566.125    16601.125    16648.125    16736.125    16841.125
    75:    16924.125    16938.125    16968.125    17041.125    17070.125
    80:    17118.125    17202.125    17323.125    17361.125    17510.125
    85:    17570.125    17644.125    17654.125    17690.125    17749.125
    90:    17991.125    18001.125    18048.125    18103.125    18155.125
    95:    18164.125    18211.125    18259.125    18276.125    18315.125
   100:    18413.125    18547.125    18616.125    18701.125    18716.125
   105:    18733.125    18753.125    18826.125    18937.125    18989.125
   110:    19136.125    19190.125    19226.125    19449.125    19465.125
   115:    19478.125    19570.125    19583.125    19599.125    19708.125
   120:    19717.125    19727.125    19872.125    19920.125    19968.125
   125:    19983.125    20019.125    20070.125    20084.125    20134.125
   130:    20191.725    20191.920    20191.901    20191.095    20491.902
   135:    21991.910    21993.611    22993.621    22994.811    23176.131
   140:    23218.131    23266.131    23314.131    23396.131    23442.131
   145:    23447.131    23525.131    23564.131    23604.131    23682.131
   150:    23694.131    23828.131    23841.131    23892.131    23965.131
   155:    24018.131    24038.131    24115.131    24136.131    24356.131
   160:    24473.131    24655.131    24712.131    24743.131    24983.131
   165:    25022.131    25034.131    25143.131    25157.131    25295.131
   170:    25329.131    25368.131    25425.131    25508.131    25522.131
   175:    25648.131    25699.131    25713.131    25800.131    25928.131
   180:    25940.131    26001.131    26093.131    26099.131    26106.131
   185:    26227.131    26269.131    26353.131    26362.131    26407.131
   190:    26420.131    26491.131    26494.821    26494.920    26541.411
   195:    26554.411    26565.411    26577.411    27994.910    27996.611
   200:    28996.621    28997.711    29278.121    29318.121    29359.121
   205:    29393.121    29441.121    29572.121    29619.121    29833.121
   210:    30065.721    30065.920    30065.901    30065.091    30365.902
   215:    31865.910    31867.613    33817.623    33818.713    33935.123
   220:    34013.123    34091.123    34212.123    34225.123    34301.123
   225:    34353.123    34528.123    34542.123    34592.123    34805.123
   230:    35102.123    35212.123    35286.123    35323.123    35374.123
   235:    35426.123    35595.123    35645.123    35830.723    35830.920
   240:    35830.901    35830.093    36130.902    37630.910    37632.611
   245:    38632.621    38633.811    38890.131    38965.131    38997.131
   250:    39050.131    39093.131    39134.131    39184.131    39299.131
   255:    39425.131    39465.131    39487.131    39540.131    39573.131
   260:    39618.131    39764.131    39814.131    39903.131    39917.131
   265:    40063.131    40079.131    40093.131    40215.131    40265.131
   270:    40361.131    40413.131    40431.131    40484.131    40521.131
   275:    40586.131    40592.131    40602.131    40724.131    40733.131
   280:    40788.131    41014.131    41031.131    41129.131    41146.131
   285:    41220.131    41233.131    41305.131    41336.131    41489.131
   290:    41499.131    41543.131    41558.131    41612.131    41804.131
   295:    41813.131    41926.131    41963.131    42123.131    42133.821
   300:    42133.920    42135.411    42155.411    43633.910    43635.611
   305:    44635.621    44636.811    44807.131    44844.131    44883.131
   310:    44932.131    44974.131    45015.131    45111.131    45150.131
   315:    45240.131    45350.131    45455.131    45559.131    45572.131
   320:    45697.131    45775.131    45990.131    46047.131    46064.131
   325:    46151.131    46295.131    46334.131    46485.131    46503.131
   330:    46626.131    46667.131    46727.131    46742.131    46818.131
   335:    46830.131    46877.131    46892.131    46973.131    47101.131
   340:    47141.131    47153.131    47232.131    47289.131    47492.131
   345:    47508.131    47752.131    47791.131    47910.131    47956.131
   350:    47969.131    48078.131    48128.131    48136.821    48136.920
   355:    49636.910    49638.612    51038.622    51039.812    51481.132
   360:    51524.132    51567.132    51612.132    51653.132    51697.132
   365:    51740.132    51745.132    51827.132    51861.132    51951.132
   370:    51964.132    52055.132    52066.132    52081.132    52133.132
   375:    52264.132    52397.132    52433.132    52448.132    52581.132
   380:    52592.132    52759.132    52771.132    52890.132    53083.132
   385:    53115.132    53133.132    53170.132    53378.132    53491.132
   390:    53539.132    53734.132    53813.132    53945.132    54350.132
   395:    54395.132    54408.132    54441.132    54487.132    54581.132
   400:    54799.132    54902.132    55039.822    55039.920    56539.910
   405:    56541.611    57541.621    57542.711    57718.121    57767.121
   410:    57869.121    57909.121    57946.121    58118.121    58204.121
   415:    58239.121    58274.121    58391.121    58429.121    58446.121
   420:    58573.721    58573.920    58573.901    58573.091    58873.902
   425:    60373.910    60375.613    62325.623    62326.813    62491.133
   430:    62630.133    62719.133    62809.133    62840.133    62959.133
   435:    63008.133    63134.133    63184.133    63397.133    63409.133
   440:    63465.133    63500.133    63578.133    63593.133    63669.133
   445:    63834.133    63886.133    63922.133    63939.133    63985.133
   450:    64470.133    64513.133    64523.133    64541.133    64662.133
   455:    64711.133    64721.133    64847.133    64863.133    64916.133
   460:    64988.133    65002.133    65272.133    65373.133    65660.133
   465:    65673.133    65745.133    65789.133    65827.133    65871.133
   470:    65879.133    66117.133    66174.133    66188.133    66249.133
   475:    67126.823    67126.920    68626.910    68628.614    71378.624
   480:    71379.714    71844.124    71887.124    71931.124    72048.124
   485:    72284.124    72440.124    72454.124    72576.124    72589.124
   490:    72639.124    72765.124    72940.124    73031.124    73069.124
   495:    73106.124    73264.124    73302.124    73318.124    73354.124
   500:    73476.124    73490.124    73683.124    73717.124    73994.124
   505:    74032.124    74038.124    74051.124    74065.124    74209.724
   510:    74209.920    74209.901    74209.094    74509.902    76009.910
   515:    76011.613    77961.623    77962.813    78301.133    78342.133
   520:    78382.133    78536.133    78774.133    79000.133    79037.133
   525:    79054.133    79079.133    79127.133    79252.133    79292.133
   530:    79299.133    79484.133    79536.133    79629.133    79676.133
   535:    79688.133    79722.133    79869.133    79881.133    79949.133
   540:    80043.133    80055.133    80094.133    80336.133    80439.133
   545:    80493.133    80505.133    80637.133    80743.133    80782.133
   550:    80799.133    81094.133    81134.133    81147.133    81160.133
   555:    81200.133    81208.133    81293.133    81339.133    81380.133
   560:    81652.133    81740.133    81756.133    81890.133    81904.133
   565:    81943.133    82035.133    82053.133    82091.133    82197.133
   570:    82257.133    82322.133    82762.823    82762.920    84262.910
   575:    84264.614    87014.624    87015.714    87386.124    87434.124
   580:    87569.124    87714.124    87799.124    87817.124    87866.124
   585:    88072.124    88112.124    88285.124    88315.124    88353.124
   590:    88420.124    88576.124    88628.124    88842.124    88883.124
   595:    89028.124    89163.124    89174.124    89214.124    89251.124
   600:    89268.124    89471.124    89523.124    89539.124    89739.124
   605:    89786.724    89786.920    89786.901    89786.094    90086.902
   610:    91586.910    91588.614    94338.624    94339.814    95515.134
   615:    95584.134    95638.134    95824.134    95863.134    95904.134
   620:    95944.134    96161.134    96202.134    96369.134    96485.134
   625:    96526.134    96562.134    96569.134    96773.134    96784.134
   630:    96834.134    96934.134    97105.134    97117.134    97154.134
   635:    97193.134    97377.134    97415.134    97567.134    97606.134
   640:    97651.134    97756.134    97815.134    98008.134    98045.134
   645:    98083.134    98119.134    98363.134    98412.134    98543.134
   650:    98848.134    98870.134    98916.134    98999.134   100139.824
   655:   100139.920   101639.910   101641.613   103591.623   103592.813
   660:   103967.133   104026.133   104176.133   104398.133   104521.133
   665:   104742.133   104753.133   104963.133   104999.133   105006.133
   670:   105187.133   105227.133   105395.133   105554.133   105604.133
   675:   105617.133   105797.133   105840.133   105880.133   106064.133
   680:   106076.133   106308.133   106352.133   106390.133   106409.133
   685:   106509.133   106521.133   106573.133   106684.133   106738.133
   690:   106863.133   106872.133   108392.823   108392.920   109892.910
   695:   109894.612   111294.622   111295.712   111782.122   111828.122
   700:   111869.122   111915.122   112018.122   112140.122   112282.122
   705:   112322.122   112362.122   112413.122   112585.122   112599.122
   710:   112640.122   112654.122   112696.722   112696.920   112696.901
   715:   112696.092   112996.902   114496.910   114498.613   116448.623
   720:   116449.713   116608.123   116652.123   116924.123   116938.123
   725:   116987.123   117078.123   117265.123   117375.123   117414.123
   730:   117432.123   117463.123   117498.123   117514.123   117527.123
   735:   117714.123   117731.123   117770.123   117785.123   117919.123
   740:   117934.123   117966.123   118001.123   118048.123   118148.123
   745:   118205.123   118328.123   118536.723   118536.920   118536.901
   750:   118536.093   118836.902   120336.910   120338.615   124188.625
   755:   124189.815   124556.135   124603.135   124644.135   124719.135
   760:   124781.135   124821.135   124930.135   124944.135   125093.135
   765:   125106.135   125267.135   125307.135   125320.135   125512.135
   770:   125544.135   125575.135   125674.135   125708.135   125898.135
   775:   125941.135   125991.135   126007.135   126045.135   126155.135
   780:   126370.135   126403.135   126439.135   126456.135   126496.135
   785:   126653.135   126668.135   126707.135   126957.135   126972.135
   790:   127010.135   127028.135   127144.135   127184.135   127220.135
   795:   127275.135   127291.135   127424.135   127544.135   127557.135
   800:   127744.135   127777.135   127822.135   128076.135   128124.135
   805:   128248.135   128306.135   128478.135   128602.135   128671.135
   810:   128769.135   128784.135   128993.135   129012.135   129046.135
   815:   129085.135   129193.135   129204.135   129253.135   131481.135
   820:   131526.135   131575.135   131625.135   131889.825   131889.920
   825:   133389.910   133391.613   135341.623   135342.813   135553.133
   830:   135641.133   135682.133   135770.133   135911.133   135944.133
   835:   135985.133   136157.133   136366.133   136411.133   136444.133
   840:   136578.133   136633.133   136669.133   136847.133   136859.133
   845:   137107.133   137123.133   137211.133   137226.133   137378.133
   850:   137393.133   137491.133   137508.133   137615.133   137630.133
   855:   137669.133   137685.133   137727.133   137735.133   137866.133
   860:   137918.133   138077.133   138094.133   138257.133   138296.133
   865:   138529.133   138743.133   138779.133   138987.133   139042.133
   870:   139055.133   139105.133   139182.133   139229.133   140142.823
   875:   140142.920   141642.910   141644.614   144394.624   144395.814
   880:   144971.134   145014.134   145055.134   145083.134   145122.134
   885:   145172.134   145262.134   145303.134   145884.134   145931.134
   890:   145983.134   145995.134   146033.134   146144.134   146462.134
   895:   146484.134   146536.134   146805.134   146818.134   146850.134
   900:   146870.134   146903.134   146924.134   146975.134   147000.134
   905:   147074.134   147086.134   147128.134   147239.134   147293.134
   910:   147307.134   148030.134   148044.134   148127.134   148149.134
   915:   148333.134   148344.134   148390.134   148396.134   148674.134
   920:   148687.134   148726.134   148761.134   148803.134   148943.134
   925:   149001.134   149250.134   149297.134   150195.824   150195.920
   930:   151695.910   151697.611   152697.621   152698.711   153623.121
   935:   153675.121   153759.721   153759.920   153759.901   153759.091
   940:   154059.902   155559.910   155561.615   159411.625   159412.715
   945:   159734.125   159810.125   159824.125   159915.125   160044.125
   950:   160366.125   160401.125   160446.125   160510.125   160612.125
   955:   160700.125   160713.125   160749.125   160766.125   160807.125
   960:   160961.125   160973.125   161031.125   161048.125   161123.125
   965:   161163.125   161178.125   161366.125   161562.125   161759.125
   970:   161972.125   162021.125   162075.125   162115.125   162133.125
   975:   162635.125   162648.125   162693.125   162704.125   162718.125
   980:   162737.125   162978.125   162994.125   163539.725   163539.920
   985:   163539.901   163539.095   163839.902   165339.910   165341.612
   990:   166741.622   166742.712   166938.122   166981.122   167155.122
   995:   167215.122   167284.122   167296.122   167335.122   167461.122
  1000:   167501.122   167544.122   167550.122   167557.122   167672.122
  1005:   167684.122   168192.722   168192.920   168192.901   168192.092
  1010:   168492.902   169992.910   169994.613   171944.623   171945.713
  1015:   172070.123   172109.123   172142.123   172371.123   172479.123
  1020:   172612.123   172863.123   172902.123   172937.123   172943.123
  1025:   173160.123   173193.123   173204.123   173284.123   173312.123
  1030:   173331.123   173420.123   173429.123   173665.123   173700.123
  1035:   173733.123   173851.123   174176.723   174176.920   174176.901
  1040:   174176.093   174476.902   175976.910   175978.615   179828.625
  1045:   179829.715   180162.125   180224.125   180264.125   180381.125
  1050:   180468.125   180611.125   180626.125   180730.125   180774.125
  1055:   180903.125   180942.125   180986.125   181110.125   181149.125
  1060:   181472.125   181519.125   181570.125   182119.125   182202.125
  1065:   182339.125   182472.125   182514.125   182524.125   182594.125
  1070:   182691.125   182705.125   182738.125   182772.125   182791.125
  1075:   183192.125   183207.125   183292.125   183483.125   183530.125
  1080:   183545.125   183791.725   183791.920   183791.901   183791.095
  1085:   184091.902   185591.910   185593.614   188343.624   188344.714
  1090:   188624.124   188665.124   188705.124   188741.124   188773.124
  1095:   189105.124   189134.124   189248.124   189447.124   189482.124
  1100:   189736.124   189749.124   190133.124   190185.124   190220.124
  1105:   190234.124   190247.124   190346.124   190358.124   190601.124
  1110:   190642.124   190694.124   190721.124   190991.124   191068.124
  1115:   191081.124   191092.124   191175.724   191175.920   191175.901
  1120:   191175.094   191475.902   192975.910   192977.612   194377.622
  1125:   194378.812   194507.132   194545.132   194586.132   194634.132
  1130:   194778.132   194792.132   194806.132   194845.132   194923.132
  1135:   194964.132   195065.132   195263.132   195421.132   195501.132
  1140:   195513.132   195553.132   195673.132   195824.132   195836.132
  1145:   195986.132   195997.132   196094.132   196239.132   196252.132
  1150:   196430.132   196537.132   196592.132   196602.132   196639.132
  1155:   196745.132   196755.132   196990.132   197004.132   197023.132
  1160:   197094.132   197220.132   197232.132   197284.132   197575.132
  1165:   197587.132   197661.132   197823.132   197834.132   197889.132
  1170:   198150.132   198162.132   198378.822   198378.920   199878.910
  1175:   199880.615   203730.625   203731.715   203930.125   203972.125
  1180:   204269.125   204604.125   204779.125   204864.125   204897.125
  1185:   205048.125   205315.125   205352.125   205517.125   205551.125
  1190:   205589.125   205598.125   205770.125   205799.125   205989.125
  1195:   206002.125   206209.125   206261.125   206293.125   206309.125
  1200:   206533.125   206585.125   206684.125   206723.125   206737.125
  1205:   206889.125   206973.125   206984.125   207024.125   207342.125
  1210:   207353.125   207385.125   207401.125   207524.125   207614.725
  1215:   207614.920   207614.901   207614.095   207914.902   209414.910
  1220:   209416.613   211366.623   211367.713   211555.123   211591.123
  1225:   211637.123   211680.123   211869.123   211881.123   211947.123
  1230:   212051.123   212078.123   212397.123   212429.123   212481.123
  1235:   212627.123   212678.123   212888.123   212921.123   213139.123
  1240:   213172.123   213283.123   213314.123   213518.723   213518.920
  1245:   213518.901   213518.093   213818.902   215318.910   215320.614
  1250:   218070.624   218071.714   219119.124   219191.124   219222.124
  1255:   219606.124   219644.124   219796.124   219839.124   219876.124
  1260:   219887.124   220030.124   220105.124   220266.124   220320.124
  1265:   220461.124   220477.124   220554.124   220931.724   220931.920
  1270:   220931.901   220931.094   221231.902   222731.910   222733.615
  1275:   226583.625   226584.715   226917.125   227691.125   227728.125
  1280:   227768.125   227812.125   228013.125   228048.125   228136.125
  1285:   228255.125   228287.125   228472.125   228655.125   228873.125
  1290:   228888.125   229082.125   229098.125   229318.125   229604.125
  1295:   229616.125   229785.125   229799.125   229996.125   230034.125
  1300:   230334.125   230433.125   230749.725   230749.920   230749.901
  1305:   230749.095   231049.902   232549.910   232551.613   234501.623
  1310:   234502.713   235453.123   235488.123   235565.123   235764.123
  1315:   235966.123   236014.123   236139.123   236174.123   236360.123
  1320:   236408.123   236667.723   236667.920   236667.901   236667.093
  1325:   236967.902   238467.910   238469.615   242319.625   242320.715
  1330:   242406.125   243019.125   243045.125   243699.125   243712.125
  1335:   243880.125   243915.125   243998.125   244287.125   244299.125
  1340:   244333.125   244560.125   244604.125   244618.125   244952.125
  1345:   244981.125   245000.125   245030.125   245059.125   245090.125
  1350:   245095.125   245270.125   245321.125   245578.125   245774.125
  1355:   245826.125   245971.125   245985.125   246187.725   246187.920
  1360:   246187.901   246187.095   246487.902   247987.910   247989.614
  1365:   250739.624   250740.714   251680.124   251885.124   251931.124
  1370:   252133.124   252520.124   252558.124   252944.124   252980.124
  1375:   253010.124   253209.124   253266.124   253627.724   253627.920
  1380:   253627.901   253627.094   253927.902   255427.910   255429.613
  1385:   257379.623   257380.713   257578.123   257745.123   257836.123
  1390:   257878.123   257936.123   258329.123   258547.123   258722.123
  1395:   259015.123   259051.123   259069.123   259258.123   259311.123
  1400:   259495.723   259495.920   259495.901   259495.093   259795.902
  1405:   261295.910   261297.615   265147.625   265148.715   265835.125
  1410:   266331.125   266433.125   266546.125   267122.125   267155.125
  1415:   267676.125   267709.125   267720.125   267830.125   267879.125
  1420:   267910.125   268137.125   268189.125   268361.125   268400.125
  1425:   268485.125   268501.125   268580.125   268727.125   268739.125
  1430:   269052.725   269052.920   269052.901   269052.095   269352.902
  1435:   270852.910   270854.612   272254.622   272255.812   272396.132
  1440:   272435.132   272560.132   272635.132   272676.132   272807.132
  1445:   272877.132   273051.132   273095.132   273107.132   273142.132
  1450:   273276.132   273295.132   273332.132   273499.132   273515.132
  1455:   273913.132   273940.132   274006.132   274061.132   274185.132
  1460:   274322.132   274366.132   274507.132   274523.132   274677.132
  1465:   274689.132   274756.132   274905.132   275101.132   275111.132
  1470:   275193.132   275263.132   276255.822   276255.920   277755.910
  1475:   277757.613   279707.623   279708.813   279848.133   279887.133
  1480:   279932.133   280286.133   280361.133   280479.133   280530.133
  1485:   280643.133   280689.133   280722.133   280729.133   280974.133
  1490:   280986.133   281244.133   281285.133   281292.133   281303.133
  1495:   281476.133   281490.133   281924.133   281937.133   282078.133
  1500:   282137.133   282371.133   282383.133   282670.133   282682.133
  1505:   282720.133   283030.133   283041.133   283242.133   283296.133
  1510:   283333.133   283341.133   283393.133   284508.823   284508.920
  1515:   286008.910   286010.613   287960.623   287961.713   288208.123
  1520:   288256.123   288339.123   288510.123   288618.123   288718.123
  1525:   288751.123   288973.123   289019.123   289164.123   289319.123
  1530:   289582.123   289708.123   289746.123   289764.123   289835.123
  1535:   289853.123   290041.723   290041.920   290041.901   290041.093
  1540:   290341.902   291841.910   291843.614   294593.624   294594.714
  1545:   295873.124   296198.124   296558.124   296611.124   296700.124
  1550:   296885.124   297038.124   297089.124   297414.724   297414.920
  1555:   297414.901   297414.094   297714.902   299214.910   299216.614
  1560:   301966.624   301967.814   302172.134   302491.134   302775.134
  1565:   303011.134   303049.134   303360.134   303496.134   303531.134
  1570:   303547.134   303697.134   303739.134   303753.134   303947.134
  1575:   303999.134   304112.134   304125.134   304276.134   304329.134
  1580:   304365.134   304443.134   304484.134   304498.134   304553.134
  1585:   304590.134   304674.134   304740.134   304866.134   304903.134
  1590:   304938.134   305184.134   305198.134   305247.134   305282.134
  1595:   305494.134   305562.134   305766.134   305903.134   305957.134
  1600:   306260.134   306384.134   306434.134   306450.134   306567.134
  1605:   306580.134   306617.134   306891.134   306945.134   307051.134
  1610:   307111.134   307121.134   307318.134   307331.134   307367.134
  1615:   307493.134   307528.134   307547.134   307589.134   307607.134
  1620:   307767.824   307767.920   309267.910   309269.615   313119.625
  1625:   313120.815   314000.135   314030.135   314074.135   314391.135
  1630:   314422.135   314617.135   315180.135   315420.135   315431.135
  1635:   315745.135   315759.135   315869.135   315904.135   315937.135
  1640:   316034.135   316236.135   316248.135   316397.135   316451.135
  1645:   316958.135   317009.135   317290.135   317445.135   317647.135
  1650:   317699.135   317717.135   317808.135   318109.135   318271.135
  1655:   318493.135   318589.135   320820.825   320820.920   322320.910
  1660:   322322.613   324272.623   324273.713   324372.123   324476.123
  1665:   324523.123   324611.123   325002.123   325096.123   325130.123
  1670:   325356.123   325397.123   325443.123   325649.123   325839.123
  1675:   325886.123   325924.123   326245.723   326245.920   326245.901
  1680:   326245.093   326545.902   328045.910   328047.615   331897.625
  1685:   331898.715   332726.125   332773.125   332830.125   332917.125
  1690:   332965.125   333125.125   333318.125   333599.125   333632.125
  1695:   333914.125   333928.125   333961.125   333979.125   334189.125
  1700:   334307.125   334320.125   334356.125   334558.125   334649.125
  1705:   334748.125   334798.125   334813.125   334856.125   334964.125
  1710:   334981.125   335234.125   335569.125   335583.125   335867.725
  1715:   335867.920   335867.901   335867.095   336167.902   337667.910
  1720:   337669.615   341519.625   341520.815   342350.135   342407.135
  1725:   342527.135   342799.135   343042.135   343721.135   343769.135
  1730:   343782.135   343980.135   344052.135   344067.135   344452.135
  1735:   344502.135   344547.135   344603.135   344615.135   344711.135
  1740:   344769.135   344967.135   344983.135   345258.135   345269.135
  1745:   345533.135   345588.135   345691.135   345827.135   345982.135
  1750:   346019.135   346077.135   346090.135   346335.135   346349.135
  1755:   346429.135   346485.135   346654.135   346703.135   346741.135
  1760:   346754.135   346852.135   346900.135   346944.135   347005.135
  1765:   347098.135   347158.135   347170.135   347221.135   347385.135
  1770:   347394.135   347435.135   347538.135   349220.825   349220.920
  1775:   350720.910   350722.615   354572.625   354573.815   354714.135
  1780:   354769.135   354969.135   355011.135   355099.135   355176.135
  1785:   355215.135   355221.135   355555.135   355616.135   355650.135
  1790:   355820.135   355852.135   356113.135   356162.135   356260.135
  1795:   356266.135   356540.135   356552.135   356598.135   356766.135
  1800:   356809.135   357020.135   357122.135   357136.135   357411.135
  1805:   357548.135   357558.135   357665.135   357929.135   357994.135
  1810:   358033.135   358093.135   358156.135   358169.135   358379.135
  1815:   358483.135   358545.135   358560.135   358644.135   358785.135
  1820:   358845.135   361254.135   361296.135   361315.135   361360.135
  1825:   361406.135   361511.135   361545.135   361683.135   361810.135
  1830:   361824.135   362234.135   362273.825   362273.920   362279.411
  1835:   362294.411   363773.910   363775.615   367625.625   367626.815
  1840:   368059.135   368162.135   368212.135   368305.135   368369.135
  1845:   368684.135   368776.135   368930.135   368983.135   369153.135
  1850:   369165.135   369181.135   369301.135   369354.135   369368.135
  1855:   369575.135   369663.135   369786.135   369801.135   370022.135
  1860:   370118.135   370330.135   370575.135   370626.135   370732.135
  1865:   370779.135   370876.135   370893.135   370994.135   371214.135
  1870:   371228.135   371276.135   371290.135   371409.135   371426.135
  1875:   371672.135   371689.135   371768.135   374466.135   374514.135
  1880:   374614.135   374706.135   374761.135   374844.135   374899.135
  1885:   374950.135   375232.135   375296.135   375326.825   375326.920
  1890:   376826.910   376828.615   380678.625   380679.815   382597.135
  1895:   382678.135   382822.135   382938.135   383194.135   383257.135
  1900:   383362.135   383486.135   383585.135   384004.135   384210.135
  1905:   384221.135   384269.135   384422.135   384483.135   384498.135
  1910:   384616.135   384629.135   384662.135   384717.135   384888.135
  1915:   384979.135   384996.135   385111.135   385191.135   385296.135
  1920:   385409.135   385420.135   385467.135   385537.135   388379.825
  1925:   388379.920   389879.910   389881.615   393731.625   393732.815
  1930:   394780.135   394831.135   394918.135   394932.135   395019.135
  1935:   395078.135   395190.135   395298.135   395611.135   395671.135
  1940:   395735.135   395859.135   395930.135   396093.135   396256.135
  1945:   396474.135   396683.135   396864.135   396923.135   396939.135
  1950:   396994.135   397060.135   397154.135   397169.135   397215.135
  1955:   397406.135   397515.135   397705.135   397750.135   398113.135
  1960:   398174.135   398227.135   399357.135   400437.135   400484.135
  1965:   400617.135   400686.135   400899.135   401089.135   401432.825
  1970:   401432.920   402932.910   402934.614   405684.624   405685.714
  1975:   405910.124   405954.124   405995.124   406011.124   406051.124
  1980:   406093.124   406236.124   406384.124   406425.124   406494.124
  1985:   406588.124   406652.124   406759.124   406773.124   406848.124
  1990:   406916.124   406941.124   407034.124   407069.124   407085.124
  1995:   407129.124   407149.124   407161.124   407250.124   407302.124
  2000:   407387.124   407421.124   407440.124   407484.124   407577.124
  2005:   407689.124   407695.124   407821.124   407838.124   407874.124
  2010:   407930.124   408055.124   408292.124   408428.124   408470.724
  2015:   408470.920   408470.901   408470.094   408770.902   410270.910
  2020:   410272.613   412222.623   412223.713   412365.123   412408.123
  2025:   412509.123   412684.123   412772.123   412858.123   412901.123
  2030:   413095.123   413109.123   413179.123   413266.123   413371.123
  2035:   413501.123   413542.123   413733.123   413779.123   413795.123
  2040:   413864.123   413878.123   413995.123   414010.123   414027.123
  2045:   414202.723   414202.920   414202.901   414202.093   414502.902
  2050:   416002.910   416004.612   417404.622   417405.712   417498.122
  2055:   417541.122   417583.122   417635.122   417686.122   417742.122
  2060:   417907.122   417921.122   417952.122   417988.122   418095.122
  2065:   418111.122   418366.122   418457.122   418473.122   418629.122
  2070:   418823.722   418823.920   418823.901   418823.092   419123.902
  2075:   420623.910   420625.615   424475.625   424476.715   424953.125
  2080:   425238.125   425680.125   425719.125   425847.125   425924.125
  2085:   426001.125   426108.125   426239.125   426322.125   426357.125
  2090:   426376.125   426477.125   426496.125   426520.125   426558.125
  2095:   426576.125   426739.125   426750.125   426817.125   426827.125
  2100:   426962.125   427047.125   427146.125   427159.125   427196.125
  2105:   427209.125   427247.125   427283.125   427788.125   427843.125
  2110:   427848.125   427863.125   427979.125   428039.125   428054.125
  2115:   428124.125   428136.125   428516.725   428516.920   428516.901
  2120:   428516.095   428816.902   430316.910   430318.614   433068.624
  2125:   433069.814   433179.134   433230.134   433274.134   433316.134
  2130:   433520.134   433602.134   433633.134   433736.134   433765.134
  2135:   433932.134   433976.134   434156.134   434229.134   434267.134
  2140:   434279.134   434308.134   434341.134   434348.134   434419.134
  2145:   434437.134   434448.134   434776.134   434978.134   434994.134
  2150:   435146.134   435275.134   435379.134   435448.134   435562.134
  2155:   435845.134   435899.134   435911.134   436031.134   436138.134
  2160:   436195.134   436207.134   436416.134   436428.134   436464.134
  2165:   436509.134   436573.134   436588.134   436637.134   436721.134
  2170:   436806.134   436819.134   436900.134   437945.134   438206.134
  2175:   438859.134   438869.824   438869.920   440369.910   440371.611
  2180:   441371.621   441372.711   441458.121   441503.121   441540.121
  2185:   441586.121   441628.121   441721.121   441893.121   441926.121
  2190:   441970.121   441994.121   442026.121   442124.121   442374.721
  2195:   442374.920   442374.901   442374.091   442674.902   444174.910
  2200:   444176.611   445176.621   445177.711   445260.121   445312.121
  2205:   445404.121   445449.121   445494.121   445527.121   445533.121
  2210:   445761.121   445803.121   445817.121   445944.121   445957.121
  2215:   445991.121   446003.121   446040.121   446140.121   446274.721
  2220:   446274.920   446274.901   446274.091   446574.902   448074.910
  2225:   448076.614   450826.624   450827.714   451630.124   451792.124
  2230:   451819.124   451847.124   451915.124   451992.124   452031.124
  2235:   452209.124   452249.124   452271.124   452314.124   452374.124
  2240:   452395.124   452419.124   452430.124   452497.124   452583.124
  2245:   452629.124   452645.124   452674.124   452905.124   453120.124
  2250:   453146.124   453162.124   453239.124   453252.124   453322.124
  2255:   453377.124   453612.724   453612.920   453612.901   453612.094
  2260:   453912.902   455412.910   455414.615   459264.625   459265.715
  2265:   459698.125   459986.125   460423.125   460726.125   460752.125
  2270:   460785.125   460792.125   460890.125   461120.125   461145.125
  2275:   461313.125   461324.125   461490.125   461527.125   461615.125
  2280:   461682.125   461815.125   461852.125   461890.125   461908.125
  2285:   462023.125   462033.125   462074.125   462313.125   462328.125
  2290:   462432.125   462546.125   462590.125   462668.125   462709.125
  2295:   462848.125   462886.125   462899.125   463151.725   463151.920
  2300:   463151.901   463151.095   463451.902   464951.910   464953.615
  2305:   468803.625   468804.715   469061.125   470176.125   470596.125
  2310:   470606.125   470828.125   471064.125   471250.125   471338.125
  2315:   471483.125   471533.125   471747.125   471776.125   472020.125
  2320:   472071.125   472088.125   472123.125   472300.125   472344.125
  2325:   472363.125   472500.125   472530.125   472546.125   472662.725
  2330:   472662.920   472662.901   472662.095   472962.902   474462.910
  2335:   474464.614   477214.624   477215.814   478797.134   478850.134
  2340:   479425.134   479636.134   479872.134   480091.134   480130.134
  2345:   480298.134   480338.134   480576.134   480636.134   480784.134
  2350:   480866.134   481052.134   481067.134   481100.134   481106.134
  2355:   481115.134   481219.134   481442.134   481517.134   481531.134
  2360:   481566.134   481594.134   481748.134   481790.134   481803.134
  2365:   481880.134   481890.134   481970.134   482102.134   482181.134
  2370:   482192.134   482225.134   482281.134   482471.134   482584.134
  2375:   482599.134   482803.134   483015.824   483015.920   484515.910
  2380:   484517.614   487267.624   487268.814   488033.134   488262.134
  2385:   488672.134   488708.134   488752.134   488848.134   489037.134
  2390:   489119.134   489233.134   489420.134   489463.134   489612.134
  2395:   489630.134   489721.134   489760.134   489770.134   489954.134
  2400:   489983.134   490093.134   490229.134   490240.134   490409.134
  2405:   490495.134   490529.134   490667.134   490750.134   490788.134
  2410:   490962.134   491011.134   491056.134   491065.134   491137.134
  2415:   491152.134   491254.134   491346.134   491358.134   492241.134
  2420:   492643.134   492789.134   493068.824   493068.920   494568.910
  2425:   494570.615   498420.625   498421.715   498556.125   498726.125
  2430:   498801.125   499084.125   499119.125   499298.125   499308.125
  2435:   499343.125   499560.125   499793.125   499836.125   499954.125
  2440:   500065.125   500095.125   500179.125   500195.125   500228.125
  2445:   500436.125   500446.125   500552.125   500804.125   500835.125
  2450:   500963.125   501079.125   501223.125   501266.125   501296.125
  2455:   501313.125   501324.125   501431.125   501480.125   501601.125
  2460:   501678.125   501692.125   501728.125   501900.125   501916.125
  2465:   501964.125   502226.125   502239.125   502424.725   502424.920
  2470:   502424.901   502424.095   502724.902   504224.910   504226.613
  2475:   506176.623   506177.713   506326.123   506696.123   506793.123
  2480:   506801.123   506931.123   506979.123   507010.123   507113.123
  2485:   507162.123   507196.123   507208.123   507287.123   507298.123
  2490:   507330.123   507343.123   507390.123   507515.123   507590.123
  2495:   507632.123   507682.123   507964.123   508006.123   508019.123
  2500:   508178.723   508178.920   508178.901   508178.093   508478.902
  2505:   509978.910   509980.614   512730.624   512731.714   512848.124
  2510:   512918.124   513252.124   513291.124   513365.124   513717.124
  2515:   513749.124   513862.124   514288.124   514333.124   514560.124
  2520:   514752.124   515002.124   515013.124   515256.124   515382.124
  2525:   515395.124   515428.124   515445.124   515614.724   515614.920
  2530:   515614.901   515614.094   515914.902   517414.910   517416.612
  2535:   518816.622   518817.812   519014.132   519058.132   519101.132
  2540:   519233.132   519270.132   519379.132   519420.132   519498.132
  2545:   519532.132   519689.132   519701.132   519819.132   519873.132
  2550:   520057.132   520070.132   520291.132   520307.132   520385.132
  2555:   520434.132   520778.132   520853.132   520871.132   520885.132
  2560:   520976.132   521123.132   521178.132   521272.132   521286.132
  2565:   521421.132   521435.132   521632.132   521645.132   521756.132
  2570:   521997.132   522053.132   522064.132   522141.132   522154.132
  2575:   522246.132   522295.132   522307.132   522347.132   522405.132
  2580:   522500.132   522817.822   522817.920   524317.910   524319.611
  2585:   525319.621   525320.711   525428.121   525472.121   525524.121
  2590:   525603.121   525652.121   525706.121   525859.121   525933.121
  2595:   526022.121   526064.121   526098.121   526192.121   526500.721
  2600:   526500.920   526500.901   526500.091   526800.902   528300.910
  2605:   528302.612   529702.622   529703.712   529822.122   529860.122
  2610:   529900.122   530023.122   530101.122   530177.122   530285.122
  2615:   530297.122   530335.122   530385.122   530479.122   530555.122
  2620:   530600.122   530637.122   530657.122   530733.122   530841.122
  2625:   530875.122   530919.122   530961.122   531000.122   531134.722
  2630:   531134.920   531134.901   531134.092   531434.902   532934.910
  2635:   532936.612   534336.622   534337.712   534561.122   534675.122
  2640:   534790.122   534829.122   534905.122   534941.122   535029.122
  2645:   535077.122   535128.122   535218.122   535276.122   535318.122
  2650:   535330.122   535506.122   535938.722   535938.920   535938.901
  2655:   535938.092   536238.902   537738.910   537740.612   539140.622
  2660:   539141.712   539270.122   539311.122   539433.122   539548.122
  2665:   539660.122   539700.122   539719.122   539810.122   539835.122
  2670:   539871.122   539942.122   540016.122   540080.122   540111.122
  2675:   540144.122   540262.122   540301.122   540511.122   540563.722
  2680:   540563.920   540563.901   540563.092   540863.902   542363.910
  2685:   542365.613   544315.623   544316.713   544524.123   544563.123
  2690:   544640.123   544850.123   545029.123   545359.123   545379.123
  2695:   545494.123   545569.123   545830.123   545986.123   546227.123
  2700:   546238.123   546293.723   546293.920   546293.901   546293.093
  2705:   546593.902   548093.910   548095.614   550845.624   550846.714
  2710:   550997.124   551553.124   551856.124   552040.124   552267.124
  2715:   552314.124   552607.124   552824.124   553087.124   553125.124
  2720:   553306.124   553489.124   553710.724   553710.920   553710.901
  2725:   553710.094   554010.902   555510.910   555512.611   556512.621
  2730:   556513.711   556632.121   556670.121   556773.121   556926.121
  2735:   557073.121   557116.121   557197.121   557264.121   557280.121
  2740:   557527.721   557527.920   557527.901   557527.091   557827.902
  2745:   559327.910   559329.613   561279.623   561280.713   561924.123
  2750:   562004.123   562095.123   562406.123   562419.123   562450.123
  2755:   562529.123   562542.123   562697.123   562717.123   562841.123
  2760:   562966.123   563007.123   563043.123   563154.123   563169.123
  2765:   563205.123   563383.723   563383.920   563383.901   563383.093
  2770:   563683.902   565183.910   565185.613   567135.623   567136.713
  2775:   567353.123   567848.123   568094.123   568130.123   568328.123
  2780:   568513.123   568731.123   568812.123   568854.123   568961.123
  2785:   568976.123   569139.723   569139.920   569139.901   569139.093
  2790:   569439.902   570939.910   570941.614   573691.624   573692.714
  2795:   574482.124   574564.124   574741.124   574778.124   574883.124
  2800:   575090.124   575317.124   575360.124   575435.124   575660.124
  2805:   575727.124   575794.124   575811.124   575841.124   576014.124
  2810:   576052.124   576151.124   576191.124   576203.124   576236.124
  2815:   576250.124   576321.124   576367.124   576381.124   576451.724
  2820:   576451.920   576451.901   576451.094   576751.902   578251.910
  2825:   578253.614   581003.624   581004.714   581087.124   581394.124
  2830:   581605.124   581837.124   582058.124   582092.124   582326.124
  2835:   582342.124   582511.124   582603.124   582851.124   582893.124
  2840:   582933.124   583004.124   583136.124   583151.124   583260.124
  2845:   583445.124   583794.724   583794.920   583794.901   583794.094
  2850:   584094.902   585594.910   585596.614   588346.624   588347.714
  2855:   590096.124   590128.124   590293.124   590303.124   590490.124
  2860:   590618.124   590659.124   590873.124   590889.124   590918.124
  2865:   590932.124   591040.124   591074.124   591107.724   591107.920
  2870:   591107.901   591107.094   591407.902   592907.910   592909.614
  2875:   595659.624   595660.714   597327.124   597483.124   597850.124
  2880:   597885.124   598087.124   598128.124   598335.124   598370.124
  2885:   598382.124   598455.724   598455.920   598455.901   598455.094
  2890:   598755.902   600255.910   600257.612   601657.622   601658.712
  2895:   601771.122   601835.122   601873.122   601911.122   601957.122
  2900:   602028.122   602174.122   602249.122   602288.122   602328.122
  2905:   602394.122   602557.122   602596.122   602666.122   602705.122
  2910:   602719.122   602775.122   602956.122   603049.122   603062.722
  2915:   603062.920   603062.901   603062.092   603362.902   604862.910
  2920:   604864.613   606814.623   606815.713   606934.123   607000.123
  2925:   607146.123   607237.123   607305.123   607465.123   607500.123
  2930:   607589.123   607632.123   607822.123   607898.123   608070.123
  2935:   608145.123   608179.123   608247.123   608419.123   608457.123
  2940:   608544.123   608583.123   608597.123   608631.123   608669.123
  2945:   608723.123   608738.123   608805.723   608805.920   608805.901
  2950:   608805.093   609105.902   610605.910   610607.615   614457.625
  2955:   614458.715   614562.125   614625.125   614761.125   614895.125
  2960:   615139.125   615179.125   615313.125   615481.125   615565.125
  2965:   615726.125   615759.125   615831.125   615867.125   615899.125
  2970:   615965.125   615992.125   616194.125   616229.125   616305.125
  2975:   616367.125   616384.125   616449.125   616497.125   616589.125
  2980:   616777.125   616821.125   616881.125   616906.125   616920.125
  2985:   616996.125   617189.125   617228.125   617248.125   617277.125
  2990:   617329.125   617420.125   617559.125   617572.125   617629.125
  2995:   617739.125   617752.125   617921.125   617981.125   618068.125
  3000:   618109.125   618177.125   618293.125   618339.725   618339.920
  3005:   618339.901   618339.095   618639.902   620139.910   620141.611
  3010:   621141.621   621142.711   621239.121   621354.121   621395.121
  3015:   621429.121   621603.121   621618.121   621732.121   621764.121
  3020:   621919.121   622001.121   622048.121   622060.121   622169.721
  3025:   622169.920   622169.901   622169.091   622469.902   623969.910
  3030:   623971.612   625371.622   625372.712   625482.122   625518.122
  3035:   625557.122   625604.122   625683.122   625750.122   625790.122
  3040:   625902.122   625953.122   625990.122   626022.122   626127.122
  3045:   626142.122   626176.122   626194.122   626225.122   626241.122
  3050:   626274.122   626357.122   626404.122   626615.122   626805.722
  3055:   626805.920   626805.901   626805.092   627105.902   628605.910
  3060:   628607.615   632457.625   632458.715   632717.125   632858.125
  3065:   633193.125   633233.125   633479.125   633548.125   633695.125
  3070:   633729.125   633862.125   634176.125   634205.125   634358.125
  3075:   634409.125   634576.125   634624.125   634885.125   634927.125
  3080:   634947.125   634978.125   635137.125   635149.125   635229.125
  3085:   635241.125   635315.125   635362.125   635384.125   635464.125
  3090:   635475.125   635598.125   635653.125   635667.125   635683.125
  3095:   635732.125   635743.125   635783.125   636064.125   636082.125
  3100:   636096.125   636187.125   636213.125   636228.125   636364.725
  3105:   636364.920   636364.901   636364.095   636664.902   638164.910
  3110:   638166.613   640116.623   640117.713   640231.123   640272.123
  3115:   640365.123   640437.123   640531.123   640600.123   640632.123
  3120:   640883.123   640911.123   641077.123   641113.123   641142.123
  3125:   641240.123   641355.123   641430.123   641447.123   641496.123
  3130:   641550.123   641562.123   641603.123   641615.123   641815.123
  3135:   641829.123   641862.123   641899.123   641952.123   642056.123
  3140:   642187.723   642187.920   642187.901   642187.093   642487.902
  3145:   643987.910   643989.615   647839.625   647840.715   648447.125
  3150:   648594.125   649176.125   649214.125   649281.125   649448.125
  3155:   649742.125   649867.125   649903.125   649981.125   649995.125
  3160:   650227.125   650267.125   650346.125   650575.125   650607.125
  3165:   650636.125   650642.125   650922.125   650955.125   651119.125
  3170:   651154.125   651326.125   651367.125   651400.125   651417.125
  3175:   651445.125   651463.125   651596.125   651719.725   651719.920
  3180:   651719.901   651719.095   652019.902   653519.910   653521.615
  3185:   657371.625   657372.715   657800.125   657875.125   658029.125
  3190:   658287.125   658331.125   658340.125   658495.125   658525.125
  3195:   658598.125   658629.125   658806.125   658972.125   659004.125
  3200:   659161.125   659199.125   659229.125   659259.125   659266.125
  3205:   659350.125   659461.125   659503.125   659552.125   659627.125
  3210:   659655.125   659667.125   659797.125   659809.125   659927.125
  3215:   659938.125   659966.125   660002.125   660017.125   660133.125
  3220:   660144.125   660231.125   660270.125   660352.125   660448.125
  3225:   660557.125   660642.125   660717.125   660775.125   660839.125
  3230:   660890.125   661299.725   661299.920   661299.901   661299.095
  3235:   661599.902   663099.910   663101.615   666951.625   666952.715
  3240:   667353.125   667683.125   667746.125   667786.125   667952.125
  3245:   668259.125   668296.125   668402.125   668653.125   668696.125
  3250:   668769.125   668934.125   669117.125   669157.125   669350.125
  3255:   669377.125   669385.125   669537.125   669619.125   669696.125
  3260:   669824.125   669869.125   669896.125   669991.125   670066.125
  3265:   670099.125   670201.125   670212.125   670270.125   670283.125
  3270:   670327.125   670337.125   670444.125   670480.125   670515.125
  3275:   670528.125   670703.125   670929.725   670929.920   670929.901
  3280:   670929.095   671229.902   672729.910   672731.615   676581.625
  3285:   676582.715   676662.125   676697.125   676773.125   676829.125
  3290:   676890.125   676922.125   677042.125   677138.125   677255.125
  3295:   677433.125   677475.125   677507.125   677912.125   677974.125
  3300:   678060.125   678095.125   678245.125   678332.125   678507.125
  3305:   678545.125   678583.125   678731.125   678760.125   678763.125
  3310:   678822.125   678959.125   679031.125   679069.125   679099.125
  3315:   679104.125   679164.125   679254.125   679311.125   679325.125
  3320:   679470.125   679733.125   679768.125   679782.125   679982.125
  3325:   680029.125   680165.125   680214.125   680226.125   680367.125
  3330:   680385.125   680498.725   680498.920   680498.901   680498.095
  3335:   680798.902   682298.910   682300.615   686150.625   686151.715
  3340:   686317.125   686467.125   686873.125   687095.125   687301.125
  3345:   687731.125   687774.125   688011.125   688071.125   688172.125
  3350:   688202.125   688254.125   688275.125   688397.125   688497.125
  3355:   688510.125   688525.125   688656.125   688669.125   688696.125
  3360:   688729.125   688741.125   688809.125   688985.125   688998.125
  3365:   689031.125   689043.125   689121.125   689168.125   689290.125
  3370:   689309.125   689408.125   689514.125   689524.125   689654.125
  3375:   689690.125   689702.125   689747.125   689757.125   689790.125
  3380:   690010.725   690010.920   690010.901   690010.095   690310.902
  3385:   691810.910   691812.615   695662.625   695663.715   696362.125
  3390:   696637.125   696758.125   697234.125   697297.125   697488.125
  3395:   697570.125   697708.125   697871.125   697908.125   698105.125
  3400:   698136.125   698207.125   698373.125   698528.125   698774.125
  3405:   698805.125   698816.125   698906.125   698918.125   698946.125
  3410:   699172.125   699366.125   699408.125   699444.125   699455.125
  3415:   699486.125   699607.725   699607.920   699607.901   699607.095
  3420:   699907.902   701407.910   701409.612   702809.622   702810.712
  3425:   703044.122   703133.122   703271.122   703308.122   703371.122
  3430:   703401.122   703478.122   703491.122   703537.122   703546.122
  3435:   703600.122   703625.122   703649.122   703805.122   703849.122
  3440:   703862.122   704060.122   704074.122   704120.122   704131.122
  3445:   704144.122   704359.722   704359.920   704359.901   704359.092
  3450:   704659.902   706159.910   706161.611   707161.621   707162.711
  3455:   707262.121   707506.121   707535.121   707564.121   707592.121
  3460:   707659.121   707689.121   707702.121   707856.121   707867.121
  3465:   707902.121   708012.121   708026.121   708132.121   708143.121
  3470:   708186.721   708186.920   708186.901   708186.091   708486.902
  3475:   709986.910   709988.612   711388.622   711389.712   711482.122
  3480:   711599.122   711661.122   711765.122   711860.122   712037.122
  3485:   712123.122   712134.122   712252.122   712276.122   712300.122
  3490:   712381.122   712437.122   712466.122   712501.122   712535.122
  3495:   712669.122   712683.122   712790.722   712790.920   712790.901
  3500:   712790.092   713090.902   714590.910   714592.614   717342.624
  3505:   717343.714   718156.124   718234.124   718709.124   718743.124
  3510:   718770.124   718797.124   718891.124   719016.124   719260.124
  3515:   719296.124   719446.124   719474.124   719594.124   719759.124
  3520:   719798.124   719828.124   719846.124   719960.124   719993.124
  3525:   720026.124   720059.124   720074.124   720172.724   720172.920
  3530:   720172.901   720172.094   720472.902   721972.910   721974.614
  3535:   724724.624   724725.714   725523.124   725936.124   725957.124
  3540:   726053.124   726260.124   726406.124   726591.124   726620.124
  3545:   726777.124   726956.124   726981.124   727100.124   727147.124
  3550:   727172.124   727185.124   727485.724   727485.920   727485.901
  3555:   727485.094   727785.902   729285.910   729287.612   730687.622
  3560:   730688.712   730793.122   730917.122   731001.122   731094.122
  3565:   731128.122   731243.122   731356.122   731383.122   731417.122
  3570:   731530.122   731544.122   731626.122   731658.122   731683.122
  3575:   731810.122   731884.122   732037.122   732049.122   732247.722
  3580:   732247.920   732247.901   732247.092   732547.902   734047.910
  3585:   734049.615   737899.625   737900.715   738068.125   738169.125
  3590:   738398.125   738861.125   739035.125   739371.125   739510.125
  3595:   739703.125   739721.125   739749.125   739861.125   740020.125
  3600:   740182.125   740253.125   740405.125   740446.125   740572.125
  3605:   740636.125   740728.125   740774.125   740921.125   740951.125
  3610:   740997.125   741040.125   741054.125   741224.125   741241.125
  3615:   741275.125   741344.125   741355.125   741369.125   741474.125
  3620:   741520.125   741580.125   741622.125   741687.125   741997.725
  3625:   741997.920   741997.901   741997.095   742297.902   743797.910
  3630:   743799.614   746549.624   746550.714   746706.124   746986.124
  3635:   747417.124   747630.124   747853.124   748033.124   748063.124
  3640:   748236.124   748274.124   748482.124   748493.124   748569.124
  3645:   748624.124   748738.124   748774.124   748801.124   748815.124
  3650:   749175.124   749279.124   749293.124   749402.724   749402.920
  3655:   749402.901   749402.094   749702.902   749702.902   749702.005
  3660:   749702.006   749702.007   749702.020        
D:
     0:        0.000        0.000        0.000        0.000        0.000
     5:        0.000        0.000        0.000        0.000        0.000
    10:        0.000        0.000        0.000        0.000        0.000
    15:        0.000        0.000        0.000        0.000        0.000
    20:        0.000        0.000        0.000        0.000        0.000
    25:        0.000        8.000        0.000        0.000        0.000
    30:        0.000        0.000        0.000        0.000        0.000
    35:        0.000
F:
     0:       10.000       10.000       10.000       10.000       10.000
     5:       10.000       10.000       10.000       10.000       14.000
    10:       14.000       14.000       14.000       14.000       14.000
    15:       14.000       14.000       14.000       14.000       14.000
    20:       14.000       19.500       19.500       19.500       19.500
    25:       19.500       19.500       19.500       19.500       19.500
    30:       19.500       19.500       19.500       19.500       19.500
    35:       19.500       27.500       27.500       27.500       27.500
    40:       27.500       27.500       27.500       27.500       27.500
    45:       27.500       27.500       27.500       27.500       27.500
    50:       27.500       27.500       27.500       27.500       38.500
    55:       38.500       38.500       38.500       38.500       38.500
    60:       38.500       38.500       38.500       38.500       38.500
    65:       38.500       38.500       38.500       38.500       38.500
    70:       38.500       38.500       38.500       38.500       38.500
    75:       20.000       20.000       20.000       28.000       28.000
    80:       28.000       28.000       39.000       39.000       39.000
    85:       39.000       39.000       55.000       55.000       55.000
    90:       55.000       55.000       55.000       77.000       77.000
    95:       77.000       77.000       77.000       77.000       77.000
I:
     0:       75.000        0.000        0.000
M:
     0:        9.000       12.000       15.000       18.000       21.000
     5:        3.000        4.000        5.000        6.000        7.000
    10:      100.000
N:
     0:       12.000       16.000       20.000       24.000       28.000
     5:        0.000
Q:
     0:        9.000       12.000       15.000       18.000       21.000
     5:        0.000
V:
     0:        0.000        0.000        0.000        0.000        0.000
     5:      107.000      206.000      293.000      397.000      775.000
    10:      151.000      166.000      212.000      274.000      318.000
    15:        0.000
