File: C:\MED-PC IV\DATA\M_PEAK_LP11P105


Start Date: 09/29/17
End Date: 09/29/17
Subject: P105
Experiment: IF-PICO
Group: 0
Box: 6
Start Time: 10:23:08
End Time: 12:29:11
MSN: Multiple_PeakLP2
B:       0.000
C:       0.000
E:    4962.000
G:      27.500
H:    2750.000
J:       0.000
K:       0.000
L:       0.000
O:       0.000
P:       0.000
R:       0.000
S:       0.000
T:  756346.000
U:       0.000
W:       0.000
X:       0.000
Y:       0.000
Z:       0.000
A:
     0:        0.010      500.910      502.614     3252.624     3253.714
     5:     3479.124     3624.124     3682.124     3718.124     3752.124
    10:     3785.124     3857.124     3897.124     3940.124     3978.124
    15:     4153.124     4192.124     4231.124     4242.124     4320.124
    20:     4362.124     4413.124     4573.124     4610.124     4645.124
    25:     4688.124     4838.124     4874.124     5002.124     5038.124
    30:     5080.124     5261.124     5271.124     5427.124     5466.124
    35:     5583.124     5727.124     5800.124     5844.124     5858.124
    40:     6248.724     6248.920     6248.901     6248.094     6548.902
    45:     8048.910     8050.613    10000.623    10001.813    10110.133
    50:    10180.133    10247.133    10452.133    10490.133    10523.133
    55:    10557.133    10648.133    10686.133    10795.133    10802.133
    60:    10845.133    10878.133    10889.133    10922.133    10935.133
    65:    10977.133    11011.133    11050.133    11085.133    11095.133
    70:    11133.133    11307.133    11319.133    11357.133    11393.133
    75:    11442.133    11478.133    11493.133    11529.133    11620.133
    80:    11694.133    11706.133    11775.133    11786.133    11816.133
    85:    11855.133    11894.133    11932.133    11947.133    11998.133
    90:    12032.133    12068.133    12293.133    12306.133    12340.133
    95:    12353.133    12439.133    12531.133    12580.133    12615.133
   100:    12627.133    12702.133    12872.133    12995.133    13031.133
   105:    13046.133    13147.133    13202.133    13247.133    13279.133
   110:    13291.133    13322.133    13375.133    13406.133    13443.133
   115:    13600.133    13607.133    13777.133    14036.133    14046.133
   120:    14085.133    14093.133    14134.133    14166.133    14178.133
   125:    14211.133    14247.133    14258.133    14292.133    14305.133
   130:    14515.133    14589.133    14629.133    14721.133    14788.133
   135:    14801.823    14801.920    16301.910    16303.613    18253.623
   140:    18254.713    19298.123    19906.123    19942.123    19983.123
   145:    20061.123    20098.123    20137.123    20199.123    20232.723
   150:    20232.920    20232.901    20232.093    20532.902    22032.910
   155:    22034.612    23434.622    23435.712    23745.122    23782.122
   160:    23818.122    23850.122    23890.122    23935.122    23970.122
   165:    24018.122    24062.122    24107.122    24145.122    24177.122
   170:    24218.122    24250.122    24290.122    24382.122    24458.122
   175:    24469.122    24509.122    24553.122    24590.122    24632.122
   180:    24643.122    24681.122    24696.122    24807.122    25040.722
   185:    25040.920    25040.901    25040.092    25340.902    26840.910
   190:    26842.613    28792.623    28793.713    28878.123    28911.123
   195:    28991.123    29031.123    29067.123    29084.123    29112.123
   200:    29134.123    29169.123    29206.123    29239.123    29280.123
   205:    29316.123    29351.123    29388.123    29429.123    29439.123
   210:    29478.123    29493.123    29510.123    29558.123    29652.123
   215:    29694.123    29772.123    29818.123    29829.123    29867.123
   220:    29881.123    29920.123    29954.123    29988.123    30167.123
   225:    30267.123    30358.123    30375.123    30386.123    30549.123
   230:    30633.123    30643.123    30879.723    30879.920    30879.901
   235:    30879.093    31179.902    32679.910    32681.615    36531.625
   240:    36532.715    36772.125    36812.125    36847.125    36883.125
   245:    36925.125    36982.125    37012.125    37043.125    37080.125
   250:    37111.125    37148.125    37235.125    37269.125    37301.125
   255:    37424.125    37458.125    37564.125    37576.125    37830.125
   260:    37864.125    37897.125    37933.125    37987.125    38019.125
   265:    38033.125    38075.125    38113.125    38147.125    38184.125
   270:    38231.125    38274.125    38288.125    38476.125    38516.125
   275:    38589.125    38633.125    38646.125    38677.125    38712.125
   280:    38811.125    38820.125    38854.125    38898.125    39002.125
   285:    39038.125    39048.125    39081.125    39093.125    39108.125
   290:    39132.125    39175.125    39184.125    39216.125    39231.125
   295:    39338.125    39488.125    39523.125    39532.125    39571.125
   300:    39775.125    39780.125    39865.125    40006.125    40154.125
   305:    40229.125    40242.125    40329.125    40344.125    40434.725
   310:    40434.920    40434.901    40434.095    40734.902    42234.910
   315:    42236.615    46086.625    46087.715    46309.125    46344.125
   320:    46382.125    46425.125    46784.125    46822.125    46887.125
   325:    46976.125    47196.125    47230.125    47270.125    47318.125
   330:    47501.125    47534.125    47575.125    47619.125    47655.125
   335:    47690.125    47708.125    47824.125    47856.125    47939.125
   340:    47951.125    48005.125    48109.125    48121.125    48153.125
   345:    48251.125    48392.125    48499.125    48592.125    48602.125
   350:    48622.125    48727.125    48757.125    48929.125    48978.125
   355:    48991.125    49071.125    49083.125    49178.125    49237.125
   360:    49250.125    49424.125    49511.125    49577.125    49710.125
   365:    49724.125    49790.125    49809.125    49843.125    49854.125
   370:    49892.125    49904.125    49946.725    49946.920    49946.901
   375:    49946.095    50246.902    51746.910    51748.611    52748.621
   380:    52749.711    52839.121    52881.121    52925.121    52967.121
   385:    53014.121    53227.121    53258.121    53294.121    53330.121
   390:    53408.121    53420.121    53485.121    53537.121    53600.121
   395:    53717.121    53726.121    53763.721    53763.920    53763.901
   400:    53763.091    54063.902    55563.910    55565.613    57515.623
   405:    57516.713    57834.123    57881.123    57957.123    58078.123
   410:    58113.123    58156.123    58232.123    58270.123    58305.123
   415:    58340.123    58446.123    58538.123    58582.123    58597.123
   420:    58708.123    58843.123    58926.123    58975.123    59014.123
   425:    59025.123    59063.123    59074.123    59117.123    59296.123
   430:    59313.123    59391.123    59443.123    59458.123    59495.723
   435:    59495.920    59495.901    59495.093    59795.902    61295.910
   440:    61297.614    64047.624    64048.714    64207.124    64254.124
   445:    64290.124    64560.124    64602.124    64638.124    64677.124
   450:    64712.124    64801.124    64841.124    64881.124    64974.124
   455:    65010.124    65047.124    65157.124    65196.124    65233.124
   460:    65270.124    65311.124    65357.124    65393.124    65428.124
   465:    65442.124    65481.124    65519.124    65742.124    65780.124
   470:    65820.124    65868.124    65882.124    65959.124    65975.124
   475:    66088.124    66101.124    66162.124    66197.124    66235.124
   480:    66246.124    66284.124    66297.124    66333.124    66346.124
   485:    66439.124    66453.124    66587.124    66627.124    66638.124
   490:    66713.124    66801.724    66801.920    66801.901    66801.094
   495:    67101.902    68601.910    68603.612    70003.622    70004.712
   500:    70148.122    70186.122    70271.122    70304.122    70743.122
   505:    70780.122    70814.122    70830.122    70863.122    71166.122
   510:    71200.122    71217.122    71253.122    71266.122    71300.122
   515:    71314.122    71346.122    71419.722    71419.920    71419.901
   520:    71419.092    71719.902    73219.910    73221.614    75971.624
   525:    75972.814    76379.134    76413.134    76450.134    76489.134
   530:    76509.134    76541.134    76559.134    76593.134    76627.134
   535:    76638.134    76678.134    76767.134    76909.134    76954.134
   540:    76966.134    77003.134    77014.134    77052.134    77063.134
   545:    77101.134    77114.134    77153.134    77249.134    77349.134
   550:    77371.134    77451.134    77461.134    77513.134    77526.134
   555:    77566.134    77618.134    77629.134    77769.134    77785.134
   560:    77886.134    77900.134    78038.134    78055.134    78103.134
   565:    78233.134    78278.134    78287.134    78340.134    78354.134
   570:    78435.134    78452.134    78532.134    78541.134    78583.134
   575:    78633.134    78648.134    78676.134    78790.134    78808.134
   580:    78821.134    78907.134    78922.134    79040.134    79079.134
   585:    79101.134    79198.134    79209.134    79256.134    79273.134
   590:    79314.134    79359.134    79373.134    79415.134    79455.134
   595:    79469.134    79610.134    79622.134    79656.134    79761.134
   600:    79802.134    79843.134    79857.134    79898.134    79911.134
   605:    79955.134    79968.134    80026.134    80120.134    80141.134
   610:    80177.134    80191.134    80314.134    80325.134    80365.134
   615:    80379.134    80414.134    80454.134    80474.134    80555.134
   620:    80899.134    80911.134    80991.134    81003.134    81052.134
   625:    81089.134    81166.134    81772.824    81772.920    83272.910
   630:    83274.614    86024.624    86025.814    86639.134    86676.134
   635:    86716.134    86751.134    86787.134    86832.134    86925.134
   640:    86963.134    86996.134    87077.134    87249.134    87307.134
   645:    87341.134    87358.134    87560.134    87616.134    87653.134
   650:    87668.134    87702.134    87738.134    87778.134    87855.134
   655:    87868.134    87935.134    87949.134    88045.134    88061.134
   660:    88163.134    88198.134    88245.134    88256.134    88295.134
   665:    88305.134    88320.134    88388.134    88535.134    88549.134
   670:    88649.134    88662.134    88699.134    88711.134    88747.134
   675:    88767.134    88815.134    88832.134    88927.134    88983.134
   680:    88994.134    89272.134    89314.134    89326.134    89384.134
   685:    89400.134    89439.134    89456.134    89497.134    89514.134
   690:    89558.134    89670.134    89803.134    89815.134    89863.134
   695:    89880.134    90020.134    90099.134    90109.134    90148.134
   700:    90162.134    90197.134    90212.134    90309.134    90347.134
   705:    90360.134    90441.134    90458.134    90733.134    90746.134
   710:    90794.134    90833.134    90842.134    90976.134    90987.134
   715:    91026.134    91066.134    91078.134    91159.134    91172.134
   720:    91211.134    91228.134    91269.134    91279.134    91825.824
   725:    91825.920    93325.910    93327.614    96077.624    96078.814
   730:    96828.134    96877.134    96925.134    96971.134    97011.134
   735:    97162.134    97177.134    97214.134    97249.134    97276.134
   740:    97292.134    97332.134    97480.134    97492.134    97533.134
   745:    97569.134    97580.134    97614.134    97642.134    97679.134
   750:    97691.134    97737.134    97894.134    98071.134    98162.134
   755:    98174.134    98210.134    98224.134    98256.134    98329.134
   760:    98365.134    98553.134    98625.134    98636.134    98719.134
   765:    98784.134    98797.134    98927.134    99086.134    99098.134
   770:    99149.134    99163.134    99356.134    99557.134    99628.134
   775:    99642.134    99725.134    99738.134   100007.134   100020.134
   780:   100165.134   100335.134   100351.134   100436.134   100447.134
   785:   100490.134   100529.134   100545.134   101337.134   101376.134
   790:   101421.134   101469.134   101505.134   101536.134   101576.134
   795:   101621.134   101720.134   101878.824   101878.920   103378.910
   800:   103380.614   106130.624   106131.814   107493.134   107558.134
   805:   107599.134   107636.134   107676.134   107754.134   107790.134
   810:   107834.134   107864.134   107901.134   107939.134   107970.134
   815:   108011.134   108044.134   108056.134   108135.134   108192.134
   820:   108286.134   108318.134   108368.134   108403.134   108637.134
   825:   108670.134   108695.134   108710.134   108746.134   108759.134
   830:   108793.134   108825.134   108836.134   109009.134   109019.134
   835:   109059.134   109070.134   109224.134   109239.134   109280.134
   840:   109313.134   109365.134   111291.134   111329.134   111414.134
   845:   111438.134   111475.134   111505.134   111534.134   111573.134
   850:   111601.134   111615.134   111653.134   111665.134   111700.134
   855:   111931.824   111931.920   113431.910   113433.612   114833.622
   860:   114834.712   114976.122   115053.122   115099.122   115136.122
   865:   115177.122   115262.122   115293.122   115326.122   115370.122
   870:   115388.122   115423.122   115480.122   115517.122   115596.122
   875:   115627.122   115662.122   115702.122   115713.122   115749.122
   880:   115764.122   115922.122   115958.122   115970.122   116004.122
   885:   116015.122   116048.122   116126.122   116139.122   116188.122
   890:   116321.722   116321.920   116321.901   116321.092   116621.902
   895:   118121.910   118123.615   121973.625   121974.715   122266.125
   900:   122302.125   122468.125   122506.125   122643.125   122680.125
   905:   122889.125   122935.125   122966.125   123009.125   123038.125
   910:   123110.125   123143.125   123246.125   123276.125   123310.125
   915:   123345.125   123355.125   123394.125   123495.125   123673.125
   920:   123713.125   123832.125   123867.125   123878.125   123947.125
   925:   123960.125   124004.125   124038.125   124087.125   124126.125
   930:   124142.125   124159.125   124272.125   124396.125   124442.125
   935:   124461.125   124719.125   124730.125   124813.125   124828.125
   940:   124911.125   124968.125   125078.125   125201.125   125272.125
   945:   125286.125   125323.125   125338.125   125377.125   125528.125
   950:   125576.125   125617.125   125701.125   125715.125   125830.725
   955:   125830.920   125830.901   125830.095   126130.902   127630.910
   960:   127632.611   128632.621   128633.711   128739.121   128775.121
   965:   128809.121   128845.121   128883.121   128921.121   128962.121
   970:   129003.121   129051.121   129154.121   129166.121   129194.121
   975:   129284.121   129296.121   129329.121   129360.121   129400.121
   980:   129412.121   129449.121   129513.121   129629.121   129681.721
   985:   129681.920   129681.901   129681.091   129981.902   131481.910
   990:   131483.614   133004.074   134233.624   134234.714   134494.124
   995:   134521.124   134555.124   134732.124   134788.124   134827.124
  1000:   134866.124   135109.124   135149.124   135182.124   135215.124
  1005:   135234.124   135268.124   135282.124   135318.124   135355.124
  1010:   135366.124   135403.124   135434.124   135496.124   135501.124
  1015:   135680.124   135717.124   135724.124   135760.124   135798.124
  1020:   135840.124   135850.124   135886.124   135900.124   136145.124
  1025:   136156.124   136200.124   136208.124   136252.124   136311.124
  1030:   136346.124   136356.124   136427.124   136457.124   136495.124
  1035:   136508.124   136548.124   136659.124   136706.124   136718.124
  1040:   136752.124   136809.124   136859.124   136898.124   136911.124
  1045:   136949.124   136965.124   137100.724   137100.920   137100.901
  1050:   137100.094   137400.902   138900.910   138902.615   142752.625
  1055:   142753.715   143474.125   143512.125   143571.125   143583.125
  1060:   143726.125   143761.125   143797.125   143830.125   143866.125
  1065:   143901.125   143918.125   143946.125   143960.125   143994.125
  1070:   144004.125   144085.125   144097.125   144131.125   144163.125
  1075:   144362.125   144377.125   144511.125   144521.125   144697.125
  1080:   144795.125   144806.125   144840.125   144852.125   144892.125
  1085:   144906.125   144935.125   144972.125   145056.125   145094.125
  1090:   145142.125   145231.125   145246.125   145499.125   145546.125
  1095:   145594.125   145606.125   145647.125   145664.125   145889.125
  1100:   145976.125   145991.125   146022.125   146057.125   146068.125
  1105:   146102.125   146116.125   146153.125   146166.125   146208.125
  1110:   146221.125   146237.125   146433.125   146471.125   146483.125
  1115:   146650.725   146650.920   146650.901   146650.095   146950.902
  1120:   148450.910   148452.614   151202.624   151203.814   151572.134
  1125:   151607.134   151723.134   151737.134   152004.134   152044.134
  1130:   152063.134   152102.134   152108.134   152148.134   152284.134
  1135:   152410.134   152560.134   152599.134   152634.134   152668.134
  1140:   152680.134   152726.134   152741.134   152845.134   152863.134
  1145:   153024.134   153120.134   153134.134   153170.134   153181.134
  1150:   153218.134   153229.134   153309.134   153318.134   153368.134
  1155:   153406.134   153416.134   153454.134   153465.134   153643.134
  1160:   153656.134   153818.134   153830.134   153868.134   153881.134
  1165:   153961.134   153970.134   154068.134   154188.134   154281.134
  1170:   154369.134   154380.134   154418.134   154433.134   154471.134
  1175:   154482.134   154576.134   154589.134   154629.134   154641.134
  1180:   154687.134   154794.134   154843.134   154856.134   154895.134
  1185:   154908.134   154954.134   154992.134   155002.134   155084.134
  1190:   155096.134   155373.134   155415.134   155427.134   155469.134
  1195:   155479.134   155519.134   155531.134   155587.134   155672.134
  1200:   155686.134   155773.134   155784.134   155827.134   155841.134
  1205:   156390.134   156471.134   156485.134   157003.824   157003.920
  1210:   158503.910   158505.615   162355.625   162356.815   163251.135
  1215:   163298.135   163342.135   163394.135   163548.135   163594.135
  1220:   163632.135   163680.135   163835.135   163876.135   163918.135
  1225:   163935.135   163972.135   164009.135   164046.135   164059.135
  1230:   164094.135   164107.135   164146.135   164253.135   164264.135
  1235:   164367.135   164406.135   164421.135   164460.135   164497.135
  1240:   164508.135   164548.135   164558.135   164594.135   164607.135
  1245:   164654.135   164669.135   164732.135   164937.135   164949.135
  1250:   165000.135   165065.135   165122.135   165230.135   165244.135
  1255:   165276.135   165287.135   165339.135   165353.135   165394.135
  1260:   165406.135   165664.135   165676.135   165715.135   165732.135
  1265:   165771.135   165787.135   165823.135   165837.135   165882.135
  1270:   165929.135   166016.135   166033.135   166524.135   166584.135
  1275:   166648.135   166958.135   167015.135   167284.135   167302.135
  1280:   167336.135   167374.135   167388.135   167419.135   167460.135
  1285:   167626.135   167699.135   167709.135   167749.135   167760.135
  1290:   167800.135   168247.135   168295.135   168307.135   168339.135
  1295:   168353.135   168388.135   168399.135   168438.135   168479.135
  1300:   168489.135   168528.135   168587.135   169122.135   169168.135
  1305:   169208.135   169252.135   169291.135   169396.135   169436.135
  1310:   169481.135   169496.135   169590.135   170056.825   170056.920
  1315:   171556.910   171558.615   175408.625   175409.715   175960.125
  1320:   175998.125   176036.125   176071.125   176103.125   176143.125
  1325:   176180.125   176269.125   176320.125   176471.125   176516.125
  1330:   176553.125   176599.125   176636.125   176676.125   176709.125
  1335:   176728.125   176770.125   176809.125   176849.125   176892.125
  1340:   176931.125   176979.125   176996.125   177044.125   177077.125
  1345:   177116.125   177211.125   177294.125   177507.125   177519.125
  1350:   177632.125   177674.125   177683.125   177722.125   177736.125
  1355:   177773.125   177782.125   177829.125   177845.125   177890.125
  1360:   177911.125   177993.125   178132.125   178144.125   178410.125
  1365:   178420.125   178466.125   178481.125   178522.125   178537.125
  1370:   178607.125   178619.125   178698.125   178710.125   178792.125
  1375:   178802.125   178841.125   178852.125   179080.125   179172.125
  1380:   179186.125   179220.125   179232.125   179269.725   179269.920
  1385:   179269.901   179269.095   179569.902   181069.910   181071.615
  1390:   184921.625   184922.815   185483.135   185519.135   185560.135
  1395:   185581.135   185619.135   185660.135   185899.135   185933.135
  1400:   185991.135   186043.135   186077.135   186114.135   186166.135
  1405:   186200.135   186215.135   186247.135   186261.135   186303.135
  1410:   186352.135   186390.135   186407.135   186462.135   186493.135
  1415:   186543.135   186561.135   186853.135   186889.135   186903.135
  1420:   186938.135   186972.135   187057.135   187075.135   187235.135
  1425:   187272.135   187286.135   187325.135   187369.135   187406.135
  1430:   187441.135   187788.135   187864.135   187879.135   187929.135
  1435:   188162.135   188175.135   188441.135   188452.135   188487.135
  1440:   188498.135   188571.135   188583.135   188674.135   188863.135
  1445:   188950.135   188967.135   188997.135   189007.135   189042.135
  1450:   189057.135   189108.135   189116.135   189145.135   189158.135
  1455:   189229.135   189480.135   189547.135   189558.135   189594.135
  1460:   189606.135   189640.135   189650.135   189689.135   189702.135
  1465:   189743.135   189982.135   190522.135   190574.135   190653.135
  1470:   191083.135   191122.135   191559.135   191608.135   192555.135
  1475:   192565.135   192606.135   192622.825   192622.920   194122.910
  1480:   194124.615   197974.625   197975.815   205641.135   205675.825
  1485:   205675.920   205678.411   205718.411   205730.411   207175.910
  1490:   207177.613   209127.623   209128.713   214232.723   214232.920
  1495:   214232.901   214232.093   214532.902   216032.910   216034.615
  1500:   219884.625   219885.815   220145.135   220267.135   220607.135
  1505:   220643.135   220681.135   220712.135   220756.135   220793.135
  1510:   220810.135   220843.135   220860.135   220891.135   221423.135
  1515:   221528.135   221887.135   221915.135   221926.135   221963.135
  1520:   221992.135   222038.135   222049.135   222085.135   222144.135
  1525:   222354.135   222388.135   222435.135   222472.135   222516.135
  1530:   222560.135   222572.135   222614.135   222886.135   222936.135
  1535:   222972.135   223024.135   223091.135   223304.135   223315.135
  1540:   223348.135   223392.135   223406.135   223442.135   223451.135
  1545:   223487.135   223496.135   223678.135   223730.135   223770.135
  1550:   223785.135   223932.135   224099.135   224109.135   224145.135
  1555:   224159.135   224193.135   224203.135   224244.135   224391.135
  1560:   224425.135   224436.135   224475.135   224523.135   225036.135
  1565:   225078.135   225117.135   225168.135   225275.135   225313.135
  1570:   225326.135   227585.825   227585.920   229085.910   229087.611
  1575:   230087.621   230088.711   230233.121   230279.121   230448.121
  1580:   230460.121   230498.121   230809.121   230821.121   230853.121
  1585:   230866.121   230895.121   230932.121   230943.121   231015.121
  1590:   231029.121   231157.721   231157.920   231157.901   231157.091
  1595:   231457.902   232957.910   232959.615   236809.625   236810.715
  1600:   236914.125   236949.125   236985.125   237315.125   237332.125
  1605:   237367.125   237477.125   237509.125   237536.125   237557.125
  1610:   237596.125   237627.125   237637.125   237671.125   237727.125
  1615:   237938.125   238010.125   238045.125   238057.125   238096.125
  1620:   238107.125   238111.125   238194.125   238279.125   238292.125
  1625:   238419.125   238530.125   238578.125   238587.125   238630.125
  1630:   238642.125   238657.125   238696.125   238785.125   238969.125
  1635:   238981.125   239096.125   239112.125   239187.125   239199.125
  1640:   239339.125   239422.125   239469.125   239484.125   239515.125
  1645:   239652.125   239663.125   239715.125   239730.125   239791.125
  1650:   240014.125   240033.125   240104.125   240115.125   240149.125
  1655:   240165.125   240179.125   240532.125   240570.125   240584.125
  1660:   240618.125   240631.125   240671.725   240671.920   240671.901
  1665:   240671.095   240971.902   242471.910   242473.611   243473.621
  1670:   243474.811   243827.131   243869.131   243909.131   243950.131
  1675:   244065.131   244105.131   244144.131   244179.131   244218.131
  1680:   244228.131   244461.131   244559.131   244646.131   244713.131
  1685:   245006.131   245023.131   245392.131   245402.131   245448.131
  1690:   245497.131   245509.131   245546.131   245564.131   245613.131
  1695:   245625.131   245738.131   245771.131   245970.131   245980.131
  1700:   246107.131   246116.131   246159.131   246253.131   246265.131
  1705:   246316.131   246402.131   246482.131   246493.131   246636.131
  1710:   246678.131   246689.131   246705.131   246782.131   246795.131
  1715:   246905.131   246918.131   246956.131   246974.821   246974.920
  1720:   248474.910   248476.614   251226.624   251227.714   251830.124
  1725:   251867.124   251945.124   251960.124   251992.124   252032.124
  1730:   252353.124   252386.124   252424.124   252459.124   252700.124
  1735:   252716.124   252752.124   252804.124   252896.124   252978.124
  1740:   253010.124   253054.124   253141.124   253176.124   253528.124
  1745:   253609.124   253644.124   253757.124   253768.124   253867.124
  1750:   253914.124   253965.124   253979.724   253979.920   253979.901
  1755:   253979.094   254279.902   255779.910   255781.611   256781.621
  1760:   256782.811   256901.131   256941.131   257029.131   257128.131
  1765:   257167.131   257202.131   257271.131   257304.131   257341.131
  1770:   257350.131   257380.131   257393.131   257429.131   257441.131
  1775:   257471.131   257484.131   257499.131   257536.131   257648.131
  1780:   257715.131   257725.131   257844.131   257856.131   257871.131
  1785:   258014.131   258024.131   258175.131   258195.131   258316.131
  1790:   258325.131   258409.131   258421.131   258737.131   258746.131
  1795:   258808.131   258844.131   258852.131   258891.131   258940.131
  1800:   259134.131   259297.131   259425.131   259435.131   259456.131
  1805:   259688.131   259700.131   259747.131   259757.131   259871.131
  1810:   259886.131   260275.131   260282.821   260282.920   261782.910
  1815:   261784.614   264534.624   264535.714   265069.124   265109.124
  1820:   265147.124   265246.124   265281.124   265355.124   265391.124
  1825:   265510.124   265541.124   265579.124   265595.124   265806.124
  1830:   265878.124   265913.124   265928.124   265960.124   265972.124
  1835:   266002.124   266034.124   266072.124   266121.124   266338.124
  1840:   266457.124   266493.124   266526.124   266610.124   266823.124
  1845:   266857.124   266871.124   266944.124   267112.124   267123.124
  1850:   267488.724   267488.920   267488.901   267488.094   267788.902
  1855:   269288.910   269290.612   270690.622   270691.812   270847.132
  1860:   271116.132   271138.132   271172.132   271204.132   271222.132
  1865:   271252.132   271304.132   271557.132   271568.132   271604.132
  1870:   271636.132   271670.132   271682.132   271717.132   271730.132
  1875:   271744.132   271986.132   271997.132   272017.132   272062.132
  1880:   272077.132   272127.132   272168.132   272180.132   272228.132
  1885:   272239.132   272274.132   272515.132   272699.132   272965.132
  1890:   272975.132   273011.132   273020.132   273146.132   273186.132
  1895:   273196.132   273244.132   273259.132   273450.132   273464.132
  1900:   273545.132   273555.132   273589.132   273671.132   273863.132
  1905:   273905.132   273915.132   274003.132   274014.132   274063.132
  1910:   274112.132   274121.132   274169.132   274691.822   274691.920
  1915:   276191.910   276193.615   280043.625   280044.815   280537.135
  1920:   280548.135   280579.135   280614.135   280876.135   280908.135
  1925:   280946.135   280955.135   280987.135   281020.135   281034.135
  1930:   281090.135   281319.135   281354.135   281401.135   281518.135
  1935:   281550.135   281582.135   281783.135   281814.135   281854.135
  1940:   282102.135   282150.135   282162.135   282238.135   282250.135
  1945:   282514.135   282603.135   282615.135   282632.135   282668.135
  1950:   282712.135   282724.135   282808.135   282816.135   283079.135
  1955:   283110.135   283120.135   283151.135   283164.135   283198.135
  1960:   283208.135   283279.135   283290.135   283582.135   283651.135
  1965:   283662.135   283692.135   283705.135   283827.135   283955.135
  1970:   284003.135   284013.135   284082.135   284124.135   284133.135
  1975:   284170.135   284178.135   284219.135   284225.135   284364.135
  1980:   284553.135   284587.135   284597.135   284661.135   284759.135
  1985:   284811.135   284819.135   285924.135   285966.135   286008.135
  1990:   287744.825   287744.920   289244.910   289246.613   291196.623
  1995:   291197.813   292407.133   292447.133   292483.133   292520.133
  2000:   292572.133   292614.133   292687.133   292783.133   292814.133
  2005:   292848.133   292880.133   292896.133   292983.133   293181.133
  2010:   293239.133   293402.133   293411.133   293450.133   293461.133
  2015:   293531.133   293543.133   293617.133   293668.133   293678.133
  2020:   293721.133   293893.133   293905.133   293937.133   293970.133
  2025:   293981.133   294017.133   294028.133   294061.133   294078.133
  2030:   294091.133   294125.133   294134.133   294177.133   294185.133
  2035:   294515.133   294526.133   294567.133   294606.133   294615.133
  2040:   294656.133   294712.133   294722.133   294773.133   294991.133
  2045:   295004.133   295042.133   295053.133   295091.133   295105.133
  2050:   295997.823   295997.920   297497.910   297499.613   299449.623
  2055:   299450.713   300982.123   301021.123   301059.123   301097.123
  2060:   301404.723   301404.920   301404.901   301404.093   301704.902
  2065:   303204.910   303206.612   304606.622   304607.712   304820.122
  2070:   304853.122   304895.122   304951.122   304991.122   305032.122
  2075:   305072.122   305108.122   305123.122   305206.122   305427.122
  2080:   305441.122   305484.122   305523.122   305560.122   305575.122
  2085:   305652.122   305664.122   305743.122   305756.122   305794.122
  2090:   305805.122   305845.122   305861.122   306163.722   306163.920
  2095:   306163.901   306163.092   306463.902   307963.910   307965.614
  2100:   310715.624   310716.714   310891.124   310932.124   310970.124
  2105:   311003.124   311036.124   311157.124   311199.124   311235.124
  2110:   311269.124   311351.124   311473.124   311511.124   311544.124
  2115:   311809.124   311843.124   311881.124   311895.124   311931.124
  2120:   311980.124   312020.124   312033.124   312075.124   312088.124
  2125:   312347.124   312419.124   312662.124   312752.124   312787.124
  2130:   312799.124   312836.124   312849.124   312903.124   313126.124
  2135:   313400.124   313418.124   313522.724   313522.920   313522.901
  2140:   313522.094   313822.902   315322.910   315324.614   318074.624
  2145:   318075.714   318339.124   318378.124   318584.124   318622.124
  2150:   318664.124   318712.124   318727.124   318760.124   318792.124
  2155:   318838.124   318850.124   318885.124   318920.124   318969.124
  2160:   318985.124   319318.124   319330.124   319366.124   319405.124
  2165:   319417.124   319457.124   319469.124   319506.124   319550.124
  2170:   319558.124   319896.124   320074.124   320125.124   320137.124
  2175:   320228.124   320245.124   320416.124   320519.124   320532.124
  2180:   320771.124   320841.724   320841.920   320841.901   320841.094
  2185:   321141.902   322641.910   322643.615   326493.625   326494.715
  2190:   326799.125   326841.125   326887.125   327010.125   327046.125
  2195:   327078.125   327116.125   327159.125   327252.125   327354.125
  2200:   327579.125   327611.125   327655.125   327699.125   327839.125
  2205:   327877.125   327890.125   327930.125   327946.125   328210.125
  2210:   328287.125   328303.125   328388.125   328398.125   328823.125
  2215:   328834.125   328867.125   328877.125   328933.125   328949.125
  2220:   328972.125   329150.125   329163.125   329238.125   329403.125
  2225:   329417.125   329513.125   329524.125   329599.125   329689.125
  2230:   329704.125   329918.125   330011.125   330019.125   330034.125
  2235:   330217.125   330278.125   330334.125   330345.725   330345.920
  2240:   330345.901   330345.095   330645.902   332145.910   332147.614
  2245:   334897.624   334898.714   335028.124   335071.124   335202.124
  2250:   335239.124   335416.124   335427.124   335654.124   335701.124
  2255:   335708.124   335809.124   335837.124   335855.124   335884.124
  2260:   335922.124   335967.124   336017.124   336029.124   336067.124
  2265:   336077.124   336116.124   336127.124   336168.124   336213.124
  2270:   336222.124   336260.124   336382.124   336464.124   336476.124
  2275:   336509.124   336551.124   336562.124   336683.124   336698.124
  2280:   336958.124   337000.124   337011.124   337086.124   337097.124
  2285:   337170.124   337267.124   337280.124   337381.124   337485.124
  2290:   337493.124   337546.124   337617.124   337888.724   337888.920
  2295:   337888.901   337888.094   338188.902   339688.910   339690.614
  2300:   342440.624   342441.714   342684.124   342721.124   342752.124
  2305:   342901.124   342942.124   343541.124   343591.124   343638.124
  2310:   343736.124   343813.124   343854.124   343894.124   343934.124
  2315:   343952.124   343989.124   344036.124   344070.124   344111.124
  2320:   344126.124   344166.124   344280.124   344296.124   344330.124
  2325:   344342.124   344381.124   344393.124   344696.124   344789.124
  2330:   344801.124   344852.124   344864.124   344948.124   344960.124
  2335:   344996.124   345008.124   345045.124   345056.124   345097.124
  2340:   345148.124   345156.124   345407.724   345407.920   345407.901
  2345:   345407.094   345707.902   347207.910   347209.612   348609.622
  2350:   348610.812   348894.132   348930.132   348964.132   349103.132
  2355:   349138.132   349173.132   349187.132   349221.132   349257.132
  2360:   349297.132   349331.132   349380.132   349397.132   349429.132
  2365:   349476.132   349492.132   349584.132   349610.132   349704.132
  2370:   349839.132   349879.132   349888.132   349902.132   349998.132
  2375:   350205.132   350216.132   350298.132   350331.132   350408.132
  2380:   350693.132   350703.132   350764.132   350961.132   350970.132
  2385:   351075.132   351092.132   351178.132   351189.132   351310.132
  2390:   351320.132   351367.132   351497.132   351509.132   351545.132
  2395:   351556.132   351598.132   351610.132   351674.132   351747.132
  2400:   352018.132   352061.132   352135.132   352610.822   352610.920
  2405:   354110.910   354112.615   357962.625   357963.715   359673.125
  2410:   359722.125   359808.125   359850.125   359887.125   359927.125
  2415:   359975.125   360144.125   360187.125   360225.125   360273.125
  2420:   360311.125   360348.125   360392.125   360591.125   360760.125
  2425:   360776.125   360815.125   360829.125   360868.125   361036.125
  2430:   361052.125   361184.125   361256.125   361278.125   361439.125
  2435:   361480.125   361490.125   361531.125   361543.125   361586.125
  2440:   361596.125   361880.725   361880.920   361880.901   361880.095
  2445:   362180.902   363680.910   363682.611   364682.621   364683.711
  2450:   365049.121   365092.121   365176.121   365189.121   365229.121
  2455:   365266.121   365303.121   365321.121   365352.121   365369.121
  2460:   365418.121   365435.121   365468.121   365542.121   365599.121
  2465:   365934.721   365934.920   365934.901   365934.091   366234.902
  2470:   367734.910   367736.615   371586.625   371587.715   371950.125
  2475:   371985.125   372023.125   372064.125   372179.125   372355.125
  2480:   372369.125   372407.125   372528.125   372559.125   372591.125
  2485:   372636.125   372651.125   372666.125   372700.125   372825.125
  2490:   372892.125   373230.125   373256.125   373287.125   373301.125
  2495:   373333.125   373342.125   373379.125   373424.125   373514.125
  2500:   373526.125   373555.125   373592.125   373616.125   373647.125
  2505:   373769.125   373816.125   374082.125   374095.125   374130.125
  2510:   374143.125   374228.125   374240.125   374273.125   374287.125
  2515:   374322.125   374334.125   374547.125   374557.125   374718.125
  2520:   374894.125   374905.125   374960.125   375256.125   375331.125
  2525:   375340.125   375356.125   375491.725   375491.920   375491.901
  2530:   375491.095   375791.902   377291.910   377293.612   378693.622
  2535:   378694.812   378932.132   378974.132   379054.132   379090.132
  2540:   379180.132   379211.132   379256.132   379285.132   379322.132
  2545:   379353.132   379369.132   379382.132   379416.132   379425.132
  2550:   379462.132   379474.132   379490.132   379563.132   379599.132
  2555:   379613.132   379658.132   379691.132   379704.132   379773.132
  2560:   379784.132   380020.132   380051.132   380092.132   380246.132
  2565:   380288.132   380303.132   380438.132   380474.132   380488.132
  2570:   380631.132   380642.132   380656.132   380713.132   380747.132
  2575:   380858.132   380942.132   380961.132   381035.132   381051.132
  2580:   381082.132   381101.132   381206.132   381240.132   381259.132
  2585:   382694.822   382694.920   384194.910   384196.613   386146.623
  2590:   386147.813   386292.133   386333.133   386672.133   386708.133
  2595:   386739.133   386812.133   386859.133   386890.133   386997.133
  2600:   387029.133   387060.133   387086.133   387126.133   387208.133
  2605:   387424.133   387496.133   387507.133   387552.133   387583.133
  2610:   387593.133   387636.133   387724.133   387755.133   387839.133
  2615:   388191.133   388279.133   388340.133   388357.133   388395.133
  2620:   388410.133   388450.133   388456.133   388668.133   388734.133
  2625:   388747.133   388828.133   388920.133   388934.133   389007.133
  2630:   389161.133   389425.133   389440.133   389495.133   389542.133
  2635:   389671.133   389688.133   389846.133   389859.133   389874.133
  2640:   390239.133   390251.133   390444.133   390501.133   390674.133
  2645:   390947.823   390947.920   392447.910   392449.615   396299.625
  2650:   396300.815   398325.135   398392.135   398443.135   398456.135
  2655:   398494.135   398583.135   398624.135   398673.135   398750.135
  2660:   398919.135   399012.135   399266.135   399303.135   399364.135
  2665:   399413.135   399514.135   399545.135   399583.135   399593.135
  2670:   399682.135   399695.135   399911.135   399965.135   399981.135
  2675:   400162.135   400390.135   400400.135   400432.135   400476.135
  2680:   400485.135   400558.135   400570.135   400605.135   400644.135
  2685:   400656.135   400749.135   400762.135   400800.135   400866.135
  2690:   403006.135   403046.135   403086.135   403171.135   403258.135
  2695:   403298.135   403348.135   403426.135   403463.135   403503.135
  2700:   403629.135   403709.135   403744.135   403757.135   403790.135
  2705:   403805.135   403835.135   403853.135   403891.135   403900.135
  2710:   403973.135   404000.825   404000.920   404009.411   404017.411
  2715:   405500.910   405502.611   406502.621   406503.711   407403.121
  2720:   407445.121   407489.121   407604.721   407604.920   407604.901
  2725:   407604.091   407904.902   409404.910   409406.612   410806.622
  2730:   410807.712   410930.122   410982.122   411022.122   411111.122
  2735:   411142.122   411191.122   411220.122   411237.122   411268.122
  2740:   411300.122   411334.122   411346.122   411384.122   411393.122
  2745:   411427.122   411485.122   411491.122   411559.122   411597.122
  2750:   411609.122   411648.122   411698.122   411733.122   411744.122
  2755:   411784.122   411832.122   411845.122   411869.122   411994.122
  2760:   412005.122   412120.122   412132.122   412205.122   412214.722
  2765:   412214.920   412214.901   412214.092   412514.902   414014.910
  2770:   414016.611   415016.621   415017.811   415303.131   415339.131
  2775:   415378.131   415418.131   415469.131   415508.131   415641.131
  2780:   415677.131   415708.131   415746.131   415757.131   415993.131
  2785:   416110.131   416279.131   416386.131   416513.131   416575.131
  2790:   416585.131   416776.131   416825.131   416838.131   416870.131
  2795:   416908.131   416920.131   416961.131   416974.131   417221.131
  2800:   417229.131   417245.131   417373.131   417623.131   417661.131
  2805:   417760.131   417942.131   417954.131   417987.131   417998.131
  2810:   418073.131   418107.131   418122.131   418153.131   418166.131
  2815:   418207.131   418219.131   418270.131   418419.131   418471.131
  2820:   418482.131   418517.821   418517.920   418532.411   418558.411
  2825:   420017.910   420019.614   422769.624   422770.714   423240.124
  2830:   423284.124   423473.124   423508.124   423544.124   423583.124
  2835:   423600.124   423637.124   423770.124   423807.124   423837.124
  2840:   423874.124   423887.124   423921.124   423931.124   423970.124
  2845:   423995.124   424013.124   424061.124   424097.124   424110.124
  2850:   424152.124   424299.124   424310.124   424436.124   424472.124
  2855:   424482.124   424525.124   424540.124   424775.124   424797.124
  2860:   424848.124   424860.124   424961.124   424971.124   425094.124
  2865:   425138.124   425148.124   425184.124   425197.124   425218.124
  2870:   425243.124   425292.124   425306.124   425339.124   425351.124
  2875:   425590.724   425590.920   425590.901   425590.094   425890.902
  2880:   427390.910   427392.613   429342.623   429343.813   429562.133
  2885:   429923.133   429957.133   429990.133   430023.133   430038.133
  2890:   430070.133   430104.133   430355.133   430397.133   430448.133
  2895:   430526.133   430559.133   430591.133   430623.133   430667.133
  2900:   430693.133   430703.133   430746.133   430757.133   430789.133
  2905:   430872.133   430911.133   430922.133   430960.133   430975.133
  2910:   431010.133   431023.133   431068.133   431144.133   431219.133
  2915:   431231.133   431295.133   431393.133   431479.133   431724.133
  2920:   431739.133   431786.133   431838.133   431851.133   431889.133
  2925:   431901.133   432122.133   432134.133   432172.133   432191.133
  2930:   432310.133   432349.133   432363.133   432420.133   432438.133
  2935:   432524.133   432541.133   432581.133   432688.133   432697.133
  2940:   432760.133   433078.133   433088.133   433107.133   433336.133
  2945:   433346.133   433391.133   433408.133   433502.133   433836.133
  2950:   433987.133   434037.133   434049.133   434095.133   434143.823
  2955:   434143.920   435643.910   435645.615   439495.625   439496.815
  2960:   439694.135   440175.135   440217.135   440259.135   440445.135
  2965:   440482.135   440515.135   440554.135   440595.135   440633.135
  2970:   440668.135   440833.135   440868.135   440905.135   440943.135
  2975:   440985.135   441022.135   441034.135   441070.135   441124.135
  2980:   441159.135   441202.135   441219.135   441256.135   441269.135
  2985:   441484.135   441535.135   441548.135   441581.135   441595.135
  2990:   441627.135   441642.135   441675.135   441695.135   441729.135
  2995:   441755.135   441768.135   441805.135   441822.135   441989.135
  3000:   442001.135   442321.135   442369.135   442384.135   442468.135
  3005:   442515.135   442526.135   442562.135   442575.135   442611.135
  3010:   442622.135   442658.135   442676.135   442733.135   442810.135
  3015:   442821.135   442859.135   442870.135   442929.135   442946.135
  3020:   442974.135   442989.135   443022.135   443281.135   443389.135
  3025:   443515.135   443566.135   443581.135   443600.135   443648.135
  3030:   443745.135   443795.135   443805.135   443843.135   444098.135
  3035:   444112.135   444260.135   444270.135   444309.135   444320.135
  3040:   444359.135   444367.135   444408.135   444441.135   444483.135
  3045:   447196.825   447196.920   448696.910   448698.613   450648.623
  3050:   450649.813   451723.133   451775.133   451816.133   451857.133
  3055:   451904.133   451961.133   452107.133   452146.133   452286.133
  3060:   452323.133   452356.133   452394.133   452428.133   452443.133
  3065:   452657.133   452668.133   452706.133   452721.133   452755.133
  3070:   452805.133   452835.133   452873.133   452886.133   453088.133
  3075:   453128.133   453164.133   453179.133   453198.133   453231.133
  3080:   453285.133   453295.133   453575.133   453626.133   453638.133
  3085:   453672.133   453692.133   453727.133   453738.133   453764.133
  3090:   453779.133   453818.133   453832.133   453865.133   453922.133
  3095:   453935.133   454278.133   454288.133   454322.133   454332.133
  3100:   454373.133   454384.133   454704.133   454767.133   454803.133
  3105:   454818.133   454868.133   455449.823   455449.920   456949.910
  3110:   456951.615   460801.625   460802.715   461068.125   461110.125
  3115:   461196.125   461232.125   461404.125   461435.125   461469.125
  3120:   461502.125   461533.125   461587.125   461625.125   461716.125
  3125:   461884.125   461921.125   461931.125   461973.125   462102.125
  3130:   462143.125   462154.125   462191.125   462236.125   462249.125
  3135:   462283.125   462293.125   462346.125   462378.125   462522.125
  3140:   462554.125   462587.125   462623.125   462637.125   462669.125
  3145:   462680.125   462789.125   462799.125   462840.125   463121.125
  3150:   463176.125   463188.125   463221.125   463260.125   463297.125
  3155:   463311.125   463344.125   463353.125   463390.125   463465.125
  3160:   463479.125   463513.125   463544.125   463558.125   463613.125
  3165:   463759.125   463802.125   463850.125   463861.125   463982.125
  3170:   464012.125   464052.125   464094.125   464478.125   469133.725
  3175:   469133.920   469133.901   469133.095   469433.902   470933.910
  3180:   470935.613   472885.623   472886.713   473058.123   473417.123
  3185:   473448.123   473466.123   473497.123   473532.123   473544.123
  3190:   473574.123   473607.123   473621.123   473655.123   473739.123
  3195:   473770.123   473783.123   473818.123   473830.123   473972.123
  3200:   474106.123   474138.123   474190.123   474200.123   474272.123
  3205:   474287.123   474324.123   474338.123   474558.123   474595.123
  3210:   475213.723   475213.920   475213.901   475213.093   475513.902
  3215:   477013.910   477015.611   478015.621   478016.711   478116.121
  3220:   478153.121   478193.121   478265.121   478303.121   478471.121
  3225:   478510.121   478632.121   478664.121   478703.121   478736.121
  3230:   478767.121   478803.121   478843.121   478857.121   478934.121
  3235:   479020.721   479020.920   479020.901   479020.091   479320.902
  3240:   480820.910   480822.615   484672.625   484673.715   484859.125
  3245:   485085.125   485125.125   485157.125   485590.125   485625.125
  3250:   485658.125   485692.125   485730.125   485950.125   485984.125
  3255:   486022.125   486103.125   486149.125   486365.125   486378.125
  3260:   486643.125   486655.125   486685.125   486714.125   486755.125
  3265:   486788.125   486830.125   486969.125   486981.125   487015.125
  3270:   487029.125   487061.125   487252.125   487300.125   487332.125
  3275:   487360.125   487396.125   487433.125   487471.125   487484.125
  3280:   487523.125   487786.125   487818.125   487858.125   487895.125
  3285:   487930.125   488005.125   488021.125   488063.125   488315.125
  3290:   488333.125   488373.125   488387.125   488423.125   488517.125
  3295:   488531.725   488531.920   488531.901   488531.095   488831.902
  3300:   490331.910   490333.612   491733.622   491734.712   492023.122
  3305:   492053.122   492092.122   492127.122   492161.122   492251.122
  3310:   492282.122   492322.122   492361.122   492436.122   492485.122
  3315:   492519.122   492538.122   492572.122   492589.122   492670.122
  3320:   492704.122   492835.122   492868.122   492883.122   492915.122
  3325:   492923.122   492956.122   493048.122   493130.122   493145.722
  3330:   493145.920   493145.901   493145.092   493445.902   494945.910
  3335:   494947.615   498797.625   498798.715   499577.125   499788.125
  3340:   499825.125   499860.125   499888.125   499917.125   499953.125
  3345:   500060.125   500077.125   500115.125   500152.125   500238.125
  3350:   500331.125   500364.125   500399.125   500568.125   500582.125
  3355:   500614.125   500644.125   500674.125   500722.125   501017.125
  3360:   501217.125   501229.125   501508.125   501541.125   501552.125
  3365:   501579.125   501590.125   501623.125   501639.125   501670.125
  3370:   501714.125   501722.125   501771.125   501870.125   501880.125
  3375:   501931.125   501942.125   501973.125   501986.125   502032.125
  3380:   502066.125   502110.125   502187.125   502199.125   502297.125
  3385:   502306.125   502345.125   502382.125   502444.125   502472.125
  3390:   502548.125   502560.125   502596.125   502604.125   502646.125
  3395:   502656.725   502656.920   502656.901   502656.095   502956.902
  3400:   504456.910   504458.615   508308.625   508309.715   508562.125
  3405:   509404.125   509438.125   509476.125   509520.125   509614.125
  3410:   509645.125   509873.125   509884.125   509913.125   509942.125
  3415:   509993.125   510004.125   510248.125   510276.125   510327.125
  3420:   510335.125   510368.125   510377.125   510416.125   510640.125
  3425:   510683.125   510694.125   510727.125   510737.125   510751.125
  3430:   510790.125   510806.125   510838.125   510849.125   510989.125
  3435:   511022.125   511033.125   511067.125   511076.125   511111.125
  3440:   511157.125   511168.125   511203.125   511215.125   511255.125
  3445:   511489.125   511500.125   511516.125   511601.125   511642.125
  3450:   511678.125   511717.125   511728.125   511768.125   511817.125
  3455:   511827.125   511858.125   511870.125   511908.125   511965.125
  3460:   512005.125   512015.125   512028.125   512090.125   512121.125
  3465:   512168.725   512168.920   512168.901   512168.095   512468.902
  3470:   513968.910   513970.613   515920.623   515921.713   516216.123
  3475:   516280.123   516591.123   516692.123   516764.123   516792.123
  3480:   516831.123   516847.123   516879.123   517044.123   517085.123
  3485:   517093.123   517208.123   517259.123   517349.123   517358.123
  3490:   517401.123   517434.123   517444.123   517643.123   517696.123
  3495:   517818.123   517826.123   517910.723   517910.920   517910.901
  3500:   517910.093   518210.902   519710.910   519712.614   522462.624
  3505:   522463.814   523128.134   523161.134   523528.134   523568.134
  3510:   523722.134   523755.134   523789.134   523823.134   523861.134
  3515:   523875.134   524074.134   524084.134   524137.134   524148.134
  3520:   524219.134   524230.134   524260.134   524271.134   524318.134
  3525:   524439.134   524472.134   524487.134   524518.134   524527.134
  3530:   524673.134   524861.134   525047.134   525128.134   525210.134
  3535:   525221.134   525317.134   525330.134   525345.134   525366.134
  3540:   525499.134   525531.134   525544.134   525575.134   525587.134
  3545:   525769.134   526017.134   526135.134   526150.134   526162.134
  3550:   526187.134   526225.134   526294.134   526305.134   526355.134
  3555:   526447.134   526459.134   526495.134   526524.134   526611.134
  3560:   526647.134   526768.134   526908.134   526921.134   526974.134
  3565:   527171.134   527185.134   527336.134   527348.134   527395.134
  3570:   527409.134   527443.134   528263.824   528263.920   529763.910
  3575:   529765.613   531715.623   531716.713   532031.123   532441.123
  3580:   532473.123   532585.123   532620.123   532659.123   532690.123
  3585:   532718.123   532751.123   532796.123   532828.123   532844.123
  3590:   532874.123   532996.123   533028.123   533064.123   533098.123
  3595:   533137.123   533151.123   533308.123   533354.123   533387.123
  3600:   533418.123   533462.123   533473.123   533502.123   533537.123
  3605:   533547.123   533579.123   533620.123   533631.123   533663.123
  3610:   533715.723   533715.920   533715.901   533715.093   534015.902
  3615:   535515.910   535517.613   537467.623   537468.713   537755.123
  3620:   538030.123   538069.123   538140.123   538177.123   538213.123
  3625:   538336.123   538368.123   538590.123   538624.123   538662.123
  3630:   538677.123   538739.123   538773.123   538791.123   538822.123
  3635:   538833.123   538898.123   538918.123   538949.123   538965.123
  3640:   538999.123   539012.123   539052.123   539198.123   539239.123
  3645:   539252.123   539345.123   539409.123   539421.723   539421.920
  3650:   539421.901   539421.093   539721.902   541221.910   541223.615
  3655:   545073.625   545074.715   545077.125   546014.125   546149.125
  3660:   546250.125   546365.125   546380.125   546412.125   546444.125
  3665:   546472.125   546490.125   546518.125   546536.125   546565.125
  3670:   546580.125   546672.125   546689.125   546716.125   546727.125
  3675:   546764.125   546777.125   547032.125   547042.125   547064.125
  3680:   547091.125   547126.125   547163.125   547174.125   547209.125
  3685:   547219.125   547256.125   547419.125   547467.125   547477.125
  3690:   547541.125   547582.125   547591.125   547624.125   547663.125
  3695:   547747.125   547761.125   547914.125   548004.125   548013.125
  3700:   548047.125   548089.125   548101.125   548169.125   548412.125
  3705:   548425.125   548581.125   548635.125   548685.125   548700.125
  3710:   548958.725   548958.920   548958.901   548958.095   549258.902
  3715:   550758.910   550760.612   552160.622   552161.712   552317.122
  3720:   552362.122   552406.122   552553.122   552594.122   552629.122
  3725:   552642.122   552682.122   552723.122   552762.122   552829.122
  3730:   552845.122   552878.122   553021.122   553069.122   553205.122
  3735:   553215.122   553253.122   553270.122   553472.122   553550.122
  3740:   553984.722   553984.920   553984.901   553984.092   554284.902
  3745:   555784.910   555786.615   559636.625   559637.715   559886.125
  3750:   560143.125   560186.125   560418.125   560736.125   560777.125
  3755:   560792.125   560818.125   561280.125   561308.125   561342.125
  3760:   561413.125   561791.125   561872.125   561884.125   562095.125
  3765:   562172.125   562315.125   562355.125   562396.125   562412.125
  3770:   562718.125   562731.125   562795.125   562891.125   562907.125
  3775:   563004.125   563123.125   563134.125   563252.125   563265.125
  3780:   563378.125   563422.125   563435.125   563507.725   563507.920
  3785:   563507.901   563507.095   563807.902   565307.910   565309.613
  3790:   567259.623   567260.713   567544.123   567833.123   567874.123
  3795:   567990.123   568018.123   568308.123   568343.123   568470.123
  3800:   568480.123   568516.123   568647.123   568682.123   568716.123
  3805:   568748.123   568789.123   568819.123   568839.123   568874.123
  3810:   569077.123   569156.123   569191.123   569237.723   569237.920
  3815:   569237.901   569237.093   569537.902   571037.910   571039.615
  3820:   574889.625   574890.715   575364.125   575411.125   575541.125
  3825:   575889.125   575921.125   575998.125   576140.125   576173.125
  3830:   576209.125   576247.125   576279.125   576291.125   576324.125
  3835:   576343.125   576372.125   576388.125   576493.125   576526.125
  3840:   576558.125   576598.125   576614.125   576646.125   576677.125
  3845:   576710.125   576880.125   577065.125   577117.125   577129.125
  3850:   577163.125   577181.125   577218.125   577307.125   577320.125
  3855:   577406.125   577608.125   577623.125   577699.125   577713.125
  3860:   577753.125   577765.125   577804.125   577816.125   577831.125
  3865:   577908.125   577955.125   577973.125   578005.125   578269.125
  3870:   578605.125   578702.125   578759.725   578759.920   578759.901
  3875:   578759.095   579059.902   580559.910   580561.612   581961.622
  3880:   581962.812   582067.132   582100.132   582148.132   582191.132
  3885:   582263.132   582291.132   582323.132   582362.132   582389.132
  3890:   582409.132   582485.132   582677.132   582712.132   582752.132
  3895:   582763.132   582794.132   582805.132   582836.132   582850.132
  3900:   582889.132   582944.132   582988.132   582999.132   583060.132
  3905:   583235.132   583344.132   583359.132   583428.132   583519.132
  3910:   583741.132   583782.132   583791.132   583867.132   583941.132
  3915:   583955.132   584109.132   584122.132   584228.132   584424.132
  3920:   584436.132   584517.132   584625.132   584636.132   584744.132
  3925:   584824.132   584834.132   584901.132   584993.132   585025.132
  3930:   585038.132   585073.132   585127.132   585188.132   585197.132
  3935:   585233.132   585245.132   585280.132   585292.132   585559.132
  3940:   585572.132   585621.132   585672.132   585685.132   585962.822
  3945:   585962.920   587462.910   587464.611   588464.621   588465.711
  3950:   588540.121   588574.121   588614.121   588681.121   588756.121
  3955:   588791.121   588822.121   588860.121   588896.121   589012.121
  3960:   589041.121   589080.121   589117.121   589159.121   589226.121
  3965:   589281.121   589316.121   589351.121   589363.121   589504.721
  3970:   589504.920   589504.901   589504.091   589804.902   591304.910
  3975:   591306.613   593256.623   593257.713   593344.123   593521.123
  3980:   593609.123   593644.123   593672.123   593709.123   593744.123
  3985:   593783.123   593814.123   593896.123   593941.123   593990.123
  3990:   594001.123   594034.123   594046.123   594082.123   594093.123
  3995:   594129.123   594140.123   594181.123   594197.123   594268.123
  4000:   594300.123   594329.123   594346.123   594357.123   594397.123
  4005:   594407.123   594442.123   594456.123   594492.123   594502.123
  4010:   594537.123   594549.123   594585.123   594600.123   594672.123
  4015:   594686.123   594775.123   594812.123   594866.123   594942.123
  4020:   595117.123   595163.123   595292.723   595292.920   595292.901
  4025:   595292.093   595592.902   597092.910   597094.613   599044.623
  4030:   599045.713   599130.123   599193.123   599269.123   599347.123
  4035:   599378.123   599409.123   600014.123   600051.123   600081.123
  4040:   600120.123   600131.123   600145.123   600173.123   600188.123
  4045:   600221.123   600235.123   600453.123   600466.123   600575.123
  4050:   600608.123   600729.123   600742.123   600777.123   600796.123
  4055:   600836.123   600949.123   600960.123   601000.723   601000.920
  4060:   601000.901   601000.093   601300.902   602800.910   602802.612
  4065:   604202.622   604203.712   604364.122   604403.122   604675.122
  4070:   604706.122   604738.122   604767.122   604805.122   604839.122
  4075:   604876.122   604976.122   605010.122   605041.122   605076.122
  4080:   605115.122   605152.122   605220.122   605234.122   605423.122
  4085:   605452.122   605488.122   605506.122   605562.122   605778.722
  4090:   605778.920   605778.901   605778.092   606078.902   607578.910
  4095:   607580.612   608980.622   608981.712   609090.122   609131.122
  4100:   609172.122   609239.122   609274.122   609308.122   609386.122
  4105:   609461.122   609489.122   609529.122   609559.122   609629.122
  4110:   609659.122   609761.122   609792.122   609832.122   609907.122
  4115:   609973.122   609985.122   610317.122   610344.122   610396.722
  4120:   610396.920   610396.901   610396.092   610696.902   612196.910
  4125:   612198.612   613598.622   613599.712   613717.122   613790.122
  4130:   613826.122   613859.122   613907.122   613933.122   613979.122
  4135:   614007.122   614047.122   614083.122   614131.122   614199.122
  4140:   614303.122   614338.122   614369.122   614401.122   614469.122
  4145:   614482.122   614512.122   614594.122   614607.122   614656.122
  4150:   614778.122   614791.122   614823.122   614840.122   614851.122
  4155:   614883.122   614966.122   615144.722   615144.920   615144.901
  4160:   615144.092   615444.902   616944.910   616946.614   619696.624
  4165:   619697.714   619884.124   619969.124   620011.124   620086.124
  4170:   620273.124   620311.124   620460.124   620472.124   620501.124
  4175:   620528.124   620680.124   620716.124   620749.124   620780.124
  4180:   620875.124   620959.124   620969.124   621001.124   621036.124
  4185:   621109.124   621121.124   621181.124   621223.124   621253.124
  4190:   621301.124   621313.124   621347.124   621360.124   621385.124
  4195:   621454.124   621465.124   621615.124   621669.124   621727.124
  4200:   621739.124   621756.124   621868.124   621981.124   622031.124
  4205:   622045.124   622202.124   622213.124   622249.124   622261.124
  4210:   622356.124   622453.724   622453.920   622453.901   622453.094
  4215:   622753.902   624253.910   624255.614   627005.624   627006.714
  4220:   627749.124   627790.124   627886.124   628036.124   628074.124
  4225:   628105.124   628136.124   628379.124   628531.124   628571.124
  4230:   628615.124   628644.124   628878.124   628914.124   628928.124
  4235:   629260.124   629304.124   629340.124   629377.124   629396.124
  4240:   629427.124   629463.124   629531.124   629613.124   629662.124
  4245:   629670.124   629701.124   629723.124   629767.724   629767.920
  4250:   629767.901   629767.094   630067.902   631567.910   631569.614
  4255:   634319.624   634320.714   634602.124   634941.124   635119.124
  4260:   635152.124   635367.124   635406.124   635482.124   635638.124
  4265:   635679.124   635704.124   635735.124   635776.124   635787.124
  4270:   635819.124   635992.124   636001.124   636032.124   636070.124
  4275:   636137.124   636178.124   636237.124   636332.124   636363.124
  4280:   636377.124   636409.124   636441.124   636508.124   636585.124
  4285:   636597.124   636669.124   636712.124   636748.124   636759.124
  4290:   636838.124   636876.124   636917.124   637047.124   637084.724
  4295:   637084.920   637084.901   637084.094   637384.902   638884.910
  4300:   638886.611   639886.621   639887.711   639976.121   640049.121
  4305:   640171.121   640217.121   640363.121   640399.121   640431.121
  4310:   640474.121   640514.121   640559.121   640592.121   640669.121
  4315:   640686.121   640789.121   640807.121   640849.121   640867.121
  4320:   640944.721   640944.920   640944.901   640944.091   641244.902
  4325:   642744.910   642746.612   644146.622   644147.712   644322.122
  4330:   644372.122   644450.122   644619.122   644650.122   644681.122
  4335:   644716.122   644759.122   644791.122   644826.122   644857.122
  4340:   644929.122   644960.122   644972.122   645007.122   645024.122
  4345:   645054.122   645070.122   645099.122   645156.122   645256.122
  4350:   645271.122   645320.122   645354.122   645370.122   645406.122
  4355:   645452.122   645614.722   645614.920   645614.901   645614.092
  4360:   645914.902   647414.910   647416.613   649366.623   649367.713
  4365:   649492.123   649657.123   649769.123   649810.123   649993.123
  4370:   650026.123   650061.123   650097.123   650141.123   650174.123
  4375:   650248.123   650262.123   650328.123   650419.123   650455.123
  4380:   650526.123   650609.123   650634.123   650650.123   650683.123
  4385:   650736.123   650810.123   650823.123   651047.123   651158.123
  4390:   651173.123   651267.123   651305.123   651341.723   651341.920
  4395:   651341.901   651341.093   651641.902   653141.910   653143.611
  4400:   654143.621   654144.711   654354.121   654429.121   654497.121
  4405:   654530.121   654568.121   654602.121   654642.121   654675.121
  4410:   654707.121   654743.121   654786.121   654818.121   654854.121
  4415:   654880.121   654899.121   654965.121   655003.121   655019.121
  4420:   655050.121   655063.121   655093.121   655126.121   655139.121
  4425:   655167.721   655167.920   655167.901   655167.091   655467.902
  4430:   656967.910   656969.614   659719.624   659720.714   660217.124
  4435:   660546.124   660769.124   660813.124   660844.124   660889.124
  4440:   661005.124   661017.124   661078.124   661104.124   661260.124
  4445:   661291.124   661361.124   661372.124   661400.124   661505.124
  4450:   661517.124   661545.124   661802.124   661881.124   661892.124
  4455:   661968.124   662190.124   662199.124   662326.124   662458.124
  4460:   662513.724   662513.920   662513.901   662513.094   662813.902
  4465:   664313.910   664315.615   668165.625   668166.715   668675.125
  4470:   668997.125   669278.125   669408.125   669441.125   669483.125
  4475:   669631.125   669664.125   669784.125   669931.125   669982.125
  4480:   670161.125   670202.125   670231.125   670262.125   670302.125
  4485:   670337.125   670573.125   670603.125   670642.125   670674.125
  4490:   670779.125   670796.125   670829.125   670843.125   670939.125
  4495:   670976.125   671005.125   671037.125   671081.125   671094.125
  4500:   671192.125   671208.125   671425.125   671459.125   671639.125
  4505:   671745.125   671861.125   671911.125   672006.125   672052.725
  4510:   672052.920   672052.901   672052.095   672352.902   673852.910
  4515:   673854.613   675804.623   675805.713   675937.123   675981.123
  4520:   676022.123   676140.123   676186.123   676293.123   676329.123
  4525:   676367.123   676400.123   676443.123   676477.123   676495.123
  4530:   676526.123   676543.123   676578.123   676594.123   676663.123
  4535:   676702.123   676714.123   676748.123   677105.123   677167.123
  4540:   677229.123   677322.123   677333.123   677576.123   677613.123
  4545:   677706.123   677744.123   677759.723   677759.920   677759.901
  4550:   677759.093   678059.902   679559.910   679561.613   681511.623
  4555:   681512.713   681841.123   681940.123   681950.123   682147.123
  4560:   682173.123   682205.123   682252.123   682276.123   682499.123
  4565:   682569.123   682640.123   682868.123   682880.123   682950.123
  4570:   683088.123   683100.123   683239.123   683266.123   683281.123
  4575:   683342.123   683439.123   683500.723   683500.920   683500.901
  4580:   683500.093   683800.902   685300.910   685302.612   686702.622
  4585:   686703.712   686812.122   686847.122   686889.122   686963.122
  4590:   687039.122   687084.122   687192.122   687298.122   687332.122
  4595:   687413.122   687513.122   687530.122   687565.122   687606.122
  4600:   687634.122   687710.122   687742.122   687752.122   687787.122
  4605:   687799.122   687881.122   687898.122   687935.122   687945.122
  4610:   687983.122   688030.122   688119.722   688119.920   688119.901
  4615:   688119.092   688419.902   689919.910   689921.614   692671.624
  4620:   692672.714   693535.124   693874.124   694172.124   694209.124
  4625:   694491.124   694524.124   694560.124   694610.124   694639.124
  4630:   694673.124   694707.124   694742.124   694769.124   694786.124
  4635:   694811.124   694846.124   694867.124   694897.124   694925.124
  4640:   694939.124   695090.124   695158.124   695191.124   695205.124
  4645:   695238.124   695280.124   695293.124   695559.724   695559.920
  4650:   695559.901   695559.094   695859.902   697359.910   697361.614
  4655:   700111.624   700112.714   700337.124   700482.124   700568.124
  4660:   700712.124   700751.124   701309.124   701346.124   701381.124
  4665:   701418.124   701456.124   701469.124   701498.124   701507.124
  4670:   701537.124   701552.124   701664.124   701675.124   701742.124
  4675:   701780.124   701797.124   701821.124   701859.124   701894.124
  4680:   701924.124   701992.124   702002.124   702034.124   702162.124
  4685:   702197.124   702207.124   702472.124   702484.124   702573.124
  4690:   702665.124   702815.124   702879.724   702879.920   702879.901
  4695:   702879.094   703179.902   704679.910   704681.614   707431.624
  4700:   707432.714   708575.124   708678.124   708795.124   708831.124
  4705:   709056.124   709132.124   709159.124   709197.124   709433.124
  4710:   709681.124   709733.124   709839.124   709851.124   709904.124
  4715:   710257.724   710257.920   710257.901   710257.094   710557.902
  4720:   712057.910   712059.615   715909.625   715910.715   716677.125
  4725:   716971.125   717049.125   717273.125   717303.125   717341.125
  4730:   717485.125   717498.125   717724.125   717756.125   717789.125
  4735:   717827.125   717861.125   717897.125   717934.125   717950.125
  4740:   717981.125   718008.125   718048.125   718063.125   718138.125
  4745:   718297.125   718400.125   718429.125   718517.125   718530.125
  4750:   718576.125   718590.125   718660.125   718673.125   718833.125
  4755:   718950.125   718963.125   719103.125   719113.125   719155.125
  4760:   719192.125   719202.125   719277.125   719304.125   719527.125
  4765:   719540.125   719578.125   719616.125   719628.125   719672.125
  4770:   719708.125   719743.125   719774.725   719774.920   719774.901
  4775:   719774.095   720074.902   721574.910   721576.615   725426.625
  4780:   725427.715   726662.125   726853.125   726930.125   726985.125
  4785:   727211.125   727313.125   727326.125   727353.125   727383.125
  4790:   727425.125   727438.125   727454.125   727484.125   727498.125
  4795:   727531.125   727559.125   727742.125   727773.125   727844.125
  4800:   728037.125   728080.125   728110.125   728129.125   728141.125
  4805:   728170.125   728182.125   728294.125   728322.125   728374.125
  4810:   728411.125   728423.125   728500.125   728513.125   728572.125
  4815:   728623.125   728637.125   728811.125   728864.125   728910.125
  4820:   729189.125   729239.125   729253.125   729335.725   729335.920
  4825:   729335.901   729335.095   729635.902   731135.910   731137.615
  4830:   734987.625   734988.715   735635.125   736306.125   736497.125
  4835:   736772.125   736820.125   737144.125   737209.125   737251.125
  4840:   737350.125   737380.125   737409.125   737443.125   737469.125
  4845:   737506.125   737548.125   737747.125   737783.125   737813.125
  4850:   737880.125   737913.125   737923.125   737957.125   737967.125
  4855:   738000.125   738085.125   738164.125   738177.125   738208.125
  4860:   738222.125   738258.125   738306.125   738318.125   738354.125
  4865:   738367.125   738413.125   738740.125   739081.725   739081.920
  4870:   739081.901   739081.095   739381.902   740881.910   740883.615
  4875:   744733.625   744734.715   744851.125   745100.125   745399.125
  4880:   745804.125   745834.125   745868.125   745946.125   745990.125
  4885:   746027.125   746064.125   746280.125   746320.125   746361.125
  4890:   746407.125   746645.125   746690.125   746733.125   746826.125
  4895:   746840.125   747050.125   747065.125   747094.125   747108.125
  4900:   747266.125   747298.125   747395.125   747435.125   747453.125
  4905:   747493.125   747569.125   747578.125   747610.125   747764.125
  4910:   747837.125   747877.125   747954.125   747994.125   748275.125
  4915:   748287.125   748470.125   748524.125   748536.125   748711.725
  4920:   748711.920   748711.901   748711.095   749011.902   750511.910
  4925:   750513.614   753263.624   753264.714   753776.124   754088.124
  4930:   754166.124   754211.124   754479.124   754515.124   754621.124
  4935:   754651.124   754693.124   755040.124   755076.124   755116.124
  4940:   755218.124   755337.124   755435.124   755516.124   755549.124
  4945:   755582.124   755619.124   755639.124   755671.124   755730.124
  4950:   755802.124   755873.124   756046.724   756046.920   756046.901
  4955:   756046.094   756346.902   756346.902   756346.005   756346.006
  4960:   756346.007   756346.020 
D:
     0:        0.000        0.000        0.000        1.000        0.000
     5:        0.000        0.000        0.000        0.000        0.000
    10:        0.000        0.000        0.000        0.000        0.000
    15:        0.000        0.000        0.000        0.000        0.000
    20:        0.000        0.000        0.000        0.000        0.000
    25:        0.000        7.000        0.000        0.000        0.000
    30:        0.000        0.000        0.000        0.000        0.000
    35:        0.000
F:
     0:       10.000       10.000       10.000       10.000       10.000
     5:       10.000       10.000       10.000       10.000       14.000
    10:       14.000       14.000       14.000       14.000       14.000
    15:       14.000       14.000       14.000       14.000       14.000
    20:       14.000       19.500       19.500       19.500       19.500
    25:       19.500       19.500       19.500       19.500       19.500
    30:       19.500       19.500       19.500       19.500       19.500
    35:       19.500       27.500       27.500       27.500       27.500
    40:       27.500       27.500       27.500       27.500       27.500
    45:       27.500       27.500       27.500       27.500       27.500
    50:       27.500       27.500       27.500       27.500       38.500
    55:       38.500       38.500       38.500       38.500       38.500
    60:       38.500       38.500       38.500       38.500       38.500
    65:       38.500       38.500       38.500       38.500       38.500
    70:       38.500       38.500       38.500       38.500       38.500
    75:       20.000       20.000       20.000       28.000       28.000
    80:       28.000       28.000       39.000       39.000       39.000
    85:       39.000       39.000       55.000       55.000       55.000
    90:       55.000       55.000       55.000       77.000       77.000
    95:       77.000       77.000       77.000       77.000       77.000
I:
     0:       75.000        0.000        0.000
M:
     0:        9.000       12.000       15.000       18.000       21.000
     5:        3.000        4.000        5.000        6.000        7.000
    10:      100.000
N:
     0:       12.000       16.000       20.000       24.000       28.000
     5:        0.000
Q:
     0:        9.000       12.000       15.000       18.000       21.000
     5:        0.000
V:
     0:        0.000        0.000        0.000        0.000        0.000
     5:      153.000      312.000      375.000      652.000     1091.000
    10:      146.000      218.000      320.000      461.000      470.000
    15:        0.000
