File: C:\MED-PC IV\DATA\M_PEAK_LP7P105


Start Date: 09/25/17
End Date: 09/25/17
Subject: P105
Experiment: IF-PICO
Group: 0
Box: 6
Start Time:  9:46:14
End Time: 11:51:05
MSN: Multiple_PeakLP2
B:       0.000
C:       0.000
E:    5520.000
G:      55.000
H:    5800.000
J:       0.000
K:       0.000
L:       0.000
O:       0.000
P:       0.000
R:       0.000
S:       0.000
T:  749028.000
U:       0.000
W:       0.000
X:       0.000
Y:       0.000
Z:       0.000
A:
     0:        0.010      500.910      502.613     2452.623     2453.713
     5:     2616.123     2659.123     2695.123     2730.123     2769.123
    10:     2846.123     2885.123     2924.123     2958.123     3026.123
    15:     3056.123     3082.123     3096.123     3129.123     3198.123
    20:     3233.123     3252.123     3286.123     3359.123     3372.123
    25:     3439.123     3451.123     3467.123     3486.123     3568.123
    30:     3582.123     3616.123     3634.123     3676.123     3768.123
    35:     3777.123     3810.123     3829.123     3867.123     3903.123
    40:     3912.123     3945.123     3961.123     3998.123     4042.123
    45:     4058.123     4090.123     4108.123     4142.123     4156.123
    50:     4275.123     4372.123     4404.723     4404.920     4404.901
    55:     4404.093     4704.902     6204.910     6206.614     8956.624
    60:     8957.814     9088.134     9125.134     9163.134     9207.134
    65:     9212.134     9277.134     9315.134     9382.134     9423.134
    70:     9499.134     9534.134     9586.134     9605.134     9640.134
    75:     9671.134     9709.134     9750.134     9826.134     9848.134
    80:     9893.134     9904.134     9952.134     9967.134    10060.134
    85:    10112.134    10146.134    10159.134    10283.134    10300.134
    90:    10370.134    10387.134    10460.134    10534.134    10573.134
    95:    10589.134    10658.134    10727.134    10737.134    10777.134
   100:    10826.134    10842.134    10872.134    10928.134    11118.134
   105:    11146.134    11174.134    11186.134    11225.134    11384.134
   110:    11395.134    11441.134    11456.134    11501.134    11552.134
   115:    11588.134    11641.134    11693.134    11712.134    11838.134
   120:    11851.134    11884.134    11924.134    11983.134    12021.134
   125:    12041.134    12124.134    12213.134    12268.134    12340.134
   130:    12352.134    12535.134    12550.134    12626.134    12639.134
   135:    12728.134    12744.134    12776.134    12816.134    12866.134
   140:    12883.134    12915.134    12940.134    12958.134    13015.134
   145:    13203.134    13258.134    13273.134    13316.134    13336.134
   150:    13372.134    13592.134    13602.134    13641.134    13691.134
   155:    13705.134    13866.134    13883.134    13931.134    13943.134
   160:    13981.134    14034.134    14384.134    14395.134    14442.134
   165:    14455.134    14513.134    14550.134    14594.134    14614.134
   170:    14681.134    14757.824    14757.920    14768.411    14795.411
   175:    16257.910    16259.615    20109.625    20110.815    20271.135
   180:    20309.135    20345.135    20383.135    20432.135    20470.135
   185:    20503.135    20535.135    20577.135    20705.135    20740.135
   190:    20755.135    20791.135    20861.135    20902.135    20917.135
   195:    20954.135    20982.135    21028.135    21069.135    21105.135
   200:    21148.135    21213.135    21301.135    21317.135    21350.135
   205:    21365.135    21405.135    21419.135    21497.135    21532.135
   210:    21570.135    21585.135    21626.135    21639.135    21692.135
   215:    21725.135    21765.135    21816.135    21857.135    21907.135
   220:    21951.135    22005.135    22036.135    22081.135    22094.135
   225:    22133.135    22147.135    22242.135    22254.135    22293.135
   230:    22307.135    22377.135    22460.135    22475.135    22547.135
   235:    22586.135    22632.135    22677.135    22878.135    22924.135
   240:    22993.135    23062.135    23244.135    23329.135    23372.135
   245:    23411.135    23457.135    23472.135    23488.135    23548.135
   250:    23643.135    23662.135    23745.135    23806.135    23873.135
   255:    25380.135    25421.135    25457.135    25490.135    25519.135
   260:    25535.135    25567.135    25601.135    25623.135    25694.135
   265:    25729.135    25745.135    25784.135    25825.135    25862.135
   270:    25874.135    25912.135    25930.135    25970.135    26004.135
   275:    26017.135    26053.135    26068.135    26103.135    26117.135
   280:    26152.135    26193.135    26248.135    26340.135    26351.135
   285:    26440.135    26491.135    26503.135    26547.135    26581.135
   290:    26635.135    26670.135    26761.135    26850.135    26902.135
   295:    26917.135    26963.135    27013.135    27053.135    27088.135
   300:    27126.135    27171.135    27184.135    27224.135    27265.135
   305:    27406.135    27444.135    27497.135    27513.135    27553.135
   310:    27568.135    27608.135    27624.135    27664.135    27704.135
   315:    27810.825    27810.920    29310.910    29312.615    33162.625
   320:    33163.715    33383.125    33425.125    33463.125    33495.125
   325:    33530.125    33571.125    33613.125    33658.125    33700.125
   330:    33790.125    33829.125    33873.125    33931.125    33985.125
   335:    34070.125    34138.125    34149.125    34258.125    34273.125
   340:    34347.125    34467.125    34512.125    34561.125    34573.125
   345:    34589.125    34639.125    34805.125    34817.125    34876.125
   350:    34914.125    34991.125    35041.125    35089.125    35121.125
   355:    35202.125    35244.125    35302.125    35313.125    35347.125
   360:    35361.125    35378.125    35461.125    35514.125    35567.125
   365:    35733.125    35783.125    35794.125    35848.125    35863.125
   370:    35906.125    36088.125    36100.125    36142.125    36198.125
   375:    36285.125    36297.125    36382.125    36554.125    36600.125
   380:    36644.125    36680.125    36717.125    36734.125    36775.125
   385:    36794.125    36829.125    36887.125    36898.125    36941.125
   390:    36977.125    36997.125    37057.725    37057.920    37057.901
   395:    37057.095    37357.902    38857.910    38859.615    42709.625
   400:    42710.815    42880.135    42918.135    42953.135    43027.135
   405:    43063.135    43106.135    43190.135    43223.135    43374.135
   410:    43455.135    43467.135    43540.135    43574.135    43606.135
   415:    43647.135    43678.135    43717.135    43732.135    43808.135
   420:    43845.135    43886.135    43980.135    44081.135    44191.135
   425:    44273.135    44319.135    44350.135    44363.135    44396.135
   430:    44410.135    44448.135    44462.135    44562.135    44577.135
   435:    44625.135    44637.135    44673.135    44706.135    44746.135
   440:    44782.135    44801.135    44835.135    44880.135    44917.135
   445:    44975.135    45008.135    45027.135    45172.135    45187.135
   450:    45286.135    45366.135    45404.135    45482.135    45543.135
   455:    45673.135    45911.135    46000.135    46014.135    46064.135
   460:    46076.135    46151.135    46161.135    46202.135    46256.135
   465:    46277.135    46509.135    46520.135    46571.135    46583.135
   470:    46626.135    46661.135    46695.135    46716.135    46803.135
   475:    46906.135    46924.135    47255.135    47295.135    47328.135
   480:    47368.135    47419.135    47456.135    47504.135    47564.135
   485:    47630.135    47684.135    47723.135    47773.135    47877.135
   490:    47917.135    47952.135    47982.135    48019.135    48063.135
   495:    49023.135    49292.135    49382.135    49440.135    49503.135
   500:    49675.135    49712.135    49752.135    49801.135    49856.135
   505:    50333.135    50373.135    50410.825    50410.920    50412.411
   510:    51910.910    51912.615    55762.625    55763.715    55977.125
   515:    56017.125    56055.125    56089.125    56121.125    56153.125
   520:    56191.125    56209.125    56252.125    56293.125    56332.125
   525:    56422.125    56475.125    56508.125    56580.125    56632.125
   530:    56675.125    56720.125    56825.125    56870.125    56919.125
   535:    57048.125    57082.125    57119.125    57191.125    57286.125
   540:    57337.125    57514.125    57586.125    57671.125    57814.125
   545:    57825.125    57908.125    57956.125    57997.125    58034.125
   550:    58107.125    58119.125    58158.125    58173.125    58213.125
   555:    58260.125    58462.125    58505.125    58644.125    58690.125
   560:    58738.125    58820.125    58903.125    59121.125    59133.125
   565:    59300.125    59313.125    59394.125    59472.125    61556.725
   570:    61556.920    61556.901    61556.095    61856.902    63356.910
   575:    63358.612    64758.622    64759.712    64853.122    64894.122
   580:    64930.122    64961.122    65002.122    65041.122    65085.122
   585:    65121.122    65155.122    65214.122    65291.122    65324.122
   590:    65370.122    65424.122    65480.122    65533.122    65640.122
   595:    65678.122    65692.122    65709.122    65786.122    65799.122
   600:    65884.122    65897.122    66010.122    66022.122    66065.122
   605:    66078.122    66098.122    66347.722    66347.920    66347.901
   610:    66347.092    66647.902    68147.910    68149.614    70899.624
   615:    70900.714    70980.124    71015.124    71051.124    71090.124
   620:    71129.124    71163.124    71198.124    71237.124    71281.124
   625:    71316.124    71349.124    71386.124    71423.124    71467.124
   630:    71500.124    71594.124    71700.124    71709.124    71785.124
   635:    71830.124    71878.124    71921.124    72007.124    72018.124
   640:    72059.124    72088.124    72127.124    72275.124    72440.124
   645:    72456.124    72469.124    72481.124    72571.124    72584.124
   650:    72665.124    72720.124    72800.124    72843.124    72858.124
   655:    72896.124    72913.124    72951.124    72960.124    73205.124
   660:    73265.124    73317.124    73415.124    73480.124    73512.124
   665:    73556.124    73573.124    73614.124    73732.724    73732.920
   670:    73732.901    73732.094    74032.902    75532.910    75534.614
   675:    78284.624    78285.714    78433.124    78468.124    78504.124
   680:    78541.124    78589.124    78628.124    78731.124    78767.124
   685:    78853.124    79045.124    79092.124    79150.124    79186.124
   690:    79219.124    79267.124    79311.124    79342.124    79388.124
   695:    79465.124    79560.124    79577.124    79615.124    79655.124
   700:    79768.124    79859.124    79986.124    80001.124    80036.124
   705:    80098.124    80249.124    80286.124    80300.124    80332.124
   710:    80386.124    80418.124    80584.124    80710.124    80910.124
   715:    80919.124    80960.124    81043.724    81043.920    81043.901
   720:    81043.094    81343.902    82843.910    82845.611    83845.621
   725:    83846.711    83955.121    83993.121    84028.121    84109.121
   730:    84144.121    84179.121    84286.121    84332.121    84384.121
   735:    84402.121    84434.121    84468.121    84502.121    84543.121
   740:    84577.121    84659.121    84669.121    84791.121    84937.721
   745:    84937.920    84937.901    84937.091    85237.902    86737.910
   750:    86739.614    89489.624    89490.714    89649.124    89686.124
   755:    89728.124    89766.124    89804.124    90066.124    90158.124
   760:    90198.124    90236.124    90270.124    90309.124    90357.124
   765:    90399.124    90461.124    90490.124    90755.124    90764.124
   770:    90800.124    90836.124    90894.124    90909.124    90944.124
   775:    90973.124    91010.124    91068.124    91193.124    91204.124
   780:    91251.124    91264.124    91504.124    91550.124    91563.124
   785:    91638.124    91654.124    91697.124    91709.124    91842.124
   790:    91926.124    91945.124    92147.124    92195.124    92211.124
   795:    92267.724    92267.920    92267.901    92267.094    92567.902
   800:    94067.910    94069.613    96019.623    96020.713    96329.123
   805:    96369.123    96406.123    96441.123    96477.123    96520.123
   810:    96556.123    96687.123    96723.123    96758.123    96796.123
   815:    96837.123    96895.123    96942.123    97028.123    97042.123
   820:    97305.123    97319.123    97393.123    97409.123    97489.123
   825:    97582.123    97617.123    97715.123    97734.123    97791.123
   830:    97828.123    97848.123    97919.123    97973.723    97973.920
   835:    97973.901    97973.093    98273.902    99773.910    99775.612
   840:   101175.622   101176.712   101269.122   101307.122   101349.122
   845:   101389.122   101435.122   101486.122   101533.122   101623.122
   850:   101658.122   101698.122   101775.122   101825.122   101944.122
   855:   101995.122   102008.122   102088.122   102104.122   102123.122
   860:   102157.122   102173.122   102188.122   102282.122   102363.122
   865:   102379.122   102508.122   102606.722   102606.920   102606.901
   870:   102606.092   102906.902   104406.910   104408.614   107158.624
   875:   107159.714   107548.124   107584.124   107627.124   107660.124
   880:   107688.124   107727.124   107808.124   107844.124   108024.124
   885:   108067.124   108100.124   108180.124   108193.124   108374.124
   890:   108440.124   108476.124   108496.124   108590.124   108605.124
   895:   108653.124   108666.124   108700.124   108738.124   108779.124
   900:   108811.124   108854.124   108889.124   108939.124   108992.124
   905:   109030.124   109074.124   109145.124   109202.124   109237.124
   910:   109318.124   109324.124   109422.124   109627.124   109675.124
   915:   109746.124   109767.124   109798.124   109817.124   109892.124
   920:   109908.124   110047.724   110047.920   110047.901   110047.094
   925:   110347.902   111847.910   111849.612   113249.622   113250.712
   930:   113343.122   113386.122   113435.122   113482.122   113528.122
   935:   113577.122   113624.122   113666.122   113708.122   113747.122
   940:   113798.122   113839.122   113918.122   113975.122   114029.122
   945:   114067.122   114104.122   114140.122   114238.122   114277.122
   950:   114322.122   114360.122   114397.122   114435.122   114473.122
   955:   114490.122   114570.122   114630.122   114647.122   114662.722
   960:   114662.920   114662.901   114662.092   114962.902   116462.910
   965:   116464.614   119214.624   119215.714   119564.124   119602.124
   970:   119640.124   119680.124   119915.124   119952.124   119983.124
   975:   120033.124   120066.124   120107.124   120146.124   120181.124
   980:   120214.124   120351.124   120401.124   120443.124   120715.124
   985:   120756.124   120810.124   120842.124   120885.124   120979.124
   990:   121053.124   121134.124   121174.124   121260.124   121273.124
   995:   121356.124   121371.124   121426.124   121462.124   121511.124
  1000:   121524.124   121607.124   121666.124   121715.124   121727.124
  1005:   121825.124   121879.124   121923.124   121962.124   121973.724
  1010:   121973.920   121973.901   121973.094   122273.902   123773.910
  1015:   123775.615   127625.625   127626.715   127997.125   128042.125
  1020:   128135.125   128219.125   128284.125   128406.125   128457.125
  1025:   128621.125   128649.125   128683.125   128726.125   128767.125
  1030:   128808.125   128849.125   128886.125   129075.125   129125.125
  1035:   129159.125   129225.125   129307.125   129320.125   129395.125
  1040:   129430.125   129473.125   129563.125   129579.125   129663.125
  1045:   129675.125   129738.125   129813.125   129925.125   129950.125
  1050:   130271.125   130518.125   130576.125   130588.125   130603.125
  1055:   130700.125   130712.125   130867.125   130963.125   131053.125
  1060:   131151.125   131244.125   131411.125   131458.125   131474.125
  1065:   131512.725   131512.920   131512.901   131512.095   131812.902
  1070:   133312.910   133314.612   134714.622   134715.712   134948.122
  1075:   134992.122   135028.122   135075.122   135119.122   135168.122
  1080:   135269.122   135397.122   135430.122   135472.122   135512.122
  1085:   135553.122   135577.122   135645.122   135698.122   135714.122
  1090:   135761.122   135847.122   135861.122   135943.122   136051.122
  1095:   136206.722   136206.920   136206.901   136206.092   136506.902
  1100:   138006.910   138008.612   139408.622   139409.712   139533.122
  1105:   139577.122   139683.122   139721.122   139760.122   139810.122
  1110:   139908.122   139942.122   139980.122   140019.122   140058.122
  1115:   140102.122   140146.122   140165.122   140243.122   140282.122
  1120:   140317.122   140335.122   140366.122   140391.122   140445.122
  1125:   140527.122   140542.122   140599.122   140620.122   140794.122
  1130:   140901.722   140901.920   140901.901   140901.092   141201.902
  1135:   142701.910   142703.613   144653.623   144654.713   144756.123
  1140:   144794.123   144838.123   144920.123   144959.123   145000.123
  1145:   145052.123   145085.123   145133.123   145168.123   145213.123
  1150:   145294.123   145330.123   145367.123   145418.123   145502.123
  1155:   145540.123   145589.123   145601.123   145619.123   145671.123
  1160:   145733.123   145788.123   145886.123   145951.123   145967.123
  1165:   145981.123   146084.123   146102.123   146287.123   146302.123
  1170:   146395.123   146409.123   146425.123   146438.123   146456.123
  1175:   146545.123   146589.123   146644.723   146644.920   146644.901
  1180:   146644.093   146944.902   148444.910   148446.614   151196.624
  1185:   151197.714   151307.124   151347.124   151386.124   151422.124
  1190:   151455.124   151487.124   151524.124   151568.124   151616.124
  1195:   151622.124   151663.124   151671.124   151712.124   151814.124
  1200:   151837.124   151873.124   151909.124   151952.124   151988.124
  1205:   152024.124   152108.124   152125.124   152163.124   152204.124
  1210:   152262.124   152279.124   152367.124   152381.124   152434.124
  1215:   152670.124   152688.124   152700.124   152786.124   152873.124
  1220:   152976.124   153121.124   153153.124   153179.124   153196.124
  1225:   153212.124   153228.124   153322.124   153406.124   153518.124
  1230:   153537.124   153617.124   153635.124   153687.124   153699.124
  1235:   153885.124   153925.124   153940.124   154026.724   154026.920
  1240:   154026.901   154026.094   154326.902   155826.910   155828.615
  1245:   159678.625   159679.715   159887.125   160101.125   160185.125
  1250:   160222.125   160257.125   160287.125   160324.125   160361.125
  1255:   160558.125   160592.125   160639.125   160680.125   160928.125
  1260:   160945.125   160979.125   161014.125   161041.125   161082.125
  1265:   161117.125   161200.125   161215.125   161259.125   161357.125
  1270:   161395.125   161408.125   161441.125   161481.125   161515.125
  1275:   161596.125   161633.125   161691.125   161706.125   161786.125
  1280:   161799.125   161887.125   161930.125   161946.125   161977.125
  1285:   162025.125   162065.125   162253.125   162352.125   162544.125
  1290:   162630.125   162699.125   162719.125   162813.125   162851.125
  1295:   162869.125   162952.125   163056.125   163071.125   163152.125
  1300:   163166.125   163204.125   163282.125   163439.125   163522.125
  1305:   163538.725   163538.920   163538.901   163538.095   163838.902
  1310:   165338.910   165340.615   169190.625   169191.715   169770.125
  1315:   169811.125   169852.125   169902.125   169951.125   170177.125
  1320:   170217.125   170234.125   170269.125   170304.125   170337.125
  1325:   170373.125   170410.125   170431.125   170467.125   170607.125
  1330:   170643.125   170658.125   170692.125   170732.125   170745.125
  1335:   170781.125   170800.125   170842.125   170862.125   170910.125
  1340:   170999.125   171021.125   171059.125   171076.125   171133.125
  1345:   171304.125   171351.125   171405.125   171527.125   171547.125
  1350:   171633.125   171670.125   171685.125   171768.125   171953.125
  1355:   172002.125   172074.125   172286.125   172336.125   172399.125
  1360:   172447.125   172488.125   172504.125   172614.125   172665.125
  1365:   172677.125   172818.125   172830.125   172989.125   173033.125
  1370:   173050.725   173050.920   173050.901   173050.095   173350.902
  1375:   174850.910   174852.613   176802.623   176803.713   177104.123
  1380:   177137.123   177376.123   177411.123   177444.123   177695.123
  1385:   177955.123   177991.123   178022.123   178060.123   178105.123
  1390:   178319.123   178334.123   178460.123   178475.123   178552.123
  1395:   178602.123   178613.123   178655.123   178696.123   178797.723
  1400:   178797.920   178797.901   178797.093   179097.902   180597.910
  1405:   180599.614   183349.624   183350.714   183560.124   183598.124
  1410:   183640.124   183763.124   183799.124   183848.124   184346.124
  1415:   184391.124   184441.124   184714.124   184745.124   184803.124
  1420:   184832.124   184871.124   184920.124   184963.124   185009.124
  1425:   185056.124   185229.124   185250.124   185284.124   185299.124
  1430:   185373.124   185388.124   185450.124   185579.124   185591.124
  1435:   185659.124   185674.124   185728.124   185771.124   185808.124
  1440:   186128.724   186128.920   186128.901   186128.094   186428.902
  1445:   187928.910   187930.614   190680.624   190681.714   191139.124
  1450:   191179.124   191216.124   191262.124   191305.124   191350.124
  1455:   191405.124   191448.124   191537.124   191568.124   191604.124
  1460:   191645.124   191803.124   191849.124   191971.124   192009.124
  1465:   192041.124   192100.124   192296.124   192337.124   192526.124
  1470:   192578.124   192626.124   192689.124   192739.124   192817.124
  1475:   192832.124   192921.124   192932.124   192973.124   192988.124
  1480:   193025.124   193058.124   193076.124   193204.124   193221.124
  1485:   193242.124   193277.124   193453.724   193453.920   193453.901
  1490:   193453.094   193753.902   195253.910   195255.615   199105.625
  1495:   199106.715   200396.125   200439.125   200495.125   200532.125
  1500:   200545.125   200575.125   200614.125   200662.125   200721.125
  1505:   200744.125   200777.125   200815.125   200851.125   200902.125
  1510:   200940.125   200961.125   200994.125   201031.125   201045.125
  1515:   201085.125   201141.125   201351.125   201394.125   201403.125
  1520:   201422.125   201437.125   201477.125   201514.125   201529.125
  1525:   201602.125   201640.125   201652.125   201696.125   201711.125
  1530:   201882.125   201931.125   201943.125   202014.125   202026.125
  1535:   202139.125   202191.125   202224.125   202238.125   202314.125
  1540:   202525.125   202563.125   202577.125   202632.125   202690.125
  1545:   202773.125   202809.125   202822.125   202853.125   202896.125
  1550:   202972.725   202972.920   202972.901   202972.095   203272.902
  1555:   204772.910   204774.612   206174.622   206175.712   206315.122
  1560:   206352.122   206394.122   206432.122   206480.122   206520.122
  1565:   206558.122   206598.122   206641.122   206676.122   206716.122
  1570:   206741.122   206777.122   206822.122   206868.122   206911.122
  1575:   206962.122   207004.122   207107.122   207145.122   207180.122
  1580:   207198.122   207232.122   207269.122   207330.122   207422.122
  1585:   207462.122   207481.122   207522.122   207534.122   207577.722
  1590:   207577.920   207577.901   207577.092   207877.902   209377.910
  1595:   209379.615   213229.625   213230.715   213427.125   213466.125
  1600:   213501.125   213531.125   213572.125   213611.125   213810.125
  1605:   213852.125   213864.125   213900.125   213932.125   213954.125
  1610:   213987.125   214004.125   214041.125   214112.125   214125.125
  1615:   214166.125   214203.125   214279.125   214384.125   214421.125
  1620:   214488.125   214553.125   214667.125   214681.125   214783.125
  1625:   214877.125   214900.125   214913.125   214952.125   214963.125
  1630:   215001.125   215036.125   215074.125   215192.125   215203.125
  1635:   215240.125   215274.125   215310.125   215323.125   215355.125
  1640:   215404.125   215444.125   215487.125   215613.125   215765.125
  1645:   215865.125   215907.125   215922.125   215938.125   216046.125
  1650:   216084.125   216124.125   216142.125   216190.125   216393.125
  1655:   216487.125   216521.125   216533.125   216630.125   216689.125
  1660:   216742.125   216819.125   216855.125   216876.125   216945.125
  1665:   216984.125   217000.125   217038.125   217077.125   217132.725
  1670:   217132.920   217132.901   217132.095   217432.902   218932.910
  1675:   218934.611   219934.621   219935.811   220044.131   220086.131
  1680:   220130.131   220180.131   220220.131   220278.131   220369.131
  1685:   220414.131   220450.131   220493.131   220533.131   220571.131
  1690:   220622.131   220658.131   220779.131   220818.131   220900.131
  1695:   220943.131   220958.131   220998.131   221014.131   221031.131
  1700:   221071.131   221107.131   221155.131   221169.131   221182.131
  1705:   221197.131   221248.131   221262.131   221353.131   221389.131
  1710:   221424.131   221475.131   221492.131   221544.131   221564.131
  1715:   221602.131   221640.131   221653.131   221692.131   221706.131
  1720:   221725.131   221810.131   221898.131   221950.131   221984.131
  1725:   222022.131   222035.131   222241.131   222254.131   222274.131
  1730:   222503.131   222513.131   222560.131   222638.131   222652.131
  1735:   222669.131   222686.131   222814.131   222882.131   222954.131
  1740:   222994.131   223177.131   223189.131   223226.131   223266.131
  1745:   223435.821   223435.920   224935.910   224937.612   226337.622
  1750:   226338.812   226446.132   226482.132   226524.132   226570.132
  1755:   226666.132   226706.132   226745.132   226786.132   226829.132
  1760:   226871.132   226912.132   226956.132   226973.132   227014.132
  1765:   227055.132   227091.132   227131.132   227164.132   227254.132
  1770:   227409.132   227458.132   227602.132   227613.132   227629.132
  1775:   227737.132   227785.132   227828.132   227871.132   227952.132
  1780:   228022.132   228173.132   228187.132   228201.132   228245.132
  1785:   228284.132   228305.132   228342.132   228397.132   228413.132
  1790:   228469.132   228541.132   228688.132   228764.132   229145.132
  1795:   229202.132   229364.132   229375.132   229463.132   230338.822
  1800:   230338.920   231838.910   231840.613   233790.623   233791.713
  1805:   234088.123   234128.123   234172.123   234221.123   234326.123
  1810:   234372.123   234420.123   234536.123   234567.123   234618.123
  1815:   234660.123   234705.123   234746.123   234799.123   234833.123
  1820:   234875.123   234897.123   234935.123   234976.123   235024.123
  1825:   235067.123   235130.123   235218.123   235362.123   235377.123
  1830:   235533.123   235567.123   235624.123   235808.723   235808.920
  1835:   235808.901   235808.093   236108.902   237608.910   237610.612
  1840:   239010.622   239011.812   239104.132   239137.132   239188.132
  1845:   239333.132   239377.132   239392.132   239427.132   239508.132
  1850:   239571.132   239607.132   239641.132   239677.132   239805.132
  1855:   239849.132   239890.132   239929.132   239978.132   240028.132
  1860:   240079.132   240121.132   240161.132   240176.132   240373.132
  1865:   240502.132   240597.132   240641.132   240654.132   240677.132
  1870:   240694.132   240744.132   240754.132   240800.132   240817.132
  1875:   240879.132   240966.132   240981.132   240998.132   241015.132
  1880:   241093.132   241105.132   241149.132   241164.132   241179.132
  1885:   241234.132   241301.132   241541.132   241574.132   241644.132
  1890:   241701.132   241714.132   241817.132   241872.132   241887.132
  1895:   242172.132   242226.132   242282.132   242357.132   242490.132
  1900:   242524.132   242566.132   242896.132   242951.132   243000.132
  1905:   243011.822   243011.920   243012.411   244511.910   244513.613
  1910:   246463.623   246464.813   246630.133   246737.133   246824.133
  1915:   246910.133   246946.133   247035.133   247218.133   247259.133
  1920:   247368.133   247384.133   247416.133   247451.133   247489.133
  1925:   247539.133   247556.133   247592.133   247685.133   247937.133
  1930:   248001.133   248250.133   248357.133   248372.133   248502.133
  1935:   248519.133   248615.133   248665.133   248681.133   248882.133
  1940:   248935.133   249141.133   249157.133   249193.133   249209.133
  1945:   249247.133   249264.133   249357.133   249521.133   249593.133
  1950:   249638.133   249917.133   250223.133   250264.133   250326.133
  1955:   250381.133   250435.133   250811.133   250856.133   250900.133
  1960:   250977.133   251039.133   251058.133   251264.823   251264.920
  1965:   252764.910   252766.613   254716.623   254717.713   254946.123
  1970:   254987.123   255031.123   255069.123   255103.123   255143.123
  1975:   255178.123   255214.123   255249.123   255289.123   255324.123
  1980:   255360.123   255398.123   255439.123   255457.123   255494.123
  1985:   255514.123   255551.123   255593.123   255629.123   255667.123
  1990:   255766.123   255807.123   255984.123   256028.123   256064.123
  1995:   256076.123   256113.123   256128.123   256177.123   256313.123
  2000:   256374.123   256490.123   256548.123   256798.723   256798.920
  2005:   256798.901   256798.093   257098.902   258598.910   258600.615
  2010:   262450.625   262451.715   263186.125   263228.125   263277.125
  2015:   263333.125   263476.125   263596.125   263635.125   263674.125
  2020:   263848.125   264017.125   264049.125   264105.125   264297.125
  2025:   264310.125   264344.125   264377.125   264740.125   264774.125
  2030:   264813.125   264853.125   265109.125   265123.125   265201.125
  2035:   265348.125   265598.125   265685.125   265699.125   265739.125
  2040:   265776.125   265790.125   265829.125   265870.125   265884.125
  2045:   266069.125   266086.125   266141.125   266287.125   266342.725
  2050:   266342.920   266342.901   266342.095   266642.902   268142.910
  2055:   268144.611   269144.621   269145.711   269293.121   269327.121
  2060:   269359.121   269398.121   269436.121   269481.121   269533.121
  2065:   269630.121   269662.121   269697.121   269745.121   269752.121
  2070:   269970.121   270005.121   270038.121   270080.121   270206.721
  2075:   270206.920   270206.901   270206.091   270506.902   272006.910
  2080:   272008.615   275858.625   275859.715   276614.125   276914.125
  2085:   276948.125   276983.125   277022.125   277061.125   277095.125
  2090:   277402.125   277456.125   277494.125   277748.125   277762.125
  2095:   277800.125   277855.125   278165.125   278201.125   278235.125
  2100:   278276.125   278325.125   278336.125   278384.125   278441.125
  2105:   278491.125   278525.125   278561.125   278767.125   278814.125
  2110:   278849.125   278987.125   279067.125   279107.125   279121.125
  2115:   279156.125   279202.125   279245.125   279300.125   279340.125
  2120:   279354.125   279408.125   279445.125   279508.125   279520.125
  2125:   279538.125   279553.125   279664.125   279702.125   279786.725
  2130:   279786.920   279786.901   279786.095   280086.902   281586.910
  2135:   281588.615   285438.625   285439.715   285986.125   286104.125
  2140:   286541.125   286583.125   286623.125   286867.125   286903.125
  2145:   286942.125   286982.125   287016.125   287224.125   287282.125
  2150:   287508.125   287555.125   287586.125   287629.125   287663.125
  2155:   287691.125   287990.125   288032.125   288072.125   288118.125
  2160:   288202.125   288233.125   288249.125   288459.125   288504.125
  2165:   288516.125   288551.125   288683.125   288719.125   288797.125
  2170:   288809.125   288920.125   288975.125   289060.125   289071.125
  2175:   289164.125   289180.125   289296.725   289296.920   289296.901
  2180:   289296.095   289596.902   291096.910   291098.614   293848.624
  2185:   293849.714   293929.124   294013.124   294148.124   294191.124
  2190:   294280.124   294388.124   294403.124   294435.124   294510.124
  2195:   294539.124   294575.124   294617.124   294631.124   294666.124
  2200:   294915.124   294959.124   295008.124   295023.124   295102.124
  2205:   295139.124   295248.124   295284.124   295332.124   295363.124
  2210:   295462.124   295474.124   295585.124   295644.124   295655.124
  2215:   295673.124   295752.124   295796.124   295842.124   295924.124
  2220:   296052.124   296123.124   296187.124   296268.124   296276.124
  2225:   296431.124   296477.124   296488.124   296506.124   296604.724
  2230:   296604.920   296604.901   296604.094   296904.902   298404.910
  2235:   298406.612   299806.622   299807.712   299901.122   299943.122
  2240:   299985.122   300030.122   300068.122   300078.122   300108.122
  2245:   300114.122   300199.122   300230.122   300303.122   300372.122
  2250:   300462.122   300500.122   300586.122   300620.122   300655.122
  2255:   300669.122   300703.122   300788.122   300802.122   300890.122
  2260:   300933.122   300981.122   301097.122   301111.122   301128.122
  2265:   301163.122   301185.122   301201.122   301242.722   301242.920
  2270:   301242.901   301242.092   301542.902   303042.910   303044.612
  2275:   304444.622   304445.712   304628.122   304669.122   304710.122
  2280:   304761.122   304861.122   304937.122   304974.122   305007.122
  2285:   305045.122   305088.122   305132.122   305171.122   305213.122
  2290:   305249.122   305290.122   305305.122   305444.122   305530.122
  2295:   305578.122   305632.122   305683.122   305768.122   305780.122
  2300:   305929.722   305929.920   305929.901   305929.092   306229.902
  2305:   307729.910   307731.612   309131.622   309132.812   309285.132
  2310:   309327.132   309374.132   309418.132   309455.132   309493.132
  2315:   309526.132   309650.132   309738.132   309774.132   309808.132
  2320:   309850.132   309932.132   309946.132   310078.132   310094.132
  2325:   310208.132   310249.132   310289.132   310322.132   310337.132
  2330:   310431.132   310610.132   310660.132   310698.132   310730.132
  2335:   310773.132   310833.132   310849.132   310864.132   310880.132
  2340:   310973.132   311071.132   311103.132   311122.132   311202.132
  2345:   311218.132   311276.132   311289.132   311426.132   311467.132
  2350:   311588.132   311650.132   311745.132   311763.132   311812.132
  2355:   311961.132   312013.132   312029.132   312072.132   312087.132
  2360:   312167.132   312221.132   312486.132   312501.132   312654.132
  2365:   312815.132   312862.132   312914.132   312949.132   312987.132
  2370:   313071.132   313083.132   313132.822   313132.920   314632.910
  2375:   314634.614   317384.624   317385.814   317865.134   317904.134
  2380:   317949.134   317983.134   318016.134   318054.134   318090.134
  2385:   318129.134   318168.134   318203.134   318248.134   318334.134
  2390:   318479.134   318520.134   318556.134   318600.134   318636.134
  2395:   318678.134   318720.134   318753.134   318795.134   318880.134
  2400:   318893.134   318895.134   319001.134   319077.134   319177.134
  2405:   319226.134   319317.134   319328.134   319363.134   319381.134
  2410:   319549.134   319637.134   319692.134   319721.134   319778.134
  2415:   319898.134   319977.134   320086.134   320132.134   320236.134
  2420:   320482.134   320534.134   320608.134   320636.134   320680.134
  2425:   320905.134   320914.134   320962.134   321087.134   321122.134
  2430:   321166.134   322173.134   322241.134   322292.134   322361.134
  2435:   322597.134   322730.134   322747.134   322795.134   322888.134
  2440:   322926.134   322962.134   322989.134   323025.134   323072.134
  2445:   323102.134   323137.134   323177.134   323185.824   323185.920
  2450:   323202.411   324685.910   324687.614   327437.624   327438.814
  2455:   327624.134   327874.134   327908.134   328417.134   328627.134
  2460:   328667.134   328698.134   328729.134   328812.134   328847.134
  2465:   328895.134   328983.134   329053.134   329102.134   329135.134
  2470:   329181.134   329222.134   329433.134   329468.134   329502.134
  2475:   329546.134   329577.134   329709.134   329745.134   329786.134
  2480:   329862.134   329874.134   329913.134   330099.134   330144.134
  2485:   330194.134   330233.134   330284.134   330297.134   330510.134
  2490:   330601.134   330641.134   330654.134   330689.134   330706.134
  2495:   330858.134   330929.134   330987.134   331026.134   331343.134
  2500:   331557.134   331597.134   331612.134   331646.134   331736.134
  2505:   331768.134   331809.134   331825.134   332105.134   332142.134
  2510:   332180.134   332196.134   332871.134   333001.134   333044.134
  2515:   333238.824   333238.920   334738.910   334740.611   335740.621
  2520:   335741.711   335926.121   335966.121   336004.121   336041.121
  2525:   336078.121   336114.121   336157.121   336211.121   336252.121
  2530:   336313.121   336415.121   336451.121   336491.121   336536.121
  2535:   336576.121   336684.121   336725.121   336760.721   336760.920
  2540:   336760.901   336760.091   337060.902   338560.910   338562.613
  2545:   340512.623   340513.713   340639.123   340743.123   340788.123
  2550:   340825.123   340925.123   340953.123   341055.123   341067.123
  2555:   341188.123   341284.123   341350.123   341362.123   341405.123
  2560:   341415.123   341451.123   341491.123   341525.123   341573.123
  2565:   341590.123   341619.123   341871.123   341921.123   341932.123
  2570:   342026.123   342194.123   342236.123   342253.123   342294.123
  2575:   342341.123   342557.723   342557.920   342557.901   342557.093
  2580:   342857.902   344357.910   344359.614   347109.624   347110.714
  2585:   347296.124   347375.124   347620.124   347695.124   347731.124
  2590:   347751.124   347784.124   347881.124   347892.124   348001.124
  2595:   348012.124   348045.124   348083.124   348113.124   348269.124
  2600:   348301.124   348390.124   348534.124   348671.124   348941.124
  2605:   348971.124   349009.124   349050.124   349069.124   349105.124
  2610:   349121.124   349159.124   349175.124   349207.124   349244.124
  2615:   349261.124   349329.124   349430.124   349475.124   349513.124
  2620:   349531.124   349570.124   349610.124   349729.124   349746.124
  2625:   349810.124   349972.724   349972.920   349972.901   349972.094
  2630:   350272.902   351772.910   351774.614   354524.624   354525.814
  2635:   355578.134   355614.134   356406.134   356444.134   356457.134
  2640:   356493.134   356540.134   356573.134   356761.134   356812.134
  2645:   356843.134   356874.134   357085.134   357126.134   357345.134
  2650:   357359.134   357389.134   357428.134   357441.134   357476.134
  2655:   357505.134   357537.134   357610.134   357620.134   357673.134
  2660:   357698.134   357728.134   357760.134   357788.134   357824.134
  2665:   357862.134   357941.134   357974.134   358060.134   358310.134
  2670:   358347.134   358363.134   358402.134   358415.134   358468.134
  2675:   358526.134   358705.134   358824.134   358868.134   358908.134
  2680:   358922.134   358965.134   359100.134   359389.134   359461.134
  2685:   359562.134   359608.134   359661.134   359714.134   359759.134
  2690:   359774.134   359940.134   359982.134   359992.134   360034.134
  2695:   360050.134   360088.134   360123.134   360174.134   360269.134
  2700:   360325.824   360325.920   361825.910   361827.615   365677.625
  2705:   365678.815   365939.135   365978.135   366016.135   366051.135
  2710:   366085.135   366127.135   366279.135   366313.135   366344.135
  2715:   366376.135   366405.135   366437.135   366466.135   366501.135
  2720:   366702.135   366854.135   366885.135   366914.135   366945.135
  2725:   366984.135   367012.135   367325.135   367360.135   367636.135
  2730:   367673.135   367713.135   367746.135   367762.135   367791.135
  2735:   367838.135   367868.135   367907.135   367947.135   368055.135
  2740:   368094.135   368146.135   368154.135   368273.135   368289.135
  2745:   368393.135   368427.135   368460.135   368604.135   368639.135
  2750:   368659.135   368783.135   368913.135   369038.135   369051.135
  2755:   369084.135   369160.135   369215.135   369227.135   369460.135
  2760:   369669.135   369685.135   369714.135   369754.135   369766.135
  2765:   369915.135   369997.135   370188.135   370346.135   370380.135
  2770:   370418.135   370452.135   370467.135   370498.135   370513.135
  2775:   370547.135   370587.135   370673.135   370710.135   371723.135
  2780:   371770.135   372069.135   372133.135   372426.135   372470.135
  2785:   372480.135   372520.135   372558.135   372608.135   372884.135
  2790:   372915.135   372940.135   372968.135   373047.135   373065.135
  2795:   373378.825   373378.920   374878.910   374880.611   375880.621
  2800:   375881.811   376248.131   376292.131   376335.131   376375.131
  2805:   376472.131   376510.131   376550.131   376607.131   376696.131
  2810:   376734.131   376798.131   376835.131   376854.131   376890.131
  2815:   376939.131   376989.131   377075.131   377113.131   377184.131
  2820:   377196.131   377268.131   377308.131   377444.131   377483.131
  2825:   377640.131   377654.131   377688.131   377806.131   377821.131
  2830:   377858.131   377932.131   377980.131   377995.131   378011.131
  2835:   378064.131   378080.131   378149.131   378235.131   378247.131
  2840:   378263.131   378308.131   378363.131   378467.131   378502.131
  2845:   378540.131   378559.131   378604.131   378663.131   378681.131
  2850:   378802.131   378838.131   378887.131   378922.131   378963.131
  2855:   379002.131   379148.131   379158.131   379243.131   379299.131
  2860:   379340.131   379353.131   379381.821   379381.920   379386.411
  2865:   379396.411   379411.411   380881.910   380883.615   384733.625
  2870:   384734.815   385082.135   385122.135   385163.135   385203.135
  2875:   385215.135   385250.135   385285.135   385402.135   385436.135
  2880:   385475.135   385515.135   385550.135   385591.135   385711.135
  2885:   385748.135   385781.135   385815.135   385854.135   385889.135
  2890:   385925.135   385943.135   385982.135   385996.135   386123.135
  2895:   386179.135   386226.135   386267.135   386323.135   386334.135
  2900:   386408.135   386423.135   386439.135   386527.135   386582.135
  2905:   386594.135   386612.135   386706.135   386720.135   386754.135
  2910:   386804.135   386962.135   386977.135   387091.135   387187.135
  2915:   387289.135   387300.135   387458.135   387502.135   387541.135
  2920:   387558.135   387587.135   387635.135   387648.135   387682.135
  2925:   387722.135   387737.135   387832.135   387867.135   387900.135
  2930:   387918.135   387952.135   387986.135   388026.135   388073.135
  2935:   388105.135   388121.135   388159.135   388193.135   388349.135
  2940:   388399.135   388478.135   388512.135   388546.135   388584.135
  2945:   388620.135   388814.135   388824.135   388865.135   389030.135
  2950:   389040.135   389079.135   389112.135   389132.135   389164.135
  2955:   389197.135   389213.135   389279.135   389311.135   389346.135
  2960:   389364.135   389412.135   389427.135   390362.135   390405.135
  2965:   390446.135   390495.135   390826.135   390874.135   390916.135
  2970:   390955.135   390994.135   391039.135   391094.135   391138.135
  2975:   391181.135   391319.135   391332.135   391426.135   392434.825
  2980:   392434.920   393934.910   393936.613   395886.623   395887.713
  2985:   395991.123   396043.123   396103.123   396289.123   396327.123
  2990:   396372.123   396422.123   396450.123   396496.123   396544.123
  2995:   396654.123   396693.123   396947.123   396981.123   397012.123
  3000:   397044.123   397085.123   397123.123   397161.123   397179.123
  3005:   397219.123   397256.123   397270.123   397291.123   397325.123
  3010:   397419.123   397434.123   397509.123   397586.123   397599.123
  3015:   397632.123   397713.123   397809.123   397835.123   397873.723
  3020:   397873.920   397873.901   397873.093   398173.902   399673.910
  3025:   399675.612   401075.622   401076.712   401196.122   401234.122
  3030:   401271.122   401342.122   401385.122   401480.122   401517.122
  3035:   401548.122   401581.122   401609.122   401641.122   401676.122
  3040:   401708.122   401784.122   401816.122   401847.122   401933.122
  3045:   401944.122   401989.122   402004.122   402136.122   402180.122
  3050:   402213.122   402248.122   402264.122   402386.122   402401.122
  3055:   402484.722   402484.920   402484.901   402484.092   402784.902
  3060:   404284.910   404286.615   408136.625   408137.815   409187.135
  3065:   409227.135   409264.135   409763.135   409800.135   409838.135
  3070:   409876.135   409923.135   409952.135   410184.135   410234.135
  3075:   410270.135   410291.135   410325.135   410534.135   410545.135
  3080:   410581.135   410623.135   410655.135   410857.135   410914.135
  3085:   410927.135   410962.135   411008.135   411047.135   411060.135
  3090:   411263.135   411277.135   411312.135   411325.135   411356.135
  3095:   411398.135   411439.135   411480.135   411517.135   411560.135
  3100:   411626.135   411658.135   411893.135   411955.135   412009.135
  3105:   412060.135   412074.135   412461.135   412476.135   412551.135
  3110:   412567.135   412609.135   412620.135   412658.135   412693.135
  3115:   412747.135   412796.135   412833.135   412846.135   412890.135
  3120:   412928.135   412979.135   413111.135   413192.135   413250.135
  3125:   413297.135   413334.135   413388.135   413542.135   413555.135
  3130:   413877.135   413889.135   414066.135   414098.135   414130.135
  3135:   414165.135   414183.135   414785.135   414833.135   414884.135
  3140:   415472.135   415515.135   415563.135   415837.825   415837.920
  3145:   415849.411   415861.411   417337.910   417339.614   420089.624
  3150:   420090.714   420945.124   420973.124   421004.124   421042.124
  3155:   421216.124   421250.124   421344.124   421460.124   421497.124
  3160:   421530.124   421561.124   421592.124   421628.124   421808.124
  3165:   421847.124   421887.124   421926.124   421944.124   421976.124
  3170:   422017.124   422059.124   422097.124   422113.124   422185.124
  3175:   422296.124   422305.124   422340.124   422376.124   422408.124
  3180:   422420.124   422496.124   422671.124   422686.124   422726.124
  3185:   422812.124   422856.724   422856.920   422856.901   422856.094
  3190:   423156.902   424656.910   424658.612   426058.622   426059.712
  3195:   426156.122   426195.122   426239.122   426286.122   426370.122
  3200:   426403.122   426439.122   426472.122   426512.122   426553.122
  3205:   426592.122   426678.122   426752.122   426762.122   426834.122
  3210:   426887.122   426925.122   426959.122   427001.122   427019.122
  3215:   427121.122   427163.122   427204.122   427242.122   427325.122
  3220:   427338.122   427352.122   427502.722   427502.920   427502.901
  3225:   427502.092   427802.902   429302.910   429304.613   431254.623
  3230:   431255.713   431341.123   431386.123   431484.123   431514.123
  3235:   431686.123   431723.123   431760.123   431796.123   431827.123
  3240:   431986.123   432043.123   432116.123   432151.123   432190.123
  3245:   432234.123   432261.123   432297.123   432405.123   432435.123
  3250:   432515.123   432530.123   432589.123   432630.123   432719.123
  3255:   432753.123   432802.123   432814.123   432886.123   432923.123
  3260:   432989.123   433033.123   433113.123   433148.123   433247.723
  3265:   433247.920   433247.901   433247.093   433547.902   435047.910
  3270:   435049.615   438899.625   438900.715   439532.125   439747.125
  3275:   439878.125   439996.125   440052.125   440155.125   440394.125
  3280:   440698.125   440732.125   441125.125   441163.125   441213.125
  3285:   441330.125   441450.125   441479.125   441509.125   441558.125
  3290:   441567.125   441689.125   441768.125   441824.125   441855.125
  3295:   441890.125   441931.125   442046.125   442060.125   442152.125
  3300:   442164.125   442193.125   442267.125   442314.125   442329.125
  3305:   442361.125   442395.125   442417.125   442436.125   442469.125
  3310:   442487.125   442521.125   442554.125   442589.125   442630.125
  3315:   442647.125   442666.125   442737.125   442776.725   442776.920
  3320:   442776.901   442776.095   443076.902   444576.910   444578.615
  3325:   448428.625   448429.815   449052.135   449312.135   449350.135
  3330:   449385.135   449433.135   449571.135   449599.135   449628.135
  3335:   449665.135   449671.135   449749.135   449781.135   449812.135
  3340:   449875.135   450080.135   450091.135   450123.135   450156.135
  3345:   450199.135   450236.135   450273.135   450308.135   450358.135
  3350:   450515.135   450578.135   450650.135   450685.135   450703.135
  3355:   450734.135   450769.135   450800.135   450834.135   450876.135
  3360:   450909.135   450928.135   451054.135   451067.135   451186.135
  3365:   451200.135   451240.135   451257.135   451295.135   451313.135
  3370:   451429.135   451476.135   451488.135   451524.135   451538.135
  3375:   451597.135   451610.135   451658.135   451697.135   451712.135
  3380:   451746.135   451856.135   451870.135   451903.135   451948.135
  3385:   451961.135   452041.135   452055.135   452148.135   452232.135
  3390:   452245.135   452283.135   452332.135   452376.135   452388.135
  3395:   452505.135   452518.135   452557.135   452608.135   452691.135
  3400:   452702.135   452744.135   452758.135   452800.135   452813.135
  3405:   452904.135   452954.135   453079.135   453124.135   453160.135
  3410:   453181.135   453226.135   453494.135   453534.135   453543.135
  3415:   453583.135   453620.135   453656.135   453691.135   453709.135
  3420:   453878.135   453929.135   453969.135   454006.135   454061.135
  3425:   454115.135   454176.135   454626.135   454671.135   454711.135
  3430:   454747.135   454789.135   454958.135   454995.135   455039.135
  3435:   455246.135   455877.135   455920.135   455968.135   456006.135
  3440:   456059.135   456129.825   456129.920   457629.910   457631.613
  3445:   459581.623   459582.813   459716.133   459766.133   459850.133
  3450:   459879.133   459956.133   460031.133   460100.133   460133.133
  3455:   460174.133   460249.133   460332.133   460404.133   460421.133
  3460:   460455.133   460486.133   460528.133   460620.133   460674.133
  3465:   460689.133   460773.133   460903.133   460919.133   460935.133
  3470:   460949.133   460989.133   461059.133   461073.133   461179.133
  3475:   461308.133   461324.133   461411.133   461425.133   461500.133
  3480:   461922.133   461976.133   462027.133   462046.133   462120.133
  3485:   462136.133   462174.133   462271.133   462284.133   462356.133
  3490:   462467.133   462479.133   462508.133   462525.133   462560.133
  3495:   462573.133   462605.133   462643.133   462680.133   462719.133
  3500:   462736.133   462771.133   462812.133   462823.133   463039.133
  3505:   463086.133   463123.133   463158.133   463196.133   463233.133
  3510:   463274.133   463294.133   463655.133   463740.133   463774.133
  3515:   463815.133   463827.133   463845.133   464071.133   464108.133
  3520:   464141.133   464181.133   464216.133   464254.133   464273.133
  3525:   464310.133   464324.133   464382.823   464382.920   465882.910
  3530:   465884.612   467284.622   467285.812   467384.132   467426.132
  3535:   467431.132   467473.132   467518.132   467747.132   467776.132
  3540:   467841.132   467857.132   467933.132   468001.132   468033.132
  3545:   468253.132   468330.132   468417.132   468432.132   468510.132
  3550:   468583.132   468600.132   468673.132   468689.132   468723.132
  3555:   468755.132   468793.132   468847.132   468864.132   468900.132
  3560:   468922.132   469137.132   469145.132   469285.132   469301.132
  3565:   469317.132   469334.132   469511.132   469595.132   469607.132
  3570:   469629.132   469710.132   469787.132   469828.132   469871.132
  3575:   469885.132   469930.132   469945.132   469984.132   469990.132
  3580:   470092.132   470145.132   470200.132   470249.132   470261.132
  3585:   470330.132   470434.132   470481.132   471194.132   471235.132
  3590:   471282.132   471285.822   471285.920   471306.411   472785.910
  3595:   472787.615   476637.625   476638.815   477018.135   477070.135
  3600:   477535.135   477576.135   477617.135   477795.135   477829.135
  3605:   477907.135   477940.135   477979.135   478107.135   478138.135
  3610:   478178.135   478341.135   478388.135   478420.135   478715.135
  3615:   478746.135   478789.135   478892.135   478921.135   478969.135
  3620:   479004.135   479050.135   479082.135   479122.135   479337.135
  3625:   479379.135   479415.135   479533.135   479571.135   479608.135
  3630:   479642.135   479758.135   480042.135   480061.135   480095.135
  3635:   480131.135   480172.135   480226.135   480271.135   480335.135
  3640:   480344.135   480358.135   480432.135   480450.135   480481.135
  3645:   480520.135   480553.135   480590.135   480639.135   480652.135
  3650:   480687.135   480704.135   480858.135   480892.135   480969.135
  3655:   481110.135   481146.135   481284.135   481391.135   481401.135
  3660:   481489.135   481560.135   481592.135   481638.135   481685.135
  3665:   481717.135   481770.135   481889.135   481907.135   482045.135
  3670:   482082.135   482118.135   482156.135   482171.135   482208.135
  3675:   482223.135   482272.135   482477.135   482514.135   482549.135
  3680:   482587.135   482626.135   482663.135   482686.135   482722.135
  3685:   482742.135   482795.135   482854.135   482891.135   483194.135
  3690:   483421.135   483435.135   483535.135   483585.135   483630.135
  3695:   483837.135   484338.825   484338.920   485838.910   485840.611
  3700:   486840.621   486841.711   486976.121   487022.121   487065.121
  3705:   487099.121   487143.121   487188.121   487226.121   487368.121
  3710:   487446.121   487515.121   487548.121   487585.121   487629.121
  3715:   487678.121   487723.121   487738.121   487774.121   487792.121
  3720:   487827.121   487867.721   487867.920   487867.901   487867.091
  3725:   488167.902   489667.910   489669.614   492419.624   492420.714
  3730:   492989.124   493024.124   493191.124   493226.124   493457.124
  3735:   493630.124   493644.124   493887.124   493968.124   494202.124
  3740:   494217.124   494251.124   494326.124   494464.124   494476.124
  3745:   494545.124   494618.124   494883.124   494961.124   494988.124
  3750:   495002.124   495036.124   495067.124   495103.124   495184.724
  3755:   495184.920   495184.901   495184.094   495484.902   496984.910
  3760:   496986.611   497986.621   497987.711   498140.121   498180.121
  3765:   498221.121   498300.121   498382.121   498417.121   498458.121
  3770:   498537.121   498567.121   498607.121   498648.121   498724.121
  3775:   498799.121   498913.121   498926.121   499050.721   499050.920
  3780:   499050.901   499050.091   499350.902   500850.910   500852.611
  3785:   501852.621   501853.711   502028.121   502073.121   502112.121
  3790:   502201.121   502240.121   502321.121   502352.121   502389.121
  3795:   502469.121   502502.121   502540.121   502573.121   502608.121
  3800:   502632.121   502675.121   502713.121   502751.121   502792.121
  3805:   502879.721   502879.920   502879.901   502879.091   503179.902
  3810:   504679.910   504681.611   505681.621   505682.711   505806.121
  3815:   505844.121   505883.121   505922.121   505965.121   506007.121
  3820:   506087.121   506116.121   506151.121   506229.121   506261.121
  3825:   506299.121   506342.121   506377.121   506412.121   506528.121
  3830:   506568.121   506608.121   506646.121   506687.721   506687.920
  3835:   506687.901   506687.091   506987.902   508487.910   508489.612
  3840:   509889.622   509890.712   509996.122   510033.122   510069.122
  3845:   510107.122   510143.122   510184.122   510202.122   510290.122
  3850:   510325.122   510358.122   510394.122   510438.122   510470.122
  3855:   510508.122   510551.122   510586.122   510662.122   510678.122
  3860:   510752.122   510788.122   510826.122   510860.122   510897.122
  3865:   510931.122   510971.122   510987.122   511008.122   511092.122
  3870:   511217.122   511267.122   511315.722   511315.920   511315.901
  3875:   511315.092   511615.902   513115.910   513117.614   515867.624
  3880:   515868.714   515950.124   515987.124   516025.124   516142.124
  3885:   516179.124   516252.124   516282.124   516333.124   516408.124
  3890:   516440.124   516634.124   516844.124   516886.124   516923.124
  3895:   516962.124   517259.124   517285.124   517322.124   517350.124
  3900:   517593.124   517630.124   517712.124   517718.124   517979.124
  3905:   518025.124   518064.124   518100.124   518135.124   518449.124
  3910:   518483.124   518529.124   518604.124   518615.124   518745.724
  3915:   518745.920   518745.901   518745.094   519045.902   520545.910
  3920:   520547.613   522497.623   522498.713   522739.123   522819.123
  3925:   522851.123   522887.123   522970.123   523004.123   523057.123
  3930:   523212.123   523257.123   523364.123   523396.123   523596.123
  3935:   523667.123   523700.123   523740.123   523771.123   523875.123
  3940:   523914.123   523949.123   524067.123   524082.123   524126.123
  3945:   524327.123   524344.123   524414.123   524428.123   524463.723
  3950:   524463.920   524463.901   524463.093   524763.902   526263.910
  3955:   526265.613   528215.623   528216.713   528393.123   528476.123
  3960:   528596.123   528628.123   528668.123   528747.123   528773.123
  3965:   528809.123   528844.123   528883.123   528919.123   528962.123
  3970:   529001.123   529038.123   529067.123   529100.123   529183.123
  3975:   529218.123   529311.123   529347.123   529420.123   529456.123
  3980:   529490.123   529551.123   529588.123   529670.123   529684.123
  3985:   529777.123   529815.123   529853.123   529869.123   529903.123
  3990:   529918.123   529935.123   529995.123   530010.123   530081.123
  3995:   530116.123   530153.123   530171.723   530171.920   530171.901
  4000:   530171.093   530471.902   531971.910   531973.615   535823.625
  4005:   535824.715   536286.125   536322.125   536365.125   536527.125
  4010:   536559.125   536591.125   536749.125   536953.125   537202.125
  4015:   537212.125   537543.125   537601.125   537678.125   537730.125
  4020:   537771.125   537927.125   537941.125   537974.125   538007.125
  4025:   538057.125   538213.125   538248.125   538509.125   538546.125
  4030:   538585.125   538641.125   538840.125   538869.125   538886.125
  4035:   538947.125   538963.125   539120.125   539155.125   539198.125
  4040:   539434.125   539479.125   539489.125   539520.125   539561.125
  4045:   539613.125   539649.125   539662.125   539696.725   539696.920
  4050:   539696.901   539696.095   539996.902   541496.910   541498.614
  4055:   544248.624   544249.714   544643.124   544690.124   544781.124
  4060:   544878.124   545315.124   545353.124   545437.124   545471.124
  4065:   545544.124   545580.124   545618.124   545654.124   545731.124
  4070:   545761.124   545800.124   545825.124   545860.124   545902.124
  4075:   545979.124   545996.124   546025.124   546067.124   546105.124
  4080:   546209.124   546282.124   546310.124   546350.124   546391.124
  4085:   546469.124   546553.124   546591.124   546626.124   546665.124
  4090:   546844.124   546890.124   546906.124   546943.124   546961.124
  4095:   546992.124   547029.724   547029.920   547029.901   547029.094
  4100:   547329.902   548829.910   548831.615   552681.625   552682.715
  4105:   553668.125   553719.125   553757.125   553925.125   553950.125
  4110:   553983.125   554197.125   554662.125   554695.125   554740.125
  4115:   554777.125   554817.125   554858.125   554948.125   555056.125
  4120:   555087.125   555122.125   555153.125   555281.125   555293.125
  4125:   555332.125   555346.125   555374.125   555410.125   555504.125
  4130:   555566.125   555703.125   555739.125   555789.125   555803.125
  4135:   555942.125   556027.125   556218.125   556258.125   556304.125
  4140:   556353.125   556367.125   556411.125   556420.125   556459.125
  4145:   556834.725   556834.920   556834.901   556834.095   557134.902
  4150:   558634.910   558636.615   562486.625   562487.715   562991.125
  4155:   563216.125   563247.125   563277.125   563314.125   563465.125
  4160:   563495.125   563831.125   563910.125   564105.125   564122.125
  4165:   564207.125   564240.125   564270.125   564541.125   564573.125
  4170:   564607.125   564732.125   564768.125   564851.125   564863.125
  4175:   564902.125   564938.125   564988.125   565251.125   565265.125
  4180:   565297.125   565330.125   565370.125   565404.125   565454.125
  4185:   565815.125   565831.125   565905.125   565920.125   566174.125
  4190:   566227.125   566264.125   566293.125   566304.125   566421.725
  4195:   566421.920   566421.901   566421.095   566721.902   568221.910
  4200:   568223.613   570173.623   570174.713   570268.123   570308.123
  4205:   570343.123   570389.123   570394.123   570466.123   570493.123
  4210:   570527.123   570561.123   570642.123   570675.123   570706.123
  4215:   570744.123   570804.123   570838.123   570875.123   570918.123
  4220:   570954.123   570988.123   571029.123   571109.123   571151.123
  4225:   571227.123   571258.123   571292.123   571369.123   571389.123
  4230:   571429.123   571535.123   571566.123   571685.123   571698.123
  4235:   571778.123   571827.123   571847.123   571948.123   572090.123
  4240:   572163.723   572163.920   572163.901   572163.093   572463.902
  4245:   573963.910   573965.615   577815.625   577816.715   578441.125
  4250:   578584.125   578596.125   578642.125   578721.125   578967.125
  4255:   578982.125   579011.125   579046.125   579200.125   579232.125
  4260:   579277.125   579317.125   579544.125   579579.125   579877.125
  4265:   579890.125   579955.125   579991.125   580068.125   580082.125
  4270:   580114.125   580148.125   580186.125   580231.125   580510.125
  4275:   580526.125   580558.125   580596.125   580713.125   580748.125
  4280:   580847.125   580860.125   580895.125   580945.125   580965.125
  4285:   581013.125   581029.125   581060.125   581098.125   581178.125
  4290:   581190.125   581349.125   581673.725   581673.920   581673.901
  4295:   581673.095   581973.902   583473.910   583475.614   586225.624
  4300:   586226.714   586548.124   586834.124   586884.124   586949.124
  4305:   587518.124   587535.124   587553.124   587618.124   587719.124
  4310:   587758.124   587943.124   587985.124   588020.124   588065.124
  4315:   588103.124   588142.124   588185.124   588221.124   588272.124
  4320:   588308.124   588354.124   588389.124   588447.124   588464.124
  4325:   588500.124   588632.124   588647.124   588683.124   588715.124
  4330:   588751.124   588813.124   588860.124   588875.124   588937.124
  4335:   588949.124   588968.124   589004.724   589004.920   589004.901
  4340:   589004.094   589304.902   590804.910   590806.614   593556.624
  4345:   593557.714   593650.124   593688.124   593736.124   593818.124
  4350:   593852.124   593886.124   593925.124   593967.124   594003.124
  4355:   594036.124   594069.124   594121.124   594157.124   594193.124
  4360:   594232.124   594277.124   594297.124   594328.124   594363.124
  4365:   594409.124   594445.124   594478.124   594529.124   594540.124
  4370:   594615.124   594660.124   594777.124   594915.124   594929.124
  4375:   594964.124   594979.124   595011.124   595063.124   595136.124
  4380:   595176.124   595188.124   595206.124   595245.124   595260.124
  4385:   595301.124   595355.124   595412.124   595551.124   595641.124
  4390:   595656.124   595673.124   595689.124   595815.124   595901.124
  4395:   595942.124   595956.124   595993.124   596008.124   596044.124
  4400:   596156.124   596263.124   596306.124   596320.724   596320.920
  4405:   596320.901   596320.094   596620.902   598120.910   598122.613
  4410:   600072.623   600073.713   600197.123   600235.123   600278.123
  4415:   600358.123   600389.123   600425.123   600526.123   600598.123
  4420:   600630.123   600671.123   600759.123   600792.123   600873.123
  4425:   600887.123   600960.123   601219.123   601254.123   601372.123
  4430:   601419.123   601495.123   601552.123   601595.123   601639.123
  4435:   601690.123   601825.123   601836.123   601854.123   601868.123
  4440:   601950.123   601964.123   602003.123   602038.723   602038.920
  4445:   602038.901   602038.093   602338.902   603838.910   603840.615
  4450:   607690.625   607691.715   607801.125   607877.125   607994.125
  4455:   608094.125   608246.125   608322.125   608478.125   608512.125
  4460:   608544.125   608580.125   608626.125   608827.125   609104.125
  4465:   609136.125   609173.125   609190.125   609228.125   609240.125
  4470:   609259.125   609289.125   609325.125   609554.125   609591.125
  4475:   609610.125   609783.125   609819.125   609856.125   609900.125
  4480:   609920.125   609975.125   610024.125   610118.125   610173.125
  4485:   610186.125   610217.125   610240.125   610409.125   610466.125
  4490:   610586.125   610602.125   610632.125   610650.125   610699.125
  4495:   610716.125   610790.125   610932.125   611050.125   611063.125
  4500:   611111.125   611126.125   611444.125   611458.125   611500.125
  4505:   611515.125   611552.725   611552.920   611552.901   611552.095
  4510:   611852.902   613352.910   613354.614   616104.624   616105.714
  4515:   616173.124   616567.124   616595.124   616867.124   616896.124
  4520:   616944.124   616960.124   616995.124   617576.124   617635.124
  4525:   617686.124   617719.124   617759.124   617832.124   617846.124
  4530:   617877.124   618050.124   618089.124   618140.124   618181.124
  4535:   618223.124   618235.124   618270.124   618368.124   618408.124
  4540:   618449.124   618463.124   618772.124   618787.124   618825.124
  4545:   618925.724   618925.920   618925.901   618925.094   619225.902
  4550:   620725.910   620727.612   622127.622   622128.712   622255.122
  4555:   622294.122   622341.122   622453.122   622487.122   622614.122
  4560:   622689.122   622725.122   622760.122   622838.122   622865.122
  4565:   622943.122   623049.122   623065.122   623196.122   623233.122
  4570:   623246.122   623266.122   623299.122   623347.122   623362.122
  4575:   623396.122   623413.122   623448.122   623467.122   623583.722
  4580:   623583.920   623583.901   623583.092   623883.902   625383.910
  4585:   625385.615   629235.625   629236.715   629317.125   629357.125
  4590:   629395.125   629466.125   629539.125   629569.125   629607.125
  4595:   629639.125   629685.125   629836.125   629865.125   629946.125
  4600:   629981.125   630000.125   630033.125   630090.125   630295.125
  4605:   630339.125   630378.125   630412.125   630426.125   630464.125
  4610:   630583.125   630620.125   630655.125   630832.125   630875.125
  4615:   630950.125   630982.125   631061.125   631107.125   631135.125
  4620:   631178.125   631195.125   631271.125   631285.125   631372.125
  4625:   631388.125   631807.125   631821.125   631939.125   631988.125
  4630:   632076.125   632081.125   632093.125   632546.125   632558.125
  4635:   632594.125   632647.125   632663.125   632708.125   632796.125
  4640:   632809.125   632846.125   632863.125   632894.125   633116.725
  4645:   633116.920   633116.901   633116.095   633416.902   634916.910
  4650:   634918.615   638768.625   638769.715   638841.125   638908.125
  4655:   639027.125   639602.125   639618.125   639979.125   640011.125
  4660:   640251.125   640295.125   640337.125   640619.125   640652.125
  4665:   640693.125   640912.125   640977.125   641010.125   641044.125
  4670:   641077.125   641240.125   641419.125   641432.125   641467.125
  4675:   641514.125   641533.125   641560.125   641597.125   641638.125
  4680:   641754.125   641792.125   641807.125   641881.125   641998.125
  4685:   642040.125   642070.125   642114.125   642129.125   642169.125
  4690:   642207.125   642318.125   642328.125   642384.125   642515.125
  4695:   642537.125   642674.725   642674.920   642674.901   642674.095
  4700:   642974.902   644474.910   644476.611   645476.621   645477.711
  4705:   645566.121   645603.121   645644.121   645681.121   645722.121
  4710:   645764.121   645841.121   645872.121   645949.121   646003.121
  4715:   646033.121   646071.121   646107.121   646189.121   646227.121
  4720:   646260.121   646331.121   646348.121   646380.121   646416.121
  4725:   646468.121   646511.721   646511.920   646511.901   646511.091
  4730:   646811.902   648311.910   648313.611   649313.621   649314.811
  4735:   649393.131   649427.131   649459.131   649497.131   649531.131
  4740:   649569.131   649603.131   649638.131   649716.131   649751.131
  4745:   649789.131   649825.131   649866.131   649907.131   649941.131
  4750:   649977.131   650019.131   650053.131   650066.131   650108.131
  4755:   650196.131   650210.131   650244.131   650279.131   650315.131
  4760:   650361.131   650382.131   650460.131   650502.131   650551.131
  4765:   650590.131   650755.131   650873.131   650887.131   650920.131
  4770:   651011.131   651095.131   651136.131   651171.131   651219.131
  4775:   651235.131   651317.131   651362.131   651454.131   651714.131
  4780:   651813.131   651826.131   651899.131   651952.131   651987.131
  4785:   652026.131   652056.131   652205.131   652287.131   652361.131
  4790:   652371.131   652529.131   652562.131   652595.131   652609.131
  4795:   652682.131   652766.131   652803.131   652814.821   652814.920
  4800:   654314.910   654316.615   658166.625   658167.715   658268.125
  4805:   658342.125   658455.125   658608.125   658719.125   659132.125
  4810:   659169.125   659211.125   659417.125   659447.125   659482.125
  4815:   659634.125   659902.125   659948.125   659978.125   660016.125
  4820:   660028.125   660052.125   660088.125   660141.125   660324.125
  4825:   660372.125   660406.125   660412.125   660545.125   660583.125
  4830:   660615.125   660644.125   660679.125   660720.125   660754.125
  4835:   660792.125   660871.125   661047.125   661097.125   661112.125
  4840:   661183.125   661195.125   661229.125   661244.125   661301.125
  4845:   661313.125   661467.125   661478.125   661567.125   661599.125
  4850:   661735.125   661772.125   662014.125   662074.725   662074.920
  4855:   662074.901   662074.095   662374.902   663874.910   663876.614
  4860:   666626.624   666627.714   666790.124   667005.124   667340.124
  4865:   667379.124   667417.124   667521.124   667556.124   667623.124
  4870:   667832.124   667843.124   667873.124   667913.124   668054.124
  4875:   668207.124   668245.124   668359.124   668464.124   668498.124
  4880:   668571.124   668625.124   668663.124   668711.124   668790.124
  4885:   668850.124   668865.124   668926.124   669077.124   669160.124
  4890:   669211.124   669280.124   669409.724   669409.920   669409.901
  4895:   669409.094   669709.902   671209.910   671211.611   672211.621
  4900:   672212.711   672333.121   672368.121   672404.121   672446.121
  4905:   672487.121   672532.121   672574.121   672655.121   672687.121
  4910:   672759.121   672787.121   672819.121   672859.121   672899.121
  4915:   672937.121   672972.121   673005.121   673048.121   673086.121
  4920:   673145.121   673226.721   673226.920   673226.901   673226.091
  4925:   673526.902   675026.910   675028.613   676978.623   676979.813
  4930:   677079.133   677112.133   677149.133   677192.133   677232.133
  4935:   677308.133   677339.133   677406.133   677435.133   677530.133
  4940:   677559.133   677658.133   677731.133   677786.133   677798.133
  4945:   677898.133   677943.133   677950.133   678031.133   678086.133
  4950:   678120.133   678212.133   678323.133   678374.133   678386.133
  4955:   678455.133   678569.133   678582.133   678617.133   678632.133
  4960:   678849.133   678856.133   678902.133   678991.133   679003.133
  4965:   679017.133   679032.133   679075.133   679085.133   679124.133
  4970:   679141.133   679172.133   679254.133   679274.133   679394.133
  4975:   679405.133   679551.133   679562.133   679603.133   679615.133
  4980:   679652.133   679666.133   679778.133   679795.133   679827.133
  4985:   679860.133   679895.133   679925.133   679963.133   679977.133
  4990:   680011.133   680042.133   680080.133   680169.133   680185.133
  4995:   680515.133   680549.133   680584.133   680643.133   680730.133
  5000:   680767.133   680859.133   680896.133   680928.133   681206.133
  5005:   681247.133   681288.133   681303.133   681513.133   681667.133
  5010:   681699.133   681750.133   681779.823   681779.920   683279.910
  5015:   683281.613   685231.623   685232.713   685295.123   685331.123
  5020:   685368.123   685405.123   685525.123   685560.123   685592.123
  5025:   685643.123   685674.123   685717.123   685761.123   685776.123
  5030:   685809.123   685850.123   685872.123   685901.123   685942.123
  5035:   686018.123   686068.123   686103.123   686177.123   686189.123
  5040:   686220.123   686306.123   686486.123   686529.123   686568.123
  5045:   686637.123   686655.123   686668.123   686761.123   686838.123
  5050:   686851.123   686938.123   686952.123   687029.123   687083.123
  5055:   687093.123   687167.123   687215.723   687215.920   687215.901
  5060:   687215.093   687515.902   689015.910   689017.615   692867.625
  5065:   692868.715   693172.125   693276.125   693682.125   694063.125
  5070:   694097.125   694136.125   694327.125   694362.125   694416.125
  5075:   694609.125   694645.125   694890.125   694951.125   694965.125
  5080:   695232.125   695270.125   695361.125   695399.125   695614.125
  5085:   695627.125   695661.125   695708.125   695742.125   695814.125
  5090:   695953.125   696029.125   696121.125   696136.125   696192.125
  5095:   696279.125   696293.125   696400.125   696414.125   696458.125
  5100:   696500.125   696542.125   696685.125   696694.125   696737.725
  5105:   696737.920   696737.901   696737.095   697037.902   698537.910
  5110:   698539.615   702389.625   702390.715   702606.125   702981.125
  5115:   703356.125   703490.125   703531.125   703829.125   703864.125
  5120:   703903.125   703948.125   704154.125   704288.125   704466.125
  5125:   704535.125   704578.125   704727.125   704770.125   704802.125
  5130:   704850.125   705155.125   705167.125   705203.125   705249.125
  5135:   705267.125   705454.125   705469.125   705552.125   705598.125
  5140:   705612.125   705709.125   705794.125   705808.125   705851.125
  5145:   705865.125   705895.125   705930.125   705949.125   705983.125
  5150:   706024.125   706062.125   706080.125   706178.125   706215.125
  5155:   706230.125   706346.725   706346.920   706346.901   706346.095
  5160:   706646.902   708146.910   708148.613   710098.623   710099.813
  5165:   710292.133   710320.133   710466.133   710497.133   710548.133
  5170:   710587.133   710758.133   710796.133   710866.133   710892.133
  5175:   710968.133   711037.133   711217.133   711254.133   711371.133
  5180:   711383.133   711461.133   711528.133   711560.133   711573.133
  5185:   711641.133   711652.133   711851.133   711888.133   711935.133
  5190:   711948.133   712033.133   712044.133   712136.133   712171.133
  5195:   712205.133   712299.133   712337.133   712463.133   712511.133
  5200:   712522.133   712592.133   712707.133   712721.133   712788.133
  5205:   712878.133   712890.133   713004.133   713016.133   713050.133
  5210:   713068.133   713208.133   713325.133   713358.133   713371.133
  5215:   713406.133   713419.133   713772.133   713801.133   713830.133
  5220:   713865.133   713908.133   713970.133   714058.133   714122.133
  5225:   714170.133   714229.133   714397.133   714899.823   714899.920
  5230:   716399.910   716401.613   718351.623   718352.813   718489.133
  5235:   718533.133   718586.133   718619.133   718692.133   718730.133
  5240:   718805.133   718836.133   718891.133   718972.133   719004.133
  5245:   719149.133   719179.133   719265.133   719315.133   719516.133
  5250:   719526.133   719559.133   719604.133   719636.133   719691.133
  5255:   719701.133   719775.133   719881.133   719894.133   719977.133
  5260:   719995.133   720072.133   720162.133   720198.133   720211.133
  5265:   720243.133   720281.133   720301.133   720335.133   720386.133
  5270:   720500.133   720513.133   720547.133   720568.133   720621.133
  5275:   720825.133   720838.133   720865.133   720980.133   720996.133
  5280:   721112.133   721149.133   721165.133   721195.133   721210.133
  5285:   721288.133   721300.133   721355.133   721538.133   721553.133
  5290:   721593.133   721622.133   721659.133   721697.133   721712.133
  5295:   721748.133   721766.133   721801.133   721849.133   721926.133
  5300:   721941.133   721984.133   722084.133   722143.133   722190.133
  5305:   722229.133   722382.133   722393.133   722432.133   722465.133
  5310:   722509.133   723015.133   723057.133   723152.823   723152.920
  5315:   724652.910   724654.613   726604.623   726605.713   726837.123
  5320:   726875.123   726907.123   726945.123   727045.123   727120.123
  5325:   727190.123   727267.123   727314.123   727348.123   727386.123
  5330:   727459.123   727496.123   727538.123   727572.123   727647.123
  5335:   727662.123   727828.123   727913.123   727950.123   727989.123
  5340:   728070.123   728082.123   728161.123   728176.123   728281.123
  5345:   728310.123   728329.123   728371.123   728405.123   728445.123
  5350:   728464.123   728487.123   728523.123   728622.723   728622.920
  5355:   728622.901   728622.093   728922.902   730422.910   730424.614
  5360:   733174.624   733175.814   733773.134   733802.134   733832.134
  5365:   734150.134   734183.134   734225.134   734260.134   734354.134
  5370:   734387.134   734415.134   734484.134   734518.134   734644.134
  5375:   734657.134   734722.134   734840.134   734857.134   734925.134
  5380:   735009.134   735056.134   735168.134   735180.134   735341.134
  5385:   735376.134   735424.134   735503.134   735525.134   735559.134
  5390:   735571.134   735597.134   735652.134   735768.134   735780.134
  5395:   735864.134   735911.134   735929.134   735969.134   736111.134
  5400:   736122.134   736159.134   736174.134   736204.134   736284.134
  5405:   736335.134   736413.134   736424.134   736541.134   736627.134
  5410:   736658.134   736733.134   736745.134   737013.134   737065.134
  5415:   737147.134   737192.134   737231.134   737245.134   737278.134
  5420:   737355.134   737367.134   737404.134   737419.134   737463.134
  5425:   737499.134   737628.134   737640.134   737677.134   737729.134
  5430:   737809.134   737819.134   737858.134   737895.134   737907.134
  5435:   737957.134   738097.134   738277.134   738313.134   738326.134
  5440:   738361.134   738397.134   738487.134   738975.824   738975.920
  5445:   740475.910   740477.614   743227.624   743228.814   743742.134
  5450:   743839.134   743956.134   743990.134   743999.134   744183.134
  5455:   744218.134   744245.134   744340.134   744415.134   744447.134
  5460:   744457.134   744499.134   744534.134   744780.134   744792.134
  5465:   744871.134   745101.134   745112.134   745186.134   745272.134
  5470:   745285.134   745317.134   745365.134   745393.134   745427.134
  5475:   745473.134   745573.134   745606.134   745683.134   745801.134
  5480:   745886.134   745980.134   746012.134   746233.134   746240.134
  5485:   746313.134   746409.134   746422.134   746507.134   746519.134
  5490:   746714.134   746728.134   746780.134   746849.134   746894.134
  5495:   746907.134   746976.134   747026.134   747143.134   747365.134
  5500:   747376.134   747454.134   747658.134   748102.134   748141.134
  5505:   748176.134   748216.134   748598.134   748637.134   748680.134
  5510:   748809.134   748898.134   748942.134   749028.824   749028.920
  5515:   749028.902   749028.005   749028.006   749028.007   749028.020
  5520:       
D:
     0:        0.000        0.000        0.000        0.000        0.000
     5:        0.000        0.000        0.000        0.000        0.000
    10:        0.000        0.000        0.000        0.000        0.000
    15:        0.000        0.000        0.000        0.000        0.000
    20:        0.000        0.000        0.000        0.000        0.000
    25:        0.000       11.000        0.000        0.000        0.000
    30:        0.000        0.000        0.000        0.000        0.000
    35:        0.000
F:
     0:       10.000       10.000       10.000       10.000       10.000
     5:       10.000       10.000       10.000       10.000       14.000
    10:       14.000       14.000       14.000       14.000       14.000
    15:       14.000       14.000       14.000       14.000       14.000
    20:       14.000       19.500       19.500       19.500       19.500
    25:       19.500       19.500       19.500       19.500       19.500
    30:       19.500       19.500       19.500       19.500       19.500
    35:       19.500       27.500       27.500       27.500       27.500
    40:       27.500       27.500       27.500       27.500       27.500
    45:       27.500       27.500       27.500       27.500       27.500
    50:       27.500       27.500       27.500       27.500       38.500
    55:       38.500       38.500       38.500       38.500       38.500
    60:       38.500       38.500       38.500       38.500       38.500
    65:       38.500       38.500       38.500       38.500       38.500
    70:       38.500       38.500       38.500       38.500       38.500
    75:       20.000       20.000       20.000       28.000       28.000
    80:       28.000       28.000       39.000       39.000       39.000
    85:       39.000       39.000       55.000       55.000       55.000
    90:       55.000       55.000       55.000       77.000       77.000
    95:       77.000       77.000       77.000       77.000       77.000
I:
     0:       75.000        0.000        0.000
M:
     0:        9.000       12.000       15.000       18.000       21.000
     5:        3.000        4.000        5.000        6.000        7.000
    10:      100.000
N:
     0:       12.000       16.000       20.000       24.000       28.000
     5:        0.000
Q:
     0:        9.000       12.000       15.000       18.000       21.000
     5:        0.000
V:
     0:        0.000        0.000        0.000        0.000        0.000
     5:      172.000      334.000      513.000      728.000     1048.000
    10:      191.000      232.000      355.000      450.000      730.000
    15:        0.000
