File: C:\MED-PC IV\DATA\M_PEAK_LP20P875


Start Date: 10/06/17
End Date: 10/06/17
Subject: P875
Experiment: IF-PICO
Group: 0
Box: 8
Start Time: 10:23:28
End Time: 12:40:59
MSN: Multiple_PeakLP2
B:       0.000
C:       0.000
E:    5887.000
G:      38.500
H:    3850.000
J:       0.000
K:       0.000
L:       0.000
O:       0.000
P:       0.000
R:       0.000
S:       0.000
T:  825172.000
U:       0.000
W:       0.000
X:       0.000
Y:       0.000
Z:       0.000
A:
     0:        0.010      500.910      502.614     3252.624     3253.814
     5:     4659.134     4683.134     4822.134     4846.134     4898.134
    10:     5070.134     5189.134     5218.134     5254.134     5337.134
    15:     5423.134     5491.134     5522.134     5603.134     5632.134
    20:     5664.134     5800.134     5864.134     5898.134     5926.134
    25:     5951.134     5996.134     6085.134     6163.134     6193.134
    30:     6346.134     6388.134     6569.134     6692.134     6816.134
    35:     6845.134     7119.134     7202.134     7287.134     7416.134
    40:     7432.134     7461.134     7745.134     7902.134     8130.134
    45:     8138.134     8172.134     8205.134     9053.824     9053.920
    50:    10553.910    10555.612    11955.622    11956.812    13468.132
    55:    15956.822    15956.920    17456.910    17458.615    21308.625
    60:    21309.815    29009.825    29009.920    30509.910    30511.613
    65:    32461.623    32462.813    32841.133    32849.133    32888.133
    70:    32912.133    32922.133    32944.133    32971.133    33000.133
    75:    33053.133    33155.133    33355.133    33661.133    33929.133
    80:    34134.133    34159.133    34197.133    34260.133    34472.133
    85:    34596.133    34759.133    34790.133    34819.133    34846.133
    90:    34930.133    35424.133    35566.133    36007.133    37262.823
    95:    37262.920    38762.910    38764.615    42614.625    42615.815
   100:    50315.825    50315.920    51815.910    51817.615    55667.625
   105:    55668.715    65241.725    65241.920    65241.901    65241.095
   110:    65541.902    67041.910    67043.612    68443.622    68444.712
   115:    68714.122    68816.122    68848.122    68879.122    68911.122
   120:    68940.122    68966.122    68996.122    69027.122    69058.122
   125:    69089.122    69115.122    69148.122    69175.122    69207.122
   130:    69238.122    69268.122    69296.122    69326.122    69387.122
   135:    69415.122    69447.122    69485.122    69514.122    69543.122
   140:    69621.122    69652.122    69682.122    69718.122    69747.122
   145:    69777.122    69834.122    69861.722    69861.920    69861.901
   150:    69861.092    70161.902    71661.910    71663.613    73613.623
   155:    73614.713    73799.123    73828.123    73889.123    73919.123
   160:    73950.123    73981.123    74013.123    74044.123    74072.123
   165:    74103.123    74132.123    74162.123    74191.123    74221.123
   170:    74252.123    74283.123    74341.123    74370.123    74402.123
   175:    74431.123    74459.123    74493.123    74521.123    74581.123
   180:    74614.123    74640.123    74672.123    74699.123    74729.123
   185:    74761.123    74801.123    74830.123    74862.123    74891.123
   190:    74926.123    74956.123    74988.123    75018.123    75049.123
   195:    75077.123    75108.123    75135.123    75166.123    75193.123
   200:    75221.123    75260.123    75291.123    75318.123    75351.123
   205:    75376.123    75409.123    75437.123    75502.123    75533.123
   210:    75560.123    75590.723    75590.920    75590.901    75590.093
   215:    75890.902    77390.910    77392.612    78792.622    78793.712
   220:    78922.122    78953.122    78983.122    79011.122    79038.122
   225:    79067.122    79099.122    79128.122    79158.122    79190.122
   230:    79221.122    79251.122    79310.122    79337.122    79370.122
   235:    79399.122    79428.122    79461.122    79488.122    79519.122
   240:    79548.122    79609.122    79638.122    79698.122    79730.122
   245:    79761.122    79808.122    79839.122    79869.122    79900.122
   250:    79933.122    79959.122    80020.122    80053.122    80078.122
   255:    80108.122    80135.122    80168.122    80234.722    80234.920
   260:    80234.901    80234.092    80534.902    82034.910    82036.614
   265:    84786.624    84787.714    84963.124    85041.124    85122.124
   270:    85159.124    85189.124    85221.124    85251.124    85279.124
   275:    85308.124    85340.124    85371.124    85401.124    85429.124
   280:    85461.124    85489.124    85519.124    85550.124    85621.124
   285:    85653.124    85682.124    85714.124    85743.124    85771.124
   290:    85802.124    85830.124    85857.124    85887.124    85916.124
   295:    85948.124    85976.124    86007.124    86076.124    86108.124
   300:    86137.124    86168.124    86235.124    86268.124    86306.124
   305:    86336.124    86367.124    86401.124    86430.124    86461.124
   310:    86499.124    86528.124    86556.124    86589.124    86614.124
   315:    86645.124    86675.124    86746.124    86774.124    86817.124
   320:    86847.124    86875.124    86904.124    86933.124    86990.124
   325:    87019.124    87080.124    87114.124    87151.124    87183.124
   330:    87215.124    87255.124    87283.124    87316.124    87378.124
   335:    87423.124    87452.124    87485.124    87512.124    87544.724
   340:    87544.920    87544.901    87544.094    87844.902    89344.910
   345:    89346.615    93196.625    93197.715    94383.125    94418.125
   350:    94457.125    94494.125    94528.125    94563.125    94598.125
   355:    94634.125    94671.125    94705.125    94742.125    94780.125
   360:    94857.125    94891.125    94925.125    94968.125    94999.125
   365:    95032.125    95062.125    95092.125    95120.125    95154.125
   370:    95184.125    95222.125    95256.125    95291.125    95325.125
   375:    95363.125    95396.125    95431.125    95463.125    95495.125
   380:    95528.125    95560.125    95592.125    95622.125    95650.125
   385:    95682.125    95720.125    95757.125    95796.125    95837.125
   390:    95870.125    95904.125    95932.125    95967.125    95994.125
   395:    96027.125    96057.125    96088.125    96118.125    96139.125
   400:    96174.125    96207.125    96241.125    96275.125    96316.125
   405:    96347.125    96379.125    96420.125    96450.125    96490.125
   410:    96529.125    96561.125    96594.125    96624.125    96657.125
   415:    96685.125    96722.125    96753.125    96788.125    96822.125
   420:    96866.125    96891.125    96932.125    96965.125    96998.125
   425:    97035.125    97065.725    97065.920    97065.901    97065.095
   430:    97365.902    98865.910    98867.615   102717.625   102718.715
   435:   102984.125   103016.125   103051.125   103086.125   103240.125
   440:   103281.125   103315.125   103354.125   103650.125   103932.125
   445:   103964.125   103993.125   104124.125   104157.125   104193.125
   450:   104309.125   104339.125   104555.125   104584.125   104619.125
   455:   104653.125   104683.125   104719.125   104751.125   104783.125
   460:   104815.125   104845.125   104879.125   104915.125   104953.125
   465:   104985.125   105018.125   105058.125   105092.125   105126.125
   470:   105157.125   105188.125   105219.125   105255.125   105287.125
   475:   105320.125   105353.125   105386.125   105425.125   105458.125
   480:   105486.125   105535.125   105570.125   105603.125   105636.125
   485:   105671.125   105702.125   105735.125   105766.125   105801.125
   490:   105834.125   105867.125   105903.125   105939.125   105982.125
   495:   106031.125   106061.125   106091.125   106127.125   106154.125
   500:   106190.125   106240.125   106271.125   106304.125   106339.125
   505:   106370.125   106405.125   106446.125   106478.125   106513.125
   510:   106542.125   106579.725   106579.920   106579.901   106579.095
   515:   106879.902   108379.910   108381.615   112231.625   112232.715
   520:   113026.125   113268.125   113305.125   113344.125   113458.125
   525:   113504.125   113638.125   113668.125   113739.125   113825.125
   530:   113972.125   114052.125   114084.125   114118.125   114147.125
   535:   114179.125   114208.125   114231.125   114268.125   114304.125
   540:   114336.125   114367.125   114399.125   114430.125   114462.125
   545:   114491.125   114526.125   114557.125   114593.125   114624.125
   550:   114660.125   114693.125   114725.125   114757.125   114791.125
   555:   114830.125   114859.125   114893.125   114925.125   114958.125
   560:   114990.125   115024.125   115057.125   115092.125   115126.125
   565:   115159.125   115194.125   115226.125   115262.125   115291.125
   570:   115326.125   115356.125   115391.125   115421.125   115457.125
   575:   115486.125   115525.125   115556.125   115593.125   115625.125
   580:   115661.125   115698.125   115737.125   115781.125   115814.125
   585:   115847.125   115904.125   115938.125   115967.125   116003.125
   590:   116031.125   116067.125   116099.725   116099.920   116099.901
   595:   116099.095   116399.902   117899.910   117901.615   121751.625
   600:   121752.715   123259.125   123404.125   123440.125   123482.125
   605:   123514.125   123543.125   123575.125   123608.125   123644.125
   610:   123678.125   123713.125   123746.125   123781.125   123813.125
   615:   123849.125   123883.125   123923.125   123963.125   124002.125
   620:   124044.125   124076.125   124108.125   124143.125   124169.125
   625:   124203.125   124238.125   124270.125   124303.125   124337.125
   630:   124369.125   124404.125   124436.125   124471.125   124500.125
   635:   124584.125   124621.125   124658.125   124717.125   124750.125
   640:   124786.125   124814.125   124850.125   124881.125   124915.125
   645:   124944.125   124980.125   125010.125   125055.125   125094.125
   650:   125138.125   125177.125   125211.125   125245.125   125278.125
   655:   125313.125   125345.125   125380.125   125414.125   125447.125
   660:   125483.125   125517.125   125567.125   125598.125   125635.725
   665:   125635.920   125635.901   125635.095   125935.902   127435.910
   670:   127437.615   131287.625   131288.815   132394.135   132662.135
   675:   132732.135   132772.135   132811.135   132853.135   133030.135
   680:   133063.135   133128.135   133217.135   133260.135   133292.135
   685:   133330.135   133364.135   133402.135   133434.135   133464.135
   690:   133500.135   133534.135   133568.135   133603.135   133637.135
   695:   133673.135   133706.135   133736.135   133767.135   133801.135
   700:   133833.135   133867.135   133899.135   133933.135   133963.135
   705:   133998.135   134038.135   134097.135   134134.135   134180.135
   710:   134217.135   134254.135   134288.135   134322.135   134357.135
   715:   134390.135   134427.135   134459.135   134494.135   134528.135
   720:   134562.135   134593.135   134632.135   134666.135   134697.135
   725:   134732.135   134764.135   134798.135   134832.135   134867.135
   730:   134898.135   134924.135   134966.135   134997.135   135034.135
   735:   135077.135   135111.135   135147.135   135177.135   135213.135
   740:   135247.135   135283.135   135319.135   135356.135   135384.135
   745:   135422.135   135458.135   135502.135   135533.135   135568.135
   750:   135613.135   135646.135   135682.135   135714.135   135749.135
   755:   135800.135   135833.135   135867.135   135907.135   135942.135
   760:   135978.135   136014.135   136050.135   136086.135   136125.135
   765:   136159.135   136197.135   136225.135   136261.135   136291.135
   770:   136330.135   136367.135   136410.135   136445.135   136484.135
   775:   136522.135   136560.135   136593.135   136632.135   136665.135
   780:   136702.135   136738.135   136778.135   136814.135   136850.135
   785:   136891.135   136926.135   136958.135   136999.135   137032.135
   790:   137071.135   137102.135   137142.135   137178.135   137217.135
   795:   137249.135   137285.135   137318.135   137358.135   137394.135
   800:   137431.135   137488.135   137530.135   137771.135   137946.135
   805:   138207.135   138988.825   138988.920   140488.910   140490.615
   810:   144340.625   144341.715   146460.125   146468.125   146512.125
   815:   146523.125   146774.125   146782.125   146834.125   146844.125
   820:   147125.125   147377.125   147413.125   147463.125   147616.125
   825:   147654.125   147692.125   148023.125   148034.125   148692.725
   830:   148692.920   148692.901   148692.095   148992.902   150492.910
   835:   150494.612   151894.622   151895.712   165679.722   165679.920
   840:   165679.901   165679.092   165979.902   167479.910   167481.614
   845:   170231.624   170232.714   171112.124   171423.124   171490.124
   850:   171658.124   171690.124   171721.124   171752.124   171780.124
   855:   171810.124   171838.124   171869.124   171898.124   171930.124
   860:   171970.124   172000.124   172028.124   172060.124   172088.124
   865:   172121.124   172149.124   172181.124   172212.124   172247.124
   870:   172282.124   172310.124   172342.124   172367.124   172465.124
   875:   172493.124   172525.124   172548.124   172581.124   172601.124
   880:   172629.124   172669.124   172731.124   172813.124   172842.124
   885:   172872.124   172958.124   172990.724   172990.920   172990.901
   890:   172990.094   173290.902   174790.910   174792.614   177542.624
   895:   177543.714   178419.124   178450.124   178809.124   178841.124
   900:   178871.124   178899.124   178929.124   178957.124   178987.124
   905:   179017.124   179047.124   179078.124   179109.124   179141.124
   910:   179170.124   179204.124   179235.124   179265.124   179295.124
   915:   179326.124   179357.124   179390.124   179418.124   179452.124
   920:   179483.124   179515.124   179552.124   179584.124   179615.124
   925:   179642.124   179676.124   179709.124   179740.124   179775.124
   930:   179805.124   179838.124   179865.124   179898.124   179930.124
   935:   179965.124   180004.124   180034.124   180066.124   180102.124
   940:   180129.124   180162.124   180189.124   180222.124   180253.124
   945:   180286.124   180315.724   180315.920   180315.901   180315.094
   950:   180615.902   182115.910   182117.612   183517.622   183518.812
   955:   183785.132   183815.132   183845.132   183874.132   183904.132
   960:   183936.132   183969.132   184013.132   184070.132   184101.132
   965:   184130.132   184160.132   184189.132   184218.132   184249.132
   970:   184279.132   184306.132   184338.132   184371.132   184401.132
   975:   184431.132   184490.132   184650.132   184712.132   184748.132
   980:   184818.132   184857.132   184888.132   184919.132   184950.132
   985:   184981.132   185010.132   185044.132   185074.132   185108.132
   990:   185146.132   185176.132   185243.132   185280.132   185316.132
   995:   185346.132   185386.132   185417.132   185452.132   185485.132
  1000:   185518.132   185547.132   185581.132   185610.132   185675.132
  1005:   185714.132   185744.132   185780.132   185807.132   185844.132
  1010:   185872.132   185909.132   185942.132   185980.132   186012.132
  1015:   186045.132   186073.132   186108.132   186142.132   186211.132
  1020:   186241.132   186276.132   186304.132   186336.132   186370.132
  1025:   186399.132   186434.132   186463.132   186496.132   186529.132
  1030:   186561.132   186590.132   186627.132   186655.132   186688.132
  1035:   186722.132   186751.132   186786.132   186820.132   186855.132
  1040:   186884.132   186917.132   186946.132   186981.132   187017.132
  1045:   187045.132   187079.132   187109.132   187145.132   187198.132
  1050:   187232.132   187269.132   187309.132   187340.132   187374.132
  1055:   187403.132   187437.132   187479.132   187510.132   187518.822
  1060:   187518.920   189018.910   189020.614   191770.624   191771.714
  1065:   246097.724   246097.920   246097.901   246097.094   246397.902
  1070:   247897.910   247899.613   249849.623   249850.713   250382.123
  1075:   250423.123   250467.123   250681.123   250719.123   250753.123
  1080:   250791.123   250873.123   250908.123   250946.123   251095.123
  1085:   251146.123   251194.123   251233.123   251376.123   251410.123
  1090:   251442.123   251477.123   251511.123   251548.123   251628.123
  1095:   251667.123   251717.123   251815.723   251815.920   251815.901
  1100:   251815.093   252115.902   253615.910   253617.611   254617.621
  1105:   254618.711   254908.121   254948.121   254980.121   255015.121
  1110:   255049.121   255082.121   255117.121   255154.121   255188.121
  1115:   255223.121   255257.121   255290.121   255322.121   255356.121
  1120:   255389.121   255424.121   255454.121   255491.121   255524.121
  1125:   255561.121   255599.121   255629.721   255629.920   255629.901
  1130:   255629.091   255929.902   257429.910   257431.611   258431.621
  1135:   258432.711   259390.121   259417.121   259456.721   259456.920
  1140:   259456.901   259456.091   259756.902   261256.910   261258.613
  1145:   263208.623   263209.713   263415.123   263445.123   263478.123
  1150:   263511.123   263541.123   263574.123   263606.123   263638.123
  1155:   263668.123   263702.123   263732.123   263765.123   263796.123
  1160:   263827.123   263860.123   263932.123   263965.123   263998.123
  1165:   264037.123   264067.123   264101.123   264134.123   264166.123
  1170:   264199.123   264229.123   264263.123   264290.123   264323.123
  1175:   264354.123   264394.123   264424.123   264457.123   264521.123
  1180:   264550.123   264582.123   264609.123   264641.123   264677.123
  1185:   264715.123   264745.123   264776.123   264821.123   264858.123
  1190:   264929.123   264965.123   264996.123   265031.123   265058.123
  1195:   265092.123   265120.123   265153.123   265182.723   265182.920
  1200:   265182.901   265182.093   265482.902   266982.910   266984.612
  1205:   268384.622   268385.712   268554.122   268585.122   268617.122
  1210:   268645.122   268677.122   268707.122   268738.122   268769.122
  1215:   268799.122   268830.122   268858.122   268890.122   268919.122
  1220:   268950.122   269012.122   269042.122   269077.122   269106.122
  1225:   269137.122   269170.122   269210.122   269241.122   269274.122
  1230:   269307.122   269340.122   269377.122   269411.122   269442.122
  1235:   269474.122   269492.122   269525.122   269563.122   269594.122
  1240:   269651.122   269716.122   269754.122   269792.722   269792.920
  1245:   269792.901   269792.092   270092.902   271592.910   271594.611
  1250:   272594.621   272595.711   272748.121   272784.121   272815.121
  1255:   272846.121   272876.121   272908.121   272941.121   272969.121
  1260:   273002.121   273029.121   273063.121   273092.121   273124.121
  1265:   273152.121   273185.121   273224.121   273255.121   273317.121
  1270:   273346.121   273381.121   273415.121   273445.121   273478.121
  1275:   273506.121   273566.121   273598.721   273598.920   273598.901
  1280:   273598.091   273898.902   275398.910   275400.614   278150.624
  1285:   278151.714   278360.124   278390.124   278424.124   278456.124
  1290:   278559.124   278680.124   278822.124   278960.124   279051.124
  1295:   279077.124   279105.124   279137.124   279195.124   279222.124
  1300:   279254.124   279285.124   279315.124   279343.124   279375.124
  1305:   279402.124   279432.124   279460.124   279517.124   279545.124
  1310:   279576.124   279610.124   279643.124   279678.124   279717.124
  1315:   279753.124   279782.124   279813.124   279841.124   279869.124
  1320:   279903.124   279938.124   279967.124   280001.124   280033.124
  1325:   280069.124   280098.124   280131.124   280160.124   280192.124
  1330:   280221.124   280254.124   280284.124   280317.124   280380.124
  1335:   280414.124   280474.124   280503.124   280534.124   280565.124
  1340:   280600.124   280626.124   280659.124   280696.124   280726.124
  1345:   280761.124   280795.124   280836.124   280871.124   280900.124
  1350:   280932.724   280932.920   280932.901   280932.094   281232.902
  1355:   282732.910   282734.614   285484.624   285485.714   285640.124
  1360:   285673.124   285709.124   285838.124   286280.124   286313.124
  1365:   286345.124   286523.124   286628.124   286697.124   286813.124
  1370:   286879.124   286913.124   286981.124   287021.124   287048.124
  1375:   287130.124   287169.124   287215.124   287251.124   287290.124
  1380:   287361.124   287401.124   287483.124   287518.124   287553.124
  1385:   287583.124   287613.124   287673.124   287700.124   287732.124
  1390:   287762.124   287795.124   287824.124   287856.124   287884.124
  1395:   287917.124   287948.124   287977.124   288010.124   288072.124
  1400:   288104.124   288135.124   288166.124   288196.124   288229.124
  1405:   288261.724   288261.920   288261.901   288261.094   288561.902
  1410:   290061.910   290063.613   292013.623   292014.713   292181.123
  1415:   292471.123   292740.123   292774.123   292887.123   293010.123
  1420:   293195.123   293223.123   293252.123   293278.123   293322.123
  1425:   293350.123   293387.123   293416.123   293445.123   293473.123
  1430:   293503.123   293535.123   293562.123   293593.123   293652.123
  1435:   293681.123   293710.123   293740.123   293803.123   293833.123
  1440:   293862.123   293895.123   293927.123   293966.723   293966.920
  1445:   293966.901   293966.093   294266.902   295766.910   295768.614
  1450:   298518.624   298519.714   298719.124   298902.124   298934.124
  1455:   299079.124   299217.124   299248.124   299284.124   299322.124
  1460:   299353.124   299382.124   299407.124   299441.124   299515.124
  1465:   299692.124   299727.124   299755.124   299784.124   299817.124
  1470:   299846.124   299873.124   299902.124   299934.124   299964.124
  1475:   299998.124   300025.124   300055.124   300082.124   300112.124
  1480:   300140.124   300171.124   300231.124   300268.124   300299.124
  1485:   300334.124   300362.124   300394.124   300421.124   300448.124
  1490:   300485.124   300514.124   300544.124   300573.124   300604.124
  1495:   300670.124   300697.124   300729.124   300760.124   300792.124
  1500:   300853.124   300881.124   300915.124   300944.124   300974.124
  1505:   301006.124   301039.124   301071.124   301101.124   301135.124
  1510:   301168.124   301201.124   301232.124   301265.124   301290.724
  1515:   301290.920   301290.901   301290.094   301590.902   303090.910
  1520:   303092.614   305842.624   305843.714   306276.124   306307.124
  1525:   306508.124   306539.124   306570.124   306601.124   306635.124
  1530:   306842.124   308081.124   308126.124   308172.124   308206.124
  1535:   308238.124   308302.124   308331.124   308362.124   308394.124
  1540:   308425.124   308453.124   308484.124   308517.124   308546.124
  1545:   308579.124   308612.724   308612.920   308612.901   308612.094
  1550:   308912.902   310412.910   310414.613   312364.623   312365.713
  1555:   312526.123   312567.123   312611.123   312757.123   312792.123
  1560:   312823.123   312855.123   312887.123   312919.123   312973.123
  1565:   313009.123   313069.123   313099.123   313154.123   313186.123
  1570:   313216.123   313266.123   313298.123   313396.123   313433.123
  1575:   313460.123   313492.123   313520.123   313547.123   313581.123
  1580:   313610.123   313640.123   313668.123   313700.123   313726.123
  1585:   313762.123   313828.123   313857.123   313888.123   313918.123
  1590:   313950.123   314000.123   314030.123   314057.123   314121.123
  1595:   314190.123   314219.123   314253.123   314290.123   314326.723
  1600:   314326.920   314326.901   314326.093   314626.902   316126.910
  1605:   316128.613   318078.623   318079.713   318242.123   318275.123
  1610:   318305.123   318337.123   318371.123   318400.123   318432.123
  1615:   318590.123   318628.123   318660.123   318792.123   318838.123
  1620:   318871.123   318907.123   318943.123   318976.123   319009.123
  1625:   319038.123   319108.123   319141.123   319172.123   319205.123
  1630:   319239.123   319269.123   319300.123   319328.123   319358.123
  1635:   319389.123   319424.123   319461.123   319490.123   319524.123
  1640:   319589.123   319657.123   319684.123   319715.123   319746.123
  1645:   319776.123   319804.123   319835.123   319866.123   319929.123
  1650:   319959.123   319996.123   320032.723   320032.920   320032.901
  1655:   320032.093   320332.902   321832.910   321834.614   324584.624
  1660:   324585.714   324662.124   324697.124   324823.124   324856.124
  1665:   324884.124   325235.124   325267.124   325336.124   325367.124
  1670:   325398.124   325429.124   325458.124   325491.124   325525.124
  1675:   325550.124   325581.124   325610.124   325638.124   325671.124
  1680:   325700.124   325729.124   325759.124   325789.124   325823.124
  1685:   325852.124   325885.124   325916.124   325947.124   325978.124
  1690:   326010.124   326053.124   326090.124   326128.124   326160.124
  1695:   326195.124   326228.124   326258.124   326289.124   326321.124
  1700:   326352.124   326382.124   326416.124   326451.124   326487.124
  1705:   326571.124   326602.124   326639.124   326684.124   326717.124
  1710:   326746.124   326777.124   326809.124   326843.124   326889.124
  1715:   326930.124   326958.124   326990.124   327017.124   327049.124
  1720:   327075.124   327108.124   327137.124   327197.124   327233.124
  1725:   327290.124   327307.124   327339.724   327339.920   327339.901
  1730:   327339.094   327639.902   329139.910   329141.614   331891.624
  1735:   331892.714   332645.124   332894.124   332924.124   332952.124
  1740:   332992.124   333170.124   333227.124   333258.124   333322.124
  1745:   333352.124   333411.124   333442.124   333542.124   333575.124
  1750:   333605.124   333639.124   333667.124   333741.124   333771.124
  1755:   333804.124   333835.124   333894.124   333928.124   333986.124
  1760:   334019.124   334056.124   334083.124   334113.124   334170.124
  1765:   334203.124   334265.124   334303.124   334330.124   334363.124
  1770:   334397.124   334432.124   334468.124   334497.124   334530.124
  1775:   334557.124   334595.124   334627.124   334664.724   334664.920
  1780:   334664.901   334664.094   334964.902   336464.910   336466.611
  1785:   337466.621   337467.711   337603.121   337635.121   337670.121
  1790:   337705.121   337738.121   337770.121   337800.121   337835.121
  1795:   337904.121   337933.121   337963.121   337996.121   338031.121
  1800:   338062.121   338097.121   338127.121   338162.121   338192.121
  1805:   338227.121   338260.121   338295.121   338325.121   338359.121
  1810:   338396.121   338450.121   338483.721   338483.920   338483.901
  1815:   338483.091   338783.902   340283.910   340285.615   344135.625
  1820:   344136.715   344492.125   344529.125   345234.125   345267.125
  1825:   345300.125   345367.125   345397.125   345429.125   345492.125
  1830:   345529.125   345565.125   345642.125   345738.125   345770.125
  1835:   345800.125   345825.125   345854.125   345925.125   345963.125
  1840:   345995.125   346025.125   346055.125   346122.125   346191.125
  1845:   346262.125   346292.125   346320.125   346348.125   346411.125
  1850:   346440.125   346468.125   346499.125   346528.125   346594.125
  1855:   346629.125   346667.125   346696.125   346730.125   346758.125
  1860:   346784.125   346818.125   346851.125   346887.125   346915.125
  1865:   346950.125   346988.125   347021.125   347058.125   347095.125
  1870:   347126.125   347166.125   347198.125   347232.125   347266.125
  1875:   347301.125   347331.125   347368.125   347397.125   347433.125
  1880:   347465.125   347499.125   347529.125   347560.125   347589.125
  1885:   347622.125   347645.125   347682.125   347713.125   347776.125
  1890:   347806.125   347839.125   347868.125   347928.125   347961.125
  1895:   347988.725   347988.920   347988.901   347988.095   348288.902
  1900:   349788.910   349790.613   351740.623   351741.713   352440.123
  1905:   352469.123   352500.123   352609.123   352687.123   352858.123
  1910:   352893.123   352921.123   352955.123   352988.123   353019.123
  1915:   353047.123   353080.123   353113.123   353146.123   353178.123
  1920:   353206.123   353242.123   353269.123   353295.123   353325.123
  1925:   353350.123   353379.123   353409.123   353438.123   353466.123
  1930:   353496.123   353524.123   353553.123   353583.123   353611.123
  1935:   353639.123   353674.123   353711.723   353711.920   353711.901
  1940:   353711.093   354011.902   355511.910   355513.614   358263.624
  1945:   358264.714   358428.124   359586.124   359777.124   359815.124
  1950:   359851.124   360055.124   360159.124   360196.124   360267.124
  1955:   360371.124   360398.124   360427.124   360454.124   360487.124
  1960:   360517.124   360548.124   360738.124   360767.124   360801.124
  1965:   360833.124   360863.124   360895.124   360927.124   360960.124
  1970:   360989.124   361020.724   361020.920   361020.901   361020.094
  1975:   361320.902   362820.910   362822.613   364772.623   364773.713
  1980:   364874.123   364951.123   365282.123   365314.123   365349.123
  1985:   365381.123   365410.123   365440.123   365470.123   365500.123
  1990:   365533.123   365562.123   365593.123   365624.123   365687.123
  1995:   365720.123   365749.123   365778.123   365843.123   365873.123
  2000:   365904.123   365940.123   365969.123   366000.123   366028.123
  2005:   366058.123   366091.123   366153.123   366186.123   366245.123
  2010:   366275.123   366306.123   366342.123   366378.123   366435.123
  2015:   366466.123   366494.123   366527.123   366560.123   366589.123
  2020:   366620.123   366651.123   366683.123   366750.723   366750.920
  2025:   366750.901   366750.093   367050.902   368550.910   368552.614
  2030:   371302.624   371303.714   371756.124   371925.124   372083.124
  2035:   372156.124   372242.124   372279.124   372320.124   372349.124
  2040:   372385.124   372415.124   372451.124   372487.124   372557.124
  2045:   372586.124   372620.124   372651.124   372684.124   372715.124
  2050:   372746.124   372779.124   372813.124   372847.124   372879.124
  2055:   372916.124   372952.124   372988.124   373026.124   373060.124
  2060:   373096.124   373129.124   373163.124   373199.124   373234.124
  2065:   373269.124   373305.124   373338.124   373370.124   373401.124
  2070:   373438.124   373469.124   373506.124   373539.124   373575.124
  2075:   373611.124   373648.124   373687.124   373726.124   373763.124
  2080:   373799.124   373837.124   373874.124   373906.124   373943.124
  2085:   373975.124   374013.124   374051.124   374085.724   374085.920
  2090:   374085.901   374085.094   374385.902   375885.910   375887.615
  2095:   379737.625   379738.715   380280.125   380548.125   380585.125
  2100:   380618.125   380650.125   380686.125   380833.125   380868.125
  2105:   381068.125   381104.125   381136.125   381172.125   381205.125
  2110:   381232.125   381269.125   381297.125   381333.125   381363.125
  2115:   381397.125   381429.125   381460.125   381494.125   381527.125
  2120:   381559.125   381594.125   381630.125   381664.125   381699.125
  2125:   381734.125   381766.125   381805.125   381845.125   381886.125
  2130:   381918.125   381959.125   381993.125   382024.125   382059.125
  2135:   382089.125   382123.125   382156.125   382191.125   382226.125
  2140:   382262.125   382300.125   382331.125   382369.125   382407.125
  2145:   382446.125   382478.125   382515.125   382549.125   382587.125
  2150:   382641.125   382681.125   382720.125   382752.125   382791.125
  2155:   382830.125   382864.125   382895.125   382933.125   382969.125
  2160:   383003.125   383042.125   383090.125   383123.125   383163.125
  2165:   383209.125   383241.125   383278.125   383312.125   383350.125
  2170:   383379.125   383416.125   383448.125   383486.125   383515.125
  2175:   383551.125   383585.125   383623.725   383623.920   383623.901
  2180:   383623.095   383923.902   385423.910   385425.615   389275.625
  2185:   389276.715   389419.125   389950.125   390423.125   390456.125
  2190:   390499.125   390631.125   390667.125   390698.125   390735.125
  2195:   390878.125   390907.125   390938.125   390965.125   390999.125
  2200:   391027.125   391066.125   391102.125   391178.125   391230.125
  2205:   391264.125   391308.125   391337.125   391370.125   391404.125
  2210:   391446.125   391488.125   391519.125   391551.125   391581.125
  2215:   391614.125   391647.125   391681.125   391713.125   391747.125
  2220:   391780.125   391814.125   391846.125   391883.125   391914.125
  2225:   391950.125   391984.125   392016.125   392052.125   392083.125
  2230:   392119.125   392156.125   392218.125   392250.125   392285.125
  2235:   392321.125   392358.125   392389.125   392425.125   392456.125
  2240:   392492.125   392522.125   392558.125   392608.125   392658.125
  2245:   392692.125   392732.125   392775.125   392808.125   392854.125
  2250:   392889.125   392926.125   392960.125   392999.125   393051.125
  2255:   393086.125   393116.125   393171.725   393171.920   393171.901
  2260:   393171.095   393471.902   394971.910   394973.613   396923.623
  2265:   396924.713   397073.123   397111.123   397149.123   397186.123
  2270:   397216.123   397256.123   397328.123   397359.123   397394.123
  2275:   397427.123   397462.123   397490.123   397527.123   397564.123
  2280:   397602.123   397636.123   397671.123   397701.123   397736.123
  2285:   397769.123   397805.123   397836.123   397873.123   397906.123
  2290:   397941.123   397976.123   398012.123   398048.123   398085.123
  2295:   398124.123   398158.123   398192.123   398231.123   398268.123
  2300:   398310.123   398344.123   398379.123   398411.123   398447.123
  2305:   398481.123   398518.123   398535.123   398571.123   398605.123
  2310:   398637.123   398679.123   398710.123   398748.123   398782.123
  2315:   398812.123   398850.123   398879.723   398879.920   398879.901
  2320:   398879.093   399179.902   400679.910   400681.614   403431.624
  2325:   403432.714   403686.124   403727.124   403765.124   403891.124
  2330:   403927.124   403966.124   404002.124   404033.124   404065.124
  2335:   404104.124   404173.124   404220.124   404295.124   404332.124
  2340:   404373.124   404404.124   404517.124   404549.124   404582.124
  2345:   404612.124   404652.124   404687.124   404716.124   404745.124
  2350:   404781.124   404818.124   404850.124   404882.124   404916.124
  2355:   404952.124   404983.124   405015.124   405046.124   405078.124
  2360:   405110.124   405145.124   405165.124   405203.124   405236.124
  2365:   405269.124   405304.124   405337.124   405375.124   405409.124
  2370:   405445.124   405475.124   405510.124   405544.124   405580.124
  2375:   405616.124   405652.124   405702.124   405738.124   405774.124
  2380:   405807.124   405840.124   405876.124   405920.124   405951.124
  2385:   406041.124   406077.124   406106.124   406141.124   406173.124
  2390:   406211.724   406211.920   406211.901   406211.094   406511.902
  2395:   408011.910   408013.615   411863.625   411864.715   412531.125
  2400:   412562.125   412703.125   412953.125   412984.125   413054.125
  2405:   413092.125   413200.125   413265.125   413447.125   413484.125
  2410:   413703.125   413737.125   413851.125   413878.125   414047.125
  2415:   414176.125   414364.125   414407.125   414572.125   414611.125
  2420:   414696.125   414746.125   414778.125   414814.125   414829.125
  2425:   414861.125   414903.125   414935.125   414975.125   415007.125
  2430:   415040.125   415079.125   415113.125   415148.125   415187.125
  2435:   415219.125   415257.125   415296.125   415329.125   415368.125
  2440:   415406.125   415441.125   415477.125   415509.125   415550.125
  2445:   415583.125   415621.125   415653.125   415689.125   415719.725
  2450:   415719.920   415719.901   415719.095   416019.902   417519.910
  2455:   417521.613   419471.623   419472.813   419551.133   419587.133
  2460:   419621.133   419667.133   419700.133   419731.133   419762.133
  2465:   419798.133   419832.133   419866.133   419898.133   419934.133
  2470:   419967.133   420001.133   420033.133   420067.133   420100.133
  2475:   420135.133   420171.133   420204.133   420239.133   420274.133
  2480:   420310.133   420345.133   420382.133   420417.133   420452.133
  2485:   420487.133   420527.133   420563.133   420593.133   420627.133
  2490:   420663.133   420699.133   420730.133   420765.133   420802.133
  2495:   420838.133   420869.133   420904.133   420938.133   420974.133
  2500:   421009.133   421060.133   421108.133   421140.133   421178.133
  2505:   421227.133   421260.133   421315.133   421340.133   421386.133
  2510:   421420.133   421453.133   421487.133   421527.133   421551.133
  2515:   421585.133   421621.133   421654.133   421685.133   421722.133
  2520:   421774.133   421808.133   421823.133   421862.133   421896.133
  2525:   421954.133   421990.133   422007.133   422045.133   422077.133
  2530:   422114.133   422152.133   422184.133   422222.133   422267.133
  2535:   422299.133   422335.133   422368.133   422407.133   422442.133
  2540:   422475.133   422515.133   422549.133   422601.133   422632.133
  2545:   422688.133   422722.133   422751.133   422788.133   422821.133
  2550:   422860.133   422880.133   422920.133   422956.133   422999.133
  2555:   423030.133   423067.133   423099.133   423135.133   423182.133
  2560:   423215.133   423266.133   423302.133   423357.133   423393.133
  2565:   423422.133   423463.133   423502.133   423528.133   423576.133
  2570:   423610.133   423645.133   423678.133   423722.133   423755.133
  2575:   423862.133   423902.133   423945.133   424053.133   424083.133
  2580:   424232.133   424270.133   424272.823   424272.920   424293.411
  2585:   425772.910   425774.612   427174.622   427175.712   436954.722
  2590:   436954.920   436954.901   436954.092   437254.902   438754.910
  2595:   438756.611   439756.621   439757.711   439958.121   439995.121
  2600:   440030.121   440066.121   440104.121   440141.121   440176.121
  2605:   440211.121   440249.121   440286.121   440324.121   440362.121
  2610:   440403.121   440436.121   440470.121   440507.121   440548.121
  2615:   440565.121   440604.121   440643.121   440682.121   440720.121
  2620:   440753.121   440788.721   440788.920   440788.901   440788.091
  2625:   441088.902   442588.910   442590.612   443990.622   443991.712
  2630:   444134.122   444173.122   444209.122   444239.122   444274.122
  2635:   444311.122   444347.122   444383.122   444421.122   444456.122
  2640:   444493.122   444533.122   444567.122   444607.122   444654.122
  2645:   444689.122   444731.122   444768.122   444801.122   444835.122
  2650:   444866.122   444898.122   444932.122   444966.122   445008.122
  2655:   445040.122   445078.122   445122.122   445152.122   445188.122
  2660:   445222.122   445254.122   445289.122   445325.122   445373.122
  2665:   445411.722   445411.920   445411.901   445411.092   445711.902
  2670:   447211.910   447213.614   449963.624   449964.714   450615.124
  2675:   450680.124   450708.124   450744.124   450880.124   450937.124
  2680:   450964.124   451001.124   451076.124   451115.124   451149.124
  2685:   451182.124   451228.124   451259.124   451295.124   451323.124
  2690:   451390.124   451420.124   451448.124   451520.124   451611.124
  2695:   451637.124   451666.124   451691.124   451720.124   451748.124
  2700:   451804.124   451834.124   451866.124   451898.124   451931.124
  2705:   451959.124   451993.124   452023.124   452052.124   452083.124
  2710:   452115.124   452145.124   452173.124   452204.124   452232.124
  2715:   452262.124   452291.124   452322.124   452356.124   452388.124
  2720:   452418.124   452452.124   452478.124   452508.124   452548.124
  2725:   452585.124   452617.124   452647.124   452681.124   452716.724
  2730:   452716.920   452716.901   452716.094   453016.902   454516.910
  2735:   454518.614   457268.624   457269.714   457513.124   457870.124
  2740:   457903.124   457933.124   458000.124   458037.124   458357.124
  2745:   458422.124   458495.124   458639.124   458674.124   458708.124
  2750:   458737.124   458768.124   458833.124   458865.124   458925.124
  2755:   458959.124   459000.124   459064.124   459096.124   459126.124
  2760:   459157.124   459190.124   459228.124   459260.124   459291.124
  2765:   459320.124   459352.124   459379.124   459411.124   459443.124
  2770:   459479.124   459510.124   459540.124   459556.124   459586.124
  2775:   459617.124   459646.124   459678.124   459706.124   459740.124
  2780:   459767.124   459797.124   459836.124   459874.124   459901.124
  2785:   459931.124   459962.124   459997.124   460023.724   460023.920
  2790:   460023.901   460023.094   460323.902   461823.910   461825.614
  2795:   464575.624   464576.714   464837.124   464975.124   465011.124
  2800:   465049.124   465362.124   465390.124   465422.124   465457.124
  2805:   465561.124   465601.124   465836.124   465876.124   465938.124
  2810:   466004.124   466044.124   466073.124   466103.124   466134.124
  2815:   466164.124   466190.124   466223.124   466252.124   466279.124
  2820:   466312.124   466340.124   466372.124   466401.124   466434.124
  2825:   466466.124   466498.124   466528.124   466558.124   466585.124
  2830:   466617.124   466653.124   466684.124   466717.124   466747.124
  2835:   466778.124   466797.124   466866.124   466894.124   466926.124
  2840:   466961.124   467025.124   467055.124   467089.124   467132.124
  2845:   467168.124   467204.124   467243.124   467279.124   467311.124
  2850:   467344.724   467344.920   467344.901   467344.094   467644.902
  2855:   469144.910   469146.612   470546.622   470547.712   470668.122
  2860:   470702.122   470741.122   470773.122   470805.122   470842.122
  2865:   470874.122   470908.122   470945.122   470979.122   471041.122
  2870:   471072.122   471102.122   471132.122   471163.122   471196.122
  2875:   471254.122   471284.122   471316.122   471347.122   471379.122
  2880:   471413.122   471446.122   471479.122   471514.122   471542.122
  2885:   471575.122   471605.122   471633.122   471663.122   471695.122
  2890:   471728.122   471766.122   471804.122   471833.122   471864.122
  2895:   471927.122   471957.722   471957.920   471957.901   471957.092
  2900:   472257.902   473757.910   473759.613   475709.623   475710.713
  2905:   475851.123   475882.123   475914.123   475945.123   475980.123
  2910:   476010.123   476037.123   476064.123   476094.123   476125.123
  2915:   476154.123   476183.123   476216.123   476244.123   476308.123
  2920:   476345.123   476382.123   476416.123   476480.123   476509.123
  2925:   476542.123   476577.123   476637.123   476670.123   476701.123
  2930:   476734.123   476767.123   476798.123   476828.123   476888.123
  2935:   476921.123   476949.123   476982.123   477013.123   477046.123
  2940:   477074.123   477106.123   477137.123   477169.123   477201.123
  2945:   477234.123   477298.123   477333.123   477397.123   477427.123
  2950:   477459.123   477489.123   477522.123   477557.123   477586.123
  2955:   477620.123   477647.123   477680.723   477680.920   477680.901
  2960:   477680.093   477980.902   479480.910   479482.613   481432.623
  2965:   481433.713   481566.123   481600.123   481639.123   481669.123
  2970:   481698.123   481727.123   481760.123   481804.123   481844.123
  2975:   482383.123   482419.123   482460.123   482524.123   482584.123
  2980:   482614.123   482649.123   482684.123   482719.123   482751.123
  2985:   482781.123   482815.123   482848.123   482881.123   482945.123
  2990:   482975.123   483040.123   483078.123   483114.123   483149.123
  2995:   483181.123   483213.123   483245.123   483276.123   483308.123
  3000:   483339.123   483368.123   483401.723   483401.920   483401.901
  3005:   483401.093   483701.902   485201.910   485203.612   486603.622
  3010:   486604.712   486669.122   486700.122   486735.122   486771.122
  3015:   486799.122   486833.122   486867.122   486895.122   486925.122
  3020:   486994.122   487028.122   487060.122   487092.122   487124.122
  3025:   487165.122   487195.122   487236.122   487266.122   487302.122
  3030:   487334.122   487367.122   487394.122   487421.122   487457.122
  3035:   487493.122   487532.122   487565.122   487596.122   487660.122
  3040:   487690.122   487751.122   487781.122   487823.122   487855.122
  3045:   487883.122   487920.122   487950.122   487981.122   488011.722
  3050:   488011.920   488011.901   488011.092   488311.902   489811.910
  3055:   489813.615   493663.625   493664.715   493978.125   494331.125
  3060:   494538.125   494568.125   494799.125   495004.125   495031.125
  3065:   495057.125   495094.125   495124.125   495152.125   495179.125
  3070:   495212.125   495317.125   495390.125   495427.125   495457.125
  3075:   495486.125   495513.125   495539.125   495567.125   495598.125
  3080:   495625.125   495687.125   495718.125   495748.125   495779.125
  3085:   495806.125   495872.125   495901.125   495933.125   495966.125
  3090:   495997.125   496028.125   496059.125   496111.125   496150.125
  3095:   496181.125   496208.125   496243.125   496275.125   496305.125
  3100:   496341.125   496370.125   496400.125   496431.125   496462.125
  3105:   496526.125   496556.125   496587.125   496637.125   496670.125
  3110:   496700.125   496736.125   496772.125   496793.125   496830.125
  3115:   496867.125   496904.125   496935.125   496973.125   497011.125
  3120:   497042.125   497074.125   497111.125   497141.125   497179.125
  3125:   497216.125   497250.125   497282.125   497312.125   497328.125
  3130:   497364.125   497395.125   497429.125   497461.125   497512.125
  3135:   497559.725   497559.920   497559.901   497559.095   497859.902
  3140:   499359.910   499361.614   502111.624   502112.714   502262.124
  3145:   502294.124   502988.124   503386.124   503423.124   503452.124
  3150:   503481.124   503509.124   503539.124   503572.124   503607.124
  3155:   503639.124   503671.124   503792.124   503827.124   503901.124
  3160:   503938.124   503972.124   504007.124   504038.124   504069.124
  3165:   504102.124   504135.124   504170.124   504207.124   504241.124
  3170:   504273.124   504302.124   504376.124   504442.124   504471.124
  3175:   504501.124   504567.124   504601.124   504638.124   504665.124
  3180:   504726.124   504760.124   504791.124   504850.124   504877.724
  3185:   504877.920   504877.901   504877.094   505177.902   506677.910
  3190:   506679.611   507679.621   507680.811   507922.131   507956.131
  3195:   507991.131   508021.131   508054.131   508084.131   508115.131
  3200:   508181.131   508212.131   508244.131   508275.131   508308.131
  3205:   508338.131   508370.131   508402.131   508433.131   508466.131
  3210:   508503.131   508537.131   508585.131   508617.131   508645.131
  3215:   508680.131   508722.131   508753.131   508787.131   508828.131
  3220:   508881.131   508913.131   508942.131   508976.131   509011.131
  3225:   509050.131   509095.131   509133.131   509177.131   509215.131
  3230:   509246.131   509276.131   509304.131   509339.131   509394.131
  3235:   509423.131   509479.131   509515.131   509545.131   509578.131
  3240:   509611.131   509646.131   509676.131   509713.131   509748.131
  3245:   509779.131   509813.131   509845.131   509878.131   509910.131
  3250:   509956.131   509991.131   510058.131   510094.131   510124.131
  3255:   510158.131   510190.131   510245.131   510276.131   510304.131
  3260:   510331.131   510361.131   510395.131   510426.131   510463.131
  3265:   510488.131   510524.131   510557.131   510591.131   510621.131
  3270:   510659.131   510693.131   510730.131   510766.131   510799.131
  3275:   510886.131   510915.131   510955.131   511060.131   511089.131
  3280:   511108.131   511141.131   511174.131   511180.821   511180.920
  3285:   512680.910   512682.611   513682.621   513683.711   515250.721
  3290:   515250.920   515250.901   515250.091   515550.902   517050.910
  3295:   517052.613   519002.623   519003.713   519104.123   519138.123
  3300:   519169.123   519201.123   519234.123   519265.123   519296.123
  3305:   519327.123   519360.123   519392.123   519423.123   519455.123
  3310:   519485.123   519520.123   519551.123   519582.123   519614.123
  3315:   519650.123   519681.123   519714.123   519744.123   519777.123
  3320:   519811.123   519841.123   519906.123   519933.123   519968.123
  3325:   520031.123   520063.123   520093.123   520126.123   520159.123
  3330:   520192.123   520225.123   520255.123   520290.123   520327.123
  3335:   520366.123   520395.123   520422.123   520460.123   520491.123
  3340:   520522.123   520554.123   520605.123   520665.123   520700.123
  3345:   520726.123   520756.123   520787.123   520810.123   520846.123
  3350:   520883.123   520921.123   520995.723   520995.920   520995.901
  3355:   520995.093   521295.902   522795.910   522797.611   523797.621
  3360:   523798.811   523865.131   523899.131   523929.131   523963.131
  3365:   523995.131   524025.131   524058.131   524091.131   524124.131
  3370:   524154.131   524186.131   524218.131   524251.131   524285.131
  3375:   524316.131   524350.131   524382.131   524413.131   524445.131
  3380:   524477.131   524506.131   524539.131   524575.131   524609.131
  3385:   524642.131   524673.131   524711.131   524744.131   524775.131
  3390:   524805.131   524845.131   524877.131   524905.131   524937.131
  3395:   524970.131   525009.131   525042.131   525081.131   525115.131
  3400:   525144.131   525172.131   525235.131   525376.131   525410.131
  3405:   525443.131   525474.131   525523.131   525554.131   525581.131
  3410:   525624.131   525654.131   525700.131   525736.131   525835.131
  3415:   525867.131   525894.131   525960.131   525995.131   526027.131
  3420:   526110.131   526143.131   526173.131   526234.131   526267.131
  3425:   526299.131   526333.131   526451.131   526491.131   526523.131
  3430:   526553.131   527298.821   527298.920   528798.910   528800.612
  3435:   530200.622   530201.812   530537.132   530575.132   530609.132
  3440:   530638.132   530669.132   530701.132   530761.132   530794.132
  3445:   530825.132   530861.132   530925.132   530959.132   530991.132
  3450:   531023.132   531054.132   531088.132   531122.132   531170.132
  3455:   531209.132   531270.132   531299.132   531329.132   531359.132
  3460:   531390.132   531424.132   531457.132   531490.132   531566.132
  3465:   531596.132   531630.132   531665.132   531695.132   531727.132
  3470:   531762.132   531794.132   531827.132   531860.132   531890.132
  3475:   531924.132   531952.132   532002.132   532042.132   532076.132
  3480:   532104.132   532169.132   532198.132   532230.132   532266.132
  3485:   532365.132   532411.132   532444.132   532480.132   532586.132
  3490:   532690.132   532828.132   533078.132   533219.132   533339.132
  3495:   533443.132   533557.132   533585.132   533676.132   533825.132
  3500:   533842.132   533878.132   534020.132   534050.132   534083.132
  3505:   534113.132   534149.132   534180.132   534201.822   534201.920
  3510:   535701.910   535703.613   537653.623   537654.713   538070.123
  3515:   538079.123   538111.123   538127.123   538158.123   538195.123
  3520:   538229.123   538267.123   538298.123   538338.123   538376.123
  3525:   538405.123   538441.123   538469.123   538502.123   538539.123
  3530:   538569.123   538626.123   538657.123   538724.123   538787.123
  3535:   538827.123   538896.123   538926.123   539018.123   539236.123
  3540:   539246.123   539365.123   539445.123   539491.123   539702.723
  3545:   539702.920   539702.901   539702.093   540002.902   541502.910
  3550:   541504.612   542904.622   542905.712   542968.122   543001.122
  3555:   543035.122   543065.122   543106.122   543144.122   543180.122
  3560:   543207.122   543271.122   543300.122   543369.122   543401.122
  3565:   543438.122   543498.122   543528.122   543590.122   543622.122
  3570:   543654.122   543685.122   543716.122   543778.122   543806.122
  3575:   543870.122   543902.122   543933.122   543964.122   543995.122
  3580:   544032.122   544069.122   544100.122   544133.122   544207.122
  3585:   544240.122   544268.122   544301.122   544348.722   544348.920
  3590:   544348.901   544348.092   544648.902   546148.910   546150.611
  3595:   547150.621   547151.811   547212.131   547244.131   547280.131
  3600:   547314.131   547350.131   547384.131   547422.131   547450.131
  3605:   547482.131   547514.131   547575.131   547606.131   547640.131
  3610:   547671.131   547708.131   547746.131   547774.131   547808.131
  3615:   547839.131   547871.131   547899.131   547932.131   547964.131
  3620:   547999.131   548025.131   548061.131   548097.131   548129.131
  3625:   548160.131   548191.131   548224.131   548289.131   548321.131
  3630:   548353.131   548386.131   548419.131   548451.131   548486.131
  3635:   548505.131   548540.131   548572.131   548639.131   548674.131
  3640:   548709.131   548735.131   548809.131   548840.131   548872.131
  3645:   548908.131   548942.131   548977.131   549014.131   549034.131
  3650:   549074.131   549106.131   549147.131   549180.131   549214.131
  3655:   549234.131   549271.131   549305.131   549344.131   549361.131
  3660:   549397.131   549436.131   549470.131   549502.131   549568.131
  3665:   549607.131   549640.131   549680.131   549709.131   549748.131
  3670:   549784.131   549820.131   549887.131   549984.131   550014.131
  3675:   550040.131   550069.131   550105.131   550140.131   550178.131
  3680:   550305.131   550478.131   550651.821   550651.920   552151.910
  3685:   552153.613   554103.623   554104.813   554577.133   554589.133
  3690:   554637.133   554686.133   554734.133   554774.133   554821.133
  3695:   554857.133   554937.133   554967.133   555002.133   555040.133
  3700:   555081.133   555117.133   555181.133   555215.133   555248.133
  3705:   555284.133   555452.133   555480.133   555508.133   555535.133
  3710:   555566.133   555630.133   555656.133   555691.133   555726.133
  3715:   555764.133   555829.133   555866.133   555903.133   555987.133
  3720:   556029.133   556147.133   556197.133   556288.133   556415.133
  3725:   556585.133   556689.133   556798.133   556960.133   557066.133
  3730:   557557.133   558904.823   558904.920   560404.910   560406.614
  3735:   563156.624   563157.714   563468.124   563518.124   563569.124
  3740:   563620.124   563670.124   563739.124   563969.124   564054.124
  3745:   564150.124   564196.124   564400.124   564445.124   564609.124
  3750:   564653.124   564789.124   564903.124   564912.124   565017.124
  3755:   565051.124   565364.124   565397.124   565469.124   565491.124
  3760:   565522.124   565552.124   565584.124   565616.124   565687.124
  3765:   565793.124   565819.124   565888.124   565960.724   565960.920
  3770:   565960.901   565960.094   566260.902   567760.910   567762.615
  3775:   571612.625   571613.715   572265.125   572292.125   572318.125
  3780:   572353.125   572577.125   572741.125   572773.125   572811.125
  3785:   572871.125   572902.125   572934.125   572961.125   572995.125
  3790:   573024.125   573058.125   573089.125   573151.125   573188.125
  3795:   573225.125   573254.125   573284.125   573319.125   573350.125
  3800:   573382.125   573412.125   573442.125   573475.125   573506.125
  3805:   573539.125   573568.125   573601.125   573632.125   573667.125
  3810:   573699.125   573734.125   573771.125   573807.125   573843.125
  3815:   573878.125   573915.125   573946.125   573976.125   574012.125
  3820:   574042.125   574077.125   574142.125   574181.125   574214.125
  3825:   574246.125   574278.125   574309.125   574342.125   574374.125
  3830:   574406.125   574441.125   574470.125   574503.125   574535.125
  3835:   574568.125   574596.125   574634.125   574665.125   574712.125
  3840:   574739.125   574777.125   574820.125   574858.125   574889.125
  3845:   574926.125   574977.125   575007.125   575047.125   575092.125
  3850:   575123.125   575158.125   575173.125   575210.125   575244.125
  3855:   575273.125   575309.125   575341.125   575376.125   575396.125
  3860:   575431.125   575481.725   575481.920   575481.901   575481.095
  3865:   575781.902   577281.910   577283.612   578683.622   578684.712
  3870:   579116.122   579161.122   579203.122   579321.122   579388.122
  3875:   579424.122   579467.122   579494.122   579529.122   579558.122
  3880:   579593.122   579621.122   579654.122   579685.122   579714.122
  3885:   579748.122   579782.122   579815.122   579931.122   579963.122
  3890:   579997.122   580026.122   580057.122   580115.722   580115.920
  3895:   580115.901   580115.092   580415.902   581915.910   581917.613
  3900:   583867.623   583868.813   583962.133   583996.133   584032.133
  3905:   584069.133   584106.133   584143.133   584174.133   584210.133
  3910:   584248.133   584282.133   584318.133   584353.133   584389.133
  3915:   584424.133   584463.133   584502.133   584538.133   584572.133
  3920:   584608.133   584647.133   584683.133   584719.133   584756.133
  3925:   584789.133   584827.133   584862.133   584902.133   584936.133
  3930:   584973.133   585006.133   585043.133   585088.133   585121.133
  3935:   585154.133   585187.133   585220.133   585254.133   585290.133
  3940:   585325.133   585360.133   585394.133   585430.133   585465.133
  3945:   585502.133   585537.133   585577.133   585614.133   585669.133
  3950:   585703.133   585735.133   585772.133   585813.133   585846.133
  3955:   585884.133   585917.133   585956.133   585992.133   586010.133
  3960:   586050.133   586087.133   586126.133   586160.133   586195.133
  3965:   586227.133   586267.133   586304.133   586343.133   586375.133
  3970:   586412.133   586447.133   586465.133   586502.133   586533.133
  3975:   586570.133   586603.133   586643.133   586677.133   586714.133
  3980:   586766.133   586797.133   586834.133   586868.133   586912.133
  3985:   586944.133   586982.133   587024.133   587060.133   587096.133
  3990:   587141.133   587174.133   587213.133   587245.133   587283.133
  3995:   587315.133   587352.133   587387.133   587425.133   587473.133
  4000:   587506.133   587544.133   587575.133   587611.133   587648.133
  4005:   587689.133   587729.133   587760.133   587801.133   587875.133
  4010:   587910.133   587939.133   587975.133   588011.133   588051.133
  4015:   588156.133   588294.133   588498.133   588598.133   588668.823
  4020:   588668.920   590168.910   590170.613   592120.623   592121.813
  4025:   592634.133   592645.133   592679.133   592693.133   592743.133
  4030:   592752.133   592794.133   593083.133   593115.133   593145.133
  4035:   593182.133   593258.133   593294.133   593336.133   593369.133
  4040:   593412.133   593449.133   593482.133   593516.133   593553.133
  4045:   593590.133   593620.133   593652.133   593685.133   593720.133
  4050:   593750.133   593786.133   593819.133   593852.133   593886.133
  4055:   593920.133   593955.133   593991.133   594042.133   594077.133
  4060:   594106.133   594139.133   594173.133   594212.133   594262.133
  4065:   594295.133   594336.133   594369.133   594407.133   594442.133
  4070:   594480.133   594543.133   594574.133   594614.133   594647.133
  4075:   594725.133   594808.133   594856.133   594937.133   594970.133
  4080:   595005.133   595098.133   595130.133   595235.133   595325.133
  4085:   595422.133   595517.133   595554.133   595645.133   595867.133
  4090:   596627.133   596662.133   596769.133   596869.133   596921.823
  4095:   596921.920   598421.910   598423.615   602273.625   602274.715
  4100:   603377.125   603386.125   603430.125   603490.125   603705.125
  4105:   603796.125   603836.125   603866.125   603909.125   604037.125
  4110:   604078.125   604190.125   604227.125   604331.125   604360.125
  4115:   604393.125   604425.125   604462.125   604494.125   604531.125
  4120:   604565.125   604625.125   604659.125   604697.125   604716.125
  4125:   604805.125   604888.125   604925.125   604960.125   604992.125
  4130:   605030.125   605064.125   605108.125   605188.125   605270.125
  4135:   605304.125   605345.125   605537.125   605549.125   605596.125
  4140:   605651.125   605690.125   605732.125   605833.125   605925.125
  4145:   606036.125   606203.725   606203.920   606203.901   606203.095
  4150:   606503.902   608003.910   608005.615   611855.625   611856.715
  4155:   612448.125   612490.125   612567.125   612705.125   612790.125
  4160:   612866.125   612909.125   612941.125   612973.125   613011.125
  4165:   613043.125   613077.125   613108.125   613141.125   613176.125
  4170:   613208.125   613240.125   613282.125   613360.125   613391.125
  4175:   613430.125   613468.125   613501.125   613533.125   613568.125
  4180:   613607.125   613646.125   613677.125   613715.125   613747.125
  4185:   613784.125   613817.125   613852.125   613869.125   613909.125
  4190:   613945.125   613986.125   614029.125   614060.125   614100.125
  4195:   614136.125   614168.125   614206.125   614240.125   614279.125
  4200:   614319.125   614351.125   614386.125   614399.125   614437.125
  4205:   614476.125   614512.125   614546.125   614588.125   614627.125
  4210:   614660.125   614697.125   614715.125   614754.125   614797.125
  4215:   614836.125   614870.125   614909.125   614940.125   614975.125
  4220:   614994.125   615035.125   615072.125   615110.125   615165.125
  4225:   615199.125   615233.125   615273.125   615305.125   615340.125
  4230:   615369.125   615421.125   615460.125   615497.125   615531.125
  4235:   615571.125   615611.125   615641.125   615677.125   615711.725
  4240:   615711.920   615711.901   615711.095   616011.902   617511.910
  4245:   617513.615   621363.625   621364.715   621965.125   622007.125
  4250:   622165.125   622199.125   622820.125   622904.125   622951.125
  4255:   622994.125   623031.125   623069.125   623109.125   623139.125
  4260:   623179.125   623210.125   623298.125   623343.125   623381.125
  4265:   623412.125   623442.125   623473.125   623510.125   623550.125
  4270:   623584.125   623613.125   623645.125   623678.125   623702.125
  4275:   623746.125   623781.125   623811.125   623845.125   623877.125
  4280:   623913.125   623947.125   623980.125   624015.125   624036.125
  4285:   624073.125   624108.125   624141.125   624173.125   624207.125
  4290:   624240.125   624275.125   624309.125   624345.125   624388.125
  4295:   624420.125   624458.125   624488.125   624523.125   624555.125
  4300:   624590.125   624606.125   624641.125   624672.125   624709.125
  4305:   624748.125   624780.125   624816.125   624852.125   624883.125
  4310:   624922.125   624942.125   624976.125   625008.125   625044.125
  4315:   625074.125   625110.125   625140.125   625178.125   625195.125
  4320:   625236.725   625236.920   625236.901   625236.095   625536.902
  4325:   627036.910   627038.614   629788.624   629789.814   629965.134
  4330:   630320.134   630404.134   630733.134   630810.134   630843.134
  4335:   630874.134   630908.134   630942.134   630973.134   631045.134
  4340:   631149.134   631179.134   631214.134   631257.134   631292.134
  4345:   631322.134   631350.134   631387.134   631469.134   631543.134
  4350:   631578.134   631615.134   631645.134   631681.134   631713.134
  4355:   631743.134   631781.134   631813.134   631849.134   631880.134
  4360:   631913.134   631946.134   631981.134   632012.134   632049.134
  4365:   632085.134   632121.134   632157.134   632192.134   632225.134
  4370:   632262.134   632299.134   632338.134   632372.134   632408.134
  4375:   632447.134   632480.134   632518.134   632559.134   632591.134
  4380:   632631.134   632663.134   632697.134   632731.134   632769.134
  4385:   632786.134   632821.134   632856.134   632892.134   632928.134
  4390:   632963.134   632998.134   633032.134   633068.134   633097.134
  4395:   633155.134   633190.134   633227.134   633256.134   633291.134
  4400:   633325.134   633369.134   633404.134   633439.134   633488.134
  4405:   633521.134   633561.134   633597.134   633633.134   633665.134
  4410:   633700.134   633737.134   633775.134   633811.134   633850.134
  4415:   633887.134   633924.134   633959.134   633996.134   634030.134
  4420:   634066.134   634104.134   634140.134   634159.134   634197.134
  4425:   634232.134   634271.134   634315.134   634349.134   634384.134
  4430:   634417.134   634454.134   634487.134   634522.134   634557.134
  4435:   634589.134   634625.134   634655.134   634691.134   634742.134
  4440:   634775.134   634810.134   634845.134   634885.134   634900.134
  4445:   634939.134   634977.134   635014.134   635044.134   635081.134
  4450:   635118.134   635247.134   635279.134   635320.134   635589.824
  4455:   635589.920   637089.910   637091.614   639841.624   639842.814
  4460:   645642.824   645642.920   647142.910   647144.612   648544.622
  4465:   648545.712   650848.722   650848.920   650848.901   650848.092
  4470:   651148.902   652648.910   652650.612   654050.622   654051.812
  4475:   654129.132   654172.132   654208.132   654246.132   654284.132
  4480:   654325.132   654364.132   654407.132   654439.132   654471.132
  4485:   654503.132   654542.132   654573.132   654608.132   654645.132
  4490:   654682.132   654719.132   654749.132   654783.132   654817.132
  4495:   654854.132   654885.132   654921.132   655001.132   655036.132
  4500:   655067.132   655101.132   655134.132   655168.132   655203.132
  4505:   655234.132   655272.132   655308.132   655341.132   655380.132
  4510:   655411.132   655463.132   655495.132   655528.132   655568.132
  4515:   655600.132   655633.132   655672.132   655714.132   655755.132
  4520:   655793.132   655824.132   655854.132   655889.132   655919.132
  4525:   655954.132   655986.132   656003.132   656066.132   656106.132
  4530:   656143.132   656174.132   656211.132   656246.132   656277.132
  4535:   656313.132   656349.132   656387.132   656420.132   656453.132
  4540:   656490.132   656520.132   656556.132   656588.132   656624.132
  4545:   656654.132   656691.132   656721.132   656761.132   656788.132
  4550:   656845.132   656881.132   656914.132   656949.132   656981.132
  4555:   657018.132   657048.132   657085.132   657114.132   657155.132
  4560:   657190.132   657222.132   657258.132   657289.132   657329.132
  4565:   657362.132   657400.132   657433.132   657473.132   657509.132
  4570:   657642.132   657687.132   657971.132   658051.822   658051.920
  4575:   659551.910   659553.614   662303.624   662304.814   662738.134
  4580:   662958.134   662996.134   663115.134   663222.134   663256.134
  4585:   663293.134   663323.134   663359.134   663391.134   663433.134
  4590:   663468.134   663514.134   663592.134   663624.134   663657.134
  4595:   663698.134   663762.134   663799.134   663844.134   663882.134
  4600:   663915.134   663951.134   663981.134   664013.134   664045.134
  4605:   664079.134   664111.134   664150.134   664184.134   664220.134
  4610:   664251.134   664292.134   664322.134   664357.134   664400.134
  4615:   664432.134   664468.134   664499.134   664535.134   664569.134
  4620:   664603.134   664632.134   664665.134   664697.134   664732.134
  4625:   664767.134   664804.134   664837.134   664866.134   664899.134
  4630:   664930.134   664965.134   664999.134   665035.134   665071.134
  4635:   665106.134   665139.134   665175.134   665206.134   665241.134
  4640:   665277.134   665315.134   665345.134   665381.134   665432.134
  4645:   665467.134   665498.134   665532.134   665565.134   665602.134
  4650:   665632.134   665667.134   665698.134   665734.134   665765.134
  4655:   665801.134   665862.134   665892.134   665928.134   665959.134
  4660:   665997.134   666026.134   666107.134   666142.134   666208.134
  4665:   666239.134   666312.134   666412.134   666604.134   666654.134
  4670:   666834.134   668104.824   668104.920   669604.910   669606.615
  4675:   673456.625   673457.715   674651.125   674763.125   674774.125
  4680:   674864.125   674970.125   675039.125   675184.125   675218.125
  4685:   675295.125   675358.125   675389.125   675419.125   675452.125
  4690:   675483.125   675513.125   675549.125   675576.125   675607.125
  4695:   675637.125   675667.125   675696.125   675734.125   675764.125
  4700:   675798.125   675831.125   675864.125   675893.125   675923.125
  4705:   675954.125   675987.125   676019.125   676050.125   676082.125
  4710:   676112.125   676144.125   676177.125   676212.125   676245.125
  4715:   676274.125   676305.125   676337.125   676369.125   676403.125
  4720:   676431.125   676464.125   676494.125   676524.125   676555.125
  4725:   676586.125   676616.125   676648.125   676682.125   676716.125
  4730:   676785.125   676815.125   676846.125   676876.125   676910.125
  4735:   676923.125   676958.125   676990.125   677057.125   677093.125
  4740:   677125.125   677161.125   677221.125   677253.125   677282.125
  4745:   677316.725   677316.920   677316.901   677316.095   677616.902
  4750:   679116.910   679118.614   681868.624   681869.814   682443.134
  4755:   682480.134   682512.134   682548.134   682581.134   682763.134
  4760:   682793.134   682821.134   682852.134   682880.134   682914.134
  4765:   682947.134   682974.134   683006.134   683038.134   683075.134
  4770:   683108.134   683144.134   683170.134   683200.134   683231.134
  4775:   683261.134   683292.134   683325.134   683353.134   683388.134
  4780:   683420.134   683451.134   683483.134   683514.134   683550.134
  4785:   683579.134   683612.134   683641.134   683705.134   683734.134
  4790:   683764.134   683794.134   683856.134   683885.134   683947.134
  4795:   683979.134   684008.134   684041.134   684068.134   684104.134
  4800:   684135.134   684167.134   684195.134   684226.134   684257.134
  4805:   684292.134   684320.134   684352.134   684383.134   684416.134
  4810:   684430.134   684465.134   684495.134   684531.134   684591.134
  4815:   684624.134   684653.134   684717.134   684750.134   684772.134
  4820:   684810.134   684845.134   684875.134   684907.134   684940.134
  4825:   684974.134   685004.134   685038.134   685066.134   685099.134
  4830:   685146.134   685175.134   685194.134   685274.134   685307.134
  4835:   685333.134   685367.134   685395.134   685426.134   685458.134
  4840:   685492.134   685506.134   685542.134   685576.134   685624.134
  4845:   685697.134   685726.134   685761.134   685797.134   685835.134
  4850:   685871.134   685900.134   685931.134   685959.134   685990.134
  4855:   686021.134   686056.134   686084.134   686119.134   686199.134
  4860:   686230.134   686366.134   686396.134   686474.134   686508.134
  4865:   687669.824   687669.920   689169.910   689171.615   693021.625
  4870:   693022.715   694646.125   695046.125   695111.125   695217.125
  4875:   695389.125   695425.125   695455.125   695525.125   695556.125
  4880:   695657.125   695690.125   695721.125   695746.125   695778.125
  4885:   695836.125   695867.125   695903.125   695931.125   695963.125
  4890:   695993.125   696024.125   696052.125   696080.125   696213.125
  4895:   696246.125   696278.125   696307.125   696338.125   696369.125
  4900:   696398.125   696425.125   696487.125   696516.125   696551.125
  4905:   696609.125   696637.125   696669.125   696701.125   696730.125
  4910:   696760.125   696792.125   696822.125   696854.125   696891.725
  4915:   696891.920   696891.901   696891.095   697191.902   698691.910
  4920:   698693.612   700093.622   700094.712   700225.122   700292.122
  4925:   700333.122   700368.122   700400.122   700430.122   700459.122
  4930:   700495.122   700527.122   700561.122   700590.122   700623.122
  4935:   700654.122   700684.122   700718.122   700747.122   700779.122
  4940:   700809.122   700840.122   700869.122   700900.122   700929.122
  4945:   700962.122   700992.122   701058.122   701086.122   701146.122
  4950:   701178.122   701216.122   701249.122   701278.122   701306.122
  4955:   701338.122   701369.122   701401.122   701429.122   701488.122
  4960:   701524.722   701524.920   701524.901   701524.092   701824.902
  4965:   703324.910   703326.611   704326.621   704327.711   704492.121
  4970:   704532.121   704567.121   704598.121   704631.121   704658.121
  4975:   704690.121   704724.121   704756.121   704792.121   704825.121
  4980:   704857.121   704890.121   704927.121   704959.121   704993.121
  4985:   705027.121   705059.121   705105.121   705135.121   705167.121
  4990:   705205.121   705241.121   705278.121   705311.121   705345.721
  4995:   705345.920   705345.901   705345.091   705645.902   707145.910
  5000:   707147.615   710997.625   710998.715   711477.125   711742.125
  5005:   711775.125   711811.125   711841.125   711875.125   711910.125
  5010:   711939.125   711968.125   711998.125   712028.125   712061.125
  5015:   712091.125   712122.125   712151.125   712182.125   712214.125
  5020:   712245.125   712276.125   712306.125   712337.125   712369.125
  5025:   712399.125   712430.125   712483.125   712513.125   712573.125
  5030:   712605.125   712637.125   712670.125   712699.125   712729.125
  5035:   712761.125   712792.125   712821.125   712853.125   712888.125
  5040:   712923.125   712953.125   712986.125   713048.125   713080.125
  5045:   713111.125   713142.125   713174.125   713203.125   713237.125
  5050:   713269.125   713336.125   713367.125   713396.125   713430.125
  5055:   713462.125   713495.125   713526.125   713558.125   713588.125
  5060:   713638.125   713670.125   713701.125   713732.125   713796.125
  5065:   713832.125   713845.125   713879.125   713914.125   713949.125
  5070:   713980.125   714016.125   714043.125   714076.125   714106.125
  5075:   714171.125   714201.125   714233.125   714271.125   714305.125
  5080:   714337.125   714371.125   714402.125   714436.125   714465.125
  5085:   714498.125   714532.125   714571.125   714608.125   714644.125
  5090:   714679.125   714717.125   714819.125   714845.125   714947.725
  5095:   714947.920   714947.901   714947.095   715247.902   716747.910
  5100:   716749.614   719499.624   719500.814   720475.134   720682.134
  5105:   720811.134   720888.134   720913.134   720941.134   720972.134
  5110:   721011.134   721050.134   721079.134   721110.134   721139.134
  5115:   721212.134   721279.134   721307.134   721338.134   721363.134
  5120:   721393.134   721419.134   721517.134   721550.134   721580.134
  5125:   721606.134   721636.134   721667.134   721695.134   721723.134
  5130:   721749.134   721780.134   721809.134   721839.134   721869.134
  5135:   721900.134   721926.134   721955.134   721983.134   722047.134
  5140:   722078.134   722106.134   722136.134   722166.134   722197.134
  5145:   722225.134   722257.134   722288.134   722321.134   722354.134
  5150:   722413.134   722444.134   722508.134   722543.134   722576.134
  5155:   722608.134   722670.134   722704.134   722734.134   722768.134
  5160:   722795.134   722828.134   722857.134   722892.134   722920.134
  5165:   722956.134   722987.134   723020.134   723050.134   723080.134
  5170:   723112.134   723146.134   723175.134   723211.134   723237.134
  5175:   723268.134   723304.134   723337.134   723410.134   723472.134
  5180:   723507.134   723538.134   723611.134   723644.134   723673.134
  5185:   723701.134   723736.134   723796.134   723833.134   723932.134
  5190:   723960.134   723999.134   724037.134   724072.134   724102.134
  5195:   724137.134   724185.134   724255.134   724330.134   724366.134
  5200:   724409.134   724441.134   724482.134   724549.134   724580.134
  5205:   724610.134   724709.134   724792.134   724859.134   724927.134
  5210:   724960.134   725054.134   725173.134   725300.824   725300.920
  5215:   726800.910   726802.615   730652.625   730653.815   732158.135
  5220:   732592.135   732817.135   732829.135   733010.135   733039.135
  5225:   733078.135   733138.135   733174.135   733275.135   733309.135
  5230:   733341.135   733379.135   733417.135   733449.135   733480.135
  5235:   733509.135   733541.135   733570.135   733633.135   733669.135
  5240:   733701.135   733738.135   733767.135   733825.135   733859.135
  5245:   733894.135   733926.135   733991.135   734021.135   734079.135
  5250:   734112.135   734145.135   734178.135   734207.135   734236.135
  5255:   734266.135   734299.135   734333.135   734391.135   734420.135
  5260:   734451.135   734479.135   734510.135   734537.135   734570.135
  5265:   734602.135   734632.135   734664.135   734701.135   734732.135
  5270:   734792.135   734826.135   734856.135   734887.135   734918.135
  5275:   734952.135   735044.135   735078.135   735108.135   735141.135
  5280:   735169.135   735231.135   735269.135   735302.135   735333.135
  5285:   735368.135   735398.135   735430.135   735463.135   735496.135
  5290:   735525.135   735560.135   735590.135   735625.135   735663.135
  5295:   735696.135   735735.135   735773.135   735848.135   735883.135
  5300:   735950.135   735984.135   736069.135   736754.135   736790.135
  5305:   738353.825   738353.920   739853.910   739855.615   743705.625
  5310:   743706.815   744513.135   744842.135   745747.135   745764.135
  5315:   745801.135   745812.135   746183.135   746259.135   746360.135
  5320:   746393.135   746427.135   746517.135   746555.135   746588.135
  5325:   746620.135   746653.135   746683.135   746722.135   746755.135
  5330:   746787.135   746816.135   746848.135   746879.135   746913.135
  5335:   746948.135   747016.135   747046.135   747078.135   747109.135
  5340:   747144.135   747173.135   747201.135   747218.135   747256.135
  5345:   747291.135   747323.135   747353.135   747387.135   747419.135
  5350:   747448.135   747483.135   747512.135   747542.135   747573.135
  5355:   747603.135   747621.135   747659.135   747688.135   747722.135
  5360:   747761.135   747790.135   747824.135   747885.135   747915.135
  5365:   747979.135   748042.135   748079.135   748112.135   748143.135
  5370:   748174.135   748205.135   748268.135   748298.135   748329.135
  5375:   748356.135   748388.135   748449.135   748477.135   748543.135
  5380:   748574.135   748599.135   748629.135   748663.135   748696.135
  5385:   748733.135   748799.135   748830.135   748867.135   748982.135
  5390:   749014.135   749210.135   751218.135   751253.135   751406.825
  5395:   751406.920   752906.910   752908.611   753908.621   753909.711
  5400:   754484.121   754517.121   754641.121   754673.121   754711.121
  5405:   754745.121   754778.121   754812.121   754876.121   754912.721
  5410:   754912.920   754912.901   754912.091   755212.902   756712.910
  5415:   756714.615   760564.625   760565.815   762796.135   763115.135
  5420:   763412.135   763443.135   763607.135   763688.135   763728.135
  5425:   763759.135   763792.135   763824.135   763860.135   763908.135
  5430:   763942.135   763977.135   764010.135   764045.135   764083.135
  5435:   764115.135   764143.135   764203.135   764245.135   764279.135
  5440:   764309.135   764341.135   764373.135   764400.135   764433.135
  5445:   764483.135   764522.135   764551.135   764601.135   764635.135
  5450:   764669.135   764697.135   764726.135   764757.135   764786.135
  5455:   764845.135   764873.135   764905.135   764934.135   764966.135
  5460:   765027.135   765058.135   765088.135   765104.135   765139.135
  5465:   765210.135   765241.135   765269.135   765301.135   765331.135
  5470:   765362.135   765393.135   765443.135   765479.135   765506.135
  5475:   765537.135   765565.135   765598.135   765631.135   765696.135
  5480:   765728.135   765759.135   765791.135   765823.135   765880.135
  5485:   765911.135   765942.135   765968.135   766001.135   766033.135
  5490:   766070.135   766099.135   766130.135   766163.135   766200.135
  5495:   766229.135   766263.135   766300.135   766334.135   766409.135
  5500:   766440.135   766831.135   766861.135   768265.825   768265.920
  5505:   769765.910   769767.615   773617.625   773618.815   775399.135
  5510:   775691.135   775726.135   775837.135   775872.135   775902.135
  5515:   775971.135   776066.135   776130.135   776162.135   776189.135
  5520:   776218.135   776248.135   776284.135   776318.135   776347.135
  5525:   776376.135   776439.135   776504.135   776537.135   776568.135
  5530:   776601.135   776635.135   776672.135   776703.135   776727.135
  5535:   776786.135   776818.135   776850.135   776881.135   776907.135
  5540:   776936.135   776978.135   777039.135   777069.135   777096.135
  5545:   777123.135   777150.135   777176.135   777202.135   777233.135
  5550:   777266.135   777293.135   777349.135   777378.135   777436.135
  5555:   777464.135   777498.135   777529.135   777661.135   777680.135
  5560:   777711.135   777739.135   777792.135   777824.135   777852.135
  5565:   777884.135   777943.135   778048.135   778078.135   778102.135
  5570:   778210.135   778686.135   779067.135   779359.135   779652.135
  5575:   779960.135   779997.135   780319.135   780350.135   780751.135
  5580:   780954.135   781261.135   781292.135   781318.825   781318.920
  5585:   782818.910   782820.615   786670.625   786671.715   788529.125
  5590:   788867.125   788901.125   789246.125   789274.125   789590.125
  5595:   789762.125   789836.125   789868.125   789926.125   789988.125
  5600:   790087.125   790115.125   790146.125   790223.125   790253.125
  5605:   790324.125   790397.125   790428.125   790491.125   790520.125
  5610:   790580.725   790580.920   790580.901   790580.095   790880.902
  5615:   792380.910   792382.611   793382.621   793383.711   793526.121
  5620:   793558.121   793589.121   793614.121   793641.121   793672.121
  5625:   793698.121   793728.121   793847.121   793876.121   793937.121
  5630:   793967.121   793997.121   794026.121   794054.121   794087.121
  5635:   794115.121   794148.121   794182.121   794208.121   794239.121
  5640:   794275.121   794302.121   794331.121   794391.721   794391.920
  5645:   794391.901   794391.091   794691.902   796191.910   796193.613
  5650:   798143.623   798144.713   798271.123   798304.123   798334.123
  5655:   798364.123   798394.123   798428.123   798481.123   798514.123
  5660:   798546.123   798577.123   798667.123   798694.123   798720.123
  5665:   798783.123   798799.123   798834.123   798859.123   798917.123
  5670:   798973.123   799005.123   799031.123   799065.123   799091.123
  5675:   799119.123   799179.123   799210.123   799226.123   799257.123
  5680:   799317.123   799345.123   799373.123   799407.123   799433.123
  5685:   799489.123   799519.123   799576.123   799608.123   799637.123
  5690:   799664.123   799716.123   799744.123   799805.123   799863.123
  5695:   799879.123   799913.123   799943.123   799990.123   800016.123
  5700:   800043.123   800089.123   800117.723   800117.920   800117.901
  5705:   800117.093   800417.902   801917.910   801919.615   805769.625
  5710:   805770.715   805944.125   805977.125   806012.125   806150.125
  5715:   806224.125   806252.125   806284.125   806319.125   806387.125
  5720:   806424.125   806460.125   806491.125   806600.125   806638.125
  5725:   806665.125   806727.125   806752.125   806783.125   806810.125
  5730:   806914.125   806944.125   806980.125   807013.125   807040.125
  5735:   807066.125   807097.125   807126.125   807154.125   807184.125
  5740:   807215.125   807245.125   807274.125   807330.125   807359.125
  5745:   807391.125   807453.125   807467.125   807496.125   807562.125
  5750:   807586.125   807615.125   807649.125   807680.125   807724.125
  5755:   807758.125   807789.125   807824.125   807860.125   807886.125
  5760:   807943.125   807976.125   808030.125   808046.125   808078.125
  5765:   808110.125   808139.125   808194.125   808244.125   808275.125
  5770:   808300.125   808333.125   808349.125   808380.125   808413.125
  5775:   808445.125   808468.125   808497.125   808521.125   808553.125
  5780:   808582.125   808638.125   808667.125   808730.125   808764.125
  5785:   808805.125   808889.125   808945.125   808975.125   809004.125
  5790:   809031.125   809063.125   809092.125   809151.125   809177.125
  5795:   809203.125   809234.125   809266.125   809337.125   809368.125
  5800:   809403.125   809481.125   809509.125   809536.125   809566.125
  5805:   809631.725   809631.920   809631.901   809631.095   809931.902
  5810:   811431.910   811433.613   813383.623   813384.713   814664.123
  5815:   814690.123   814721.123   814756.123   814785.123   814818.123
  5820:   814852.123   814882.123   814913.123   814946.123   814977.123
  5825:   815007.123   815041.123   815141.123   815236.123   815264.123
  5830:   815319.123   815351.723   815351.920   815351.901   815351.093
  5835:   815651.902   817151.910   817153.615   821003.625   821004.715
  5840:   822967.125   823115.125   823153.125   823304.125   823488.125
  5845:   823527.125   823572.125   823647.125   823681.125   823755.125
  5850:   823825.125   823934.125   823968.125   823997.125   824030.125
  5855:   824066.125   824099.125   824134.125   824170.125   824206.125
  5860:   824243.125   824277.125   824311.125   824381.125   824413.125
  5865:   824450.125   824480.125   824519.125   824553.125   824587.125
  5870:   824616.125   824645.125   824678.125   824710.125   824749.125
  5875:   824782.125   824838.125   824872.725   824872.920   824872.901
  5880:   824872.095   825172.902   825172.902   825172.005   825172.006
  5885:   825172.007   825172.020
D:
     0:        0.000        0.000        0.000        0.000        0.000
     5:        0.000        0.000        0.000        0.000        0.000
    10:        0.000        0.000        0.000        0.000        0.000
    15:        0.000        0.000        0.000        0.000        0.000
    20:        0.000        0.000        0.000        0.000        0.000
    25:        0.000        1.000        0.000        0.000        0.000
    30:        0.000        0.000        0.000        0.000        0.000
    35:        0.000
F:
     0:       10.000       10.000       10.000       10.000       10.000
     5:       10.000       10.000       10.000       10.000       14.000
    10:       14.000       14.000       14.000       14.000       14.000
    15:       14.000       14.000       14.000       14.000       14.000
    20:       14.000       19.500       19.500       19.500       19.500
    25:       19.500       19.500       19.500       19.500       19.500
    30:       19.500       19.500       19.500       19.500       19.500
    35:       19.500       27.500       27.500       27.500       27.500
    40:       27.500       27.500       27.500       27.500       27.500
    45:       27.500       27.500       27.500       27.500       27.500
    50:       27.500       27.500       27.500       27.500       38.500
    55:       38.500       38.500       38.500       38.500       38.500
    60:       38.500       38.500       38.500       38.500       38.500
    65:       38.500       38.500       38.500       38.500       38.500
    70:       38.500       38.500       38.500       38.500       38.500
    75:       20.000       20.000       20.000       28.000       28.000
    80:       28.000       28.000       39.000       39.000       39.000
    85:       39.000       39.000       55.000       55.000       55.000
    90:       55.000       55.000       55.000       77.000       77.000
    95:       77.000       77.000       77.000       77.000       77.000
I:
     0:       75.000        0.000        0.000
M:
     0:        9.000       12.000       15.000       18.000       21.000
     5:        3.000        4.000        5.000        6.000        7.000
    10:      100.000
N:
     0:       12.000       16.000       20.000       24.000       28.000
     5:        0.000
Q:
     0:        9.000       12.000       15.000       18.000       21.000
     5:        0.000
V:
     0:        0.000        0.000        0.000        0.000        0.000
     5:      163.000      323.000      627.000      857.000     1319.000
    10:      245.000      274.000      380.000      481.000      461.000
    15:        0.000
