File: C:\MED-PC IV\DATA\M_PEAK_LP8P105


Start Date: 09/26/17
End Date: 09/26/17
Subject: P105
Experiment: IF-PICO
Group: 0
Box: 6
Start Time: 10:09:44
End Time: 12:14:25
MSN: Multiple_PeakLP2
B:       0.000
C:       0.000
E:    5014.000
G:      27.500
H:    2750.000
J:       0.000
K:       0.000
L:       0.000
O:       0.000
P:       0.000
R:       0.000
S:       0.000
T:  748041.000
U:       0.000
W:       0.000
X:       0.000
Y:       0.000
Z:       0.000
A:
     0:        0.010      500.910      502.613     2452.623     2453.713
     5:     2743.123     2786.123     2828.123     2917.123     2959.123
    10:     2993.123     3030.123     3070.123     3115.123     3134.123
    15:     3177.123     3218.123     3259.123     3275.123     3320.123
    20:     3380.123     3419.123     3516.123     3631.123     3676.123
    25:     3697.123     3745.123     3760.123     3871.123     3920.123
    30:     3958.123     4054.123     4116.123     4165.123     4196.123
    35:     4214.123     4286.123     4319.123     4330.123     4402.123
    40:     4414.723     4414.920     4414.901     4414.093     4714.902
    45:     6214.910     6216.615    10066.625    10067.715    10156.125
    50:    10188.125    10224.125    10263.125    10298.125    10342.125
    55:    10381.125    10415.125    10451.125    10565.125    10600.125
    60:    10633.125    10674.125    10707.125    10742.125    10772.125
    65:    10844.125    10897.125    10940.125    11010.125    11048.125
    70:    11064.125    11102.125    11143.125    11188.125    11233.125
    75:    11248.125    11393.125    11427.125    11475.125    11513.125
    80:    11554.125    11570.125    11604.125    11640.125    11731.125
    85:    11782.125    11908.125    11939.125    11981.125    11995.125
    90:    12039.125    12050.125    12090.125    12214.125    12259.125
    95:    12271.125    12307.125    12342.125    12382.125    12394.125
   100:    12433.125    12489.125    12506.125    12767.125    12815.125
   105:    12855.125    12870.125    12903.125    12942.125    12984.125
   110:    13019.125    13037.125    13078.125    13143.125    13216.125
   115:    13441.125    13450.125    13491.125    13504.125    13608.125
   120:    13663.125    13752.125    13786.125    13804.125    13836.125
   125:    13881.125    13966.725    13966.920    13966.901    13966.095
   130:    14266.902    15766.910    15768.611    16768.621    16769.711
   135:    16854.121    16892.121    16936.121    17020.121    17063.121
   140:    17152.121    17189.121    17270.121    17334.121    17387.121
   145:    17424.121    17463.121    17499.121    17509.121    17545.121
   150:    17562.121    17594.121    17630.121    17648.121    17683.121
   155:    17704.121    17805.721    17805.920    17805.901    17805.091
   160:    18105.902    19605.910    19607.613    21557.623    21558.713
   165:    21643.123    21677.123    21740.123    21782.123    21788.123
   170:    21861.123    21894.123    21931.123    21968.123    22002.123
   175:    22042.123    22113.123    22194.123    22236.123    22280.123
   180:    22432.123    22476.123    22527.123    22549.123    22620.123
   185:    22763.123    22775.123    22866.123    22874.123    22916.123
   190:    22934.123    23029.123    23039.123    23076.123    23091.123
   195:    23128.123    23287.123    23469.123    23506.123    23553.723
   200:    23553.920    23553.901    23553.093    23853.902    25353.910
   205:    25355.615    29205.625    29206.715    29396.125    29433.125
   210:    29505.125    29538.125    29575.125    29606.125    29654.125
   215:    29801.125    29839.125    29873.125    30028.125    30115.125
   220:    30296.125    30365.125    30413.125    30441.125    30480.125
   225:    30492.125    30524.125    30598.125    30610.125    30638.125
   230:    30680.125    30716.125    30758.125    30769.125    30803.125
   235:    30865.125    30880.125    30931.125    30984.125    31031.125
   240:    31045.125    31078.125    31092.125    31127.125    31143.125
   245:    31175.125    31193.125    31229.125    31410.125    31424.125
   250:    31443.125    31521.125    31660.125    31700.125    31736.125
   255:    31750.125    31785.125    31800.125    31923.125    31936.125
   260:    32001.125    32017.125    32106.125    32168.125    32193.125
   265:    32231.125    32312.125    32437.125    32504.125    32520.125
   270:    32580.125    32678.125    32782.125    32852.125    32982.125
   275:    32996.125    33073.725    33073.920    33073.901    33073.095
   280:    33373.902    34873.910    34875.615    38725.625    38726.715
   285:    38867.125    38942.125    39086.125    39116.125    39149.125
   290:    39347.125    39383.125    39425.125    39464.125    39499.125
   295:    39586.125    39600.125    39632.125    39654.125    39693.125
   300:    39860.125    39901.125    39936.125    39974.125    40007.125
   305:    40021.125    40054.125    40069.125    40096.125    40112.125
   310:    40146.125    40167.125    40199.125    40214.125    40245.125
   315:    40282.125    40297.125    40412.125    40427.125    40500.125
   320:    40511.125    40554.125    40594.125    40598.125    40698.125
   325:    40775.125    40787.125    40822.125    40835.125    40868.125
   330:    40882.125    40922.125    40940.125    40954.125    41077.125
   335:    41090.125    41127.125    41140.125    41510.125    41522.125
   340:    41565.125    41613.125    41626.125    41656.125    41699.125
   345:    41855.125    41866.125    41940.125    42027.125    42077.125
   350:    42092.125    42131.125    42220.125    42233.125    42253.125
   355:    42359.125    42370.125    42388.125    42482.125    42574.125
   360:    42653.725    42653.920    42653.901    42653.095    42953.902
   365:    44453.910    44455.615    48305.625    48306.715    48419.125
   370:    48499.125    48545.125    48629.125    48674.125    48764.125
   375:    48804.125    48894.125    48927.125    48965.125    49001.125
   380:    49033.125    49049.125    49116.125    49127.125    49157.125
   385:    49173.125    49237.125    49318.125    49349.125    49391.125
   390:    49464.125    49502.125    49508.125    49595.125    49607.125
   395:    49627.125    49641.125    49677.125    49689.125    49766.125
   400:    49833.125    49863.125    49907.125    49923.125    49958.125
   405:    49969.125    49996.125    50050.125    50169.125    50203.125
   410:    50274.125    50290.125    50447.125    50483.125    50495.125
   415:    50547.125    50769.125    50783.125    50825.125    50875.125
   420:    50897.125    50976.125    50986.125    51112.125    51148.125
   425:    51160.125    51197.125    51211.125    51226.125    51241.125
   430:    51279.125    51317.125    51344.125    51407.125    51462.125
   435:    51476.125    51512.125    51530.125    51573.125    51579.125
   440:    51732.125    51785.125    51927.125    51966.125    51998.125
   445:    52017.125    52184.725    52184.920    52184.901    52184.095
   450:    52484.902    53984.910    53986.611    54986.621    54987.811
   455:    55103.131    55179.131    55216.131    55267.131    55306.131
   460:    55435.131    55556.131    55594.131    55600.131    55681.131
   465:    55718.131    55751.131    55787.131    55808.131    55861.131
   470:    55883.131    55921.131    56012.131    56064.131    56077.131
   475:    56216.131    56236.131    56468.131    56583.131    56791.131
   480:    56804.131    56822.131    56879.131    56938.131    57126.131
   485:    57158.131    57223.131    57237.131    57251.131    57288.131
   490:    57346.131    57363.131    57411.131    57416.131    57528.131
   495:    57541.131    57584.131    57600.131    57640.131    57792.131
   500:    57845.131    57864.131    57901.131    57959.131    57977.131
   505:    58116.131    58128.131    58221.131    58384.131    58487.821
   510:    58487.920    59987.910    59989.615    63839.625    63840.715
   515:    64495.125    64537.125    64579.125    64714.125    64748.125
   520:    65071.125    65113.125    65198.125    65236.125    65273.125
   525:    65311.125    65352.125    65376.125    65415.125    65598.125
   530:    65634.125    65676.125    65714.125    65757.125    65778.125
   535:    65924.125    65942.125    66018.125    66033.125    66068.125
   540:    66079.125    66116.125    66158.125    66173.125    66229.125
   545:    66424.125    66440.125    66478.125    66542.125    66616.125
   550:    66758.125    66772.125    66814.125    66872.125    66927.125
   555:    66968.125    66986.125    67003.125    67041.125    67059.125
   560:    67098.125    67117.125    67164.125    67182.125    67389.125
   565:    67472.125    67481.125    67567.125    67580.125    67655.125
   570:    67717.725    67717.920    67717.901    67717.095    68017.902
   575:    69517.910    69519.615    73369.625    73370.715    73525.125
   580:    73564.125    73611.125    73659.125    73919.125    73953.125
   585:    73989.125    74045.125    74212.125    74251.125    74264.125
   590:    74318.125    74352.125    74401.125    74418.125    74464.125
   595:    74500.125    74532.125    74567.125    74619.125    74712.125
   600:    74725.125    74763.125    74828.125    74844.125    74939.125
   605:    74995.125    75025.125    75043.125    75081.125    75120.125
   610:    75132.125    75168.125    75186.125    75244.125    75314.125
   615:    75326.125    75459.125    75475.125    75512.125    75528.125
   620:    75618.125    75632.125    75672.125    75818.125    75831.125
   625:    75869.125    75882.125    75920.125    75931.125    75946.125
   630:    75986.125    76024.125    76069.125    76225.125    76274.125
   635:    76312.125    76326.125    76377.125    76425.125    76694.125
   640:    76809.125    76868.125    76881.125    76972.125    77023.125
   645:    77128.125    77144.125    77304.725    77304.920    77304.901
   650:    77304.095    77604.902    79104.910    79106.611    80106.621
   655:    80107.711    80341.121    80380.121    80420.121    80465.121
   660:    80521.121    80569.121    80621.121    80671.121    80728.121
   665:    80820.121    80875.121    80924.121    80961.121    81009.121
   670:    81071.121    81077.121    81171.721    81171.920    81171.901
   675:    81171.091    81471.902    82971.910    82973.611    83973.621
   680:    83974.811    84163.131    84201.131    84237.131    84278.131
   685:    84323.131    84409.131    84447.131    84483.131    84512.131
   690:    84601.131    84615.131    84654.131    84689.131    84726.131
   695:    84838.131    84852.131    84947.131    85040.131    85087.131
   700:    85123.131    85173.131    85304.131    85352.131    85391.131
   705:    85405.131    85424.131    85460.131    85475.131    85493.131
   710:    85507.131    85602.131    85616.131    85769.131    85787.131
   715:    85801.131    85836.131    85870.131    85887.131    85939.131
   720:    85988.131    86003.131    86194.131    86245.131    86382.131
   725:    86490.131    86509.131    86601.131    86795.131    87006.131
   730:    87045.131    87144.131    87160.131    87249.131    87264.131
   735:    87436.131    87474.821    87474.920    87490.411    87500.411
   740:    87516.411    88974.910    88976.613    90926.623    90927.713
   745:    91100.123    91104.123    91161.123    91202.123    91361.123
   750:    91412.123    91419.123    91505.123    91561.123    91579.123
   755:    91606.123    91645.123    91684.123    91697.123    91771.123
   760:    91820.123    91913.123    91956.123    92034.123    92068.123
   765:    92115.123    92253.123    92408.123    92437.123    92453.123
   770:    92589.123    92602.123    92645.123    92663.123    92699.123
   775:    92812.123    92826.123    92863.123    92939.723    92939.920
   780:    92939.901    92939.093    93239.902    94739.910    94741.611
   785:    95741.621    95742.811    95876.131    95915.131    95955.131
   790:    96002.131    96044.131    96095.131    96101.131    96194.131
   795:    96227.131    96266.131    96312.131    96320.131    96403.131
   800:    96435.131    96473.131    96506.131    96549.131    96604.131
   805:    96642.131    96721.131    96734.131    96858.131    96911.131
   810:    97143.131    97159.131    97276.131    97292.131    97309.131
   815:    97344.131    97380.131    97582.131    97659.131    97728.131
   820:    97759.131    97928.131    97958.131    98014.131    98182.131
   825:    98199.131    98234.131    98277.131    98315.131    98330.131
   830:    98368.131    98435.131    98478.131    98495.131    98516.131
   835:    98658.131    98856.131    98910.131    98925.131    99002.131
   840:    99016.131    99132.131    99178.131    99242.821    99242.920
   845:    99256.411    99281.411   100742.910   100744.612   102144.622
   850:   102145.812   102348.132   102390.132   102432.132   102475.132
   855:   102570.132   102666.132   102845.132   102875.132   102962.132
   860:   102997.132   103040.132   103077.132   103123.132   103167.132
   865:   103205.132   103250.132   103331.132   103348.132   103418.132
   870:   103429.132   103446.132   103462.132   103500.132   103511.132
   875:   103651.132   103668.132   103705.132   103720.132   103761.132
   880:   103920.132   103944.132   103987.132   104003.132   104111.132
   885:   104126.132   104186.132   104257.132   104424.132   104599.132
   890:   104760.132   104777.132   105035.132   105079.132   105091.132
   895:   105178.132   105215.132   105252.132   105265.132   105305.132
   900:   105338.132   105380.132   105415.132   105453.132   105493.132
   905:   105540.132   105583.132   105622.132   105661.132   105764.132
   910:   105803.132   105841.132   106145.822   106145.920   107645.910
   915:   107647.613   109597.623   109598.713   109848.123   109890.123
   920:   109930.123   109971.123   110014.123   110107.123   110238.123
   925:   110278.123   110313.123   110354.123   110451.123   110490.123
   930:   110526.123   110567.123   110604.123   110619.123   110660.123
   935:   110674.123   110752.123   110767.123   110833.123   110847.123
   940:   111062.123   111074.123   111158.123   111169.123   111215.123
   945:   111259.123   111294.123   111308.123   111525.123   111557.723
   950:   111557.920   111557.901   111557.093   111857.902   113357.910
   955:   113359.615   117209.625   117210.715   118108.125   118145.125
   960:   118181.125   118707.125   118743.125   118779.125   118816.125
   965:   119387.125   119464.125   119597.125   119629.125   119665.125
   970:   119703.125   119746.125   119776.125   119960.125   119973.125
   975:   120008.125   120046.125   120118.125   120156.125   120197.125
   980:   120236.125   120277.125   120322.125   120360.125   120399.125
   985:   120443.125   120582.125   120617.125   120634.125   120703.125
   990:   120743.125   120790.125   121092.725   121092.920   121092.901
   995:   121092.095   121392.902   122892.910   122894.615   126744.625
  1000:   126745.715   126968.125   127008.125   127046.125   127093.125
  1005:   127251.125   127280.125   127401.125   127435.125   127469.125
  1010:   128075.125   128116.125   128161.125   128305.125   128422.125
  1015:   128451.125   128488.125   128525.125   128556.125   128645.125
  1020:   128678.125   128887.125   128942.125   128979.125   129020.125
  1025:   129057.125   129092.125   129106.125   129135.125   129175.125
  1030:   129194.125   129226.125   129394.125   129431.125   129446.125
  1035:   129534.125   129549.125   129585.125   129599.125   129635.125
  1040:   129677.125   129691.125   129732.125   129861.125   129873.125
  1045:   129964.125   130042.125   130146.125   130162.125   130245.125
  1050:   130262.125   130278.125   130365.125   130469.125   130486.125
  1055:   130519.125   130534.125   130612.725   130612.920   130612.901
  1060:   130612.095   130912.902   132412.910   132414.612   133814.622
  1065:   133815.712   134000.122   134053.122   134104.122   134183.122
  1070:   134220.122   134269.122   134434.122   134462.122   134518.122
  1075:   134654.122   134685.122   134721.122   134765.122   134879.122
  1080:   134941.122   134966.122   135072.122   135086.122   135355.722
  1085:   135355.920   135355.901   135355.092   135655.902   137155.910
  1090:   137157.614   139907.624   139908.714   140102.124   140354.124
  1095:   140389.124   140428.124   140560.124   140606.124   140645.124
  1100:   140671.124   140719.124   140726.124   141014.124   141063.124
  1105:   141075.124   141109.124   141141.124   141179.124   141223.124
  1110:   141259.124   141272.124   141304.124   141338.124   141370.124
  1115:   141470.124   141592.124   141684.124   141696.124   141753.124
  1120:   141799.124   141895.124   141909.124   141990.124   142006.124
  1125:   142145.124   142204.124   142290.124   142302.124   142349.124
  1130:   142459.124   142573.124   142585.124   142603.124   142736.724
  1135:   142736.920   142736.901   142736.094   143036.902   144536.910
  1140:   144538.614   147288.624   147289.714   147458.124   148027.124
  1145:   148072.124   148103.124   148527.124   148568.124   148819.124
  1150:   148847.124   148884.124   149169.124   149197.124   149229.124
  1155:   149259.124   149647.124   149690.124   149784.124   149826.124
  1160:   149986.124   149999.124   150041.724   150041.920   150041.901
  1165:   150041.094   150341.902   151841.910   151843.614   154593.624
  1170:   154594.714   154908.124   154940.124   154971.124   155227.124
  1175:   155257.124   155295.124   155331.124   155376.124   155392.124
  1180:   155429.124   155626.124   155664.124   155678.124   155713.124
  1185:   155746.124   155792.124   155999.124   156058.124   156088.124
  1190:   156124.124   156165.124   156216.124   156408.124   156464.124
  1195:   156511.124   156543.124   156578.124   156613.124   156634.124
  1200:   156666.124   156680.124   156716.124   156729.124   156767.124
  1205:   156780.124   156819.124   156834.124   156976.124   157120.124
  1210:   157161.124   157230.124   157247.124   157359.724   157359.920
  1215:   157359.901   157359.094   157659.902   159159.910   159161.615
  1220:   163011.625   163012.715   163375.125   163414.125   163765.125
  1225:   164098.125   164131.125   164160.125   164187.125   164216.125
  1230:   164249.125   164314.125   164326.125   164358.125   164395.125
  1235:   164670.125   164707.125   164741.125   164773.125   164860.125
  1240:   165058.125   165303.125   165401.125   165430.125   165480.125
  1245:   165517.125   165531.125   165561.125   165605.125   165641.125
  1250:   165661.125   165733.125   166056.125   166069.125   166242.125
  1255:   166296.125   166341.125   166354.125   166435.125   166490.125
  1260:   166504.125   166544.125   166592.125   166642.125   166655.125
  1265:   166686.125   166703.125   166738.125   166751.125   166790.125
  1270:   166808.125   166889.725   166889.920   166889.901   166889.095
  1275:   167189.902   168689.910   168691.615   172541.625   172542.715
  1280:   172916.125   172958.125   172996.125   173156.125   173187.125
  1285:   173228.125   173419.125   173456.125   173492.125   173538.125
  1290:   173579.125   173619.125   173659.125   173696.125   173730.125
  1295:   173772.125   173815.125   174023.125   174119.125   174160.125
  1300:   174204.125   174219.125   174308.125   174346.125   174360.125
  1305:   174376.125   174392.125   174432.125   174522.125   174631.125
  1310:   174644.125   174827.125   174967.125   174978.125   174995.125
  1315:   175111.125   175127.125   175226.125   175276.125   175290.125
  1320:   175332.125   175445.125   175458.125   175540.125   175619.125
  1325:   175634.125   175750.125   175765.125   175974.125   175994.125
  1330:   176032.125   176087.125   176103.125   176238.125   176252.125
  1335:   176288.125   176328.125   176408.725   176408.920   176408.901
  1340:   176408.095   176708.902   178208.910   178210.615   182060.625
  1345:   182061.715   182145.125   182296.125   182389.125   182432.125
  1350:   182463.125   182654.125   182706.125   182871.125   182882.125
  1355:   182914.125   182951.125   183218.125   183240.125   183584.125
  1360:   183620.125   183652.125   183758.125   183824.125   183868.125
  1365:   183904.125   183916.125   183949.125   183981.125   184013.125
  1370:   184099.125   184138.125   184170.125   184305.125   184341.125
  1375:   184379.125   184458.125   184514.125   184549.125   184569.125
  1380:   184601.125   184726.125   184739.125   184757.125   184775.125
  1385:   184876.125   184886.125   184999.125   185043.125   185185.125
  1390:   185197.125   185363.125   185406.125   185440.125   185570.125
  1395:   185628.125   185643.125   185685.125   185701.125   185744.125
  1400:   185759.125   186041.725   186041.920   186041.901   186041.095
  1405:   186341.902   187841.910   187843.612   189243.622   189244.712
  1410:   189411.122   189565.122   189618.122   189745.122   189778.122
  1415:   189815.122   189856.122   189898.122   189948.122   189996.122
  1420:   190033.122   190081.122   190117.122   190164.122   190250.122
  1425:   190302.122   190319.122   190447.122   190485.122   190521.122
  1430:   190561.122   190576.122   191015.722   191015.920   191015.901
  1435:   191015.092   191315.902   192815.910   192817.614   195567.624
  1440:   195568.714   195840.124   195883.124   195925.124   196068.124
  1445:   196099.124   196135.124   196178.124   196217.124   196309.124
  1450:   196344.124   196384.124   196421.124   196650.124   196664.124
  1455:   196749.124   196783.124   196809.124   196879.124   196924.124
  1460:   196966.124   197015.124   197026.124   197066.124   197098.124
  1465:   197139.124   197259.124   197274.124   197359.124   197515.124
  1470:   197553.124   197589.124   197629.124   197644.124   197684.124
  1475:   197702.124   197796.124   197830.124   197874.124   197929.124
  1480:   197984.124   198002.124   198079.124   198094.124   198248.124
  1485:   198330.724   198330.920   198330.901   198330.094   198630.902
  1490:   200130.910   200132.612   201532.622   201533.812   201673.132
  1495:   201713.132   201753.132   201802.132   201844.132   201889.132
  1500:   201949.132   201992.132   202072.132   202105.132   202138.132
  1505:   202226.132   202304.132   202376.132   202408.132   202447.132
  1510:   202480.132   202559.132   202594.132   202613.132   202693.132
  1515:   202736.132   202828.132   202925.132   202939.132   202958.132
  1520:   202972.132   203013.132   203053.132   203067.132   203131.132
  1525:   203163.132   203233.132   203275.132   203294.132   203470.132
  1530:   203612.132   203673.132   203858.132   203875.132   203916.132
  1535:   203974.132   203991.132   204138.132   204152.132   204197.132
  1540:   204212.132   204288.132   204366.132   204383.132   204423.132
  1545:   204599.132   204670.132   205024.132   205037.132   205080.132
  1550:   205093.132   205129.132   205209.132   205223.132   205376.132
  1555:   205389.132   205484.132   205533.822   205533.920   207033.910
  1560:   207035.612   208435.622   208436.812   208607.132   208646.132
  1565:   208767.132   208812.132   208850.132   208895.132   209014.132
  1570:   209044.132   209077.132   209160.132   209196.132   209274.132
  1575:   209309.132   209340.132   209418.132   209435.132   209523.132
  1580:   209537.132   209614.132   209728.132   209742.132   209787.132
  1585:   209946.132   210041.132   210058.132   210199.132   210212.132
  1590:   210367.132   210410.132   210423.132   210517.132   210673.132
  1595:   210687.132   210723.132   210741.132   210844.132   210935.132
  1600:   210949.132   210991.132   211217.132   211233.132   211273.132
  1605:   211289.132   211534.132   211548.132   211567.132   211721.132
  1610:   211728.132   211769.132   211784.132   211940.132   211955.132
  1615:   212146.132   212158.132   212250.132   212289.132   212330.132
  1620:   212365.132   212419.132   212436.822   212436.920   213936.910
  1625:   213938.612   215338.622   215339.812   215539.132   215624.132
  1630:   215665.132   215720.132   215808.132   215848.132   215895.132
  1635:   215948.132   215985.132   216026.132   216134.132   216225.132
  1640:   216261.132   216297.132   216353.132   216401.132   216510.132
  1645:   216575.132   216591.132   216714.132   216765.132   216802.132
  1650:   216816.132   216866.132   216956.132   217329.132   217340.132
  1655:   217562.132   217610.132   217839.132   217924.132   217987.132
  1660:   218027.132   218067.132   218106.132   218120.132   218159.132
  1665:   218250.132   218264.132   218308.132   218319.132   218401.132
  1670:   218446.132   218462.132   219287.132   219308.132   219339.822
  1675:   219339.920   219358.411   220839.910   220841.613   222791.623
  1680:   222792.813   226694.133   226759.133   226814.133   226872.133
  1685:   226886.133   226925.133   226962.133   227000.133   227038.133
  1690:   227081.133   227124.133   227164.133   227204.133   227251.133
  1695:   227343.133   227385.133   227423.133   227465.133   227592.823
  1700:   227592.920   229092.910   229094.612   230494.622   230495.712
  1705:   231141.122   231183.122   231268.122   231321.122   231369.122
  1710:   231411.122   231514.122   231550.122   231586.122   231630.122
  1715:   231649.122   231727.122   231742.122   232134.722   232134.920
  1720:   232134.901   232134.092   232434.902   233934.910   233936.611
  1725:   234936.621   234937.711   235037.121   235173.121   235206.121
  1730:   235246.121   235471.121   235535.121   235577.121   235617.121
  1735:   235651.121   235895.121   235939.721   235939.920   235939.901
  1740:   235939.091   236239.902   237739.910   237741.612   239141.622
  1745:   239142.712   239363.122   239399.122   239454.122   239497.122
  1750:   239651.122   239695.122   239708.122   239741.122   239775.122
  1755:   239814.122   239857.122   239896.122   239938.122   239983.122
  1760:   240015.122   240058.122   240206.122   240257.122   240359.122
  1765:   240373.122   240460.122   240475.122   240620.722   240620.920
  1770:   240620.901   240620.092   240920.902   242420.910   242422.614
  1775:   245172.624   245173.714   245412.124   245450.124   245593.124
  1780:   245628.124   245735.124   245842.124   245884.124   246102.124
  1785:   246136.124   246181.124   246390.124   246427.124   246476.124
  1790:   246510.124   246693.124   246869.124   246885.124   246998.124
  1795:   247042.124   247060.124   247103.124   247137.124   247175.124
  1800:   247350.124   247403.124   247440.124   247478.124   247532.124
  1805:   247594.124   247640.124   247840.124   247850.124   247987.724
  1810:   247987.920   247987.901   247987.094   248287.902   249787.910
  1815:   249789.614   252539.624   252540.714   253172.124   253237.124
  1820:   253321.124   253460.124   253490.124   253531.124   253567.124
  1825:   253605.124   253790.124   253801.124   253841.124   253899.124
  1830:   253935.124   253974.124   254013.124   254050.124   254281.124
  1835:   254290.124   254372.124   254415.124   254432.124   254471.124
  1840:   254509.124   254590.124   254629.124   254655.124   254693.124
  1845:   254738.124   255018.124   255076.124   255204.124   255301.724
  1850:   255301.920   255301.901   255301.094   255601.902   257101.910
  1855:   257103.613   259053.623   259054.813   259360.133   259438.133
  1860:   259475.133   259645.133   259722.133   259753.133   259859.133
  1865:   259895.133   259934.133   259950.133   259999.133   260265.133
  1870:   260283.133   260321.133   260360.133   260398.133   260471.133
  1875:   260505.133   260561.133   260611.133   260625.133   260697.133
  1880:   260713.133   260794.133   260807.133   260889.133   260902.133
  1885:   261198.133   261248.133   261262.133   261277.133   261333.133
  1890:   261349.133   261385.133   261434.133   261467.133   261511.133
  1895:   261528.133   261566.133   261583.133   261671.133   261684.133
  1900:   261763.133   261872.133   262046.133   262064.133   262160.133
  1905:   262216.133   262228.133   262267.133   262417.133   262470.133
  1910:   262558.133   262576.133   262657.133   262672.133   262712.133
  1915:   262726.133   262766.133   262780.133   262815.133   262826.133
  1920:   262929.133   262945.133   262985.133   263091.133   263130.133
  1925:   263144.133   263325.133   263364.133   263411.133   263451.133
  1930:   263494.133   263511.133   263650.133   263661.133   263704.133
  1935:   263748.133   263787.133   263831.133   263854.823   263854.920
  1940:   263872.411   263887.411   265354.910   265356.613   267306.623
  1945:   267307.813   267499.133   267581.133   267650.133   267770.133
  1950:   267803.133   267842.133   267880.133   267963.133   268012.133
  1955:   268127.133   268369.133   268419.133   268453.133   268480.133
  1960:   268577.133   268590.133   268627.133   268673.133   268781.133
  1965:   269089.133   269140.133   269189.133   269230.133   269252.133
  1970:   269371.133   269419.133   269458.133   269496.133   269535.133
  1975:   269737.133   269785.133   269799.133   269854.133   269871.133
  1980:   269948.133   269960.133   270015.133   270057.133   270118.133
  1985:   270129.133   270225.133   270239.133   270274.133   270291.133
  1990:   270330.133   270648.133   270662.133   270723.133   270737.133
  1995:   270872.133   270966.133   271105.133   271118.133   271335.133
  2000:   271395.133   271410.133   271466.133   271745.133   271799.133
  2005:   271834.133   271873.133   272107.823   272107.920   273607.910
  2010:   273609.614   276359.624   276360.714   276795.124   276964.124
  2015:   277003.124   277223.124   277269.124   277489.124   277529.124
  2020:   277633.124   277758.124   277793.124   277827.124   277869.124
  2025:   278314.124   278368.124   278386.124   278420.124   278437.124
  2030:   278502.124   278744.124   278819.124   278833.124   278863.124
  2035:   278903.124   278916.124   279145.724   279145.920   279145.901
  2040:   279145.094   279445.902   280945.910   280947.613   282897.623
  2045:   282898.813   283071.133   283118.133   283163.133   283283.133
  2050:   283323.133   283440.133   283477.133   283515.133   283555.133
  2055:   283651.133   283691.133   283725.133   283775.133   283863.133
  2060:   284025.133   284079.133   284126.133   284169.133   284207.133
  2065:   284246.133   284327.133   284342.133   284379.133   284412.133
  2070:   284451.133   284567.133   284607.133   284647.133   284699.133
  2075:   284777.133   285100.133   285113.133   285130.133   285216.133
  2080:   285261.133   285277.133   285338.133   285353.133   285590.133
  2085:   285604.133   285623.133   285761.133   285778.133   285819.133
  2090:   285821.133   285911.133   285928.133   286029.133   286238.133
  2095:   286285.133   286297.133   286335.133   286375.133   286471.133
  2100:   286645.133   286743.133   286796.133   286810.133   286854.133
  2105:   286868.133   286885.133   287286.133   287437.133   287508.133
  2110:   287698.823   287698.920   289198.910   289200.613   291150.623
  2115:   291151.713   291469.123   291509.123   291589.123   291638.123
  2120:   291687.123   291832.123   291846.123   291885.123   291924.123
  2125:   291959.123   291994.123   292029.123   292067.123   292105.123
  2130:   292192.123   292202.123   292419.123   292430.123   292470.123
  2135:   292505.123   292537.123   292624.123   292658.123   292702.123
  2140:   292741.123   292754.123   292838.123   292883.123   292893.123
  2145:   293050.123   293060.123   293104.723   293104.920   293104.901
  2150:   293104.093   293404.902   294904.910   294906.614   297656.624
  2155:   297657.714   297903.124   297948.124   298188.124   298225.124
  2160:   298265.124   298437.124   298481.124   298597.124   298707.124
  2165:   298716.124   298948.124   298984.124   299025.124   299057.124
  2170:   299333.124   299350.124   299385.124   299465.124   299636.124
  2175:   299732.124   299770.124   299807.124   300161.124   300202.124
  2180:   300215.124   300291.124   300302.124   300548.724   300548.920
  2185:   300548.901   300548.094   300848.902   302348.910   302350.612
  2190:   303750.622   303751.712   303929.122   304006.122   304045.122
  2195:   304093.122   304231.122   304277.122   304309.122   304349.122
  2200:   304387.122   304427.122   304501.122   304553.122   304592.122
  2205:   304676.122   304690.122   304722.122   304751.122   304786.122
  2210:   304822.122   304947.122   304989.122   305022.122   305103.122
  2215:   305114.122   305160.722   305160.920   305160.901   305160.092
  2220:   305460.902   306960.910   306962.614   309712.624   309713.814
  2225:   310203.134   310237.134   310332.134   310518.134   310746.134
  2230:   310790.134   311048.134   311308.134   311350.134   311367.134
  2235:   311578.134   311590.134   311764.134   311777.134   311872.134
  2240:   311907.134   311950.134   311983.134   312043.134   312058.134
  2245:   312346.134   312407.134   312617.134   312660.134   312673.134
  2250:   312719.134   312764.134   312871.134   312887.134   312966.134
  2255:   312979.134   313070.134   313107.134   313126.134   313367.134
  2260:   313498.134   313637.134   313679.134   313695.134   313739.134
  2265:   313820.134   313835.134   314319.134   314377.134   314391.134
  2270:   314597.134   314631.134   314668.134   314714.134   314759.134
  2275:   314860.134   314873.134   314913.134   314957.134   314995.134
  2280:   315347.134   315513.824   315513.920   317013.910   317015.614
  2285:   319765.624   319766.814   319998.134   320042.134   320193.134
  2290:   320417.134   320470.134   320551.134   320771.134   320819.134
  2295:   320858.134   320893.134   321065.134   321099.134   321140.134
  2300:   321177.134   321271.134   321306.134   321343.134   321405.134
  2305:   321417.134   321433.134   321467.134   321520.134   321739.134
  2310:   321797.134   321857.134   322149.134   322285.134   322321.134
  2315:   322405.134   322441.134   322499.134   322671.134   322741.134
  2320:   322819.134   322863.134   323000.134   323160.134   323402.134
  2325:   323419.134   323492.134   323508.134   323560.134   323596.134
  2330:   323615.134   323636.134   324357.134   324403.134   324418.134
  2335:   324469.134   325022.134   325033.134   325078.134   325093.134
  2340:   325137.134   325150.134   325256.134   325304.134   325316.134
  2345:   325492.134   325533.134   325566.824   325566.920   325580.411
  2350:   325589.411   325604.411   327066.910   327068.614   329818.624
  2355:   329819.814   330540.134   330720.134   330909.134   330982.134
  2360:   331031.134   331163.134   331196.134   331490.134   331532.134
  2365:   331578.134   331627.134   331678.134   331766.134   331938.134
  2370:   331974.134   332025.134   332064.134   332149.134   332162.134
  2375:   332287.134   332326.134   332361.134   332395.134   332529.134
  2380:   332581.134   332873.134   332884.134   332925.134   332958.134
  2385:   333000.134   333035.134   333077.134   333113.134   333255.134
  2390:   333293.134   333487.134   333634.134   333689.134   333795.134
  2395:   334007.134   334069.134   334439.134   334451.134   334535.134
  2400:   334717.134   334754.134   334794.134   335106.134   335482.134
  2405:   335540.134   335619.824   335619.920   337119.910   337121.611
  2410:   338121.621   338122.711   338264.121   338302.121   338393.121
  2415:   338434.121   338480.121   338536.121   338584.121   338630.121
  2420:   338636.121   338719.121   338753.121   338915.121   338950.121
  2425:   338990.121   339009.121   339078.121   339125.721   339125.920
  2430:   339125.901   339125.091   339425.902   340925.910   340927.614
  2435:   343677.624   343678.814   344257.134   344581.134   344656.134
  2440:   344729.134   344873.134   344904.134   344934.134   344976.134
  2445:   345153.134   345192.134   345225.134   345416.134   345446.134
  2450:   345669.134   345679.134   345729.134   345784.134   345796.134
  2455:   345935.134   345975.134   346015.134   346201.134   346241.134
  2460:   346285.134   346315.134   346394.134   346557.134   346694.134
  2465:   346791.134   346848.134   346860.134   346930.134   346949.134
  2470:   346988.134   347004.134   347267.134   347285.134   347512.134
  2475:   347562.134   347600.134   347689.134   347865.134   347878.134
  2480:   348071.134   348532.134   348696.134   349242.134   349478.824
  2485:   349478.920   350978.910   350980.615   354830.625   354831.715
  2490:   355436.125   355801.125   355907.125   356244.125   356287.125
  2495:   356414.125   356444.125   356603.125   356635.125   356675.125
  2500:   356823.125   357099.125   357138.125   357225.125   357423.125
  2505:   357602.125   357719.125   357730.125   357767.125   357897.125
  2510:   357954.125   358008.125   358042.125   358080.125   358130.125
  2515:   358149.125   358184.125   358194.125   358227.125   358445.125
  2520:   358499.125   358543.125   358581.125   358631.125   358872.725
  2525:   358872.920   358872.901   358872.095   359172.902   360672.910
  2530:   360674.613   362624.623   362625.713   362767.123   362838.123
  2535:   362921.123   362957.123   363003.123   363084.123   363122.123
  2540:   363155.123   363197.123   363407.123   363441.123   363483.123
  2545:   363518.123   363606.123   363820.123   363949.123   363964.123
  2550:   364046.123   364059.123   364132.123   364306.123   364319.123
  2555:   364379.123   364553.123   364818.723   364818.920   364818.901
  2560:   364818.093   365118.902   366618.910   366620.613   368570.623
  2565:   368571.813   368708.133   368775.133   368826.133   368857.133
  2570:   368925.133   368957.133   369003.133   369049.133   369080.133
  2575:   369149.133   369218.133   369312.133   369348.133   369393.133
  2580:   369552.133   369562.133   369593.133   369628.133   369703.133
  2585:   369719.133   369786.133   369801.133   369893.133   369930.133
  2590:   369980.133   370097.133   370555.133   370605.133   370730.133
  2595:   370743.133   370851.133   370865.133   370965.133   371057.133
  2600:   371070.133   371302.133   371310.133   371355.133   371368.133
  2605:   371585.133   371766.133   372011.133   372062.133   372114.133
  2610:   372127.133   372366.133   372417.133   372452.133   372486.133
  2615:   372521.133   372680.133   372736.133   372775.133   372789.133
  2620:   373371.823   373371.920   374871.910   374873.613   376823.623
  2625:   376824.713   376973.123   377089.123   377165.123   377195.123
  2630:   377226.123   377350.123   377549.123   377601.123   377813.123
  2635:   377872.123   377967.123   377997.123   378078.123   378247.123
  2640:   378292.123   378332.123   378364.123   378417.123   378471.123
  2645:   378634.123   378646.123   378711.123   378743.123   378779.723
  2650:   378779.920   378779.901   378779.093   379079.902   380579.910
  2655:   380581.613   382531.623   382532.713   383285.123   383358.123
  2660:   383465.123   383496.123   383630.123   383661.123   383694.123
  2665:   383726.123   383897.123   383930.123   384183.123   384210.123
  2670:   384244.123   384286.123   384490.723   384490.920   384490.901
  2675:   384490.093   384790.902   386290.910   386292.615   390142.625
  2680:   390143.715   390641.125   391053.125   391134.125   391459.125
  2685:   391529.125   391731.125   391768.125   391837.125   391846.125
  2690:   392115.125   392156.125   392182.125   392498.125   392736.125
  2695:   392941.125   392977.125   393011.125   393047.125   393057.125
  2700:   393087.125   393115.125   393305.125   393388.125   393418.125
  2705:   393451.125   393823.125   393859.125   393887.125   393924.125
  2710:   393935.125   393968.125   393984.125   394099.725   394099.920
  2715:   394099.901   394099.095   394399.902   395899.910   395901.613
  2720:   397851.623   397852.713   397968.123   398069.123   398139.123
  2725:   398173.123   398246.123   398323.123   398349.123   398420.123
  2730:   398451.123   398481.123   398522.123   398539.123   398569.123
  2735:   398667.123   398738.123   398788.123   398825.123   398840.123
  2740:   398882.123   398892.123   398968.123   399044.123   399149.123
  2745:   399185.123   399412.123   399617.123   399632.123   399741.123
  2750:   399754.123   399807.723   399807.920   399807.901   399807.093
  2755:   400107.902   401607.910   401609.614   404359.624   404360.714
  2760:   404541.124   404645.124   404840.124   404874.124   404982.124
  2765:   405026.124   405226.124   405277.124   405312.124   405389.124
  2770:   405644.124   405803.124   405840.124   405881.124   406144.124
  2775:   406225.124   406275.124   406284.124   406328.124   406407.124
  2780:   406528.124   406595.124   406774.124   406913.124   406964.124
  2785:   406976.124   407060.124   407080.124   407156.724   407156.920
  2790:   407156.901   407156.094   407456.902   408956.910   408958.614
  2795:   411708.624   411709.814   411885.134   412029.134   412123.134
  2800:   412200.134   412425.134   412454.134   412497.134   412685.134
  2805:   412731.134   412753.134   412788.134   412809.134   412841.134
  2810:   413082.134   413127.134   413160.134   413173.134   413264.134
  2815:   413278.134   413309.134   413339.134   413381.134   413394.134
  2820:   413424.134   413455.134   413470.134   413499.134   413530.134
  2825:   413573.134   413586.134   413765.134   413861.134   413879.134
  2830:   413912.134   414039.134   414082.134   414098.134   414133.134
  2835:   414180.134   414231.134   414245.134   414283.134   414332.134
  2840:   414432.134   414609.134   414622.134   414782.134   415041.134
  2845:   415168.134   415224.134   415233.134   415269.134   415282.134
  2850:   415440.134   415474.134   415510.134   415548.134   415601.134
  2855:   415650.134   415690.134   415704.134   415739.134   415752.134
  2860:   415876.134   415943.134   415977.134   415993.134   416031.134
  2865:   416043.134   416076.134   416125.134   416292.134   416540.134
  2870:   416594.134   416632.134   416671.134   416709.134   417260.134
  2875:   417310.134   417360.134   417509.824   417509.920   419009.910
  2880:   419011.614   421761.624   421762.814   422118.134   422263.134
  2885:   422463.134   422658.134   422689.134   422720.134   422764.134
  2890:   422993.134   423022.134   423041.134   423070.134   423251.134
  2895:   423288.134   423301.134   423341.134   423374.134   423388.134
  2900:   423422.134   423435.134   423448.134   423531.134   423574.134
  2905:   423585.134   423706.134   423745.134   423854.134   423865.134
  2910:   424009.134   424019.134   424110.134   424124.134   424198.134
  2915:   424251.134   424291.134   424300.134   424381.134   424392.134
  2920:   424428.134   424443.134   424474.134   424593.134   424671.134
  2925:   424683.134   424836.134   424891.134   425030.134   425088.134
  2930:   425174.134   425188.134   425352.134   425422.134   425470.134
  2935:   425646.134   425698.134   425777.134   425789.134   425825.134
  2940:   425857.134   425916.134   425929.134   426941.134   426984.134
  2945:   427028.134   427495.134   427536.134   427562.824   427562.920
  2950:   429062.910   429064.615   432914.625   432915.815   433474.135
  2955:   433920.135   433968.135   434091.135   434183.135   434218.135
  2960:   434262.135   434478.135   434511.135   434698.135   434710.135
  2965:   434749.135   434896.135   434908.135   435102.135   435153.135
  2970:   435198.135   435338.135   435375.135   435427.135   435471.135
  2975:   435693.135   435958.135   436219.135   436257.135   436296.135
  2980:   436377.135   436389.135   436566.135   436687.135   436738.135
  2985:   436751.135   436946.135   437012.135   437122.135   437160.135
  2990:   437196.135   437212.135   437245.135   437300.135   437349.135
  2995:   437361.135   437391.135   437440.135   437487.135   437519.135
  3000:   437539.135   437575.135   437608.135   437624.135   437660.135
  3005:   437707.135   437724.135   437927.135   438017.135   438050.135
  3010:   438067.135   438186.135   438225.135   438278.135   439061.135
  3015:   440431.135   440615.825   440615.920   442115.910   442117.612
  3020:   443517.622   443518.712   444047.122   444086.122   444124.122
  3025:   444172.122   444296.122   444334.122   444354.122   444431.122
  3030:   444464.122   444489.122   444523.122   444540.122   444719.122
  3035:   444754.122   444771.122   444803.122   444839.122   444854.122
  3040:   444886.122   444904.122   445035.722   445035.920   445035.901
  3045:   445035.092   445335.902   446835.910   446837.615   450687.625
  3050:   450688.715   450811.125   450852.125   450887.125   450930.125
  3055:   450978.125   451103.125   451139.125   451175.125   451226.125
  3060:   451258.125   451408.125   451440.125   451482.125   451520.125
  3065:   451558.125   451600.125   451695.125   451738.125   451789.125
  3070:   451824.125   451855.125   451890.125   451934.125   452002.125
  3075:   452151.125   452204.125   452237.125   452262.125   452294.125
  3080:   452332.125   452350.125   452388.125   452476.125   452523.125
  3085:   452538.125   452579.125   452615.125   452665.125   452680.125
  3090:   452784.125   452820.125   452913.125   452925.125   453082.125
  3095:   453119.125   453169.125   453184.125   453225.125   453238.125
  3100:   453282.125   453294.125   453423.125   453511.125   453526.125
  3105:   453662.125   453698.125   453716.125   453753.125   453767.125
  3110:   453802.125   453816.125   453857.125   453916.125   454002.125
  3115:   454093.125   454131.125   454168.125   454216.125   454260.125
  3120:   454431.125   454474.125   454487.125   454528.125   454541.725
  3125:   454541.920   454541.901   454541.095   454841.902   456341.910
  3130:   456343.615   460193.625   460194.815   460416.135   460449.135
  3135:   460529.135   460618.135   460904.135   461071.135   461115.135
  3140:   461155.135   461193.135   461293.135   461400.135   461821.135
  3145:   461988.135   462016.135   462054.135   462137.135   462309.135
  3150:   462326.135   462362.135   462375.135   462419.135   462429.135
  3155:   462465.135   462504.135   462526.135   462543.135   462761.135
  3160:   462892.135   462908.135   462938.135   462952.135   462986.135
  3165:   463041.135   463094.135   463135.135   463185.135   463451.135
  3170:   463470.135   463505.135   463589.135   463748.135   463760.135
  3175:   463841.135   463942.135   463995.135   464130.135   464188.135
  3180:   464281.135   464297.135   464313.135   464408.135   464461.135
  3185:   464476.135   464656.135   464699.135   464737.135   464754.135
  3190:   465058.135   465146.135   465186.135   465199.135   465237.135
  3195:   465253.135   465496.135   465553.135   465618.135   465821.135
  3200:   465855.135   465881.135   465898.135   465933.135   465967.135
  3205:   465999.135   466035.135   466074.135   466134.135   466202.135
  3210:   466257.135   466302.135   466346.135   466390.135   466960.135
  3215:   466990.135   467185.135   467894.825   467894.920   469394.910
  3220:   469396.615   473246.625   473247.815   473545.135   473584.135
  3225:   473623.135   473657.135   473692.135   473729.135   473768.135
  3230:   473858.135   474216.135   474227.135   474265.135   474319.135
  3235:   474538.135   474582.135   474617.135   474654.135   474666.135
  3240:   474708.135   474744.135   474776.135   474813.135   474850.135
  3245:   474888.135   474927.135   474961.135   475011.135   475096.135
  3250:   475110.135   475144.135   475156.135   475199.135   475211.135
  3255:   475451.135   475460.135   475564.135   475577.135   475608.135
  3260:   475659.135   475672.135   475713.135   475757.135   475771.135
  3265:   475871.135   475885.135   475976.135   476172.135   476221.135
  3270:   476234.135   476273.135   476309.135   476362.135   476421.135
  3275:   476456.135   476491.135   476533.135   476552.135   476595.135
  3280:   476741.135   476817.135   477027.135   477069.135   477187.135
  3285:   477301.135   477315.135   477551.135   477607.135   477640.135
  3290:   477688.135   477724.135   477765.135   477809.135   477849.135
  3295:   477884.135   477904.135   477956.135   477995.135   478253.135
  3300:   478297.135   478337.135   478386.135   478440.135   478696.135
  3305:   478759.135   478803.135   479403.135   479448.135   479580.135
  3310:   479751.135   479786.135   479822.135   479861.135   480026.135
  3315:   480065.135   480100.135   480138.135   480905.135   480947.825
  3320:   480947.920   480957.411   480965.411   480979.411   482447.910
  3325:   482449.615   486299.625   486300.815   486399.135   486441.135
  3330:   486563.135   486638.135   486672.135   486769.135   486855.135
  3335:   486960.135   487011.135   487123.135   487159.135   487193.135
  3340:   487460.135   487495.135   487526.135   487542.135   487794.135
  3345:   487833.135   487914.135   487959.135   487996.135   488036.135
  3350:   488081.135   488199.135   488523.135   488609.135   488623.135
  3355:   488686.135   488761.135   488914.135   488928.135   489014.135
  3360:   489069.135   489080.135   489133.135   489358.135   489393.135
  3365:   489408.135   489490.135   489563.135   489770.135   489821.135
  3370:   489853.135   489892.135   489965.135   490011.135   490092.135
  3375:   490207.135   490249.135   490303.135   490837.135   490885.135
  3380:   490941.135   490995.135   491289.135   492742.135   492783.135
  3385:   492824.135   492870.135   492924.135   492979.135   493050.135
  3390:   493112.135   493220.135   493261.135   493300.135   493346.135
  3395:   493395.135   493576.135   493667.135   493706.135   493773.135
  3400:   493806.135   493904.135   493912.135   493930.135   493988.135
  3405:   494000.825   494000.920   495500.910   495502.615   499352.625
  3410:   499353.815   499477.135   499516.135   499559.135   499608.135
  3415:   499737.135   499773.135   499808.135   499840.135   499876.135
  3420:   500039.135   500086.135   500123.135   500158.135   500377.135
  3425:   500388.135   500487.135   500518.135   500558.135   500596.135
  3430:   500608.135   500650.135   500753.135   500785.135   500911.135
  3435:   500944.135   500962.135   501002.135   501201.135   501296.135
  3440:   501309.135   501345.135   501362.135   501532.135   501546.135
  3445:   501712.135   501756.135   501802.135   501841.135   501895.135
  3450:   501909.135   501978.135   502205.135   502263.135   502303.135
  3455:   502344.135   502388.135   502401.135   502442.135   502598.135
  3460:   502696.135   502709.135   502762.135   502799.135   502834.135
  3465:   502886.135   503072.135   503177.135   503190.135   503231.135
  3470:   503270.135   503307.135   503348.135   503361.135   503406.135
  3475:   503465.135   503513.135   503526.135   505594.135   505632.135
  3480:   505668.135   505713.135   505767.135   505821.135   505828.135
  3485:   505966.135   506085.135   506286.135   506330.135   506365.135
  3490:   506383.135   506415.135   506434.135   506467.135   506483.135
  3495:   506516.135   506565.135   506584.135   506624.135   506669.135
  3500:   506711.135   506729.135   506766.135   506779.135   506811.135
  3505:   506831.135   506864.135   506880.135   506916.135   506955.135
  3510:   506997.135   507031.135   507053.825   507053.920   508553.910
  3515:   508555.614   511305.624   511306.714   511609.124   511643.124
  3520:   511898.124   511930.124   511966.124   512154.124   512188.124
  3525:   512222.124   512479.124   512777.124   512814.124   512851.124
  3530:   512869.124   512906.124   512940.124   512962.124   512994.124
  3535:   513016.124   513048.124   513081.124   513126.124   513451.124
  3540:   513463.124   513504.124   513632.124   513645.124   513714.124
  3545:   513763.124   513777.124   513815.124   513897.124   513917.124
  3550:   513987.124   514011.124   514045.124   514126.724   514126.920
  3555:   514126.901   514126.094   514426.902   515926.910   515928.613
  3560:   517878.623   517879.713   517971.123   518245.123   518397.123
  3565:   518439.123   518472.123   518770.123   518806.123   518837.123
  3570:   518877.123   518914.123   518945.123   518987.123   518998.123
  3575:   519174.123   519209.123   519284.123   519324.123   519341.123
  3580:   519373.123   519405.123   519618.123   519656.123   519778.123
  3585:   519859.723   519859.920   519859.901   519859.093   520159.902
  3590:   521659.910   521661.613   523611.623   523612.713   523715.123
  3595:   523828.123   523872.123   523955.123   524024.123   524059.123
  3600:   524100.123   524130.123   524170.123   524286.123   524312.123
  3605:   524350.123   524422.123   524456.123   524490.123   524530.123
  3610:   524561.123   524604.123   524621.123   524692.123   524725.123
  3615:   524763.123   524842.123   524878.123   524913.123   524949.123
  3620:   524985.123   525073.123   525116.123   525205.123   525217.123
  3625:   525257.123   525339.123   525432.123   525473.123   525510.123
  3630:   525529.123   525571.723   525571.920   525571.901   525571.093
  3635:   525871.902   527371.910   527373.615   531223.625   531224.815
  3640:   531331.135   531487.135   531770.135   531851.135   531890.135
  3645:   532013.135   532029.135   532063.135   532099.135   532259.135
  3650:   532428.135   532460.135   532686.135   532719.135   532757.135
  3655:   532793.135   532939.135   532984.135   533052.135   533154.135
  3660:   533188.135   533219.135   533301.135   533314.135   533474.135
  3665:   533588.135   533664.135   533676.135   533793.135   533836.135
  3670:   533876.135   533910.135   533944.135   533984.135   534000.135
  3675:   534041.135   534087.135   534178.135   534226.135   534273.135
  3680:   534314.135   534373.135   534387.135   534446.135   534484.135
  3685:   534577.135   534591.135   534771.135   534915.135   534927.135
  3690:   534950.135   535144.135   535301.135   535313.135   535388.135
  3695:   535403.135   535585.135   535619.135   535655.135   535695.135
  3700:   535714.135   535747.135   535779.135   535822.135   535861.135
  3705:   535892.135   535908.135   536002.135   536020.135   536823.135
  3710:   536864.135   536912.135   537128.135   537260.135   537593.135
  3715:   537608.135   537646.135   537813.135   537909.135   538388.135
  3720:   538823.135   538863.135   538911.135   538924.825   538924.920
  3725:   538926.411   538945.411   540424.910   540426.615   544276.625
  3730:   544277.815   544622.135   544665.135   544985.135   545153.135
  3735:   545186.135   545217.135   545367.135   545665.135   545702.135
  3740:   545731.135   545813.135   545829.135   546048.135   546082.135
  3745:   546138.135   546304.135   546317.135   546376.135   546408.135
  3750:   546449.135   546519.135   546679.135   546717.135   546791.135
  3755:   547010.135   547049.135   547075.135   547103.135   547141.135
  3760:   547314.135   547365.135   547381.135   547413.135   547448.135
  3765:   547466.135   547500.135   547520.135   547654.135   547691.135
  3770:   547730.135   547769.135   547788.135   548059.135   548072.135
  3775:   548089.135   548166.135   548346.135   548382.135   548392.135
  3780:   548427.135   548465.135   548482.135   548513.135   548532.135
  3785:   548572.135   548704.135   548754.135   548773.135   548916.135
  3790:   548979.135   549703.135   549775.135   549785.135   549832.135
  3795:   549891.135   550132.135   550145.135   550191.135   550302.135
  3800:   550316.135   550610.135   551284.135   551325.135   551417.135
  3805:   551630.135   551915.135   551952.135   551977.825   551977.920
  3810:   551989.411   553477.910   553479.611   554479.621   554480.711
  3815:   554579.121   554619.121   554656.121   554697.121   554745.121
  3820:   554842.121   554877.121   554955.121   554990.121   555096.121
  3825:   555129.121   555170.121   555206.121   555249.121   555264.121
  3830:   555301.121   555384.121   555399.121   555430.121   555513.721
  3835:   555513.920   555513.901   555513.091   555813.902   557313.910
  3840:   557315.612   558715.622   558716.712   558828.122   558871.122
  3845:   558915.122   558959.122   559005.122   559048.122   559136.122
  3850:   559170.122   559203.122   559250.122   559344.122   559359.122
  3855:   559393.122   559480.122   559524.122   559591.122   559626.122
  3860:   559700.122   559886.122   559925.122   559986.122   559996.122
  3865:   560035.122   560076.122   560139.722   560139.920   560139.901
  3870:   560139.092   560439.902   561939.910   561941.614   564691.624
  3875:   564692.714   564824.124   565225.124   565259.124   565762.124
  3880:   565792.124   566035.124   566221.124   566261.124   566290.124
  3885:   566339.124   566569.124   566602.124   566686.124   566895.124
  3890:   566908.124   566990.124   567174.124   567191.124   567261.124
  3895:   567335.124   567405.124   567466.724   567466.920   567466.901
  3900:   567466.094   567766.902   569266.910   569268.612   570668.622
  3905:   570669.712   570828.122   570875.122   570921.122   570962.122
  3910:   571008.122   571133.122   571170.122   571205.122   571291.122
  3915:   571337.122   571349.122   571382.122   571412.122   571448.122
  3920:   571485.122   571524.122   571539.122   571630.122   571705.122
  3925:   571728.122   571762.122   571798.122   571836.122   572308.722
  3930:   572308.920   572308.901   572308.092   572608.902   574108.910
  3935:   574110.615   577960.625   577961.715   579249.125   579290.125
  3940:   579471.125   579861.125   579939.125   580059.125   580397.125
  3945:   580436.125   580547.125   580581.125   580612.125   580688.125
  3950:   580763.125   580802.125   580844.125   580873.125   581016.125
  3955:   581055.125   581087.125   581336.125   581379.125   581392.125
  3960:   581475.125   581520.125   581552.125   581708.125   581720.125
  3965:   581799.125   581833.725   581833.920   581833.901   581833.095
  3970:   582133.902   583633.910   583635.611   584635.621   584636.711
  3975:   584744.121   584787.121   584831.121   584877.121   584922.121
  3980:   584962.121   584998.121   585081.121   585109.121   585146.121
  3985:   585184.121   585222.121   585261.121   585300.121   585347.121
  3990:   585386.121   585399.121   585432.121   585471.121   585531.121
  3995:   585563.121   585604.121   585686.721   585686.920   585686.901
  4000:   585686.091   585986.902   587486.910   587488.612   588888.622
  4005:   588889.712   588981.122   589017.122   589052.122   589092.122
  4010:   589132.122   589216.122   589249.122   589280.122   589319.122
  4015:   589334.122   589369.122   589401.122   589445.122   589478.122
  4020:   589556.122   589572.122   589605.122   589671.122   589706.122
  4025:   589739.122   589777.122   589810.122   589829.122   589866.122
  4030:   589880.122   590028.122   590070.122   590088.122   590202.122
  4035:   590294.722   590294.920   590294.901   590294.092   590594.902
  4040:   592094.910   592096.614   594846.624   594847.714   594967.124
  4045:   595301.124   595331.124   595421.124   595453.124   595484.124
  4050:   595732.124   596061.124   596207.124   596239.124   596613.124
  4055:   596632.124   596693.124   596724.124   596939.124   596971.124
  4060:   597006.124   597036.124   597138.124   597175.124   597210.124
  4065:   597245.124   597279.124   597310.124   597382.124   597396.124
  4070:   597521.124   597636.724   597636.920   597636.901   597636.094
  4075:   597936.902   599436.910   599438.615   603288.625   603289.715
  4080:   603580.125   603803.125   603844.125   604301.125   604375.125
  4085:   604515.125   604872.125   604889.125   604913.125   604944.125
  4090:   605156.125   605196.125   605225.125   605293.125   605327.125
  4095:   605535.125   605603.125   605638.125   605664.125   605695.125
  4100:   605733.125   605762.125   605783.125   605811.125   605842.125
  4105:   605920.125   605932.125   606017.125   606033.125   606068.125
  4110:   606113.125   606147.125   606190.125   606200.125   606240.125
  4115:   606253.125   606288.125   606299.125   606334.125   606349.125
  4120:   606391.125   606405.125   606680.125   606715.125   606732.125
  4125:   606945.125   606958.125   607008.125   607147.725   607147.920
  4130:   607147.901   607147.095   607447.902   608947.910   608949.613
  4135:   610899.623   610900.713   611075.123   611117.123   611189.123
  4140:   611279.123   611316.123   611353.123   611388.123   611425.123
  4145:   611460.123   611501.123   611534.123   611569.123   611607.123
  4150:   611644.123   611716.123   611761.123   611797.123   611874.123
  4155:   611911.123   611944.123   611978.123   612015.123   612069.123
  4160:   612083.123   612121.123   612152.123   612193.123   612205.123
  4165:   612299.123   612310.123   612344.123   612382.123   612421.123
  4170:   612436.123   612554.123   612612.123   612648.123   612732.123
  4175:   612949.723   612949.920   612949.901   612949.093   613249.902
  4180:   614749.910   614751.613   616701.623   616702.713   616828.123
  4185:   616856.123   616895.123   616932.123   616966.123   617032.123
  4190:   617103.123   617136.123   617207.123   617221.123   617253.123
  4195:   617285.123   617321.123   617360.123   617430.123   617445.123
  4200:   617477.123   617516.123   617632.123   617704.123   617747.123
  4205:   617764.123   617869.123   617908.123   618092.123   618137.123
  4210:   618151.123   618190.123   618402.123   618412.123   618453.123
  4215:   618467.123   618567.123   618757.723   618757.920   618757.901
  4220:   618757.093   619057.902   620557.910   620559.615   624409.625
  4225:   624410.715   624617.125   625071.125   625392.125   625504.125
  4230:   625716.125   625729.125   625759.125   625786.125   625823.125
  4235:   625997.125   626097.125   626106.125   626135.125   626206.125
  4240:   626373.125   626445.125   626486.125   626517.125   626557.125
  4245:   626780.125   626857.125   626896.125   627006.125   627018.125
  4250:   627061.125   627096.125   627107.125   627139.125   627236.125
  4255:   627273.125   627285.125   627319.125   627333.125   627362.125
  4260:   627375.125   627418.125   627430.125   627464.125   627477.125
  4265:   627544.125   627575.125   627613.125   627617.125   627866.125
  4270:   627878.125   627991.125   628002.125   628132.125   628182.125
  4275:   628231.125   628244.125   628396.725   628396.920   628396.901
  4280:   628396.095   628696.902   630196.910   630198.612   631598.622
  4285:   631599.712   631699.122   631737.122   631782.122   631832.122
  4290:   631907.122   631941.122   631980.122   632015.122   632111.122
  4295:   632143.122   632181.122   632212.122   632244.122   632284.122
  4300:   632320.122   632435.122   632448.122   632480.122   632612.122
  4305:   632693.122   632723.122   632799.122   632813.122   632902.122
  4310:   632988.122   633027.722   633027.920   633027.901   633027.092
  4315:   633327.902   634827.910   634829.615   638679.625   638680.715
  4320:   638931.125   638966.125   639037.125   639137.125   639343.125
  4325:   639591.125   639701.125   639922.125   640322.125   640603.125
  4330:   640642.125   640731.125   640837.125   640871.125   640923.125
  4335:   641053.125   641087.125   641120.125   641195.125   641200.125
  4340:   641294.125   641323.125   641360.125   641388.125   641467.125
  4345:   641645.125   641690.125   641700.125   641738.125   641770.125
  4350:   641808.125   641886.125   641925.125   642001.125   642033.125
  4355:   642064.125   642121.125   642152.125   642241.125   642277.125
  4360:   642363.125   642401.125   642676.725   642676.920   642676.901
  4365:   642676.095   642976.902   644476.910   644478.613   646428.623
  4370:   646429.713   646550.123   646591.123   646638.123   646684.123
  4375:   646757.123   646794.123   646827.123   646868.123   646907.123
  4380:   646942.123   646981.123   647014.123   647089.123   647157.123
  4385:   647227.123   647300.123   647315.123   647346.123   647383.123
  4390:   647399.123   647474.123   647486.123   647524.123   647558.123
  4395:   647574.123   647654.123   647668.123   647743.123   647864.123
  4400:   647879.123   647991.123   648032.123   648049.123   648087.123
  4405:   648102.123   648135.123   648149.123   648190.123   648284.123
  4410:   648329.123   648344.123   648425.723   648425.920   648425.901
  4415:   648425.093   648725.902   650225.910   650227.614   652977.624
  4420:   652978.714   653113.124   653152.124   653191.124   653227.124
  4425:   653346.124   653449.124   653539.124   653699.124   653742.124
  4430:   653870.124   653902.124   653944.124   653983.124   654184.124
  4435:   654225.124   654260.124   654299.124   654333.124   654503.124
  4440:   654540.124   654571.124   654609.124   654648.124   654689.124
  4445:   654727.124   654769.124   654865.124   655047.124   655096.124
  4450:   655109.124   655191.124   655205.124   655281.124   655346.124
  4455:   655391.124   655406.124   655441.124   655477.124   655498.124
  4460:   655532.124   655570.124   655742.724   655742.920   655742.901
  4465:   655742.094   656042.902   657542.910   657544.611   658544.621
  4470:   658545.711   658643.121   658718.121   658760.121   658808.121
  4475:   658849.121   658896.121   658940.121   659018.121   659063.121
  4480:   659138.121   659174.121   659192.121   659266.121   659298.121
  4485:   659377.121   659420.121   659462.121   659499.121   659543.121
  4490:   659621.721   659621.920   659621.901   659621.091   659921.902
  4495:   661421.910   661423.614   664173.624   664174.714   664721.124
  4500:   664755.124   665025.124   665055.124   665094.124   665409.124
  4505:   665478.124   665646.124   665682.124   665944.124   665995.124
  4510:   666028.124   666065.124   666255.124   666294.124   666332.124
  4515:   666367.124   666406.124   666422.124   666461.124   666651.124
  4520:   666698.124   666737.124   666798.124   666842.124   666893.124
  4525:   666967.724   666967.920   666967.901   666967.094   667267.902
  4530:   668767.910   668769.614   671519.624   671520.714   671637.124
  4535:   671892.124   672385.124   672637.124   672854.124   672885.124
  4540:   672920.124   673233.124   673272.124   673307.124   673377.124
  4545:   673416.124   673535.124   673714.124   673748.124   673786.124
  4550:   673899.124   673942.124   674073.124   674085.124   674156.124
  4555:   674171.124   674205.124   674293.724   674293.920   674293.901
  4560:   674293.094   674593.902   676093.910   676095.615   679945.625
  4565:   679946.715   680022.125   680502.125   680647.125   680684.125
  4570:   680714.125   680824.125   681122.125   681162.125   681241.125
  4575:   681273.125   681317.125   681348.125   681430.125   681696.125
  4580:   681755.125   681791.125   681822.125   681858.125   681894.125
  4585:   682074.125   682107.125   682143.125   682190.125   682394.125
  4590:   682408.125   682477.125   682527.125   682610.125   682624.125
  4595:   682656.125   682704.125   682777.125   682826.125   682868.125
  4600:   682925.125   683023.125   683058.125   683071.125   683102.125
  4605:   683148.125   683163.125   683474.125   683533.125   683549.125
  4610:   683640.125   683725.125   683764.125   683815.725   683815.920
  4615:   683815.901   683815.095   684115.902   685615.910   685617.615
  4620:   689467.625   689468.715   690377.125   691141.125   691174.125
  4625:   691204.125   691282.125   691517.125   691575.125   691606.125
  4630:   691644.125   691939.125   691986.125   692022.125   692097.125
  4635:   692147.125   692157.125   692226.125   692240.125   692313.125
  4640:   692405.125   692438.125   692479.125   692511.125   692551.125
  4645:   692562.125   692605.125   692653.125   692737.125   692776.125
  4650:   692787.125   692821.125   692834.125   692876.125   692911.125
  4655:   692992.125   693078.125   693086.125   693123.125   693211.125
  4660:   693263.125   693274.125   693352.725   693352.920   693352.901
  4665:   693352.095   693652.902   695152.910   695154.615   699004.625
  4670:   699005.715   699827.125   699864.125   700135.125   700482.125
  4675:   700585.125   700619.125   700881.125   700896.125   701081.125
  4680:   701114.125   701238.125   701249.125   701283.125   701324.125
  4685:   701362.125   701481.125   701528.125   701560.125   701601.125
  4690:   701632.125   701672.125   701687.125   701719.125   701758.125
  4695:   701788.125   701823.125   701862.125   701950.125   701989.125
  4700:   702026.125   702067.125   702103.125   702145.125   702191.125
  4705:   702242.125   702259.125   702293.125   702334.125   702523.125
  4710:   702537.125   702573.125   702614.125   702654.125   702694.125
  4715:   702708.125   702874.725   702874.920   702874.901   702874.095
  4720:   703174.902   704674.910   704676.612   706076.622   706077.712
  4725:   706207.122   706245.122   706287.122   706336.122   706388.122
  4730:   706438.122   706488.122   706567.122   706646.122   706670.122
  4735:   706702.122   706738.122   706776.122   706818.122   706856.122
  4740:   706870.122   706910.122   706924.122   706996.122   707018.122
  4745:   707055.122   707121.122   707198.122   707314.122   707495.722
  4750:   707495.920   707495.901   707495.092   707795.902   709295.910
  4755:   709297.614   712047.624   712048.714   712251.124   712285.124
  4760:   712359.124   712402.124   712477.124   712678.124   712825.124
  4765:   712860.124   712901.124   712942.124   712981.124   713015.124
  4770:   713197.124   713226.124   713267.124   713331.124   713368.124
  4775:   713382.124   713412.124   713489.124   713619.124   713633.124
  4780:   713701.124   713715.124   713785.124   713798.124   713834.124
  4785:   713850.124   713919.124   713935.124   714079.124   714096.124
  4790:   714132.124   714148.124   714286.124   714333.124   714382.124
  4795:   714396.124   714430.124   714469.124   714574.124   714594.124
  4800:   714809.724   714809.920   714809.901   714809.094   715109.902
  4805:   716609.910   716611.611   717611.621   717612.711   717757.121
  4810:   717831.121   717875.121   717950.121   717988.121   718019.121
  4815:   718065.121   718098.121   718138.121   718152.121   718311.121
  4820:   718357.121   718400.121   718436.121   718546.121   718582.121
  4825:   718596.121   718668.721   718668.920   718668.901   718668.091
  4830:   718968.902   720468.910   720470.611   721470.621   721471.711
  4835:   721554.121   721589.121   721627.121   721666.121   721761.121
  4840:   721797.121   721879.121   721906.121   721943.121   721980.121
  4845:   722017.121   722052.121   722096.121   722134.121   722144.121
  4850:   722205.121   722253.121   722323.121   722360.121   722397.121
  4855:   722509.721   722509.920   722509.901   722509.091   722809.902
  4860:   724309.910   724311.613   726261.623   726262.713   726367.123
  4865:   726401.123   726487.123   726566.123   726600.123   726632.123
  4870:   726726.123   726762.123   726798.123   726838.123   726868.123
  4875:   726908.123   726973.123   727003.123   727035.123   727069.123
  4880:   727144.123   727155.123   727187.123   727222.123   727262.123
  4885:   727305.123   727319.123   727472.123   727484.123   727520.123
  4890:   727555.123   727592.123   727628.123   727703.123   727719.123
  4895:   727802.123   727817.123   727900.123   727909.123   727985.123
  4900:   728001.123   728356.723   728356.920   728356.901   728356.093
  4905:   728656.902   730156.910   730158.614   732908.624   732909.714
  4910:   733392.124   733813.124   734160.124   734196.124   734291.124
  4915:   734513.124   734557.124   734581.124   734659.124   734670.124
  4920:   734958.124   735015.124   735051.124   735089.124   735125.124
  4925:   735389.124   735402.124   735438.124   735447.124   735456.124
  4930:   735523.124   735559.124   735629.124   735747.724   735747.920
  4935:   735747.901   735747.094   736047.902   737547.910   737549.612
  4940:   738949.622   738950.712   739103.122   739222.122   739253.122
  4945:   739289.122   739395.122   739426.122   739464.122   739493.122
  4950:   739532.122   739608.122   739710.122   739743.122   739781.122
  4955:   739817.122   739853.122   739881.122   739910.122   739957.122
  4960:   739970.122   740004.122   740079.122   740110.122   740139.122
  4965:   740174.122   740245.122   740403.722   740403.920   740403.901
  4970:   740403.092   740703.902   742203.910   742205.614   744955.624
  4975:   744956.714   745211.124   745484.124   745631.124   746066.124
  4980:   746242.124   746254.124   746285.124   746318.124   746350.124
  4985:   746585.124   746616.124   746652.124   746685.124   746835.124
  4990:   746850.124   746883.124   746958.124   747142.124   747228.124
  4995:   747267.124   747311.124   747341.124   747415.124   747429.124
  5000:   747588.124   747616.124   747630.124   747662.124   747741.724
  5005:   747741.920   747741.901   747741.094   748041.902   748041.902
  5010:   748041.005   748041.006   748041.007   748041.020       
D:
     0:        0.000        0.000        0.000        0.000        0.000
     5:        0.000        0.000        0.000        0.000        0.000
    10:        0.000        0.000        0.000        0.000        0.000
    15:        0.000        0.000        0.000        0.000        0.000
    20:        0.000        0.000        0.000        0.000        0.000
    25:        0.000       17.000        0.000        0.000        0.000
    30:        0.000        0.000        0.000        0.000        0.000
    35:        0.000
F:
     0:       10.000       10.000       10.000       10.000       10.000
     5:       10.000       10.000       10.000       10.000       14.000
    10:       14.000       14.000       14.000       14.000       14.000
    15:       14.000       14.000       14.000       14.000       14.000
    20:       14.000       19.500       19.500       19.500       19.500
    25:       19.500       19.500       19.500       19.500       19.500
    30:       19.500       19.500       19.500       19.500       19.500
    35:       19.500       27.500       27.500       27.500       27.500
    40:       27.500       27.500       27.500       27.500       27.500
    45:       27.500       27.500       27.500       27.500       27.500
    50:       27.500       27.500       27.500       27.500       38.500
    55:       38.500       38.500       38.500       38.500       38.500
    60:       38.500       38.500       38.500       38.500       38.500
    65:       38.500       38.500       38.500       38.500       38.500
    70:       38.500       38.500       38.500       38.500       38.500
    75:       20.000       20.000       20.000       28.000       28.000
    80:       28.000       28.000       39.000       39.000       39.000
    85:       39.000       39.000       55.000       55.000       55.000
    90:       55.000       55.000       55.000       77.000       77.000
    95:       77.000       77.000       77.000       77.000       77.000
I:
     0:       75.000        0.000        0.000
M:
     0:        9.000       12.000       15.000       18.000       21.000
     5:        3.000        4.000        5.000        6.000        7.000
    10:      100.000
N:
     0:       12.000       16.000       20.000       24.000       28.000
     5:        0.000
Q:
     0:        9.000       12.000       15.000       18.000       21.000
     5:        0.000
V:
     0:        0.000        0.000        0.000        0.000        0.000
     5:      169.000      281.000      478.000      572.000     1132.000
    10:      165.000      229.000      277.000      358.000      580.000
    15:        0.000
