File: C:\MED-PC IV\DATA\M_PEAK_LP1P002


Start Date: 09/18/17
End Date: 09/18/17
Subject: P002
Experiment: IF-PICO
Group: 0
Box: 5
Start Time: 10:08:06
End Time: 12:16:57
MSN: Multiple_PeakLP2
B:       0.000
C:       0.000
E:    2563.000
G:      27.500
H:    2750.000
J:       0.000
K:       0.000
L:       0.000
O:       0.000
P:       0.000
R:       0.000
S:       0.000
T:  773100.000
U:       0.000
W:       0.000
X:       0.000
Y:       0.000
Z:       0.000
A:
     0:        0.010      500.910      502.612     1902.622     1903.712
     5:     2793.122     2996.122     3046.122     3089.122     3169.122
    10:     3211.122     3258.122     3369.722     3369.920     3369.901
    15:     3369.092     3669.902     5169.910     5171.614     7921.624
    20:     7922.714     8121.124     8237.124     8285.124     8353.124
    25:     8600.124     8647.124     8724.124     8771.124     8878.124
    30:     8959.124     9041.124     9157.124     9306.124     9382.124
    35:     9447.124     9491.124     9575.124     9611.124     9699.124
    40:     9819.124     9950.124    10030.124    10134.124    10170.124
    45:    10211.124    10249.124    10314.124    10359.124    10476.124
    50:    10567.124    10706.724    10706.920    10706.901    10706.094
    55:    11006.902    12506.910    12508.614    15258.624    15259.714
    60:    15793.124    15889.124    16528.124    16597.124    16729.124
    65:    16799.124    16834.124    16876.124    16993.124    17068.124
    70:    17147.124    17217.124    17290.124    17329.124    17369.124
    75:    17497.124    17625.124    17711.124    17743.124    17823.124
    80:    17895.124    17933.124    18066.724    18066.920    18066.901
    85:    18066.094    18366.902    19866.910    19868.613    21818.623
    90:    21819.713    22185.123    22236.123    22359.123    22448.123
    95:    22569.123    22707.123    22821.123    22960.123    23009.123
   100:    23165.123    23278.123    23311.123    23389.123    23421.123
   105:    23489.123    23562.123    23675.123    23784.723    23784.920
   110:    23784.901    23784.093    24084.902    25584.910    25586.613
   115:    27536.623    27537.713    27739.123    27934.123    28013.123
   120:    28091.123    28166.123    28258.123    28327.123    28488.123
   125:    28557.123    28633.123    28760.123    28797.123    28907.123
   130:    28944.123    29090.123    29168.123    29275.123    29311.123
   135:    29341.123    29451.123    29526.723    29526.920    29526.901
   140:    29526.093    29826.902    31326.910    31328.612    32728.622
   145:    32729.712    32839.122    32914.122    32990.122    33077.122
   150:    33111.122    33196.122    33297.122    33422.122    33467.122
   155:    33506.122    33583.122    33701.122    33732.122    33815.122
   160:    33846.122    33928.122    33964.122    34073.122    34170.722
   165:    34170.920    34170.901    34170.092    34470.902    35970.910
   170:    35972.614    38722.624    38723.714    38864.124    38995.124
   175:    39154.124    39443.124    39708.124    39799.124    39923.124
   180:    39993.124    40062.124    40127.124    40165.124    40234.124
   185:    40323.124    40623.124    40657.124    40801.124    40912.124
   190:    41012.124    41117.124    41146.124    41225.124    41323.124
   195:    41427.124    41459.124    41501.724    41501.920    41501.901
   200:    41501.094    41801.902    43301.910    43303.612    44703.622
   205:    44704.712    44775.122    44840.122    44910.122    45193.122
   210:    45287.122    45319.122    45395.122    45467.122    45544.122
   215:    45617.122    45690.122    45723.122    45762.122    45833.122
   220:    45935.122    45972.122    46086.122    46221.722    46221.920
   225:    46221.901    46221.092    46521.902    48021.910    48023.612
   230:    49423.622    49424.712    50113.122    50149.122    50195.122
   235:    50237.122    50380.122    50460.122    50538.122    50650.122
   240:    50682.122    50759.122    50838.722    50838.920    50838.901
   245:    50838.092    51138.902    52638.910    52640.612    54040.622
   250:    54041.712    54145.122    54386.122    54479.122    54566.122
   255:    54655.122    54906.122    55371.122    55474.722    55474.920
   260:    55474.901    55474.092    55774.902    57274.910    57276.613
   265:    59226.623    59227.713    59561.123    59666.123    59802.123
   270:    59963.123    60068.123    60103.123    60179.123    60264.123
   275:    60379.123    60457.123    60538.123    60576.123    60694.123
   280:    60836.123    60951.123    61065.123    61173.123    61287.723
   285:    61287.920    61287.901    61287.093    61587.902    63087.910
   290:    63089.613    65039.623    65040.713    65654.123    65687.123
   295:    65764.123    65802.123    65963.123    66070.123    66186.123
   300:    66297.123    66375.123    66522.123    66597.123    66643.123
   305:    66721.123    66752.123    66792.123    66908.123    66993.723
   310:    66993.920    66993.901    66993.093    67293.902    68793.910
   315:    68795.614    71545.624    71546.714    72719.124    72834.124
   320:    72869.124    72918.124    72969.124    73048.124    73159.124
   325:    73193.124    73301.124    73445.124    73583.124    73704.124
   330:    73808.124    73840.124    73990.124    74071.124    74223.124
   335:    74335.724    74335.920    74335.901    74335.094    74635.902
   340:    76135.910    76137.614    78887.624    78888.714    79340.124
   345:    79496.124    79598.124    79638.124    79747.124    79780.124
   350:    79893.124    79927.124    80014.124    80047.124    80122.124
   355:    80232.124    80341.124    80514.124    80594.124    80630.124
   360:    80788.124    80821.124    80971.124    81074.124    81154.124
   365:    81286.124    81455.124    81490.124    81592.124    81757.724
   370:    81757.920    81757.901    81757.094    82057.902    83557.910
   375:    83559.612    84959.622    84960.712    85435.122    85510.122
   380:    85621.122    85656.122    85739.122    85816.122    85932.122
   385:    85965.122    86070.122    86108.122    86222.122    86477.722
   390:    86477.920    86477.901    86477.092    86777.902    88277.910
   395:    88279.614    91029.624    91030.714    91239.124    91339.124
   400:    91527.124    91609.124    91764.124    91799.124    91910.124
   405:    91948.124    92065.124    92179.124    92324.124    92403.124
   410:    92596.124    92742.124    92919.124    93063.124    93216.124
   415:    93368.124    93494.124    93632.124    93767.124    93926.724
   420:    93926.920    93926.901    93926.094    94226.902    95726.910
   425:    95728.615    99578.625    99579.715   100589.125   100892.125
   430:   101006.125   101038.125   101150.125   101231.125   101262.125
   435:   101351.125   101425.125   101578.125   101679.125   101820.125
   440:   101934.125   102067.125   102145.125   102182.125   102270.125
   445:   102320.125   102506.125   102606.125   102764.125   102887.125
   450:   103009.125   103101.125   103137.125   103239.125   103318.125
   455:   103398.125   103549.725   103549.920   103549.901   103549.095
   460:   103849.902   105349.910   105351.615   109201.625   109202.715
   465:   109903.125   110257.125   110925.125   111269.125   111404.125
   470:   111571.125   111647.125   111763.125   111846.125   111968.125
   475:   112045.125   112164.125   112284.125   112405.125   112518.125
   480:   112634.125   112818.125   112899.125   113041.125   113178.725
   485:   113178.920   113178.901   113178.095   113478.902   114978.910
   490:   114980.615   118830.625   118831.715   118993.125   119259.125
   495:   119395.125   119762.125   119864.125   119903.125   119977.125
   500:   120126.125   120200.125   120339.125   120411.125   120441.125
   505:   120566.125   120700.125   120772.125   120849.125   120956.125
   510:   121078.125   121136.125   121225.125   121256.125   121376.125
   515:   121484.125   121519.125   121599.125   121721.125   121755.125
   520:   121870.125   121976.125   122050.125   122087.125   122246.125
   525:   122326.125   122358.125   122474.125   122535.125   122633.125
   530:   122705.725   122705.920   122705.901   122705.095   123005.902
   535:   124505.910   124507.615   128357.625   128358.715   128989.125
   540:   129166.125   129243.125   129330.125   129366.125   129450.125
   545:   129597.125   129645.125   129759.125   129874.125   129988.125
   550:   130106.125   130182.125   130217.125   130336.125   130454.125
   555:   130539.125   130570.125   130725.125   130827.125   130859.125
   560:   130956.125   131068.125   131142.125   131255.125   131293.125
   565:   131332.125   131440.125   131482.125   131564.125   131635.125
   570:   131672.125   131894.125   131974.125   132091.125   132284.725
   575:   132284.920   132284.901   132284.095   132584.902   134084.910
   580:   134086.611   135086.621   135087.711   135325.121   135438.121
   585:   135645.121   135780.121   135862.121   135897.121   136007.121
   590:   136080.121   136154.721   136154.920   136154.901   136154.091
   595:   136454.902   137954.910   137956.613   139906.623   139907.713
   600:   140175.123   140322.123   140662.123   140820.123   140942.123
   605:   141070.123   141207.123   141381.123   141481.123   141583.123
   610:   141694.123   141726.123   141842.123   141907.723   141907.920
   615:   141907.901   141907.093   142207.902   143707.910   143709.615
   620:   147559.625   147560.715   148479.125   148521.125   148808.125
   625:   148916.125   149180.125   149311.125   149444.125   149557.125
   630:   149652.125   149728.125   149759.125   149875.125   150022.125
   635:   150137.125   150251.125   150363.125   150484.125   150577.125
   640:   150689.125   150718.125   150858.125   150971.125   151083.125
   645:   151203.125   151284.125   151324.125   151429.725   151429.920
   650:   151429.901   151429.095   151729.902   153229.910   153231.615
   655:   157081.625   157082.715   158605.125   158955.125   159234.125
   660:   159346.125   159476.125   159590.125   159712.125   159788.125
   665:   159882.125   159999.125   160052.125   160094.125   160207.125
   670:   160284.125   160407.125   160527.125   160644.125   160765.125
   675:   160841.125   160980.725   160980.920   160980.901   160980.095
   680:   161280.902   162780.910   162782.615   166632.625   166633.715
   685:   167646.125   167947.125   168077.125   168186.125   168307.125
   690:   168339.125   168448.125   168562.125   168709.125   168834.125
   695:   168981.125   169062.125   169142.125   169250.125   169297.125
   700:   169448.125   169557.125   169594.125   169714.125   169793.125
   705:   169877.125   170003.125   170136.125   170247.125   170383.125
   710:   170500.725   170500.920   170500.901   170500.095   170800.902
   715:   172300.910   172302.613   174252.623   174253.713   175159.123
   720:   175266.123   175428.123   175587.123   175745.123   175910.123
   725:   176049.123   176205.723   176205.920   176205.901   176205.093
   730:   176505.902   178005.910   178007.614   180757.624   180758.714
   735:   181535.124   181808.124   182078.124   182170.124   182277.124
   740:   182376.124   182457.124   182571.124   182726.124   182848.124
   745:   183004.124   183171.124   183367.124   183400.124   183564.724
   750:   183564.920   183564.901   183564.094   183864.902   185364.910
   755:   185366.614   188116.624   188117.714   188919.124   189242.124
   760:   189319.124   189406.124   189614.124   189703.124   189864.124
   765:   189950.124   190059.124   190095.124   190214.124   190326.124
   770:   190376.124   190432.124   190501.124   190673.124   190815.124
   775:   190939.724   190939.920   190939.901   190939.094   191239.902
   780:   192739.910   192741.614   195491.624   195492.714   196206.124
   785:   196766.124   196861.124   197459.124   197566.124   197673.124
   790:   197786.124   197892.124   198002.124   198098.124   198194.124
   795:   198297.724   198297.920   198297.901   198297.094   198597.902
   800:   200097.910   200099.612   201499.622   201500.712   202568.122
   805:   202676.122   202778.122   202813.122   202903.722   202903.920
   810:   202903.901   202903.092   203203.902   204703.910   204705.612
   815:   206105.622   206106.712   206580.122   206785.122   206835.122
   820:   206884.122   206995.122   207108.122   207135.122   207179.122
   825:   207289.122   207321.122   207445.122   207563.722   207563.920
   830:   207563.901   207563.092   207863.902   209363.910   209365.615
   835:   213215.625   213216.715   214702.125   214807.125   214919.125
   840:   215058.125   215174.125   215295.125   215413.125   215529.125
   845:   215683.125   215889.125   216000.125   216118.125   216200.125
   850:   216240.125   216303.125   216403.125   216545.125   216661.125
   855:   216748.125   216827.125   216907.125   216961.125   217027.125
   860:   217103.725   217103.920   217103.901   217103.095   217403.902
   865:   218903.910   218905.612   220305.622   220306.812   220884.132
   870:   221289.132   221387.132   221424.132   221476.132   221636.132
   875:   221769.132   221915.132   222036.132   222157.132   222290.132
   880:   222408.132   222522.132   222605.132   222728.132   222878.132
   885:   222987.132   223100.132   223220.132   223255.132   223313.132
   890:   223356.132   223408.132   223484.132   223530.132   223560.132
   895:   223643.132   223692.132   223770.132   223850.132   223891.132
   900:   223987.132   224026.132   224100.132   224135.132   224268.132
   905:   224306.822   224306.920   225806.910   225808.612   227208.622
   910:   227209.812   227352.132   227916.132   228229.132   228314.132
   915:   228417.132   228563.132   228650.132   228767.132   228842.132
   920:   228923.132   229080.132   229249.132   229409.132   229496.132
   925:   229555.132   229638.132   229757.132   229859.132   229906.132
   930:   230048.132   230113.132   230188.132   230277.132   230345.132
   935:   230432.132   230569.132   230692.132   230759.132   231023.132
   940:   231209.822   231209.920   232709.910   232711.613   234661.623
   945:   234662.813   236118.133   236220.133   236502.133   236640.133
   950:   236751.133   236909.133   236992.133   237069.133   237182.133
   955:   237220.133   237408.133   237557.133   237644.133   237794.133
   960:   237947.133   238099.133   238193.133   238248.133   238288.133
   965:   238379.133   238495.133   238823.133   238980.133   239089.133
   970:   239192.133   239337.133   239385.133   239462.823   239462.920
   975:   240962.910   240964.615   244814.625   244815.715   245078.125
   980:   245447.125   245594.125   245986.125   246171.125   246301.125
   985:   246524.125   246560.125   246608.125   246751.125   246829.125
   990:   247053.125   247483.125   247593.125   247731.125   247783.125
   995:   247896.125   247981.125   248098.125   248158.125   248248.125
  1000:   248342.125   248584.125   248701.725   248701.920   248701.901
  1005:   248701.095   249001.902   250501.910   250503.611   251503.621
  1010:   251504.711   252032.121   252315.121   252437.121   252523.721
  1015:   252523.920   252523.901   252523.091   252823.902   254323.910
  1020:   254325.613   256275.623   256276.713   256950.123   257239.123
  1025:   257398.123   257483.123   257633.123   257799.123   257938.123
  1030:   258159.123   258327.723   258327.920   258327.901   258327.093
  1035:   258627.902   260127.910   260129.613   262079.623   262080.713
  1040:   262637.123   262723.123   262842.123   262955.123   262988.123
  1045:   263099.123   263214.123   263342.123   263486.123   263652.123
  1050:   263760.123   263887.123   263971.123   264007.123   264123.723
  1055:   264123.920   264123.901   264123.093   264423.902   265923.910
  1060:   265925.614   268675.624   268676.714   269053.124   270434.124
  1065:   270729.124   271099.124   271204.124   271286.124   271365.124
  1070:   271514.724   271514.920   271514.901   271514.094   271814.902
  1075:   273314.910   273316.611   274316.621   274317.811   274895.131
  1080:   274926.131   275042.131   275148.131   275231.131   275316.131
  1085:   275434.131   275467.131   275553.131   275667.131   275819.131
  1090:   275936.131   276051.131   276195.131   276279.131   276361.131
  1095:   276436.131   276555.131   276676.131   276846.131   276963.131
  1100:   277136.131   277260.131   277428.131   277551.131   277680.131
  1105:   277817.821   277817.920   277825.411   279317.910   279319.612
  1110:   280719.622   280720.712   282045.122   282195.722   282195.920
  1115:   282195.901   282195.092   282495.902   283995.910   283997.613
  1120:   285947.623   285948.713   287298.123   287386.123   287543.123
  1125:   287623.123   287710.123   287860.123   287979.723   287979.920
  1130:   287979.901   287979.093   288279.902   289779.910   289781.615
  1135:   293631.625   293632.715   294219.125   294686.125   294806.125
  1140:   294883.125   294989.125   295100.125   295174.125   295293.125
  1145:   295444.125   295563.125   295711.125   295761.125   295901.125
  1150:   296012.125   296094.125   296123.125   296245.125   296317.125
  1155:   296419.125   296532.125   296684.125   296816.125   296913.125
  1160:   297034.125   297143.125   297173.125   297329.125   297440.125
  1165:   297529.725   297529.920   297529.901   297529.095   297829.902
  1170:   299329.910   299331.613   301281.623   301282.713   301413.123
  1175:   302238.123   302578.123   302668.123   302826.123   302934.123
  1180:   303000.123   303223.123   303333.723   303333.920   303333.901
  1185:   303333.093   303633.902   305133.910   305135.615   308985.625
  1190:   308986.715   309060.125   309156.125   309304.125   309723.125
  1195:   310481.125   310573.125   310722.125   310978.125   311167.125
  1200:   311325.125   311450.125   311579.125   311695.125   311817.125
  1205:   311986.125   312115.125   312206.125   312329.125   312405.125
  1210:   312539.125   312662.125   312794.125   312919.725   312919.920
  1215:   312919.901   312919.095   313219.902   314719.910   314721.612
  1220:   316121.622   316122.812   317114.132   317216.132   317325.132
  1225:   317361.132   317485.132   317571.132   317606.132   317727.132
  1230:   317855.132   318006.132   318123.132   318244.132   318291.132
  1235:   318436.132   318555.132   318590.132   318698.132   318895.132
  1240:   319071.132   319219.132   319308.132   319430.132   319563.132
  1245:   319680.132   319822.132   319941.132   320073.132   320122.822
  1250:   320122.920   321622.910   321624.613   323574.623   323575.813
  1255:   324359.133   324688.133   324819.133   325115.133   325223.133
  1260:   325253.133   325331.133   325429.133   325542.133   325644.133
  1265:   325766.133   325879.133   326031.133   326175.133   326328.133
  1270:   326431.133   326545.133   326579.133   326701.133   326842.133
  1275:   326961.133   327052.133   327144.133   327261.133   327481.133
  1280:   327563.133   327662.133   327767.133   327953.133   328176.133
  1285:   328309.133   328375.823   328375.920   329875.910   329877.614
  1290:   332627.624   332628.714   334604.124   334716.124   334834.124
  1295:   334942.124   335024.124   335140.124   335265.124   335420.724
  1300:   335420.920   335420.901   335420.094   335720.902   337220.910
  1305:   337222.613   339172.623   339173.813   340418.133   340709.133
  1310:   340857.133   340967.133   341102.133   341199.133   341342.133
  1315:   341462.133   341574.133   341713.133   341836.133   341992.133
  1320:   342073.133   342101.133   342260.133   342414.133   342579.133
  1325:   342737.133   342867.133   342999.133   343163.133   343401.133
  1330:   343644.133   343820.133   343973.823   343973.920   345473.910
  1335:   345475.611   346475.621   346476.711   347286.121   347527.721
  1340:   347527.920   347527.901   347527.091   347827.902   349327.910
  1345:   349329.614   352079.624   352080.814   353588.134   353807.134
  1350:   353908.134   353943.134   354057.134   354213.134   354356.134
  1355:   354501.134   354638.134   354807.134   354920.134   355033.134
  1360:   355069.134   355226.134   355376.134   355497.134   355596.134
  1365:   355762.134   355905.134   356100.134   356286.134   356865.134
  1370:   356982.134   357089.134   357197.134   357311.134   357398.134
  1375:   357570.134   357680.134   357821.134   357880.824   357880.920
  1380:   357895.411   359380.910   359382.614   362132.624   362133.714
  1385:   362977.124   363685.124   363787.124   363935.124   363989.124
  1390:   364135.124   364264.124   364315.124   364449.124   364593.124
  1395:   364761.124   364918.724   364918.920   364918.901   364918.094
  1400:   365218.902   366718.910   366720.614   369470.624   369471.714
  1405:   370433.124   370928.124   371092.124   371203.124   371235.124
  1410:   371293.124   371420.124   371572.124   371667.124   371807.124
  1415:   371940.124   372115.124   372200.124   372353.724   372353.920
  1420:   372353.901   372353.094   372653.902   374153.910   374155.613
  1425:   376105.623   376106.813   377680.133   378254.133   378452.133
  1430:   378492.133   378611.133   378775.133   378920.133   379083.133
  1435:   379256.133   379400.133   379496.133   379655.133   379782.133
  1440:   379919.133   379954.133   380155.133   380323.133   380450.133
  1445:   380576.133   380711.133   380800.133   380906.823   380906.920
  1450:   380909.411   382406.910   382408.614   385158.624   385159.814
  1455:   386279.134   387117.134   387226.134   387658.134   387757.134
  1460:   387897.134   388016.134   388120.134   388242.134   388401.134
  1465:   388436.134   388589.134   388697.134   388731.134   388780.134
  1470:   388910.134   389053.134   389162.134   389289.134   389373.134
  1475:   389539.134   389833.134   390005.134   390127.134   390217.134
  1480:   390338.134   390429.134   390538.134   390926.134   390959.824
  1485:   390959.920   392459.910   392461.614   395211.624   395212.814
  1490:   397625.134   398343.134   398450.134   398565.134   398669.134
  1495:   398820.134   398973.134   399027.134   399148.134   399258.134
  1500:   399366.134   399471.134   399570.134   399716.134   399796.134
  1505:   400003.134   400161.134   400316.134   400410.134   400531.134
  1510:   400670.134   400727.134   400773.134   400863.134   400966.134
  1515:   401012.824   401012.920   402512.910   402514.615   406364.625
  1520:   406365.815   406483.135   406778.135   407323.135   407756.135
  1525:   408294.135   408398.135   408859.135   408963.135   409103.135
  1530:   409269.135   409330.135   409457.135   409656.135   409839.135
  1535:   409952.135   410063.135   410188.135   410273.135   410458.135
  1540:   410564.135   410704.135   410787.135   410934.135   411040.135
  1545:   411162.135   411308.135   411394.135   411434.135   411493.135
  1550:   411581.135   411631.135   411757.135   411889.135   411991.135
  1555:   413326.135   413552.135   414065.825   414065.920   414081.411
  1560:   415565.910   415567.615   419417.625   419418.815   420070.135
  1565:   420365.135   420544.135   420985.135   421993.135   422142.135
  1570:   422247.135   422397.135   422476.135   422581.135   422775.135
  1575:   423056.135   423305.135   423412.135   423517.135   423722.135
  1580:   424255.135   424322.135   425013.135   425154.135   425557.135
  1585:   427118.825   427118.920   428618.910   428620.615   432470.625
  1590:   432471.815   435684.135   435737.135   436405.135   437313.135
  1595:   437768.135   438231.135   438279.135   438437.135   438740.135
  1600:   439642.135   440171.825   440171.920   441671.910   441673.611
  1605:   442673.621   442674.711   463377.721   463377.920   463377.901
  1610:   463377.091   463677.902   465177.910   465179.613   467129.623
  1615:   467130.713   467261.123   467922.123   469654.723   469654.920
  1620:   469654.901   469654.093   469954.902   471454.910   471456.611
  1625:   472456.621   472457.711   472740.121   473208.121   473291.121
  1630:   473481.721   473481.920   473481.901   473481.091   473781.902
  1635:   475281.910   475283.615   479133.625   479134.715   479957.125
  1640:   480159.125   480627.125   480731.125   480841.125   480882.125
  1645:   481065.125   481181.125   481250.125   481378.125   481530.125
  1650:   481643.125   481754.125   481863.125   481950.125   482134.125
  1655:   482252.125   482358.125   482472.125   482583.125   482746.125
  1660:   482866.125   482922.125   483008.725   483008.920   483008.901
  1665:   483008.095   483308.902   484808.910   484810.611   485810.621
  1670:   485811.711   486219.121   486340.121   486454.121   486560.121
  1675:   486668.121   486705.121   486781.121   486901.721   486901.920
  1680:   486901.901   486901.091   487201.902   488701.910   488703.613
  1685:   490653.623   490654.713   491254.123   491301.123   491422.123
  1690:   491541.123   491696.123   491789.123   491918.123   492007.123
  1695:   492142.123   492265.123   492434.123   492633.723   492633.920
  1700:   492633.901   492633.093   492933.902   494433.910   494435.612
  1705:   495835.622   495836.712   497739.722   497739.920   497739.901
  1710:   497739.092   498039.902   499539.910   499541.611   500541.621
  1715:   500542.711   501284.121   501368.121   501494.121   501618.721
  1720:   501618.920   501618.901   501618.091   501918.902   503418.910
  1725:   503420.614   506170.624   506171.714   506962.124   507079.124
  1730:   507170.124   507291.124   507409.124   507542.124   507656.124
  1735:   507782.124   507900.124   507974.124   508081.124   508240.124
  1740:   508365.124   508481.124   508686.124   508878.124   508965.724
  1745:   508965.920   508965.901   508965.094   509265.902   510765.910
  1750:   510767.615   514617.625   514618.715   517133.125   517201.125
  1755:   517325.125   517443.125   517525.125   517584.125   517630.125
  1760:   517713.125   517845.125   517927.125   518148.125   518280.125
  1765:   518426.125   518612.725   518612.920   518612.901   518612.095
  1770:   518912.902   520412.910   520414.614   523164.624   523165.814
  1775:   523502.134   523791.134   523882.134   524224.134   524334.134
  1780:   524424.134   524599.134   524633.134   524793.134   524923.134
  1785:   525036.134   525179.134   525299.134   525387.134   525474.134
  1790:   525610.134   525666.134   525784.134   525883.134   526011.134
  1795:   526109.134   526237.134   526350.134   526441.134   526560.134
  1800:   526651.134   526789.134   526879.134   526958.134   527095.134
  1805:   527213.134   527422.134   527510.134   527584.134   527642.134
  1810:   527758.134   527807.134   527883.134   527975.134   528097.134
  1815:   528161.134   528224.134   528280.134   528336.134   528571.134
  1820:   528651.134   528773.134   528816.134   528965.824   528965.920
  1825:   530465.910   530467.615   534317.625   534318.815   535046.135
  1830:   535276.135   535395.135   535436.135   535571.135   535630.135
  1835:   535676.135   535843.135   535933.135   536014.135   536118.135
  1840:   536241.135   536343.135   537500.135   537733.135   538749.135
  1845:   538794.135   539322.135   540022.135   540072.135   541326.135
  1850:   541400.135   542018.825   542018.920   543518.910   543520.612
  1855:   544920.622   544921.712   548560.722   548560.920   548560.901
  1860:   548560.092   548860.902   550360.910   550362.611   551362.621
  1865:   551363.711   553136.721   553136.920   553136.901   553136.091
  1870:   553436.902   554936.910   554938.615   558788.625   558789.715
  1875:   559061.125   560395.125   560473.125   560554.125   560666.125
  1880:   560766.125   560867.125   560980.125   561126.125   561268.125
  1885:   561382.125   561501.125   561652.125   561828.125   561905.125
  1890:   562012.125   562170.125   562260.125   562373.125   562495.125
  1895:   562654.725   562654.920   562654.901   562654.095   562954.902
  1900:   564454.910   564456.615   568306.625   568307.715   568464.125
  1905:   569249.125   569587.125   569871.125   569974.125   570189.125
  1910:   570341.125   570426.125   570644.125   570753.125   570910.125
  1915:   571010.125   571128.125   571233.125   571366.125   571456.125
  1920:   571591.125   571726.125   571848.125   571930.125   572030.125
  1925:   572277.725   572277.920   572277.901   572277.095   572577.902
  1930:   574077.910   574079.615   577929.625   577930.715   578913.125
  1935:   579491.125   579730.125   579993.125   580320.125   580550.125
  1940:   580803.125   580950.125   581221.125   581380.125   581527.125
  1945:   582775.725   582775.920   582775.901   582775.095   583075.902
  1950:   584575.910   584577.615   588427.625   588428.715   589710.125
  1955:   590057.125   590235.125   590391.125   590506.125   591067.125
  1960:   591178.125   591357.125   591482.125   591592.125   591708.125
  1965:   592116.125   592382.725   592382.920   592382.901   592382.095
  1970:   592682.902   594182.910   594184.614   596934.624   596935.714
  1975:   597026.124   597359.124   597403.124   597709.124   597890.124
  1980:   597963.124   598081.124   598162.124   598401.124   598487.124
  1985:   598611.124   598713.124   598810.124   598936.124   599109.124
  1990:   599223.124   599260.124   599420.124   599548.124   599692.724
  1995:   599692.920   599692.901   599692.094   599992.902   601492.910
  2000:   601494.612   602894.622   602895.712   603239.122   603348.122
  2005:   603482.122   603694.122   603778.122   603890.122   603976.122
  2010:   604077.122   604224.122   604316.722   604316.920   604316.901
  2015:   604316.092   604616.902   606116.910   606118.615   609968.625
  2020:   609969.715   611157.125   611298.125   611428.125   611479.125
  2025:   611584.125   611777.125   611848.125   611966.125   612121.125
  2030:   612227.125   612352.125   612463.125   612591.125   612697.125
  2035:   612783.125   612814.125   612920.125   612999.125   613046.125
  2040:   613143.125   613218.125   613372.125   613531.125   613570.125
  2045:   613607.125   613654.125   613776.125   613850.725   613850.920
  2050:   613850.901   613850.095   614150.902   615650.910   615652.613
  2055:   617602.623   617603.713   617857.123   618119.123   618276.123
  2060:   618385.123   618484.123   618580.123   618677.123   618708.123
  2065:   618812.123   618886.123   619013.123   619118.123   619223.123
  2070:   619327.123   619527.123   619608.723   619608.920   619608.901
  2075:   619608.093   619908.902   621408.910   621410.611   622410.621
  2080:   622411.711   622580.121   622708.121   622785.121   622854.121
  2085:   622954.121   623123.121   623197.121   623354.121   623462.721
  2090:   623462.920   623462.901   623462.091   623762.902   625262.910
  2095:   625264.615   629114.625   629115.715   629489.125   629593.125
  2100:   630494.125   630566.125   630678.125   630922.125   631023.125
  2105:   631097.125   631200.125   631287.125   631335.125   631372.125
  2110:   631452.125   631565.125   631674.125   631783.125   631921.125
  2115:   632029.125   632107.125   632187.125   632336.125   632408.125
  2120:   632454.125   632567.125   632678.125   632755.125   632860.125
  2125:   632907.125   632953.125   632984.725   632984.920   632984.901
  2130:   632984.095   633284.902   634784.910   634786.611   635786.621
  2135:   635787.811   635862.131   636247.131   636340.131   636447.131
  2140:   636555.131   636639.131   636746.131   636820.131   636896.131
  2145:   636977.131   637092.131   637140.131   637281.131   637359.131
  2150:   637460.131   637554.131   637647.131   637869.131   637960.131
  2155:   638078.131   638199.131   638291.131   638373.131   638461.131
  2160:   638611.131   638667.131   638784.131   638835.131   638892.131
  2165:   638970.131   639057.131   639130.131   639224.131   639287.821
  2170:   639287.920   640787.910   640789.613   642739.623   642740.713
  2175:   642901.123   643362.123   643472.123   643742.123   643941.123
  2180:   644075.123   644196.123   644275.123   644399.123   644516.123
  2185:   644674.123   644768.723   644768.920   644768.901   644768.093
  2190:   645068.902   646568.910   646570.613   648520.623   648521.713
  2195:   649134.123   649583.123   649685.123   649769.123   649805.123
  2200:   649891.123   650002.123   650039.123   650117.123   650405.123
  2205:   650552.723   650552.920   650552.901   650552.093   650852.902
  2210:   652352.910   652354.612   653754.622   653755.812   654457.132
  2215:   654553.132   654679.132   655035.132   655151.132   655349.132
  2220:   655390.132   655615.132   655692.132   655827.132   655910.132
  2225:   655992.132   656026.132   656139.132   656276.132   656370.132
  2230:   656412.132   656484.132   656607.132   656729.132   656884.132
  2235:   656961.132   657081.132   657131.132   657166.132   657280.132
  2240:   657366.132   657473.132   657531.132   657755.822   657755.920
  2245:   657775.411   659255.910   659257.614   662007.624   662008.714
  2250:   662690.124   663165.124   663394.124   663629.124   663751.124
  2255:   664038.124   664188.124   664294.124   664347.124   664425.124
  2260:   664508.124   664660.124   664905.724   664905.920   664905.901
  2265:   664905.094   665205.902   666705.910   666707.613   668657.623
  2270:   668658.813   669095.133   669270.133   669935.133   670330.133
  2275:   670400.133   670483.133   670582.133   670849.133   670916.133
  2280:   670991.133   671096.133   671173.133   671278.133   671384.133
  2285:   671487.133   671589.133   671695.133   671806.133   671919.133
  2290:   672058.133   672166.133   672332.133   672415.133   672460.133
  2295:   672502.133   672617.133   672706.133   672737.133   672851.133
  2300:   672961.133   673065.133   673183.133   673282.133   673418.133
  2305:   673455.133   673458.823   673458.920   674958.910   674960.614
  2310:   677710.624   677711.814   678137.134   678361.134   678738.134
  2315:   679059.134   679357.134   679394.134   679553.134   679785.134
  2320:   679829.134   679953.134   680079.134   680144.134   680408.134
  2325:   680490.134   680526.134   680602.134   680779.134   680904.134
  2330:   681002.134   681079.134   681173.134   681492.134   681631.134
  2335:   681798.134   681874.134   681923.134   682018.134   682064.134
  2340:   682293.134   682407.134   682447.134   682668.134   682757.134
  2345:   682797.134   682900.134   683005.134   683155.134   683235.134
  2350:   683307.134   683447.134   683511.824   683511.920   685011.910
  2355:   685013.614   687763.624   687764.814   687997.134   688682.134
  2360:   688827.134   689650.134   690086.134   690261.134   690362.134
  2365:   690597.134   693295.134   693336.134   693564.824   693564.920
  2370:   695064.910   695066.615   698916.625   698917.815   700365.135
  2375:   701131.135   701497.135   701629.135   702200.135   702341.135
  2380:   702691.135   702984.135   704521.135   706028.135   706617.825
  2385:   706617.920   708117.910   708119.615   711969.625   711970.815
  2390:   715262.135   715794.135   716122.135   716254.135   716402.135
  2395:   716791.135   717077.135   717170.135   717349.135   717439.135
  2400:   717655.135   717722.135   717879.135   717951.135   718239.135
  2405:   718330.135   718588.135   718911.135   719065.135   719181.135
  2410:   719409.135   719575.135   719653.135   719670.825   719670.920
  2415:   721170.910   721172.615   725022.625   725023.715   728358.125
  2420:   729264.725   729264.920   729264.901   729264.095   729564.902
  2425:   731064.910   731066.614   733816.624   733817.714   734916.124
  2430:   736652.724   736652.920   736652.901   736652.094   736952.902
  2435:   738452.910   738454.615   742304.625   742305.715   742488.125
  2440:   742969.125   743872.125   744132.125   744248.125   744459.125
  2445:   744787.125   744862.125   744999.125   745081.125   745280.125
  2450:   745430.125   745511.125   745626.125   745879.125   746063.125
  2455:   746171.725   746171.920   746171.901   746171.095   746471.902
  2460:   747971.910   747973.611   748973.621   748974.811   749418.131
  2465:   749533.131   749640.131   749694.131   749782.131   749877.131
  2470:   750008.131   750205.131   750432.131   750585.131   750813.131
  2475:   750930.131   751022.131   751134.131   751183.131   751238.131
  2480:   751284.131   751371.131   751417.131   751495.131   751633.131
  2485:   751834.131   751985.131   752186.131   752239.131   752369.131
  2490:   752474.821   752474.920   753974.910   753976.615   757826.625
  2495:   757827.815   758987.135   759139.135   759239.135   759362.135
  2500:   759579.135   759952.135   760046.135   760138.135   760253.135
  2505:   760414.135   760659.135   760812.135   760936.135   761168.135
  2510:   761248.135   761343.135   761469.135   761517.135   761820.135
  2515:   761969.135   762034.135   762144.135   762290.135   762425.135
  2520:   762554.135   762626.135   762738.135   762896.135   763046.135
  2525:   763153.135   763273.135   763371.135   763577.135   763716.135
  2530:   763802.135   763935.135   764068.135   764154.135   764327.135
  2535:   764431.135   764543.135   764678.135   764795.135   764895.135
  2540:   765032.135   765174.135   765527.825   765527.920   767027.910
  2545:   767029.614   769779.624   769780.714   770050.124   770090.124
  2550:   770893.124   771127.124   771550.124   772800.724   772800.920
  2555:   772800.901   772800.094   773100.902   773100.902   773100.005
  2560:   773100.006   773100.007   773100.020    
D:
     0:        0.000        0.000        0.000        0.000        0.000
     5:        0.000        0.000        0.000        0.000        0.000
    10:        0.000        0.000        0.000        0.000        0.000
    15:        0.000        0.000        0.000        0.000        0.000
    20:        0.000        0.000        0.000        0.000        0.000
    25:        0.000        5.000        0.000        0.000        0.000
    30:        0.000        0.000        0.000        0.000        0.000
    35:        0.000
F:
     0:       10.000       10.000       10.000       10.000       10.000
     5:       10.000       10.000       10.000       10.000       14.000
    10:       14.000       14.000       14.000       14.000       14.000
    15:       14.000       14.000       14.000       14.000       14.000
    20:       14.000       19.500       19.500       19.500       19.500
    25:       19.500       19.500       19.500       19.500       19.500
    30:       19.500       19.500       19.500       19.500       19.500
    35:       19.500       27.500       27.500       27.500       27.500
    40:       27.500       27.500       27.500       27.500       27.500
    45:       27.500       27.500       27.500       27.500       27.500
    50:       27.500       27.500       27.500       27.500       38.500
    55:       38.500       38.500       38.500       38.500       38.500
    60:       38.500       38.500       38.500       38.500       38.500
    65:       38.500       38.500       38.500       38.500       38.500
    70:       38.500       38.500       38.500       38.500       38.500
    75:       20.000       20.000       20.000       28.000       28.000
    80:       28.000       28.000       39.000       39.000       39.000
    85:       39.000       39.000       55.000       55.000       55.000
    90:       55.000       55.000       55.000       77.000       77.000
    95:       77.000       77.000       77.000       77.000       77.000
I:
     0:       75.000        0.000        0.000
M:
     0:        9.000       12.000       15.000       18.000       21.000
     5:        3.000        4.000        5.000        6.000        7.000
    10:      100.000
N:
     0:       12.000       16.000       20.000       24.000       28.000
     5:        0.000
Q:
     0:        9.000       12.000       15.000       18.000       21.000
     5:        0.000
V:
     0:        0.000        0.000        0.000        0.000        0.000
     5:       42.000      107.000      190.000      290.000      479.000
    10:       85.000      121.000      138.000      182.000      168.000
    15:        0.000
