File: C:\MED-PC IV\DATA\M_PEAK_LP14P105


Start Date: 10/02/17
End Date: 10/02/17
Subject: P105
Experiment: IF-PICO
Group: 0
Box: 6
Start Time:  9:45:49
End Time: 11:50:48
MSN: Multiple_PeakLP2
B:       0.000
C:       0.000
E:    4338.000
G:      38.500
H:    3850.000
J:       0.000
K:       0.000
L:       0.000
O:       0.000
P:       0.000
R:       0.000
S:       0.000
T:  749971.000
U:       0.000
W:       0.000
X:       0.000
Y:       0.000
Z:       0.000
A:
     0:        0.010      500.910      502.612     1902.622     1903.812
     5:     3673.132     3725.132     3863.132     3906.132     3947.132
    10:     3982.132     4018.132     4049.132     4065.132     4097.132
    15:     4116.132     4145.132     4185.132     4196.132     4229.132
    20:     4284.132     4334.132     4376.132     4413.132     4424.132
    25:     4475.132     4569.132     4627.132     4643.132     4685.132
    30:     4698.132     4988.132     5054.132     5066.132     5080.132
    35:     5117.132     5165.132     5202.132     5213.132     5302.132
    40:     5337.132     5372.132     5474.132     5530.132     5567.132
    45:     5625.132     5653.132     5726.132     5790.132     5822.132
    50:     5832.132     5899.132     5903.822     5903.920     5949.411
    55:     5974.411     5997.411     7403.910     7405.613     9355.623
    60:     9356.813     9642.133     9675.133     9717.133     9765.133
    65:     9892.133     9930.133     9957.133     9995.133    10037.133
    70:    10114.133    10250.133    10263.133    10303.133    10384.133
    75:    10437.133    10468.133    10505.133    10596.133    10607.133
    80:    10636.133    10670.133    10722.133    10833.133    10912.133
    85:    10925.133    10970.133    11056.133    11069.133    11119.133
    90:    11211.133    11284.133    11296.133    11309.133    11342.133
    95:    11352.133    11369.133    11586.133    11624.133    11637.133
   100:    11685.133    11781.133    11888.133    11899.133    11919.133
   105:    11932.133    11963.133    11978.133    12032.133    12137.133
   110:    12176.133    12189.133    12204.133    12536.133    12583.133
   115:    12592.133    12627.133    12643.133    12674.133    12719.133
   120:    12733.133    12805.133    12817.133    12896.133    12962.133
   125:    13239.133    13274.133    13317.133    13332.133    13379.133
   130:    14156.823    14156.920    15656.910    15658.611    16658.621
   135:    16659.711    16815.121    16852.121    16923.121    16962.121
   140:    17004.121    17045.121    17090.121    17125.121    17166.121
   145:    17253.121    17285.121    17398.121    17474.121    17504.121
   150:    17586.121    17601.121    17654.121    17718.721    17718.920
   155:    17718.901    17718.091    18018.902    19518.910    19520.614
   160:    22270.624    22271.714    22421.124    22459.124    22546.124
   165:    22584.124    22625.124    22666.124    22701.124    22737.124
   170:    22782.124    22831.124    22871.124    22950.124    22985.124
   175:    23002.124    23031.124    23070.124    23129.124    23220.124
   180:    23235.124    23417.124    23431.124    23481.124    23579.124
   185:    23614.124    23628.124    23647.124    23684.124    23702.124
   190:    23824.124    23838.124    23922.124    23946.124    23955.124
   195:    23966.124    24012.124    24020.124    24060.124    24075.124
   200:    24100.124    24183.124    24199.124    24282.124    24300.124
   205:    24313.124    24349.124    24357.124    24377.124    24469.124
   210:    24487.124    24530.124    24678.124    24722.124    24827.124
   215:    25140.724    25140.920    25140.901    25140.094    25440.902
   220:    26940.910    26942.612    28342.622    28343.712    28522.122
   225:    28559.122    28594.122    28637.122    28678.122    28722.122
   230:    28809.122    28895.122    28932.122    28948.122    28980.122
   235:    29063.122    29075.122    29126.122    29161.122    29200.122
   240:    29253.122    29333.122    29347.122    29493.122    29688.122
   245:    29700.122    29737.122    29752.722    29752.920    29752.901
   250:    29752.092    30052.902    31552.910    31554.614    34304.624
   255:    34305.714    34434.124    34470.124    34513.124    34876.124
   260:    34922.124    34951.124    34980.124    35022.124    35051.124
   265:    35104.124    35117.124    35174.124    35418.124    35476.124
   270:    35491.124    35540.124    35574.124    35588.124    35674.124
   275:    35797.124    35951.124    35986.124    36001.124    36081.124
   280:    36114.124    36200.124    36418.124    36428.124    36502.124
   285:    36517.124    36553.124    36565.124    36579.124    36726.124
   290:    36736.124    37316.724    37316.920    37316.901    37316.094
   295:    37616.902    39116.910    39118.612    40518.622    40519.712
   300:    41218.122    41256.122    41347.122    41366.122    41396.122
   305:    41434.122    41579.122    41622.122    41715.122    41747.122
   310:    41791.122    41835.122    42213.722    42213.920    42213.901
   315:    42213.092    42513.902    44013.910    44015.613    45965.623
   320:    45966.813    46203.133    46332.133    46370.133    46858.133
   325:    46903.133    46949.133    47003.133    47086.133    47132.133
   330:    47172.133    47213.133    47320.133    47545.133    47555.133
   335:    47609.133    47637.133    47650.133    47693.133    47705.133
   340:    47717.133    47950.133    47961.133    48007.133    48043.133
   345:    48075.133    48086.133    48122.133    48136.133    48178.133
   350:    48286.133    48299.133    48455.133    48468.133    48512.133
   355:    48527.133    48641.133    48742.133    48755.133    48953.133
   360:    48976.133    49028.133    49090.133    49119.133    49135.133
   365:    49169.133    49182.133    49198.133    49216.133    49366.133
   370:    49509.133    49585.133    49652.133    49852.133    49906.133
   375:    49949.133    50090.133    50170.133    50242.133    50496.133
   380:    50507.133    50619.133    50630.133    50766.823    50766.920
   385:    50824.411    50833.411    52266.910    52268.613    54218.623
   390:    54219.813    54896.133    54943.133    54986.133    55056.133
   395:    55241.133    55284.133    55323.133    55358.133    55400.133
   400:    55417.133    55449.133    55474.133    55506.133    55516.133
   405:    55551.133    55604.133    55705.133    55738.133    55795.133
   410:    55815.133    55829.133    55866.133    55905.133    55921.133
   415:    55981.133    56002.133    56103.133    56116.133    56152.133
   420:    56166.133    56205.133    56239.133    56255.133    56293.133
   425:    56316.133    56418.133    56429.133    56445.133    56477.133
   430:    56492.133    56539.133    56599.133    56642.133    56652.133
   435:    56697.133    56714.133    56833.133    56867.133    56882.133
   440:    56997.133    57138.133    57271.133    57386.133    57567.133
   445:    57617.133    57670.133    57682.133    57722.133    57792.133
   450:    57847.133    57898.133    57994.133    58173.133    58206.133
   455:    58222.133    58466.133    58483.133    58514.133    58583.133
   460:    58638.133    58690.133    58703.133    58739.133    58752.133
   465:    58893.133    58906.133    58950.133    58999.133    59014.133
   470:    59019.823    59019.920    60519.910    60521.613    62471.623
   475:    62472.813    65990.133    66032.133    66078.133    66119.133
   480:    66240.133    66283.133    66318.133    66362.133    66412.133
   485:    66459.133    66514.133    66545.133    66601.133    66650.133
   490:    66702.133    66817.133    66865.133    66913.133    66937.133
   495:    66972.133    67015.133    67035.133    67073.133    67091.133
   500:    67154.133    67189.133    67210.133    67248.133    67272.823
   505:    67272.920    68772.910    68774.614    71524.624    71525.814
   510:    71774.134    71881.134    71929.134    72012.134    72126.134
   515:    72144.134    72172.134    72193.134    72229.134    72252.134
   520:    72296.134    72333.134    72371.134    72427.134    72475.134
   525:    72615.134    72660.134    72681.134    72716.134    72828.134
   530:    72848.134    72857.134    72898.134    73045.134    73061.134
   535:    73084.134    73098.134    73178.134    73247.134    73314.134
   540:    73353.134    73484.134    73519.134    73591.134    73605.134
   545:    73657.134    73711.134    73726.134    73827.134    73941.134
   550:    73961.134    74105.134    74117.134    74151.134    74333.134
   555:    74346.134    74386.134    74482.134    74494.134    74576.134
   560:    74591.134    74633.134    74678.134    74691.134    74751.134
   565:    74785.134    74802.134    74845.134    74857.134    74878.134
   570:    74955.134    74975.134    75068.134    75116.134    75198.134
   575:    75232.134    75245.134    75281.134    75466.134    75478.134
   580:    75546.134    75562.134    77325.824    77325.920    78825.910
   585:    78827.612    80227.622    80228.712    80949.122    81032.122
   590:    81077.122    81122.122    81164.122    81204.122    81219.122
   595:    81254.122    81306.122    81347.122    81410.122    81423.122
   600:    81502.122    81638.722    81638.920    81638.901    81638.092
   605:    81938.902    83438.910    83440.614    86190.624    86191.814
   610:    86470.134    86506.134    86548.134    86589.134    86629.134
   615:    86716.134    86755.134    86807.134    86857.134    86893.134
   620:    86972.134    87011.134    87289.134    87325.134    87363.134
   625:    87409.134    87454.134    87506.134    87549.134    87592.134
   630:    87604.134    87680.134    87692.134    87724.134    87761.134
   635:    87806.134    88288.134    88324.134    88336.134    88351.134
   640:    88396.134    88441.134    88495.134    88552.134    88571.134
   645:    88609.134    88732.134    88788.134    89012.134    89028.134
   650:    89050.134    89110.134    89145.134    89202.134    89325.134
   655:    89363.134    89373.134    89389.134    89477.134    89491.134
   660:    89679.134    89691.134    89706.134    89724.134    89805.134
   665:    89814.134    89843.134    89988.134    90000.134    90142.134
   670:    90244.134    90286.134    90297.134    90348.134    90384.134
   675:    90639.134    90688.134    90703.134    90826.134    90834.134
   680:    90872.134    90885.134    90919.134    90945.134    91168.134
   685:    91231.134    91246.134    91426.134    91527.134    91581.134
   690:    91991.824    91991.920    93491.910    93493.614    96243.624
   695:    96244.814    97319.134    97409.134    97444.134    97478.134
   700:    97545.134    97655.134    97673.134    97711.134    97724.134
   705:    97761.134    97795.134    97847.134    97891.134    97901.134
   710:    97989.134    98008.134    98042.134    98157.134    98172.134
   715:    98276.134    98442.134    98456.134    98508.134    98519.134
   720:    98572.134    98585.134    98687.134    98700.134    98838.134
   725:    98890.134    98986.134    98999.134    99034.134    99049.134
   730:    99092.134    99268.134    99322.134    99356.134    99370.134
   735:    99407.134    99421.134    99459.134    99475.134    99607.134
   740:    99641.134    99662.134    99703.134    99721.134   101171.134
   745:   101250.134   101282.134   101322.134   101368.134   101415.134
   750:   101454.134   101475.134   101507.134   101524.134   101561.134
   755:   101711.134   101774.134   101833.134   102001.134   102044.824
   760:   102044.920   102055.411   102066.411   102080.411   103544.910
   765:   103546.615   107396.625   107397.815   108231.135   108277.135
   770:   108316.135   108358.135   108403.135   108416.135   108452.135
   775:   108488.135   108527.135   108614.135   108649.135   108695.135
   780:   108743.135   108779.135   108866.135   108898.135   108938.135
   785:   108984.135   109025.135   109080.135   109205.135   109296.135
   790:   109339.135   109352.135   109395.135   109645.135   109659.135
   795:   109746.135   109762.135   109897.135   109909.135   110037.135
   800:   110292.135   110457.135   110468.135   110550.135   110564.135
   805:   110603.135   110619.135   110707.135   110721.135   110764.135
   810:   111067.135   111081.135   111120.135   111151.135   111203.135
   815:   112657.135   112675.135   112718.135   115097.825   115097.920
   820:   116597.910   116599.615   120449.625   120450.815   120954.135
   825:   120997.135   121042.135   121078.135   121158.135   121208.135
   830:   121293.135   121332.135   121459.135   121498.135   121550.135
   835:   121589.135   121635.135   121676.135   121709.135   121757.135
   840:   121811.135   121857.135   121958.135   121998.135   122044.135
   845:   122061.135   122382.135   122395.135   122517.135   122529.135
   850:   122926.135   122974.135   123019.135   123077.135   123089.135
   855:   123124.135   123141.135   123173.135   123240.135   123329.135
   860:   123684.135   123692.135   123780.135   123849.135   123860.135
   865:   124065.135   124142.135   124181.135   124198.135   124231.135
   870:   124245.135   124281.135   124431.135   126182.135   126223.135
   875:   126262.135   126302.135   126373.135   126623.135   126661.135
   880:   126744.135   127714.135   127754.135   127799.135   127851.135
   885:   127910.135   128150.825   128150.920   129650.910   129652.614
   890:   132402.624   132403.814   132626.134   132666.134   132707.134
   895:   132748.134   132840.134   132896.134   132946.134   133003.134
   900:   133118.134   133159.134   133208.134   133250.134   133309.134
   905:   133362.134   133486.134   133521.134   133541.134   133576.134
   910:   133622.134   133669.134   133706.134   133719.134   133795.134
   915:   133840.134   133849.134   134044.134   134174.134   134185.134
   920:   134331.134   134732.134   134748.134   134894.134   135021.134
   925:   135373.134   135438.134   135498.134   135509.134   135585.134
   930:   135598.134   135648.134   135662.134   138203.824   138203.920
   935:   139703.910   139705.611   140705.621   140706.711   140990.121
   940:   141029.121   141068.121   141110.121   141154.121   141286.121
   945:   141325.121   141370.121   141418.121   141463.121   141510.121
   950:   141559.121   141597.121   141689.121   141830.721   141830.920
   955:   141830.901   141830.091   142130.902   143630.910   143632.614
   960:   146382.624   146383.714   147082.124   147162.124   147221.124
   965:   147266.124   147307.124   147406.124   147441.124   147471.124
   970:   147509.124   147605.124   147640.124   147674.124   147697.124
   975:   147738.124   147780.124   147819.124   147877.124   147914.124
   980:   147966.124   148176.124   148226.124   148279.124   148317.124
   985:   148356.124   148373.124   148427.124   148569.124   148603.124
   990:   148616.124   148647.124   148695.124   148710.124   148747.124
   995:   148761.124   148800.124   148818.124   148938.124   148953.124
  1000:   149047.124   149058.124   149179.724   149179.920   149179.901
  1005:   149179.094   149479.902   150979.910   150981.612   152381.622
  1010:   152382.712   152475.122   152535.122   152595.122   152684.122
  1015:   152720.122   152758.122   152805.122   152896.122   152930.122
  1020:   152965.122   152995.122   153038.122   153072.122   153120.122
  1025:   153139.122   153182.122   153316.122   153329.122   153364.122
  1030:   153538.122   153552.122   153568.122   153603.122   153615.122
  1035:   153644.122   153667.122   153759.122   153772.122   153830.722
  1040:   153830.920   153830.901   153830.092   154130.902   155630.910
  1045:   155632.613   157582.623   157583.713   157941.123   158026.123
  1050:   158262.123   158307.123   158346.123   158440.123   158454.123
  1055:   158705.123   158713.123   158769.123   158839.123   158894.123
  1060:   158934.123   158947.123   158987.123   159011.123   159307.123
  1065:   159632.723   159632.920   159632.901   159632.093   159932.902
  1070:   161432.910   161434.614   164184.624   164185.714   164433.124
  1075:   164471.124   164506.124   164587.124   164710.124   164729.124
  1080:   164778.124   164811.124   164847.124   164890.124   164936.124
  1085:   164970.124   165022.124   165058.124   165110.124   165127.124
  1090:   165157.124   165193.124   165249.124   165359.124   165428.124
  1095:   165496.124   165714.124   165733.124   165771.124   165911.124
  1100:   165941.124   166121.124   166136.124   166150.124   166189.124
  1105:   166200.124   166450.124   166465.124   166543.124   166549.124
  1110:   166556.124   166700.124   166810.124   166824.124   166900.124
  1115:   166918.124   166975.724   166975.920   166975.901   166975.094
  1120:   167275.902   168775.910   168777.615   172627.625   172628.715
  1125:   173056.125   173072.125   173107.125   173194.125   173228.125
  1130:   173271.125   173692.125   173888.125   173936.125   173973.125
  1135:   174017.125   174061.125   174091.125   174136.125   174369.125
  1140:   174385.125   174456.125   174508.125   174542.125   174592.125
  1145:   174857.125   174893.125   174926.125   174942.125   174959.125
  1150:   175033.125   175070.125   175110.125   175372.125   175466.125
  1155:   175482.125   175519.125   175553.125   175573.125   175601.125
  1160:   175624.125   175755.125   175808.125   175822.125   176007.125
  1165:   176020.125   176232.125   176380.125   176395.125   176412.125
  1170:   176460.125   176850.725   176850.920   176850.901   176850.095
  1175:   177150.902   178650.910   178652.615   182502.625   182503.715
  1180:   182989.125   183028.125   183072.125   183117.125   183159.125
  1185:   183199.125   183348.125   183384.125   183429.125   183447.125
  1190:   183593.125   183643.125   183682.125   183723.125   183768.125
  1195:   183812.125   184003.125   184043.125   184077.125   184412.125
  1200:   184454.125   184495.125   184507.125   184548.125   184565.125
  1205:   184814.125   184867.125   184879.125   184916.125   184928.125
  1210:   185225.125   185240.125   185274.125   185328.125   185361.125
  1215:   185389.125   185439.125   185450.125   185485.125   185501.125
  1220:   185615.125   185652.125   186091.125   186102.125   186250.125
  1225:   186308.125   186458.725   186458.920   186458.901   186458.095
  1230:   186758.902   188258.910   188260.611   189260.621   189261.711
  1235:   189409.121   189451.121   189493.121   189532.121   189579.121
  1240:   189623.121   189711.121   189747.121   189785.121   189826.121
  1245:   189875.121   189912.121   190002.121   190036.121   190050.121
  1250:   190090.121   190106.121   190251.121   190267.721   190267.920
  1255:   190267.901   190267.091   190567.902   192067.910   192069.615
  1260:   195919.625   195920.715   196105.125   196144.125   196178.125
  1265:   196211.125   196572.125   196586.125   196636.125   196718.125
  1270:   196841.125   196875.125   196912.125   197027.125   197045.125
  1275:   197078.125   197115.125   197201.125   197241.125   197287.125
  1280:   197331.125   197380.125   197653.125   197666.125   197711.125
  1285:   197769.125   197827.125   197928.125   197942.125   197960.125
  1290:   198105.125   198192.125   198203.125   198218.125   198267.125
  1295:   198324.125   198338.125   198501.125   198720.125   198735.125
  1300:   198799.125   198990.125   199126.125   199276.125   199286.125
  1305:   199384.125   199483.125   199693.125   199732.125   199744.125
  1310:   199851.725   199851.920   199851.901   199851.095   200151.902
  1315:   201651.910   201653.614   204403.624   204404.714   204849.124
  1320:   204904.124   204942.124   204989.124   205041.124   205078.124
  1325:   205201.124   205250.124   205262.124   205294.124   205345.124
  1330:   205397.124   205662.124   205698.124   205743.124   205762.124
  1335:   205806.124   205845.124   205855.124   205914.124   205924.124
  1340:   206088.124   206101.124   206399.124   206414.124   206429.124
  1345:   206468.124   206480.124   206637.124   206891.124   206899.124
  1350:   207125.124   207170.724   207170.920   207170.901   207170.094
  1355:   207470.902   208970.910   208972.611   209972.621   209973.811
  1360:   210365.131   210475.131   210556.131   210685.131   210725.131
  1365:   210781.131   210815.131   210900.131   210915.131   210948.131
  1370:   210966.131   210999.131   211209.131   211348.131   211445.131
  1375:   211460.131   211541.131   211553.131   211588.131   211602.131
  1380:   211784.131   211811.131   211870.131   211886.131   211995.131
  1385:   212168.131   212205.131   212214.131   212274.131   212305.131
  1390:   212323.131   212411.131   212423.131   212576.131   212625.131
  1395:   212845.131   212857.131   213005.131   213080.131   213094.131
  1400:   213156.131   213327.131   213394.131   213432.131   213444.131
  1405:   213473.821   213473.920   214973.910   214975.614   217725.624
  1410:   217726.814   219472.134   219523.134   219751.134   219781.134
  1415:   219831.134   219868.134   219900.134   219949.134   219996.134
  1420:   220210.134   220276.134   220307.134   220350.134   220371.134
  1425:   220407.134   220487.134   220646.134   220659.134   220693.134
  1430:   220783.134   220976.134   221012.134   221096.134   221131.134
  1435:   221148.134   221181.134   221220.134   221357.134   221612.134
  1440:   221752.134   221764.134   221801.134   221816.134   221969.134
  1445:   221981.134   222109.134   222121.134   222400.134   222435.134
  1450:   222452.134   222526.134   222627.134   222746.134   222762.134
  1455:   223118.134   223153.134   223164.134   223191.134   223205.134
  1460:   223228.134   223277.134   223471.134   223524.134   223526.824
  1465:   223526.920   223540.411   225026.910   225028.615   228878.625
  1470:   228879.815   229544.135   229584.135   229631.135   229654.135
  1475:   229686.135   229729.135   229771.135   229846.135   229864.135
  1480:   229877.135   229902.135   229942.135   229965.135   229981.135
  1485:   230015.135   230056.135   230387.135   230436.135   230449.135
  1490:   230491.135   230755.135   230792.135   230805.135   230841.135
  1495:   230854.135   230891.135   231009.135   231021.135   231056.135
  1500:   231403.135   231415.135   231451.135   231513.135   231528.135
  1505:   231614.135   231630.135   231747.135   231758.135   231802.135
  1510:   231831.135   231880.135   231902.135   232057.135   232260.135
  1515:   232364.135   232559.135   232573.135   232650.135   232665.135
  1520:   232901.135   232912.135   232953.135   232966.135   234192.135
  1525:   234235.135   234258.135   234304.135   234353.135   234393.135
  1530:   234658.135   234699.135   234739.135   234786.135   234820.135
  1535:   234865.135   234952.135   234989.135   235017.135   235052.135
  1540:   235111.135   235144.135   235169.135   235208.135   235243.135
  1545:   235293.135   235392.135   235405.135   235497.135   235600.135
  1550:   235612.135   235652.135   236579.825   236579.920   238079.910
  1555:   238081.615   241931.625   241932.715   242832.125   242877.125
  1560:   242967.125   243127.125   243164.125   243197.125   243238.125
  1565:   243509.125   243756.125   243799.125   243811.125   243882.125
  1570:   243919.125   243966.125   243988.125   244014.125   244102.125
  1575:   244113.125   244144.125   244164.125   244197.125   244421.125
  1580:   244458.125   244574.125   244613.125   244651.125   244666.125
  1585:   244692.125   244746.125   244860.125   245093.125   245111.125
  1590:   245166.125   245271.125   245288.125   245567.125   245607.125
  1595:   245620.125   245660.125   245783.725   245783.920   245783.901
  1600:   245783.095   246083.902   247583.910   247585.613   249535.623
  1605:   249536.713   249736.123   249782.123   249827.123   249996.123
  1610:   250066.123   250085.123   250230.123   250271.123   250329.123
  1615:   250369.123   250401.123   250442.123   250490.123   250534.123
  1620:   250583.123   250608.123   250639.123   250681.123   250702.123
  1625:   250784.123   250824.123   250869.123   250892.123   250926.123
  1630:   250982.123   251024.123   251061.123   251123.123   251136.123
  1635:   251191.123   251243.123   251377.123   251443.123   251620.723
  1640:   251620.920   251620.901   251620.093   251920.902   253420.910
  1645:   253422.615   257272.625   257273.815   259305.135   259464.135
  1650:   259548.135   259596.135   259613.135   259647.135   259661.135
  1655:   259853.135   259895.135   259926.135   259944.135   259974.135
  1660:   260027.135   260040.135   260070.135   260163.135   260201.135
  1665:   260214.135   260309.135   260347.135   260361.135   260668.135
  1670:   260682.135   260719.135   260733.135   260778.135   260791.135
  1675:   260851.135   260904.135   260919.135   261097.135   261111.135
  1680:   261150.135   261190.135   261207.135   261245.135   261258.135
  1685:   261295.135   261307.135   261345.135   261357.135   261393.135
  1690:   261591.135   261793.135   261922.135   261957.135   261972.135
  1695:   262004.135   262020.135   262159.135   262175.135   262239.135
  1700:   264669.135   264713.135   264756.135   264805.135   264845.135
  1705:   264907.135   264921.135   264972.135   264973.825   264973.920
  1710:   266473.910   266475.615   270325.625   270326.815   270584.135
  1715:   270628.135   270672.135   270729.135   270742.135   270798.135
  1720:   270908.135   270944.135   270992.135   271109.135   271200.135
  1725:   271346.135   271395.135   271410.135   271543.135   271594.135
  1730:   271623.135   271680.135   271720.135   271740.135   271774.135
  1735:   271789.135   271858.135   271913.135   271926.135   271957.135
  1740:   272000.135   272048.135   272091.135   272149.135   272197.135
  1745:   272212.135   272255.135   272368.135   272382.135   272499.135
  1750:   272513.135   272604.135   272618.135   272924.135   272971.135
  1755:   272983.135   273066.135   273078.135   273116.135   273163.135
  1760:   273377.135   273391.135   273428.135   273439.135   273474.135
  1765:   273548.135   273575.135   273594.135   273781.135   273790.135
  1770:   273828.135   273837.135   273875.135   273891.135   274207.135
  1775:   274538.135   274638.135   274649.135   274693.135   274704.135
  1780:   274743.135   274759.135   274847.135   274862.135   277720.135
  1785:   277734.135   277768.135   277804.135   277819.135   277853.135
  1790:   277866.135   277904.135   277916.135   277951.135   277964.135
  1795:   277996.135   278026.825   278026.920   279526.910   279528.615
  1800:   283378.625   283379.815   284708.135   284754.135   284767.135
  1805:   284801.135   284826.135   284841.135   284923.135   285078.135
  1810:   285096.135   285136.135   285188.135   285203.135   285316.135
  1815:   285358.135   285370.135   285416.135   285576.135   285656.135
  1820:   285669.135   285711.135   285723.135   285759.135   285772.135
  1825:   285813.135   285825.135   286018.135   286055.135   286066.135
  1830:   286204.135   286216.135   286263.135   286276.135   286385.135
  1835:   286628.135   286672.135   286709.135   286721.135   286756.135
  1840:   286921.135   286933.135   286978.135   287014.135   287029.135
  1845:   287070.135   287148.135   287159.135   287199.135   287212.135
  1850:   287250.135   287263.135   287339.135   287615.135   287630.135
  1855:   287664.135   287678.135   287720.135   287736.135   287775.135
  1860:   287786.135   287828.135   287846.135   287889.135   287907.135
  1865:   287948.135   289178.135   289223.135   289271.135   289452.135
  1870:   289500.135   289589.135   290371.135   290415.135   290467.135
  1875:   290517.135   290657.135   290730.135   290999.135   291067.135
  1880:   291079.825   291079.920   292579.910   292581.614   295331.624
  1885:   295332.714   295622.124   295661.124   295848.124   295886.124
  1890:   295930.124   295982.124   296138.124   296379.124   296417.124
  1895:   296458.124   296509.124   296567.124   296585.124   296618.124
  1900:   296634.124   296669.124   296684.124   296717.124   296732.124
  1905:   296852.124   297055.124   297069.124   297101.124   297145.124
  1910:   297200.124   297212.124   297253.124   297268.124   297458.124
  1915:   297473.124   297505.124   297518.124   297552.124   297600.124
  1920:   297617.124   297653.124   297665.124   297699.124   297764.124
  1925:   297822.124   297850.124   297894.124   297928.124   297973.124
  1930:   297989.124   298062.124   298079.124   298117.724   298117.920
  1935:   298117.901   298117.094   298417.902   299917.910   299919.615
  1940:   303769.625   303770.715   306465.125   306559.125   306605.125
  1945:   306666.125   306713.125   306834.125   306938.125   307054.125
  1950:   307095.125   307132.125   307148.125   307252.125   307288.125
  1955:   307403.125   307438.125   307478.125   307496.125   307537.125
  1960:   307753.725   307753.920   307753.901   307753.095   308053.902
  1965:   309553.910   309555.611   310555.621   310556.711   310730.121
  1970:   310769.121   311253.121   311293.121   311337.121   311380.121
  1975:   311420.121   311463.121   311508.121   311550.121   311594.721
  1980:   311594.920   311594.901   311594.091   311894.902   313394.910
  1985:   313396.614   316146.624   316147.714   316420.124   316453.124
  1990:   316495.124   316525.124   316568.124   316653.124   316733.124
  1995:   316823.124   317058.124   317099.124   317110.124   317127.124
  2000:   317236.124   317250.124   317376.124   317477.124   317513.124
  2005:   317600.124   317688.124   317701.124   317878.124   318018.124
  2010:   318260.124   318272.124   318319.124   318329.124   318369.124
  2015:   318406.124   318423.124   318459.124   318476.124   318582.124
  2020:   318595.124   318638.124   318651.124   318692.124   318707.124
  2025:   318972.724   318972.920   318972.901   318972.094   319272.902
  2030:   320772.910   320774.615   324624.625   324625.815   324927.135
  2035:   325008.135   325242.135   325483.135   325505.135   325537.135
  2040:   325555.135   325579.135   325615.135   325876.135   325914.135
  2045:   325927.135   326209.135   326255.135   326293.135   326306.135
  2050:   326342.135   326377.135   326411.135   326499.135   326512.135
  2055:   326550.135   326562.135   326889.135   326952.135   326963.135
  2060:   327305.135   327317.135   327355.135   327401.135   327416.135
  2065:   327437.135   327520.135   327628.135   327663.135   327675.135
  2070:   328023.135   328031.135   328081.135   328116.135   328131.135
  2075:   328175.135   328188.135   328221.135   328234.135   328381.135
  2080:   328397.135   328432.135   328538.135   328549.135   328671.135
  2085:   328683.135   328697.135   328817.135   328834.135   328929.135
  2090:   328942.135   328979.135   328989.135   329007.135   329133.135
  2095:   329320.135   329330.135   329377.135   329467.135   329478.135
  2100:   329600.135   329612.135   329715.135   329904.135   329915.135
  2105:   330064.135   330076.135   330115.135   330125.135   330166.135
  2110:   330176.135   330214.135   331962.135   332005.135   332277.135
  2115:   332313.135   332325.825   332325.920   333825.910   333827.614
  2120:   336577.624   336578.714   336850.124   337149.124   337499.124
  2125:   337535.124   337582.124   337596.124   337624.124   337699.124
  2130:   338186.124   338233.124   338276.124   338294.124   338343.124
  2135:   338359.124   338414.124   338463.124   338565.124   338778.124
  2140:   338827.124   338843.124   338936.124   338968.124   339011.124
  2145:   339042.124   339088.124   339108.124   339123.124   339163.124
  2150:   339320.124   339329.724   339329.920   339329.901   339329.094
  2155:   339629.902   341129.910   341131.611   342131.621   342132.711
  2160:   342233.121   342272.121   342320.121   342370.121   342492.121
  2165:   342529.121   342569.121   342611.121   342653.121   342784.121
  2170:   342799.121   342832.121   342842.121   342934.121   343074.121
  2175:   343086.121   343106.121   343196.721   343196.920   343196.901
  2180:   343196.091   343496.902   344996.910   344998.614   347748.624
  2185:   347749.714   347884.124   347978.124   348049.124   348089.124
  2190:   348126.124   348317.124   348334.124   348363.124   348404.124
  2195:   348446.124   348487.124   348523.124   348564.124   348658.124
  2200:   348704.124   348716.124   348747.124   348778.124   348811.124
  2205:   349144.124   349184.124   349203.124   349280.124   349317.124
  2210:   349331.124   349372.124   349386.124   349433.124   349462.124
  2215:   349482.124   349512.124   349529.124   349570.124   349660.124
  2220:   349676.124   349800.124   349813.124   349915.124   349985.124
  2225:   350129.124   350141.124   350271.124   350574.724   350574.920
  2230:   350574.901   350574.094   350874.902   352374.910   352376.615
  2235:   356226.625   356227.715   357039.125   357221.125   357250.125
  2240:   357584.125   357753.125   357910.125   358111.125   358162.125
  2245:   358177.125   358207.125   358240.125   358498.125   358514.125
  2250:   358550.125   358562.125   358577.125   358613.125   358697.125
  2255:   358737.125   358748.125   358781.125   358829.125   358910.125
  2260:   358981.125   359172.125   359220.125   359257.125   359270.125
  2265:   359307.125   359336.125   359371.125   359389.125   359634.125
  2270:   359724.125   359874.125   359888.125   359928.125   360062.125
  2275:   360297.725   360297.920   360297.901   360297.095   360597.902
  2280:   362097.910   362099.615   365949.625   365950.715   366327.125
  2285:   366731.125   366817.125   367228.125   367276.125   367371.125
  2290:   367489.125   367522.125   367568.125   367610.125   367644.125
  2295:   368029.125   368373.125   368418.125   368465.125   368520.125
  2300:   368628.125   368671.125   368687.125   368720.125   368737.125
  2305:   368789.125   368827.125   369007.125   369020.125   369058.125
  2310:   369071.125   369272.125   369414.125   369459.125   369470.125
  2315:   369525.125   369737.125   369753.125   369782.125   369798.125
  2320:   369840.725   369840.920   369840.901   369840.095   370140.902
  2325:   371640.910   371642.614   374392.624   374393.714   374796.124
  2330:   375157.124   375194.124   375240.124   375286.124   375371.124
  2335:   375408.124   375525.124   375616.124   375649.124   375684.124
  2340:   375707.124   375732.124   375771.124   375815.124   375861.124
  2345:   375903.124   376022.124   376036.124   376275.124   376324.124
  2350:   376358.124   376412.124   376456.124   376468.124   376499.124
  2355:   376580.124   376593.124   376620.124   376641.124   376674.124
  2360:   376696.124   376881.124   376924.124   377009.124   377040.124
  2365:   377089.124   377107.124   377175.724   377175.920   377175.901
  2370:   377175.094   377475.902   378975.910   378977.615   382827.625
  2375:   382828.715   383095.125   383652.125   383891.125   383926.125
  2380:   384105.125   384133.125   384574.125   384707.125   384859.125
  2385:   384899.125   384945.125   384980.125   385015.125   385036.125
  2390:   385069.125   385110.125   385387.125   385426.125   385440.125
  2395:   385492.125   385567.125   385577.125   385609.125   385958.125
  2400:   385979.125   385992.125   386023.125   386294.125   386599.125
  2405:   386610.125   386646.125   386658.125   386680.725   386680.920
  2410:   386680.901   386680.095   386980.902   388480.910   388482.612
  2415:   389882.622   389883.812   390060.132   390147.132   390154.132
  2420:   390229.132   390272.132   390321.132   390365.132   390410.132
  2425:   390451.132   390485.132   390534.132   390571.132   390648.132
  2430:   390689.132   390747.132   390781.132   390825.132   390870.132
  2435:   391025.132   391037.132   391174.132   391320.132   391333.132
  2440:   391551.132   391587.132   391631.132   391665.132   391678.132
  2445:   391720.132   391732.132   391749.132   392105.132   392131.132
  2450:   392291.132   392304.132   392321.132   392354.132   392534.132
  2455:   392569.132   392792.132   392964.132   393001.132   393014.132
  2460:   393058.132   393067.132   393106.132   393117.132   393154.132
  2465:   393169.132   393313.132   393326.132   393357.132   393372.132
  2470:   393512.132   393524.132   393560.132   393694.132   393709.132
  2475:   393727.132   393836.132   393849.132   393883.822   393883.920
  2480:   395383.910   395385.612   396785.622   396786.712   397094.122
  2485:   397135.122   397309.122   397365.122   397380.122   397692.122
  2490:   397765.122   397836.122   397920.122   397932.122   397964.122
  2495:   398213.722   398213.920   398213.901   398213.092   398513.902
  2500:   400013.910   400015.615   403865.625   403866.715   404419.125
  2505:   404788.125   405185.125   405280.125   405542.125   405555.125
  2510:   405791.125   406043.125   406077.125   406112.125   406149.125
  2515:   406182.125   406222.125   406265.125   406299.125   406311.125
  2520:   406358.125   406591.125   406635.125   406687.125   406756.125
  2525:   406766.125   406796.125   406832.125   406846.125   406876.125
  2530:   406890.125   407250.125   407261.125   407295.125   407310.125
  2535:   407403.125   407432.125   407470.125   407502.125   407515.125
  2540:   407563.125   407792.725   407792.920   407792.901   407792.095
  2545:   408092.902   409592.910   409594.615   413444.625   413445.715
  2550:   414027.125   414062.125   414102.125   414415.125   414444.125
  2555:   415147.125   415193.125   415235.125   415289.125   415365.125
  2560:   415593.125   415627.125   415663.125   415705.125   415718.125
  2565:   415750.125   415844.125   415982.125   416266.125   416299.125
  2570:   416311.125   416348.125   416362.125   416466.125   416480.125
  2575:   416514.125   416676.125   416758.125   416772.125   416888.125
  2580:   417054.125   417231.125   417275.125   417285.125   417363.725
  2585:   417363.920   417363.901   417363.095   417663.902   419163.910
  2590:   419165.612   420565.622   420566.812   420675.132   420719.132
  2595:   420765.132   420809.132   420919.132   420957.132   420987.132
  2600:   421024.132   421060.132   421102.132   421173.132   421245.132
  2605:   421358.132   421401.132   421433.132   421462.132   421587.132
  2610:   421798.132   421949.132   421963.132   422021.132   422034.132
  2615:   422210.132   422226.132   422372.132   422450.132   422464.132
  2620:   422495.132   422513.132   422541.132   422830.132   422841.132
  2625:   422920.132   422931.132   423007.132   423021.132   423106.132
  2630:   423124.132   423280.132   423367.132   423384.132   423425.132
  2635:   423513.132   423697.132   423785.132   423795.132   423828.132
  2640:   424010.132   424053.132   424082.132   424097.132   424566.822
  2645:   424566.920   426066.910   426068.615   429918.625   429919.715
  2650:   430386.125   431355.125   431412.125   431464.125   431543.125
  2655:   431645.125   431884.125   431916.125   431989.125   432002.125
  2660:   432050.125   432311.125   432383.125   432415.125   432518.125
  2665:   432627.125   432639.125   432670.125   432770.125   432854.125
  2670:   432861.125   432894.125   432906.125   432935.125   432949.125
  2675:   432995.125   433364.125   433472.125   433621.125   433661.125
  2680:   433672.125   433704.125   433720.125   433848.725   433848.920
  2685:   433848.901   433848.095   434148.902   435648.910   435650.614
  2690:   438400.624   438401.714   439167.124   439530.124   439669.124
  2695:   439833.124   439864.124   439900.124   440010.124   440127.124
  2700:   440203.124   440373.124   440384.124   440413.124   440750.124
  2705:   440788.124   440870.124   440885.124   440918.124   440949.124
  2710:   440989.124   441212.724   441212.920   441212.901   441212.094
  2715:   441512.902   443012.910   443014.615   446864.625   446865.715
  2720:   447846.125   448410.125   449283.125   449362.125   449779.125
  2725:   449821.125   449853.125   449901.125   449944.125   450055.125
  2730:   450103.125   450141.125   450180.125   450222.125   450485.125
  2735:   450497.125   450535.125   450822.725   450822.920   450822.901
  2740:   450822.095   451122.902   452622.910   452624.613   454574.623
  2745:   454575.813   455157.133   455183.133   455222.133   455261.133
  2750:   455609.133   455648.133   455676.133   455714.133   455754.133
  2755:   455800.133   455835.133   455879.133   455980.133   456060.133
  2760:   456287.133   456322.133   456345.133   456377.133   456411.133
  2765:   456652.133   456685.133   456777.133   456813.133   456996.133
  2770:   457007.133   457044.133   457064.133   457150.133   457161.133
  2775:   457220.133   457584.133   457717.133   457870.133   457946.133
  2780:   457961.133   458193.133   458440.133   458456.133   459012.133
  2785:   459024.133   459076.133   459127.133   459165.133   459178.133
  2790:   459375.823   459375.920   460875.910   460877.611   461877.621
  2795:   461878.711   462026.121   462074.121   462119.121   462205.121
  2800:   462292.121   462327.121   462369.121   462451.121   462481.121
  2805:   462525.121   462610.121   462665.121   462701.121   462737.121
  2810:   462786.121   462824.121   462893.721   462893.920   462893.901
  2815:   462893.091   463193.902   464693.910   464695.614   467445.624
  2820:   467446.814   467544.134   467931.134   467948.134   467982.134
  2825:   468015.134   468080.134   468424.134   468458.134   468505.134
  2830:   468524.134   468557.134   468594.134   468616.134   468635.134
  2835:   468718.134   468874.134   468916.134   468954.134   469006.134
  2840:   469294.134   469307.134   469339.134   469351.134   469381.134
  2845:   469404.134   469419.134   469456.134   469491.134   469508.134
  2850:   469542.134   469559.134   469579.134   469608.134   469697.134
  2855:   469743.134   469778.134   469791.134   469830.134   469878.134
  2860:   469898.134   470141.134   470229.134   470244.134   470284.134
  2865:   470325.134   470525.134   470563.134   470700.134   470715.134
  2870:   470797.134   470841.134   470857.134   470987.134   470997.134
  2875:   471041.134   471054.134   471146.134   471348.134   471488.134
  2880:   471502.134   471537.134   471548.134   471803.134   471812.134
  2885:   471860.134   471950.134   471965.134   472177.134   472189.134
  2890:   472231.134   472243.134   472286.134   472321.134   472355.134
  2895:   472378.134   472391.134   473246.824   473246.920   474746.910
  2900:   474748.613   476698.623   476699.713   477155.123   477191.123
  2905:   477303.123   477337.123   477887.123   477923.123   477961.123
  2910:   478044.123   478308.123   478348.123   478362.123   478400.123
  2915:   478441.123   478727.723   478727.920   478727.901   478727.093
  2920:   479027.902   480527.910   480529.614   483279.624   483280.714
  2925:   484208.124   484513.124   484554.124   484673.124   484750.124
  2930:   484794.124   484804.124   484945.124   484956.124   484988.124
  2935:   485014.124   485055.124   485297.124   485499.124   485540.124
  2940:   485576.124   485626.124   485668.124   485708.124   485724.124
  2945:   485795.124   485812.124   485859.124   485873.124   485911.124
  2950:   486159.724   486159.920   486159.901   486159.094   486459.902
  2955:   487959.910   487961.611   488961.621   488962.711   489156.121
  2960:   489198.121   489280.121   489374.121   489407.121   489498.121
  2965:   489532.121   489607.121   489643.121   489682.121   489703.121
  2970:   489738.121   489781.121   489829.121   489867.121   489888.121
  2975:   489919.121   490076.721   490076.920   490076.901   490076.091
  2980:   490376.902   491876.910   491878.613   493828.623   493829.713
  2985:   494184.123   494216.123   494259.123   494393.123   494451.123
  2990:   494646.123   494739.123   494826.123   494863.123   494896.123
  2995:   494922.123   495164.123   495205.123   495222.123   495307.123
  3000:   495321.123   495355.123   495391.123   495441.123   495622.123
  3005:   495634.123   495849.723   495849.920   495849.901   495849.093
  3010:   496149.902   497649.910   497651.612   499051.622   499052.712
  3015:   499227.122   499309.122   499368.122   499440.122   499477.122
  3020:   499518.122   499557.122   499596.122   499637.122   499682.122
  3025:   499912.122   500021.122   500058.122   500078.122   500109.122
  3030:   500188.122   500349.122   500363.122   500418.122   500646.722
  3035:   500646.920   500646.901   500646.092   500946.902   502446.910
  3040:   502448.611   503448.621   503449.811   503547.131   503586.131
  3045:   503673.131   503785.131   503823.131   503858.131   503901.131
  3050:   503942.131   503986.131   504030.131   504071.131   504111.131
  3055:   504154.131   504249.131   504264.131   504298.131   504418.131
  3060:   504451.131   504464.131   504764.131   504781.131   504838.131
  3065:   504891.131   504934.131   504948.131   505015.131   505110.131
  3070:   505161.131   505171.131   505207.131   505221.131   505259.131
  3075:   505275.131   505390.131   505523.131   505537.131   505706.131
  3080:   505717.131   505752.131   505763.131   505797.131   505812.131
  3085:   506008.131   506048.131   506059.131   506094.131   506194.131
  3090:   506209.131   506594.131   506605.131   506648.131   506663.131
  3095:   506743.131   506949.821   506949.920   508449.910   508451.612
  3100:   509851.622   509852.812   510055.132   510099.132   510193.132
  3105:   510275.132   510313.132   510354.132   510425.132   510494.132
  3110:   510528.132   510565.132   510606.132   510649.132   510689.132
  3115:   510711.132   510746.132   510789.132   510828.132   510883.132
  3120:   510937.132   510965.132   510980.132   511019.132   511059.132
  3125:   511095.132   511139.132   511162.132   511413.132   511530.132
  3130:   511542.132   511752.132   511850.132   511864.132   512016.132
  3135:   512243.132   512257.132   512348.132   512358.132   512440.132
  3140:   512729.132   513064.132   513114.132   513742.132   513786.132
  3145:   513795.132   513852.822   513852.920   515352.910   515354.613
  3150:   517304.623   517305.713   517437.123   517477.123   517602.123
  3155:   517686.123   517745.123   517864.123   517897.123   517925.123
  3160:   518034.123   518070.123   518147.123   518181.123   518220.123
  3165:   518262.123   518306.123   518456.123   518469.123   518510.123
  3170:   518556.123   518565.123   518603.123   518620.123   518792.123
  3175:   518801.123   519079.123   519190.123   519251.123   519684.723
  3180:   519684.920   519684.901   519684.093   519984.902   521484.910
  3185:   521486.612   522886.622   522887.712   523027.122   523070.122
  3190:   523149.122   523258.122   523294.122   523346.122   523380.122
  3195:   523422.122   523470.122   523511.122   523554.122   523596.122
  3200:   523641.122   523683.122   523731.122   523768.122   523814.122
  3205:   523849.122   523867.122   523911.122   523990.122   524036.122
  3210:   524333.722   524333.920   524333.901   524333.092   524633.902
  3215:   526133.910   526135.612   527535.622   527536.712   527652.122
  3220:   527700.122   527778.122   527815.122   527853.122   527890.122
  3225:   527943.122   527982.122   528009.122   528045.122   528088.122
  3230:   528132.122   528173.122   528189.122   528375.122   528414.122
  3235:   528429.122   528502.122   528659.122   528705.122   528719.122
  3240:   528836.122   528850.122   528943.722   528943.920   528943.901
  3245:   528943.092   529243.902   530743.910   530745.612   532145.622
  3250:   532146.712   532236.122   532273.122   532319.122   532428.122
  3255:   532465.122   532508.122   532562.122   532682.122   532730.122
  3260:   532760.122   532806.122   532886.122   532940.122   532984.122
  3265:   533110.122   533141.122   533183.122   533230.122   533262.122
  3270:   533296.122   533337.122   533374.122   533423.122   533687.722
  3275:   533687.920   533687.901   533687.092   533987.902   535487.910
  3280:   535489.613   537439.623   537440.713   537630.123   537882.123
  3285:   537998.123   538417.123   538634.123   538670.123   538721.123
  3290:   538864.123   538905.123   538939.123   539144.123   539182.123
  3295:   539216.123   539259.123   539290.123   539536.723   539536.920
  3300:   539536.901   539536.093   539836.902   541336.910   541338.611
  3305:   542338.621   542339.711   542454.121   542560.121   542636.121
  3310:   542707.121   542738.121   542779.121   542813.121   542843.121
  3315:   542983.121   543020.121   543031.121   543058.121   543094.121
  3320:   543141.121   543153.121   543183.121   543217.121   543235.121
  3325:   543246.121   543275.121   543350.721   543350.920   543350.901
  3330:   543350.091   543650.902   545150.910   545152.612   546552.622
  3335:   546553.712   546818.122   546926.122   547047.122   547082.122
  3340:   547124.122   547241.122   547301.122   547410.122   547448.122
  3345:   547485.122   547518.122   547590.122   547628.122   547642.122
  3350:   547670.122   547685.122   547721.122   548028.722   548028.920
  3355:   548028.901   548028.092   548328.902   549828.910   549830.613
  3360:   551780.623   551781.713   551838.123   551877.123   551918.123
  3365:   552064.123   552170.123   552310.123   552347.123   552489.123
  3370:   552504.123   552543.123   552573.123   552610.123   552829.123
  3375:   552877.123   552922.123   552965.123   552998.123   553051.123
  3380:   553080.123   553121.123   553156.123   553174.123   553241.123
  3385:   553363.123   553374.123   553419.123   553453.123   553551.123
  3390:   553594.123   553607.123   553699.123   553865.723   553865.920
  3395:   553865.901   553865.093   554165.902   555665.910   555667.613
  3400:   557617.623   557618.713   557694.123   557923.123   558001.123
  3405:   558165.123   558200.123   558523.123   558534.123   558658.123
  3410:   558695.123   558735.123   558773.123   558791.123   558819.123
  3415:   558849.123   559097.123   559143.123   559159.123   559192.123
  3420:   559216.123   559254.123   559296.123   559310.123   559380.123
  3425:   559395.123   559427.123   559442.123   559449.123   559552.123
  3430:   559678.723   559678.920   559678.901   559678.093   559978.902
  3435:   561478.910   561480.614   564230.624   564231.714   564935.124
  3440:   564973.124   565519.124   565687.124   565725.124   565759.124
  3445:   565784.124   565818.124   565863.124   566004.124   566016.124
  3450:   566051.124   566065.124   566110.124   566331.124   566416.124
  3455:   566431.124   566544.124   566645.124   566677.124   566820.124
  3460:   566896.124   566909.124   566997.724   566997.920   566997.901
  3465:   566997.094   567297.902   568797.910   568799.612   570199.622
  3470:   570200.712   570963.122   571004.122   571219.122   571264.122
  3475:   571299.122   571534.122   571642.722   571642.920   571642.901
  3480:   571642.092   571942.902   573442.910   573444.614   576194.624
  3485:   576195.714   576974.124   577024.124   577287.124   578163.124
  3490:   578201.124   578241.124   578433.124   578467.124   578506.124
  3495:   578579.124   578589.124   578616.124   578649.124   578731.124
  3500:   578759.124   578936.124   578948.724   578948.920   578948.901
  3505:   578948.094   579248.902   580748.910   580750.615   584600.625
  3510:   584601.715   585811.125   585845.125   586064.125   586095.125
  3515:   586128.125   586405.125   586655.125   586689.125   586719.125
  3520:   586900.125   586911.125   586943.125   587062.125   587131.125
  3525:   587161.125   587281.125   587295.125   587326.125   587371.125
  3530:   587385.125   587450.125   587623.125   587671.125   587709.125
  3535:   587722.125   587847.125   587858.125   587970.125   588019.125
  3540:   588029.125   588063.125   588079.125   588187.125   588358.125
  3545:   588370.125   588380.125   588629.725   588629.920   588629.901
  3550:   588629.095   588929.902   590429.910   590431.615   594281.625
  3555:   594282.715   595690.125   595907.125   596227.125   596278.125
  3560:   596408.125   596472.125   596650.125   596694.125   596721.125
  3565:   596733.125   597041.125   597051.125   597078.125   597195.125
  3570:   597236.125   597245.125   597276.125   597315.125   597386.125
  3575:   597418.125   597524.125   597539.125   597567.125   597595.125
  3580:   597734.125   597749.125   597778.125   597790.125   597856.125
  3585:   597886.125   597903.125   597930.125   597947.125   597975.125
  3590:   598044.125   598058.125   598090.125   598308.725   598308.920
  3595:   598308.901   598308.095   598608.902   600108.910   600110.613
  3600:   602060.623   602061.713   602670.123   602823.123   603002.123
  3605:   603074.123   603119.123   603302.123   603342.123   603453.123
  3610:   603489.123   603504.123   603537.123   603621.123   603632.123
  3615:   603664.123   603678.123   603792.123   603867.123   603879.123
  3620:   603931.123   604098.723   604098.920   604098.901   604098.093
  3625:   604398.902   605898.910   605900.615   609750.625   609751.715
  3630:   610545.125   611686.125   612013.125   612103.125   612199.125
  3635:   612425.125   612467.125   612663.125   612692.125   612730.125
  3640:   612864.125   612899.125   612926.125   612961.125   612999.125
  3645:   613246.125   613288.125   613338.125   613350.125   613400.125
  3650:   613435.125   613597.125   613652.725   613652.920   613652.901
  3655:   613652.095   613952.902   615452.910   615454.615   619304.625
  3660:   619305.715   620183.125   620903.125   620940.125   621154.125
  3665:   621188.125   621341.125   621382.125   621594.125   621671.125
  3670:   621701.125   621905.125   621979.125   622008.125   622038.125
  3675:   622187.125   622198.125   622240.125   622283.125   622324.125
  3680:   622468.125   622484.125   622516.125   622525.125   622677.125
  3685:   622764.125   622800.125   622815.125   622848.125   623030.125
  3690:   623045.125   623061.125   623277.725   623277.920   623277.901
  3695:   623277.095   623577.902   625077.910   625079.613   627029.623
  3700:   627030.713   627446.123   627675.123   627988.123   628019.123
  3705:   628035.123   628070.123   628102.123   628147.123   628229.123
  3710:   628306.123   628345.123   628461.123   628536.123   628591.123
  3715:   628731.123   628740.123   628777.123   628795.123   628999.723
  3720:   628999.920   628999.901   628999.093   629299.902   630799.910
  3725:   630801.614   633551.624   633552.714   634299.124   634506.124
  3730:   634538.124   634933.124   634982.124   634993.124   635026.124
  3735:   635248.124   635328.124   635517.124   635530.124   635570.124
  3740:   635586.124   635654.124   635687.124   635733.124   635950.124
  3745:   635995.124   636014.124   636045.124   636118.124   636211.124
  3750:   636246.124   636497.724   636497.920   636497.901   636497.094
  3755:   636797.902   638297.910   638299.615   642149.625   642150.715
  3760:   643214.125   643362.125   643393.125   643882.125   644335.125
  3765:   644481.125   644494.125   644822.125   644836.125   644868.125
  3770:   644967.125   645001.125   645023.125   645073.125   645086.125
  3775:   645118.125   645258.125   645345.125   645379.125   645539.125
  3780:   645553.125   645794.125   645884.125   645895.125   645937.125
  3785:   646205.725   646205.920   646205.901   646205.095   646505.902
  3790:   648005.910   648007.613   649957.623   649958.713   650087.123
  3795:   650123.123   650229.123   650477.123   650559.123   650741.123
  3800:   650778.123   651058.123   651075.123   651123.123   651158.123
  3805:   651174.123   651431.123   651465.123   651484.123   651531.123
  3810:   651589.123   651632.123   651647.123   651682.123   651700.123
  3815:   651737.123   651749.123   651892.123   651972.723   651972.920
  3820:   651972.901   651972.093   652272.902   653772.910   653774.615
  3825:   657624.625   657625.715   657797.125   658360.125   658630.125
  3830:   658902.125   659106.125   659163.125   659195.125   659236.125
  3835:   659413.125   659448.125   659631.125   659676.125   659689.125
  3840:   659717.125   659772.125   659788.125   659816.125   659826.125
  3845:   659857.125   659892.125   659912.125   659942.125   660123.125
  3850:   660133.125   660150.125   660232.125   660245.125   660276.125
  3855:   660290.125   660320.125   660335.125   660445.125   660525.125
  3860:   660542.125   660829.125   660958.125   660971.125   661021.125
  3865:   661274.125   661358.125   661370.125   661515.725   661515.920
  3870:   661515.901   661515.095   661815.902   663315.910   663317.613
  3875:   665267.623   665268.713   665364.123   665438.123   665608.123
  3880:   665719.123   665734.123   665759.123   665794.123   665831.123
  3885:   665910.123   665922.123   666050.123   666064.123   666092.123
  3890:   666262.123   666298.123   666372.123   666443.123   666520.123
  3895:   666529.123   666579.123   666593.123   666668.123   666914.123
  3900:   667037.123   667126.123   667332.723   667332.920   667332.901
  3905:   667332.093   667632.902   669132.910   669134.613   671084.623
  3910:   671085.713   671315.123   671412.123   671569.123   671601.123
  3915:   671929.123   672169.123   672204.123   672243.123   672576.123
  3920:   672587.123   672650.123   672662.123   672689.123   672704.123
  3925:   672784.123   672818.123   672829.123   672862.123   672886.123
  3930:   673076.723   673076.920   673076.901   673076.093   673376.902
  3935:   674876.910   674878.613   676828.623   676829.713   676946.123
  3940:   677124.123   677159.123   677506.123   677540.123   677578.123
  3945:   677663.123   677693.123   677725.123   677803.123   677926.123
  3950:   677939.123   677967.123   678043.123   678058.123   678088.123
  3955:   678126.123   678142.123   678234.123   678268.123   678355.123
  3960:   678367.123   678440.123   678479.123   678537.123   678555.123
  3965:   678854.723   678854.920   678854.901   678854.093   679154.902
  3970:   680654.910   680656.614   683406.624   683407.714   684217.124
  3975:   684255.124   684455.124   684494.124   684692.124   684761.124
  3980:   684800.124   684846.124   684873.124   685022.124   685056.124
  3985:   685066.124   685097.124   685137.124   685279.124   685324.124
  3990:   685408.124   685447.124   685457.124   685523.124   685615.124
  3995:   685646.124   685658.124   685699.124   685760.124   685773.124
  4000:   685916.124   685960.124   685974.124   686055.124   686158.724
  4005:   686158.920   686158.901   686158.094   686458.902   687958.910
  4010:   687960.612   689360.622   689361.712   689546.122   689660.122
  4015:   689882.122   689927.122   690110.122   690151.122   690164.122
  4020:   690199.122   690376.122   690390.122   690423.122   690450.122
  4025:   690466.122   690495.122   690687.122   690699.122   690752.122
  4030:   690782.722   690782.920   690782.901   690782.092   691082.902
  4035:   692582.910   692584.613   694534.623   694535.713   694982.123
  4040:   695013.123   695164.123   695382.123   695428.123   695462.123
  4045:   695637.123   695706.123   695722.123   695753.123   695781.123
  4050:   695833.123   695864.123   695896.123   696215.123   696260.123
  4055:   696308.123   696327.123   696373.123   696516.723   696516.920
  4060:   696516.901   696516.093   696816.902   698316.910   698318.611
  4065:   699318.621   699319.711   699408.121   699529.121   699566.121
  4070:   699606.121   699638.121   699710.121   699742.121   699771.121
  4075:   699808.121   699841.121   699914.121   699946.121   700017.121
  4080:   700045.121   700115.121   700130.121   700164.121   700177.121
  4085:   700207.121   700245.121   700390.721   700390.920   700390.901
  4090:   700390.091   700690.902   702190.910   702192.615   706042.625
  4095:   706043.715   706891.125   707184.125   707201.125   707705.125
  4100:   707775.125   707802.125   707817.125   707844.125   708014.125
  4105:   708029.125   708056.125   708163.125   708178.125   708484.125
  4110:   708647.125   708663.125   708746.125   708831.125   708994.125
  4115:   709010.125   709056.125   709071.125   709282.125   709359.125
  4120:   709480.125   709631.125   709742.125   709923.725   709923.920
  4125:   709923.901   709923.095   710223.902   711723.910   711725.611
  4130:   712725.621   712726.811   712878.131   712912.131   712951.131
  4135:   712989.131   713023.131   713073.131   713110.131   713148.131
  4140:   713180.131   713218.131   713364.131   713472.131   713505.131
  4145:   713549.131   713601.131   713620.131   713687.131   713819.131
  4150:   713855.131   713872.131   713944.131   714132.131   714145.131
  4155:   714163.131   714234.131   714244.131   714311.131   714322.131
  4160:   714363.131   714377.131   714486.131   714528.131   714597.131
  4165:   714702.131   714779.131   714792.131   714932.131   714945.131
  4170:   714961.131   715217.131   715317.131   715344.131   715642.131
  4175:   715725.131   715912.131   715948.131   716165.131   716175.131
  4180:   716226.821   716226.920   717726.910   717728.614   720478.624
  4185:   720479.714   720798.124   721134.124   721169.124   721364.124
  4190:   721397.124   721586.124   721627.124   721818.124   721833.124
  4195:   721876.124   721888.124   721959.124   721994.124   722073.124
  4200:   722094.124   722139.124   722216.124   722254.124   722342.124
  4205:   722355.124   722437.124   722544.124   722554.124   722630.124
  4210:   722645.124   722777.124   722871.124   723068.124   723082.124
  4215:   723169.124   723244.724   723244.920   723244.901   723244.094
  4220:   723544.902   725044.910   725046.615   728896.625   728897.715
  4225:   729510.125   729768.125   729799.125   730109.125   730146.125
  4230:   730181.125   730388.125   730445.125   730509.125   730519.125
  4235:   730548.125   730760.125   731011.125   731024.125   731055.125
  4240:   731072.125   731106.125   731145.125   731157.125   731291.125
  4245:   731304.125   731462.125   731475.125   731504.125   731682.125
  4250:   731766.125   731809.125   731823.125   731849.125   732042.125
  4255:   732056.125   732109.125   732187.125   732239.125   732249.125
  4260:   732344.125   732362.125   732573.125   732604.125   732637.125
  4265:   732735.125   732787.725   732787.920   732787.901   732787.095
  4270:   733087.902   734587.910   734589.614   737339.624   737340.714
  4275:   737944.124   738783.124   739074.124   739404.124   739448.124
  4280:   739477.124   739669.124   739683.124   739717.124   739759.124
  4285:   739769.124   739981.124   740131.724   740131.920   740131.901
  4290:   740131.094   740431.902   741931.910   741933.615   745783.625
  4295:   745784.715   746098.125   746431.125   746684.125   747028.125
  4300:   747069.125   747100.125   747130.125   747557.125   747732.125
  4305:   747849.125   747910.125   747942.125   748155.125   748190.125
  4310:   748224.125   748347.125   748377.125   748416.125   748543.125
  4315:   748601.125   748675.125   748712.125   748964.125   749002.125
  4320:   749013.125   749048.125   749085.125   749351.125   749496.125
  4325:   749508.125   749538.125   749622.125   749671.725   749671.920
  4330:   749671.901   749671.095   749971.902   749971.902   749971.005
  4335:   749971.006   749971.007   749971.020        
D:
     0:        0.000        0.000        0.000        0.000        0.000
     5:        0.000        0.000        0.000        0.000        0.000
    10:        0.000        0.000        0.000        0.000        0.000
    15:        0.000        0.000        0.000        0.000        0.000
    20:        0.000        0.000        0.000        0.000        0.000
    25:        0.000        9.000        0.000        0.000        0.000
    30:        0.000        0.000        0.000        0.000        0.000
    35:        0.000
F:
     0:       10.000       10.000       10.000       10.000       10.000
     5:       10.000       10.000       10.000       10.000       14.000
    10:       14.000       14.000       14.000       14.000       14.000
    15:       14.000       14.000       14.000       14.000       14.000
    20:       14.000       19.500       19.500       19.500       19.500
    25:       19.500       19.500       19.500       19.500       19.500
    30:       19.500       19.500       19.500       19.500       19.500
    35:       19.500       27.500       27.500       27.500       27.500
    40:       27.500       27.500       27.500       27.500       27.500
    45:       27.500       27.500       27.500       27.500       27.500
    50:       27.500       27.500       27.500       27.500       38.500
    55:       38.500       38.500       38.500       38.500       38.500
    60:       38.500       38.500       38.500       38.500       38.500
    65:       38.500       38.500       38.500       38.500       38.500
    70:       38.500       38.500       38.500       38.500       38.500
    75:       20.000       20.000       20.000       28.000       28.000
    80:       28.000       28.000       39.000       39.000       39.000
    85:       39.000       39.000       55.000       55.000       55.000
    90:       55.000       55.000       55.000       77.000       77.000
    95:       77.000       77.000       77.000       77.000       77.000
I:
     0:       75.000        0.000        0.000
M:
     0:        9.000       12.000       15.000       18.000       21.000
     5:        3.000        4.000        5.000        6.000        7.000
    10:      100.000
N:
     0:       12.000       16.000       20.000       24.000       28.000
     5:        0.000
Q:
     0:        9.000       12.000       15.000       18.000       21.000
     5:        0.000
V:
     0:        0.000        0.000        0.000        0.000        0.000
     5:      158.000      226.000      350.000      591.000      737.000
    10:      146.000      203.000      282.000      385.000      495.000
    15:        0.000
