File: C:\MED-PC IV\DATA\M_PEAK_LP20P002


Start Date: 10/08/17
End Date: 10/08/17
Subject: P002
Experiment: IF-PICO
Group: 0
Box: 5
Start Time:  9:55:38
End Time: 12:01:35
MSN: Multiple_PeakLP2
B:       0.000
C:       0.000
E:    2629.000
G:      14.000
H:    1400.000
J:       0.000
K:       0.000
L:       0.000
O:       0.000
P:       0.000
R:       0.000
S:       0.000
T:  755776.000
U:       0.000
W:       0.000
X:       0.000
Y:       0.000
Z:       0.000
A:
     0:        0.010      500.910      502.613     2452.623     2453.713
     5:     2545.123     2625.123     2674.123     2772.123     2818.123
    10:     2909.123     2952.123     2995.123     3091.123     3134.123
    15:     3175.123     3218.123     3365.123     3409.123     3453.123
    20:     3491.123     3575.123     3619.123     3660.123     3696.123
    25:     3736.123     3782.123     3878.123     3918.123     3950.123
    30:     3995.123     4084.123     4125.123     4162.123     4245.123
    35:     4283.123     4318.123     4360.123     4506.723     4506.920
    40:     4506.901     4506.093     4806.902     6306.910     6308.613
    45:     8258.623     8259.713     8815.123     8883.123     9025.123
    50:     9163.123     9280.123     9313.123     9419.123     9517.123
    55:     9556.123     9677.123     9757.123     9838.123     9927.123
    60:     9969.123    10069.123    10114.123    10303.723    10303.920
    65:    10303.901    10303.093    10603.902    12103.910    12105.614
    70:    14855.624    14856.714    15192.124    15360.124    15441.124
    75:    15478.124    15601.124    15715.124    15815.124    15853.124
    80:    15921.124    16035.124    16072.124    16170.124    16242.124
    85:    16317.124    16394.124    16438.124    16538.124    16639.124
    90:    16769.124    16811.124    16928.124    17047.124    17124.124
    95:    17160.124    17236.124    17298.124    17578.124    17617.724
   100:    17617.920    17617.901    17617.094    17917.902    19417.910
   105:    19419.614    22169.624    22170.714    23457.124    23616.124
   110:    23801.124    24166.124    24249.124    24350.124    24464.124
   115:    24726.124    25029.724    25029.920    25029.901    25029.094
   120:    25329.902    26829.910    26831.612    28231.622    28232.712
   125:    29191.122    29347.122    29382.122    29415.122    29528.122
   130:    29692.722    29692.920    29692.901    29692.092    29992.902
   135:    31492.910    31494.613    33444.623    33445.713    33671.123
   140:    33921.123    34058.123    34134.123    34251.123    34469.123
   145:    35099.123    35836.723    35836.920    35836.901    35836.093
   150:    36136.902    37636.910    37638.613    39588.623    39589.713
   155:    39995.123    40093.123    40214.123    40389.123    40483.123
   160:    40515.123    40605.123    40665.123    40741.123    40788.123
   165:    40858.123    40974.123    41267.123    42214.723    42214.920
   170:    42214.901    42214.093    42514.902    44014.910    44016.614
   175:    46766.624    46767.714    46907.124    47066.124    47382.124
   180:    47471.124    47748.124    47860.124    47896.124    47970.124
   185:    48068.124    48142.124    48319.124    48382.124    48505.124
   190:    48555.124    48633.124    48731.124    48877.124    48952.124
   195:    49231.124    49545.724    49545.920    49545.901    49545.094
   200:    49845.902    51345.910    51347.614    54097.624    54098.714
   205:    54913.124    55569.124    55806.124    55968.124    56070.124
   210:    56278.124    56318.124    56466.124    56557.124    56779.124
   215:    56898.724    56898.920    56898.901    56898.094    57198.902
   220:    58698.910    58700.614    61450.624    61451.714    62839.124
   225:    62877.124    63024.124    63100.124    63223.124    63262.124
   230:    63443.124    63636.124    63764.124    63845.124    63925.124
   235:    63967.124    64102.124    64234.724    64234.920    64234.901
   240:    64234.094    64534.902    66034.910    66036.611    67036.621
   245:    67037.711    67151.121    67415.121    67500.121    67709.121
   250:    67824.121    68129.721    68129.920    68129.901    68129.091
   255:    68429.902    69929.910    69931.614    72681.624    72682.714
   260:    73007.124    73179.124    73345.124    73395.124    73488.124
   265:    73662.124    73862.124    73984.124    74075.124    74164.124
   270:    74255.124    75081.124    75451.724    75451.920    75451.901
   275:    75451.094    75751.902    77251.910    77253.615    81103.625
   280:    81104.715    82597.125    82820.125    82859.125    82905.125
   285:    83025.125    83179.125    83280.125    83441.125    83488.125
   290:    83525.125    83671.125    83719.125    84156.125    84207.125
   295:    84666.125    84805.125    85095.725    85095.920    85095.901
   300:    85095.095    85395.902    86895.910    86897.611    87897.621
   305:    87898.711    88028.121    88068.121    88286.121    88357.121
   310:    88437.121    88600.121    88770.121    88958.721    88958.920
   315:    88958.901    88958.091    89258.902    90758.910    90760.615
   320:    94610.625    94611.715    95769.125    95806.125    95844.125
   325:    95888.125    95934.125    95975.125    96020.125    96067.125
   330:    96147.125    96187.125    96227.125    96446.125    96527.125
   335:    96571.125    96652.125    96689.125    96789.125    96957.125
   340:    97008.125    97093.125    97141.125    97231.125    97321.125
   345:    97408.125    97533.125    97642.125    97783.125    97880.125
   350:    98237.125    98324.125    98472.725    98472.920    98472.901
   355:    98472.095    98772.902   100272.910   100274.612   101674.622
   360:   101675.712   101787.122   101827.122   102129.122   102259.122
   365:   102357.122   102678.122   102918.122   103541.722   103541.920
   370:   103541.901   103541.092   103841.902   105341.910   105343.611
   375:   106343.621   106344.711   106424.121   106752.121   106832.121
   380:   107054.121   107139.121   107358.721   107358.920   107358.901
   385:   107358.091   107658.902   109158.910   109160.615   113010.625
   390:   113011.715   113113.125   113912.125   114228.125   114488.125
   395:   114675.125   114825.125   114984.125   115109.125   115153.125
   400:   115203.125   115317.125   115363.125   115410.125   115743.125
   405:   116123.125   116242.125   116414.125   116470.125   116550.125
   410:   116626.125   116697.125   116819.125   116912.725   116912.920
   415:   116912.901   116912.095   117212.902   118712.910   118714.615
   420:   122564.625   122565.715   123051.125   123397.125   124337.125
   425:   124524.125   124681.125   124875.125   125023.125   125114.125
   430:   125199.125   125240.125   125334.125   125420.125   125511.125
   435:   125641.125   125689.125   125781.125   125821.125   125898.125
   440:   126044.125   126169.125   126558.725   126558.920   126558.901
   445:   126558.095   126858.902   128358.910   128360.615   132210.625
   450:   132211.715   133113.125   133693.125   133733.125   133815.125
   455:   133915.125   134010.125   134157.125   134323.125   134387.125
   460:   134537.125   134614.125   134699.125   134782.125   135055.125
   465:   135147.125   135282.125   135562.125   135636.125   135683.125
   470:   135849.125   136260.725   136260.920   136260.901   136260.095
   475:   136560.902   138060.910   138062.613   140012.623   140013.713
   480:   140647.123   141101.123   141186.123   141358.123   141444.123
   485:   141519.123   141693.123   141780.123   141883.123   142093.723
   490:   142093.920   142093.901   142093.093   142393.902   143893.910
   495:   143895.615   147745.625   147746.715   148583.125   148625.125
   500:   148759.125   148878.125   148982.125   149138.125   149224.125
   505:   149300.125   149397.125   149486.125   149575.125   149683.125
   510:   149772.125   149988.125   150294.125   151408.125   151643.725
   515:   151643.920   151643.901   151643.095   151943.902   153443.910
   520:   153445.615   157295.625   157296.715   158453.125   158792.125
   525:   159057.125   159144.125   159240.125   159425.125   159504.125
   530:   159657.125   159840.125   160144.125   160189.125   160314.125
   535:   160430.125   160510.125   160594.125   160628.125   161004.125
   540:   161332.725   161332.920   161332.901   161332.095   161632.902
   545:   163132.910   163134.615   166984.625   166985.715   168720.125
   550:   168884.125   169016.125   169057.125   169167.125   169284.125
   555:   169314.125   169397.125   169513.125   169639.125   169738.125
   560:   169776.125   169912.125   169959.125   170106.125   170598.125
   565:   170854.725   170854.920   170854.901   170854.095   171154.902
   570:   172654.910   172656.611   173656.621   173657.811   173773.131
   575:   173894.131   173969.131   174091.131   174287.131   174366.131
   580:   174568.131   174608.131   174714.131   175063.131   175165.131
   585:   175480.131   175641.131   175758.131   175811.131   176090.131
   590:   176412.131   176474.131   176603.131   176649.131   176686.131
   595:   176724.131   176799.131   176838.131   176995.131   177072.131
   600:   177119.131   177157.821   177157.920   177159.411   178657.910
   605:   178659.613   180609.623   180610.813   180960.133   181191.133
   610:   181345.133   181536.133   181623.133   181697.133   182049.133
   615:   182412.133   182864.133   182944.133   183327.133   183408.133
   620:   183453.133   183495.133   183658.133   183703.133   183833.133
   625:   183871.133   183909.133   183950.133   183991.133   184037.133
   630:   184082.133   184191.133   184293.133   184386.133   184426.133
   635:   184470.133   184513.133   184555.133   184604.133   184650.133
   640:   184683.133   184727.133   184775.133   184822.133   184912.133
   645:   184958.133   185056.133   185410.823   185410.920   186910.910
   650:   186912.612   188312.622   188313.712   188945.122   189089.122
   655:   189133.122   189263.122   189375.122   189509.122   189559.122
   660:   189597.122   189667.122   189808.722   189808.920   189808.901
   665:   189808.092   190108.902   191608.910   191610.614   194360.624
   670:   194361.714   194903.124   194979.124   195023.124   195288.124
   675:   195323.124   195521.124   195565.124   195779.124   195823.124
   680:   195861.124   195927.124   196101.124   196221.124   196264.124
   685:   196458.124   196571.124   196737.124   196861.124   197064.124
   690:   197265.724   197265.920   197265.901   197265.094   197565.902
   695:   199065.910   199067.614   201817.624   201818.714   202415.124
   700:   202566.124   202743.124   203017.124   203186.124   203272.124
   705:   203439.124   203510.124   203846.124   203880.124   204115.124
   710:   204222.124   204479.124   204636.724   204636.920   204636.901
   715:   204636.094   204936.902   206436.910   206438.615   210288.625
   720:   210289.715   210557.125   212074.125   212348.125   212478.125
   725:   212569.125   212722.125   212915.125   213104.125   213310.125
   730:   213434.125   213518.125   213725.125   213950.125   214318.725
   735:   214318.920   214318.901   214318.095   214618.902   216118.910
   740:   216120.614   218870.624   218871.714   219548.124   220168.124
   745:   220390.124   220499.124   220664.124   220760.124   220805.124
   750:   220959.124   221048.124   221136.124   221237.124   221497.124
   755:   221717.724   221717.920   221717.901   221717.094   222017.902
   760:   223517.910   223519.613   225469.623   225470.813   225952.133
   765:   226112.133   226260.133   226515.133   226563.133   226652.133
   770:   226798.133   226883.133   227103.133   227228.133   227350.133
   775:   227611.133   227932.133   228644.133   228830.133   228913.133
   780:   228970.133   229015.133   229060.133   229104.133   229148.133
   785:   229190.133   229244.133   229320.133   229358.133   229400.133
   790:   229451.133   229555.133   229601.133   229653.133   229704.133
   795:   229754.133   229924.133   229997.133   230270.823   230270.920
   800:   231770.910   231772.615   235622.625   235623.715   235745.125
   805:   235784.125   236034.125   236068.125   236109.125   236187.125
   810:   236293.125   236401.125   236445.125   236494.125   236730.125
   815:   236807.125   236915.125   237062.125   237138.125   237230.125
   820:   237384.125   237719.125   237834.125   237885.125   238023.125
   825:   238106.125   238197.125   238240.125   239110.125   239225.125
   830:   239313.125   239402.125   239609.725   239609.920   239609.901
   835:   239609.095   239909.902   241409.910   241411.612   242811.622
   840:   242812.712   242922.122   242961.122   243006.122   243123.122
   845:   243481.122   243645.122   243693.122   243822.122   243911.122
   850:   244038.122   244628.722   244628.920   244628.901   244628.092
   855:   244928.902   246428.910   246430.615   250280.625   250281.715
   860:   251640.125   251956.125   252077.125   252283.125   252544.125
   865:   252622.125   252776.125   252897.125   253010.125   253114.125
   870:   253227.125   253344.125   253453.125   253570.125   253650.125
   875:   253825.125   254243.725   254243.920   254243.901   254243.095
   880:   254543.902   256043.910   256045.611   257045.621   257046.811
   885:   257412.131   257571.131   257663.131   257870.131   258111.131
   890:   258236.131   258363.131   258455.131   258974.131   259127.131
   895:   259326.131   259406.131   259451.131   259483.131   259568.131
   900:   259609.131   259727.131   259767.131   259826.131   259865.131
   905:   260055.131   260122.131   260546.821   260546.920   262046.910
   910:   262048.612   263448.622   263449.712   263537.122   263601.122
   915:   263680.122   263797.122   264002.122   264388.122   264508.122
   920:   264578.122   264616.122   264662.122   264746.122   265810.722
   925:   265810.920   265810.901   265810.092   266110.902   267610.910
   930:   267612.615   271462.625   271463.715   271557.125   272183.125
   935:   272315.125   272452.125   272569.125   272764.125   272859.125
   940:   272954.125   273288.125   273467.125   273650.125   273912.125
   945:   273955.125   274513.125   274611.125   274727.125   274772.125
   950:   274876.125   274972.125   275118.125   275187.125   275398.725
   955:   275398.920   275398.901   275398.095   275698.902   277198.910
   960:   277200.613   279150.623   279151.813   279300.133   279333.133
   965:   279419.133   279502.133   279661.133   279794.133   280017.133
   970:   280061.133   280296.133   280421.133   280489.133   280564.133
   975:   280649.133   281121.133   281342.133   281625.133   281922.133
   980:   282025.133   282113.133   282338.133   282382.133   282552.133
   985:   282671.133   282711.133   282746.133   282785.133   282883.133
   990:   282929.133   282976.133   283018.133   283240.133   283274.133
   995:   283318.133   283496.133   283533.133   283571.133   283609.133
  1000:   283695.133   283733.133   283834.133   283907.133   283951.823
  1005:   283951.920   283953.411   285451.910   285453.613   287403.623
  1010:   287404.713   287528.123   287561.123   287600.123   287792.123
  1015:   287962.123   288186.123   288318.123   288449.123   288602.123
  1020:   288963.123   289114.123   289189.123   289350.123   289428.723
  1025:   289428.920   289428.901   289428.093   289728.902   291228.910
  1030:   291230.615   295080.625   295081.715   295180.125   295681.125
  1035:   295885.125   295947.125   296155.125   296461.125   296548.125
  1040:   296848.125   297057.125   297200.125   297344.125   297469.125
  1045:   297560.125   297700.125   297808.125   297900.125   298009.125
  1050:   298096.125   298134.125   298258.125   298369.125   298415.125
  1055:   298573.125   298674.125   298735.125   298770.125   298897.125
  1060:   298939.725   298939.920   298939.901   298939.095   299239.902
  1065:   300739.910   300741.612   302141.622   302142.712   302257.122
  1070:   302469.122   302745.122   302967.122   303098.122   303304.122
  1075:   303427.122   303556.722   303556.920   303556.901   303556.092
  1080:   303856.902   305356.910   305358.612   306758.622   306759.712
  1085:   306866.122   307042.122   307230.122   307302.122   307532.122
  1090:   307731.122   307894.122   308094.122   308520.722   308520.920
  1095:   308520.901   308520.092   308820.902   310320.910   310322.615
  1100:   314172.625   314173.715   314763.125   315065.125   315774.125
  1105:   315898.125   316079.125   316160.125   316314.125   316485.125
  1110:   316618.125   316827.125   316940.125   317088.125   317290.125
  1115:   317419.125   317543.125   317690.125   317783.125   317829.125
  1120:   317901.125   317950.125   318035.725   318035.920   318035.901
  1125:   318035.095   318335.902   319835.910   319837.615   323687.625
  1130:   323688.715   325341.125   325449.125   325546.125   325755.125
  1135:   325891.125   326167.125   326291.125   326363.125   326446.125
  1140:   326632.125   326864.125   326909.125   326996.125   327177.125
  1145:   327302.125   327510.125   327554.725   327554.920   327554.901
  1150:   327554.095   327854.902   329354.910   329356.613   331306.623
  1155:   331307.713   331408.123   331453.123   331817.123   332260.123
  1160:   332651.123   332732.123   332855.123   332978.123   333061.123
  1165:   333160.123   333292.723   333292.920   333292.901   333292.093
  1170:   333592.902   335092.910   335094.614   337844.624   337845.814
  1175:   339094.134   339629.134   339792.134   339991.134   340062.134
  1180:   340190.134   340416.134   340894.134   341075.134   341164.134
  1185:   341276.134   341358.134   341527.134   341611.134   341797.134
  1190:   341859.134   342043.134   342107.134   342143.134   342422.134
  1195:   342670.134   342753.134   342867.134   342946.134   343031.134
  1200:   343092.134   343172.134   343211.134   343251.134   343292.134
  1205:   343645.824   343645.920   345145.910   345147.614   347897.624
  1210:   347898.714   348416.124   348850.124   349001.124   349100.124
  1215:   349312.124   349466.124   349586.124   349695.124   349865.124
  1220:   350144.124   350366.124   350732.724   350732.920   350732.901
  1225:   350732.094   351032.902   352532.910   352534.614   355284.624
  1230:   355285.814   356439.134   356619.134   356862.134   357007.134
  1235:   357174.134   357329.134   357458.134   357553.134   357936.134
  1240:   358072.134   358121.134   358427.134   358554.134   358607.134
  1245:   358789.134   359150.134   359293.134   359564.134   359606.134
  1250:   359648.134   359746.134   359923.134   360041.134   360099.134
  1255:   360143.134   360215.134   360261.134   360304.134   360954.134
  1260:   361085.824   361085.920   362585.910   362587.614   365337.624
  1265:   365338.814   365776.134   366196.134   366274.134   366406.134
  1270:   366856.134   367063.134   367146.134   367327.134   367483.134
  1275:   367554.134   367636.134   367682.134   367766.134   367938.134
  1280:   368106.134   368206.134   368331.134   368378.134   368433.134
  1285:   368475.134   368514.134   368662.134   368713.134   368855.134
  1290:   369012.134   369140.134   369224.134   369313.134   369366.134
  1295:   369397.134   369726.134   370124.134   370175.134   370333.134
  1300:   370424.134   370558.134   370610.134   370649.134   370700.134
  1305:   370750.134   370797.134   370843.134   371138.824   371138.920
  1310:   372638.910   372640.614   375390.624   375391.814   375679.134
  1315:   375721.134   375993.134   376372.134   376412.134   376513.134
  1320:   376555.134   376694.134   376805.134   376904.134   376963.134
  1325:   377057.134   377156.134   377279.134   377379.134   377662.134
  1330:   377834.134   378310.134   378504.134   378712.134   378768.134
  1335:   378810.134   378936.134   379029.134   379067.134   379154.134
  1340:   379246.134   379389.134   379513.134   379638.134   379802.134
  1345:   379849.134   380423.134   380462.134   380629.134   380681.134
  1350:   380726.134   380779.134   380819.134   381050.134   381121.134
  1355:   381191.824   381191.920   381196.411   382691.910   382693.611
  1360:   383693.621   383694.711   383885.121   384028.121   384402.121
  1365:   384680.121   384876.721   384876.920   384876.901   384876.091
  1370:   385176.902   386676.910   386678.614   389428.624   389429.814
  1375:   390921.134   391099.134   391215.134   391362.134   391558.134
  1380:   391596.134   391745.134   391827.134   391947.134   392078.134
  1385:   392209.134   392304.134   392398.134   392483.134   392665.134
  1390:   393014.134   393354.134   393521.134   393638.134   393724.134
  1395:   393813.134   393858.134   394006.134   394050.134   394103.134
  1400:   394187.134   394285.134   394341.134   394388.134   394530.134
  1405:   394659.134   394786.134   395229.824   395229.920   396729.910
  1410:   396731.615   400581.625   400582.715   402317.125   402358.125
  1415:   402403.125   402452.125   402571.125   402723.125   402773.125
  1420:   402852.125   403013.125   403080.125   403130.125   403208.125
  1425:   403326.125   403396.125   403477.125   403529.125   403606.125
  1430:   403790.125   403887.125   403956.125   403999.125   404116.125
  1435:   404246.125   404324.125   404397.125   404616.725   404616.920
  1440:   404616.901   404616.095   404916.902   406416.910   406418.615
  1445:   410268.625   410269.815   411357.135   411407.135   411456.135
  1450:   411520.135   411594.135   411782.135   411822.135   411913.135
  1455:   412047.135   412290.135   412379.135   412492.135   412674.135
  1460:   412892.135   413107.135   413303.135   413641.135   413738.135
  1465:   413903.135   414048.135   414355.135   414476.135   414774.135
  1470:   414946.135   414990.135   415128.135   415256.135   415417.135
  1475:   415556.135   415683.135   415726.135   415869.135   416044.135
  1480:   416090.135   416174.135   416381.135   416430.135   416516.135
  1485:   416551.135   416589.135   416630.135   416717.135   416772.135
  1490:   416813.135   416966.135   417010.135   417090.135   417181.135
  1495:   417233.135   417282.135   417381.135   417428.135   417538.135
  1500:   417606.135   417651.135   417711.135   417805.135   417867.135
  1505:   417969.825   417969.920   419469.910   419471.615   423321.625
  1510:   423322.815   425665.135   425893.135   425993.135   426298.135
  1515:   426383.135   426535.135   426770.135   427019.135   427218.135
  1520:   427343.135   427461.135   427555.135   427858.135   427968.135
  1525:   428050.135   428168.135   428272.135   428462.135   428505.135
  1530:   428701.135   428787.135   428881.135   428934.135   429114.135
  1535:   429163.135   429223.135   429312.135   429407.135   429460.135
  1540:   431022.825   431022.920   432522.910   432524.615   436374.625
  1545:   436375.815   436883.135   437158.135   437251.135   437413.135
  1550:   437461.135   437589.135   437677.135   437714.135   437839.135
  1555:   437916.135   438011.135   438109.135   438191.135   438283.135
  1560:   438346.135   438432.135   438481.135   438531.135   438733.135
  1565:   438825.135   438913.135   439106.135   439145.135   439332.135
  1570:   439421.135   439578.135   439737.135   439817.135   439914.135
  1575:   440052.135   440088.135   440120.135   440196.135   440303.135
  1580:   440387.135   440431.135   440467.135   440508.135   440549.135
  1585:   440683.135   440762.135   440813.135   440865.135   440908.135
  1590:   441061.135   441116.135   441332.135   441449.135   441504.135
  1595:   443505.135   443906.135   444010.135   444075.825   444075.920
  1600:   445575.910   445577.612   446977.622   446978.812   447406.132
  1605:   447658.132   447766.132   448013.132   448111.132   448317.132
  1610:   448700.132   448739.132   448819.132   448889.132   449752.132
  1615:   449864.132   450033.132   450115.132   450410.132   450509.132
  1620:   450607.132   450647.132   450795.132   450952.132   450978.822
  1625:   450978.920   452478.910   452480.613   454430.623   454431.713
  1630:   455557.123   455748.123   456103.123   456297.123   456370.123
  1635:   456553.723   456553.920   456553.901   456553.093   456853.902
  1640:   458353.910   458355.614   461105.624   461106.714   462335.124
  1645:   462813.124   463195.124   463468.124   463615.124   463647.124
  1650:   464117.724   464117.920   464117.901   464117.094   464417.902
  1655:   465917.910   465919.611   466919.621   466920.711   467018.121
  1660:   467490.121   467591.121   467983.721   467983.920   467983.901
  1665:   467983.091   468283.902   469783.910   469785.613   471735.623
  1670:   471736.813   471852.133   472160.133   472273.133   472387.133
  1675:   472529.133   472644.133   472766.133   472907.133   473015.133
  1680:   473094.133   473276.133   473319.133   473958.133   474025.133
  1685:   474359.133   474798.133   474871.133   474907.133   474947.133
  1690:   475285.133   475492.133   475566.133   475604.133   475644.133
  1695:   475773.133   475823.133   476536.823   476536.920   478036.910
  1700:   478038.615   481888.625   481889.815   482406.135   482861.135
  1705:   483021.135   483214.135   483453.135   483629.135   483784.135
  1710:   483959.135   484088.135   484201.135   484374.135   484461.135
  1715:   484505.135   484637.135   484788.135   484913.135   485041.135
  1720:   485210.135   485330.135   485408.135   485483.135   485593.135
  1725:   485680.135   485727.135   485883.135   485926.135   485958.135
  1730:   486039.135   486068.135   486145.135   486184.135   489407.135
  1735:   489557.135   489589.825   489589.920   491089.910   491091.615
  1740:   494941.625   494942.715   495427.125   495527.125   495745.125
  1745:   495790.125   495891.125   495945.125   496086.125   496189.125
  1750:   496319.125   496472.125   496687.125   496852.125   496930.125
  1755:   497083.125   497160.125   497202.125   497260.125   497312.125
  1760:   497357.125   497551.125   497645.125   497860.125   497993.125
  1765:   498076.125   498194.125   498286.125   498357.125   498454.125
  1770:   498492.125   498534.125   498691.125   498773.125   498987.725
  1775:   498987.920   498987.901   498987.095   499287.902   500787.910
  1780:   500789.613   502739.623   502740.713   503175.123   503565.123
  1785:   503904.123   503954.123   504111.123   504217.123   504338.123
  1790:   504564.123   504685.123   504766.723   504766.920   504766.901
  1795:   504766.093   505066.902   506566.910   506568.613   508518.623
  1800:   508519.713   509886.123   510088.123   510120.123   510276.123
  1805:   510502.723   510502.920   510502.901   510502.093   510802.902
  1810:   512302.910   512304.614   515054.624   515055.714   516072.124
  1815:   516105.124   516275.124   516415.124   516688.124   516797.124
  1820:   517013.124   517172.124   517374.124   517746.124   518072.724
  1825:   518072.920   518072.901   518072.094   518372.902   519872.910
  1830:   519874.615   523724.625   523725.715   524429.125   524692.125
  1835:   525054.125   525193.125   525327.125   525606.125   525711.125
  1840:   525795.125   526026.125   526161.125   526305.125   526443.125
  1845:   526830.125   526915.125   527448.125   527675.725   527675.920
  1850:   527675.901   527675.095   527975.902   529475.910   529477.614
  1855:   532227.624   532228.714   533980.124   534149.124   534405.124
  1860:   534553.124   534778.124   534896.124   534944.124   534981.724
  1865:   534981.920   534981.901   534981.094   535281.902   536781.910
  1870:   536783.615   540633.625   540634.715   542653.125   542805.125
  1875:   543063.125   543429.125   543655.125   543763.125   543838.125
  1880:   543926.125   544106.125   544299.125   544392.125   544540.725
  1885:   544540.920   544540.901   544540.095   544840.902   546340.910
  1890:   546342.611   547342.621   547343.811   547408.131   547856.131
  1895:   548101.131   548190.131   548359.131   548492.131   548612.131
  1900:   548742.131   548819.131   548940.131   549861.131   550403.131
  1905:   550451.131   550532.131   550669.131   550716.131   550843.821
  1910:   550843.920   552343.910   552345.612   553745.622   553746.812
  1915:   554333.132   554530.132   554678.132   554980.132   555089.132
  1920:   555218.132   555270.132   555358.132   556470.132   556509.132
  1925:   556553.132   556600.132   556639.132   556680.132   556722.132
  1930:   556763.132   556885.132   556966.132   557018.132   557072.132
  1935:   557217.132   557746.822   557746.920   559246.910   559248.613
  1940:   561198.623   561199.813   561966.133   562148.133   562285.133
  1945:   562416.133   562566.133   562742.133   562874.133   562923.133
  1950:   563003.133   563077.133   563190.133   563341.133   563462.133
  1955:   563557.133   563737.133   564082.133   564217.133   564301.133
  1960:   564398.133   564554.133   564631.133   564773.133   565108.133
  1965:   565999.823   565999.920   567499.910   567501.615   571351.625
  1970:   571352.815   573135.135   573294.135   573396.135   573632.135
  1975:   573758.135   574185.135   574269.135   574346.135   574617.135
  1980:   574887.135   575251.135   575486.135   575602.135   575700.135
  1985:   575882.135   575962.135   576039.135   576136.135   576176.135
  1990:   576268.135   576375.135   576546.135   576596.135   576740.135
  1995:   576921.135   578998.135   579032.135   579052.825   579052.920
  2000:   580552.910   580554.615   584404.625   584405.815   584782.135
  2005:   584838.135   584979.135   585176.135   585254.135   585324.135
  2010:   585402.135   585566.135   585741.135   586198.135   586282.135
  2015:   586381.135   586457.135   586504.135   586734.135   586855.135
  2020:   587019.135   587235.135   587375.135   587423.135   587466.135
  2025:   587536.135   587622.135   587768.135   587863.135   587931.135
  2030:   587977.135   588010.135   588052.135   588099.135   588197.135
  2035:   588299.135   588351.135   588556.135   588610.135   588812.135
  2040:   588870.135   588973.135   591783.135   591823.135   591883.135
  2045:   591929.135   591992.135   592034.135   592098.135   592105.825
  2050:   592105.920   593605.910   593607.615   597457.625   597458.815
  2055:   597789.135   597991.135   598190.135   598338.135   598419.135
  2060:   598458.135   598623.135   598734.135   598829.135   599162.135
  2065:   599239.135   599276.135   599311.135   599542.135   599866.135
  2070:   600128.135   600206.135   600252.135   600305.135   600514.135
  2075:   600657.135   601022.135   601116.135   601165.135   601249.135
  2080:   601329.135   601368.135   601404.135   601444.135   601813.135
  2085:   601896.135   601976.135   602076.135   602128.135   602192.135
  2090:   602296.135   602388.135   602496.135   602539.135   602659.135
  2095:   602801.135   602880.135   603070.135   605158.825   605158.920
  2100:   606658.910   606660.615   610510.625   610511.715   610932.125
  2105:   610986.125   611114.125   611172.125   611517.125   611566.125
  2110:   611658.125   611743.125   612049.125   612169.125   612211.125
  2115:   612257.125   612357.125   612401.125   612475.125   612577.125
  2120:   612667.125   612719.125   612837.125   612868.125   612944.125
  2125:   613191.125   613289.125   613327.125   613366.125   613403.125
  2130:   613535.125   613683.125   613726.125   613863.125   613896.125
  2135:   613942.125   614029.125   614083.125   614121.125   614190.125
  2140:   614261.125   614307.125   614433.725   614433.920   614433.901
  2145:   614433.095   614733.902   616233.910   616235.614   618985.624
  2150:   618986.814   619194.134   619243.134   619307.134   619353.134
  2155:   619434.134   619482.134   619528.134   619613.134   619750.134
  2160:   619859.134   619912.134   619995.134   620083.134   620138.134
  2165:   620405.134   620488.134   620638.134   620753.134   620839.134
  2170:   620980.134   621153.134   621195.134   621247.134   621292.134
  2175:   621338.134   621379.134   621432.134   621513.134   621638.134
  2180:   621685.134   621908.134   622066.134   622170.134   622214.134
  2185:   622257.134   622303.134   622351.134   622600.134   622679.134
  2190:   622723.134   622791.134   622838.134   622931.134   622976.134
  2195:   623082.134   623174.134   623309.134   623355.134   623458.134
  2200:   623551.134   623599.134   623726.134   623763.134   623876.134
  2205:   623962.134   624104.134   624219.134   624312.134   624786.824
  2210:   624786.920   626286.910   626288.612   627688.622   627689.812
  2215:   627835.132   627966.132   628095.132   628205.132   628362.132
  2220:   628546.132   628632.132   628797.132   628875.132   629027.132
  2225:   629104.132   629274.132   629390.132   629526.132   629663.132
  2230:   629779.132   629887.132   630047.132   630297.132   630341.132
  2235:   630376.132   630466.132   630576.132   630772.132   631029.132
  2240:   631115.132   631269.132   631353.132   631433.132   631472.132
  2245:   631512.132   631630.132   631689.822   631689.920   633189.910
  2250:   633191.612   634591.622   634592.712   634816.122   634987.122
  2255:   635082.122   635321.122   635406.122   635631.122   635664.122
  2260:   635754.122   635830.122   636009.722   636009.920   636009.901
  2265:   636009.092   636309.902   637809.910   637811.612   639211.622
  2270:   639212.712   639495.122   639535.122   639677.122   639787.122
  2275:   639932.122   640054.122   640147.122   640230.122   640339.122
  2280:   640986.722   640986.920   640986.901   640986.092   641286.902
  2285:   642786.910   642788.613   644738.623   644739.713   644813.123
  2290:   644843.123   645156.123   645290.123   645374.123   645444.123
  2295:   645581.123   645692.123   645763.123   645870.123   646058.123
  2300:   646098.123   646235.123   646286.123   646360.123   646440.123
  2305:   646488.123   646522.123   646558.123   646598.123   646709.723
  2310:   646709.920   646709.901   646709.093   647009.902   648509.910
  2315:   648511.614   651261.624   651262.714   651509.124   652344.124
  2320:   652377.124   652522.124   652682.124   653030.124   653170.124
  2325:   653447.124   653494.124   653576.124   653718.124   653814.124
  2330:   653889.124   654481.724   654481.920   654481.901   654481.094
  2335:   654781.902   656281.910   656283.611   657283.621   657284.711
  2340:   658084.121   658297.721   658297.920   658297.901   658297.091
  2345:   658597.902   660097.910   660099.614   662849.624   662850.714
  2350:   663414.124   663839.124   664052.124   664102.124   664131.124
  2355:   664208.124   664300.124   664607.124   664797.124   665229.124
  2360:   665302.124   665382.124   665451.124   665519.124   665728.724
  2365:   665728.920   665728.901   665728.094   666028.902   667528.910
  2370:   667530.612   668930.622   668931.712   669093.122   669248.122
  2375:   669284.122   669694.122   669959.122   670866.722   670866.920
  2380:   670866.901   670866.092   671166.902   672666.910   672668.614
  2385:   675418.624   675419.714   677282.124   677458.124   677493.124
  2390:   677748.124   677871.124   677977.124   678202.724   678202.920
  2395:   678202.901   678202.094   678502.902   680002.910   680004.611
  2400:   681004.621   681005.711   681276.121   681365.121   681575.121
  2405:   681714.121   681810.121   681899.121   682236.721   682236.920
  2410:   682236.901   682236.091   682536.902   684036.910   684038.614
  2415:   686788.624   686789.714   687933.124   687969.124   688155.124
  2420:   688369.124   688554.124   688627.124   688858.124   689007.124
  2425:   689238.124   689309.124   689383.124   689455.124   690087.724
  2430:   690087.920   690087.901   690087.094   690387.902   691887.910
  2435:   691889.612   693289.622   693290.812   693463.132   693714.132
  2440:   693998.132   694510.132   694657.132   694775.132   695487.132
  2445:   696027.132   696287.132   696371.132   696403.132   696449.132
  2450:   696531.132   696679.132   696717.132   696759.132   696803.132
  2455:   696846.132   697199.132   697255.132   697290.822   697290.920
  2460:   698790.910   698792.613   700742.623   700743.713   701145.123
  2465:   701223.123   701415.123   701721.123   701798.123   702047.123
  2470:   702095.123   702164.123   702211.123   702332.123   702652.123
  2475:   702733.723   702733.920   702733.901   702733.093   703033.902
  2480:   704533.910   704535.613   706485.623   706486.713   707551.123
  2485:   707696.123   707864.123   707949.123   708031.123   708114.123
  2490:   708254.123   708900.723   708900.920   708900.901   708900.093
  2495:   709200.902   710700.910   710702.615   714552.625   714553.715
  2500:   716301.125   716538.125   716633.125   716768.125   717109.125
  2505:   717405.125   717550.125   717786.125   717947.125   718080.125
  2510:   718218.125   718543.725   718543.920   718543.901   718543.095
  2515:   718843.902   720343.910   720345.614   723095.624   723096.714
  2520:   724251.124   724488.124   724619.124   724730.124   724812.124
  2525:   724886.124   724950.124   725113.124   725259.124   725534.124
  2530:   725839.124   725918.724   725918.920   725918.901   725918.094
  2535:   726218.902   727718.910   727720.611   728720.621   728721.711
  2540:   729381.121   729482.121   729560.121   729665.121   729747.721
  2545:   729747.920   729747.901   729747.091   730047.902   731547.910
  2550:   731549.612   732949.622   732950.712   733385.122   733513.122
  2555:   733600.122   733701.122   733885.122   733984.122   734012.122
  2560:   734144.122   734311.122   735134.722   735134.920   735134.901
  2565:   735134.092   735434.902   736934.910   736936.611   737936.621
  2570:   737937.711   738171.121   738295.121   738566.121   738710.121
  2575:   738784.121   738874.121   739311.721   739311.920   739311.901
  2580:   739311.091   739611.902   741111.910   741113.613   743063.623
  2585:   743064.713   744563.123   744599.123   744707.123   745049.723
  2590:   745049.920   745049.901   745049.093   745349.902   746849.910
  2595:   746851.613   748801.623   748802.713   749600.123   749957.123
  2600:   750163.123   750305.123   750450.123   750677.123   750772.723
  2605:   750772.920   750772.901   750772.093   751072.902   752572.910
  2610:   752574.612   753974.622   753975.712   754405.122   754521.122
  2615:   754653.122   754738.122   754962.122   755169.122   755476.722
  2620:   755476.920   755476.901   755476.092   755776.902   755776.902
  2625:   755776.005   755776.006   755776.007   755776.020       
D:
     0:        0.000        0.000        0.000        0.000        0.000
     5:        0.000        0.000        0.000        0.000        0.000
    10:        0.000        0.000        0.000        0.000        0.000
    15:        0.000        0.000        0.000        0.000        0.000
    20:        0.000        0.000        0.000        0.000        0.000
    25:        0.000        3.000        0.000        0.000        0.000
    30:        0.000        0.000        0.000        0.000        0.000
    35:        0.000
F:
     0:       10.000       10.000       10.000       10.000       10.000
     5:       10.000       10.000       10.000       10.000       14.000
    10:       14.000       14.000       14.000       14.000       14.000
    15:       14.000       14.000       14.000       14.000       14.000
    20:       14.000       19.500       19.500       19.500       19.500
    25:       19.500       19.500       19.500       19.500       19.500
    30:       19.500       19.500       19.500       19.500       19.500
    35:       19.500       27.500       27.500       27.500       27.500
    40:       27.500       27.500       27.500       27.500       27.500
    45:       27.500       27.500       27.500       27.500       27.500
    50:       27.500       27.500       27.500       27.500       38.500
    55:       38.500       38.500       38.500       38.500       38.500
    60:       38.500       38.500       38.500       38.500       38.500
    65:       38.500       38.500       38.500       38.500       38.500
    70:       38.500       38.500       38.500       38.500       38.500
    75:       20.000       20.000       20.000       28.000       28.000
    80:       28.000       28.000       39.000       39.000       39.000
    85:       39.000       39.000       55.000       55.000       55.000
    90:       55.000       55.000       55.000       77.000       77.000
    95:       77.000       77.000       77.000       77.000       77.000
I:
     0:       75.000        0.000        0.000
M:
     0:        9.000       12.000       15.000       18.000       21.000
     5:        3.000        4.000        5.000        6.000        7.000
    10:      100.000
N:
     0:       12.000       16.000       20.000       24.000       28.000
     5:        0.000
Q:
     0:        9.000       12.000       15.000       18.000       21.000
     5:        0.000
V:
     0:        0.000        0.000        0.000        0.000        0.000
     5:       50.000      107.000      181.000      241.000      451.000
    10:       65.000       93.000      163.000      232.000      287.000
    15:        0.000
