File: C:\MED-PC IV\DATA\M_PEAK_LP15P875


Start Date: 10/01/17
End Date: 10/01/17
Subject: P875
Experiment: IF-PICO
Group: 0
Box: 8
Start Time: 10:16:35
End Time: 12:41:47
MSN: Multiple_PeakLP2
B:       0.000
C:       0.000
E:    5769.000
G:      19.500
H:    1950.000
J:       0.000
K:       0.000
L:       0.000
O:       0.000
P:       0.000
R:       0.000
S:       0.000
T:  871169.000
U:       0.000
W:       0.000
X:       0.000
Y:       0.000
Z:       0.000
A:
     0:        0.010      500.910      502.615     4352.625     4353.815
     5:     6049.135     6377.135     6413.135     6459.135     6985.135
    10:     7088.135     7376.135     8081.135     8717.135     8875.135
    15:     8910.135     9002.135     9353.135     9539.135     9549.135
    20:    10073.135    10177.135    12053.825    12053.920    13553.910
    25:    13555.612    14955.622    14956.812    16337.132    17896.132
    30:    18771.132    18956.822    18956.920    18985.411    20456.910
    35:    20458.612    21858.622    21859.812    22639.132    22821.132
    40:    22874.132    22907.132    22946.132    22979.132    23043.132
    45:    23072.132    23106.132    23142.132    23178.132    23284.132
    50:    23333.132    23368.132    23413.132    23448.132    23469.132
    55:    23498.132    23550.132    23589.132    23617.132    23718.132
    60:    23750.132    23781.132    23810.132    23861.132    23925.132
    65:    23956.132    24047.132    24091.132    24121.132    24174.132
    70:    24227.132    24261.132    24312.132    24358.132    24391.132
    75:    24417.132    24500.132    24548.132    24632.132    24665.132
    80:    24698.132    24731.132    24766.132    24844.132    24886.132
    85:    24945.132    24978.132    25058.132    25091.132    25126.132
    90:    25201.132    25859.822    25859.920    27359.910    27361.612
    95:    28761.622    28762.712    28973.122    29017.122    29275.122
   100:    29314.122    29354.122    29430.122    29474.122    29513.122
   105:    29551.122    29582.122    29625.122    29697.122    29753.122
   110:    29788.122    29822.122    29891.122    29928.122    29972.122
   115:    30003.122    30039.122    30094.122    30147.122    30177.722
   120:    30177.920    30177.901    30177.092    30477.902    31977.910
   125:    31979.613    33929.623    33930.713    34338.123    34402.123
   130:    34432.123    34466.123    34503.123    34537.123    34570.123
   135:    34607.123    34643.123    34718.123    34754.123    34797.123
   140:    34835.123    34869.123    34901.123    34939.123    34969.123
   145:    35024.123    35059.123    35096.123    35127.123    35160.123
   150:    35210.123    35240.123    35270.123    35305.123    35344.123
   155:    35371.123    35405.123    35461.123    35488.123    35529.123
   160:    35576.123    35608.123    35641.123    35673.123    35734.123
   165:    35769.123    35798.123    35836.123    35883.723    35883.920
   170:    35883.901    35883.093    36183.902    37683.910    37685.614
   175:    40435.624    40436.714    41562.124    41602.124    41639.124
   180:    41706.124    41734.124    41770.124    41801.124    41838.124
   185:    41871.124    41911.124    42013.124    42021.124    42049.124
   190:    42089.124    42128.124    42159.124    42193.124    42233.124
   195:    42283.124    42313.124    42392.124    42419.124    42471.124
   200:    42499.124    42522.124    42559.124    42591.124    42623.124
   205:    42656.124    42689.124    42796.124    42829.124    42856.124
   210:    42909.124    42937.124    42966.124    43015.124    43073.124
   215:    43137.124    43166.124    43195.724    43195.920    43195.901
   220:    43195.094    43495.902    44995.910    44997.613    46947.623
   225:    46948.713    47159.123    47201.123    47238.123    47274.123
   230:    47305.123    47341.123    47446.123    47485.123    47524.123
   235:    47551.123    47589.123    47628.123    47659.123    47697.123
   240:    47737.123    47771.123    47813.123    47844.123    47882.123
   245:    47909.123    47948.123    48003.123    48054.123    48082.123
   250:    48121.123    48142.123    48180.123    48209.123    48314.123
   255:    48345.123    48379.123    48407.123    48439.123    48471.123
   260:    48510.123    48561.123    48597.123    48661.123    48698.123
   265:    48730.123    48762.123    48801.123    48828.123    48865.123
   270:    48912.723    48912.920    48912.901    48912.093    49212.902
   275:    50712.910    50714.611    51714.621    51715.811    52021.131
   280:    52090.131    52160.131    52195.131    52228.131    52268.131
   285:    52300.131    52338.131    52450.131    52483.131    52549.131
   290:    52586.131    52628.131    52656.131    52692.131    52731.131
   295:    52761.131    52798.131    52838.131    52872.131    52910.131
   300:    52940.131    52981.131    53014.131    53044.131    53075.131
   305:    53110.131    53142.131    53194.131    53228.131    53247.131
   310:    53278.131    53307.131    53339.131    53401.131    53434.131
   315:    53470.131    53535.131    53588.131    53624.131    53678.131
   320:    53715.131    53760.131    53791.131    53823.131    53852.131
   325:    53893.131    53924.131    53997.131    54028.131    54063.131
   330:    54117.131    54152.131    54194.131    54227.131    54260.131
   335:    54294.131    54300.131    54329.131    54364.131    54398.131
   340:    54444.131    54491.131    54515.131    54551.131    54584.131
   345:    54615.131    54669.131    54703.131    54733.131    54767.131
   350:    54798.131    54853.131    54934.131    54972.131    55049.131
   355:    55089.131    55215.821    55215.920    55236.411    56715.910
   360:    56717.614    59467.624    59468.714    66334.724    66334.920
   365:    66334.901    66334.094    66634.902    68134.910    68136.615
   370:    71986.625    71987.715    73976.125    75634.125    75675.125
   375:    75980.725    75980.920    75980.901    75980.095    76280.902
   380:    77780.910    77782.615    81632.625    81633.815    82140.135
   385:    82177.135    82241.135    82273.135    82312.135    82665.135
   390:    82770.135    82857.135    82895.135    82928.135    83022.135
   395:    83073.135    83129.135    83160.135    83194.135    83234.135
   400:    83292.135    83320.135    83356.135    83424.135    83512.135
   405:    83544.135    83592.135    83626.135    83658.135    83693.135
   410:    83735.135    83774.135    83805.135    83824.135    83861.135
   415:    83890.135    83945.135    83977.135    84006.135    84035.135
   420:    84060.135    84094.135    84144.135    84171.135    84204.135
   425:    84248.135    84278.135    84328.135    84364.135    84402.135
   430:    84434.135    84486.135    84522.135    84553.135    84606.135
   435:    84642.135    84677.135    84720.135    84750.135    84805.135
   440:    84838.135    84908.135    84938.135    84989.135    85028.135
   445:    85060.135    85113.135    85150.135    85204.135    85235.135
   450:    85293.135    85330.135    85368.135    85400.135    85434.135
   455:    85470.135    85508.135    85661.135    85707.135    88511.135
   460:    88546.135    88586.135    88625.135    88661.135    88667.135
   465:    88700.135    88775.135    88808.135    88835.135    88873.135
   470:    88914.135    88951.135    88989.135    89031.135    89069.135
   475:    89099.135    89139.135    89181.135    89216.135    89255.135
   480:    89298.135    89333.825    89333.920    90833.910    90835.614
   485:    93585.624    93586.714    98049.724    98049.920    98049.901
   490:    98049.094    98349.902    99849.910    99851.615   103701.625
   495:   103702.815   104692.135   105729.135   105739.135   105773.135
   500:   105845.135   105885.135   106110.135   106207.135   106348.135
   505:   106445.135   106542.135   106573.135   106614.135   106701.135
   510:   106795.135   106841.135   106925.135   106958.135   106996.135
   515:   107032.135   107065.135   107106.135   107136.135   107216.135
   520:   107252.135   107286.135   107322.135   107361.135   107392.135
   525:   107428.135   107461.135   107493.135   107530.135   107567.135
   530:   107599.135   107650.135   107716.135   107781.135   107833.135
   535:   107866.135   107909.135   107941.135   107974.135   108016.135
   540:   108049.135   108086.135   108123.135   108161.135   108200.135
   545:   108269.135   108314.135   108347.135   108428.135   108459.135
   550:   108486.135   108519.135   108551.135   108588.135   108620.135
   555:   108650.135   108679.135   108712.135   108776.135   108820.135
   560:   108858.135   108897.135   108936.135   108973.135   109007.135
   565:   109035.135   109296.135   110365.135   110601.135   111402.825
   570:   111402.920   112902.910   112904.615   116754.625   116755.815
   575:   119191.135   119227.135   119269.135   119348.135   119443.135
   580:   119720.135   119762.135   119801.135   119857.135   120011.135
   585:   120051.135   120096.135   120187.135   120224.135   120263.135
   590:   120321.135   120357.135   120400.135   120463.135   120505.135
   595:   120543.135   120589.135   120627.135   120673.135   120717.135
   600:   120754.135   120864.135   120899.135   120960.135   120990.135
   605:   121015.135   121053.135   121153.135   121305.135   121346.135
   610:   121454.135   121507.135   121647.135   122267.135   124455.825
   615:   124455.920   125955.910   125957.611   126957.621   126958.711
   620:   127700.121   127746.121   127782.121   127822.121   127905.121
   625:   127980.721   127980.920   127980.901   127980.091   128280.902
   630:   129780.910   129782.614   132532.624   132533.714   132998.124
   635:   133234.124   133281.124   133326.124   133410.124   133455.124
   640:   133496.124   133536.124   133581.124   133622.124   133665.124
   645:   133711.124   133759.124   133792.124   133832.124   133876.124
   650:   133919.124   133957.124   134005.124   134046.124   134088.124
   655:   134123.124   134166.124   134210.124   134255.124   134296.124
   660:   134354.124   134398.124   134435.124   134472.124   134517.124
   665:   134558.124   134602.124   134656.124   134691.124   134734.124
   670:   134779.124   134820.124   134857.124   134896.124   134942.124
   675:   135000.124   135036.124   135075.124   135127.124   135161.124
   680:   135211.124   135245.124   135284.724   135284.920   135284.901
   685:   135284.094   135584.902   137084.910   137086.612   138486.622
   690:   138487.712   138822.122   138861.122   138897.122   138937.122
   695:   138977.122   139018.122   139059.122   139102.122   139108.122
   700:   139144.122   139179.122   139219.122   139266.122   139306.122
   705:   139349.122   139382.122   139423.122   139466.122   139504.122
   710:   139548.122   139588.122   139629.122   139673.122   139706.122
   715:   139761.122   139799.122   139844.122   139878.122   139918.722
   720:   139918.920   139918.901   139918.092   140218.902   141718.910
   725:   141720.614   144470.624   144471.714   145001.124   145090.124
   730:   145248.124   145285.124   145362.124   145441.124   145484.124
   735:   145570.124   145628.124   145674.124   145715.124   145751.124
   740:   145798.124   145836.124   145877.124   145921.124   145971.124
   745:   146026.124   146069.124   146108.124   146152.124   146185.124
   750:   146228.124   146272.124   146303.124   146345.124   146382.124
   755:   146434.124   146487.124   146523.124   146580.124   146617.124
   760:   146658.124   146702.124   146734.124   146796.124   146831.124
   765:   146874.124   146906.124   146915.124   146950.124   146981.124
   770:   147040.124   147073.124   147115.124   147161.124   147196.124
   775:   147239.724   147239.920   147239.901   147239.094   147539.902
   780:   149039.910   149041.615   152891.625   152892.715   154105.125
   785:   154154.125   154240.125   154492.125   154531.125   154567.125
   790:   154608.125   154738.125   154942.125   154981.125   155113.125
   795:   155156.125   155202.125   155245.125   155289.125   155319.125
   800:   155383.125   155418.125   155458.125   155501.125   155537.125
   805:   155575.125   155621.125   155653.125   155697.125   155732.125
   810:   155769.125   155812.125   155850.125   155903.125   155942.125
   815:   155978.125   156020.125   156058.125   156097.125   156132.125
   820:   156175.125   156215.125   156262.125   156302.125   156345.125
   825:   156379.125   156415.125   156459.125   156504.125   156538.125
   830:   156584.125   156619.125   156657.125   156697.125   156747.725
   835:   156747.920   156747.901   156747.095   157047.902   158547.910
   840:   158549.613   160499.623   160500.813   160811.133   160858.133
   845:   160898.133   160943.133   160950.133   160991.133   161114.133
   850:   161155.133   161240.133   161280.133   161323.133   161361.133
   855:   161403.133   161445.133   161486.133   161525.133   161563.133
   860:   161606.133   161637.133   161677.133   161726.133   161764.133
   865:   161801.133   161837.133   161885.133   161917.133   161958.133
   870:   161996.133   162033.133   162071.133   162103.133   162141.133
   875:   162178.133   162220.133   162261.133   162297.133   162338.133
   880:   162373.133   162419.133   162455.133   162495.133   162540.133
   885:   162573.133   162612.133   162653.133   162688.133   162731.133
   890:   162766.133   162806.133   162839.133   162882.133   162916.133
   895:   162958.133   162992.133   163051.133   163084.133   163122.133
   900:   163155.133   163200.133   163235.133   163273.133   163326.133
   905:   163362.133   163395.133   163434.133   163499.133   163533.133
   910:   163572.133   163619.133   163655.133   163697.133   163737.133
   915:   163778.133   163820.133   163870.133   163905.133   163936.133
   920:   163974.133   164004.133   164042.133   164065.133   164108.133
   925:   164145.133   164189.133   164230.133   164271.133   164315.133
   930:   164527.133   165300.823   165300.920   166800.910   166802.615
   935:   170652.625   170653.815   173600.135   173811.135   173848.135
   940:   174075.135   174119.135   174167.135   174209.135   174259.135
   945:   174293.135   174340.135   174382.135   174427.135   174522.135
   950:   174565.135   174646.135   174691.135   174738.135   174788.135
   955:   174829.135   174903.135   174945.135   174987.135   175026.135
   960:   175072.135   175077.135   175165.135   175219.135   175255.135
   965:   175298.135   175343.135   175379.135   175420.135   175455.135
   970:   175490.135   175544.135   175587.135   175630.135   175661.135
   975:   175702.135   175744.135   175792.135   175826.135   175867.135
   980:   175916.135   175950.135   175994.135   176040.135   176075.135
   985:   176127.135   176170.135   176208.135   176266.135   176294.135
   990:   176343.135   176378.135   176429.135   176476.135   176515.135
   995:   176555.135   176607.135   176641.135   176680.135   176725.135
  1000:   176762.135   176817.135   176876.135   176912.135   176946.135
  1005:   176980.135   177021.135   177073.135   177111.135   177176.135
  1010:   177250.135   177290.135   177332.135   177593.135   177692.135
  1015:   177784.135   177823.135   177865.135   177907.135   177948.135
  1020:   177987.135   178073.135   178353.825   178353.920   179853.910
  1025:   179855.611   180855.621   180856.711   253435.721   253435.920
  1030:   253435.901   253435.091   253735.902   255235.910   255237.615
  1035:   259087.625   259088.815   259628.135   259660.135   259887.135
  1040:   259995.135   260038.135   260273.135   260348.135   260381.135
  1045:   260431.135   260461.135   260502.135   260541.135   260578.135
  1050:   260680.135   260712.135   260762.135   260810.135   260844.135
  1055:   260917.135   260958.135   261038.135   261071.135   261126.135
  1060:   261161.135   261199.135   261237.135   261279.135   261321.135
  1065:   261357.135   261388.135   261430.135   261472.135   261510.135
  1070:   261552.135   261594.135   261681.135   261753.135   261782.135
  1075:   261826.135   261865.135   261914.135   261948.135   261983.135
  1080:   262020.135   262057.135   262092.135   262129.135   262169.135
  1085:   262201.135   262242.135   262271.135   262311.135   262342.135
  1090:   262386.135   262425.135   262454.135   262505.135   262534.135
  1095:   262567.135   262601.135   262634.135   262664.135   262701.135
  1100:   262748.135   262779.135   262814.135   262859.135   262895.135
  1105:   262935.135   262972.135   263011.135   263048.135   263083.135
  1110:   263123.135   263200.135   263277.135   265082.135   265128.135
  1115:   265167.135   265212.135   265248.135   265292.135   266375.135
  1120:   266533.135   266788.825   266788.920   268288.910   268290.612
  1125:   269690.622   269691.712   269974.122   270011.122   270049.122
  1130:   270087.122   270132.122   270174.122   270243.122   270284.122
  1135:   270322.122   270357.122   270391.122   270445.122   270494.122
  1140:   270530.122   270578.122   270616.122   270658.122   270703.122
  1145:   270742.122   270784.122   270825.122   270879.122   270914.122
  1150:   271011.122   271078.122   271116.722   271116.920   271116.901
  1155:   271116.092   271416.902   272916.910   272918.612   274318.622
  1160:   274319.712   274548.122   274621.122   274659.122   274692.122
  1165:   274729.122   274770.122   274802.122   274837.122   274877.122
  1170:   274917.122   274994.122   275030.122   275068.122   275109.122
  1175:   275148.122   275187.122   275226.122   275263.122   275299.122
  1180:   275338.122   275376.122   275413.122   275450.122   275483.122
  1185:   275519.122   275559.122   275600.122   275646.122   275678.122
  1190:   275721.722   275721.920   275721.901   275721.092   276021.902
  1195:   277521.910   277523.613   279473.623   279474.713   279606.123
  1200:   279647.123   279682.123   279718.123   279755.123   279825.123
  1205:   279861.123   279898.123   279939.123   279974.123   280008.123
  1210:   280041.123   280078.123   280111.123   280183.123   280268.123
  1215:   280303.123   280342.123   280382.123   280422.123   280459.123
  1220:   280501.123   280580.123   280618.123   280658.123   280696.123
  1225:   280734.123   280774.123   280810.123   280844.123   280882.123
  1230:   280926.123   280959.123   281000.123   281029.123   281066.123
  1235:   281134.123   281166.123   281203.123   281237.123   281277.123
  1240:   281347.123   281380.123   281411.123   281444.723   281444.920
  1245:   281444.901   281444.093   281744.902   283244.910   283246.613
  1250:   285196.623   285197.713   285390.123   285430.123   285464.123
  1255:   285500.123   285532.123   285570.123   285633.123   285708.123
  1260:   285744.123   285782.123   285813.123   285846.123   285883.123
  1265:   285922.123   285967.123   286003.123   286077.123   286113.123
  1270:   286149.123   286185.123   286215.123   286253.123   286293.123
  1275:   286322.123   286361.123   286403.123   286471.123   286501.123
  1280:   286536.123   286574.123   286639.123   286672.123   286711.123
  1285:   286744.123   286782.123   286857.123   286927.123   286960.123
  1290:   287007.123   287040.123   287075.123   287109.123   287137.123
  1295:   287181.723   287181.920   287181.901   287181.093   287481.902
  1300:   288981.910   288983.614   291733.624   291734.714   292430.124
  1305:   292519.124   292638.124   292675.124   292709.124   292747.124
  1310:   292773.124   292810.124   292847.124   292920.124   292998.124
  1315:   293029.124   293067.124   293102.124   293144.124   293177.124
  1320:   293213.124   293285.124   293320.124   293356.124   293384.124
  1325:   293429.124   293467.124   293506.124   293540.124   293617.124
  1330:   293647.124   293692.124   293756.124   293825.124   293860.124
  1335:   293902.124   293934.124   293969.124   294006.124   294045.124
  1340:   294087.124   294122.124   294191.124   294237.124   294272.124
  1345:   294304.124   294343.124   294376.124   294418.124   294459.124
  1350:   294494.724   294494.920   294494.901   294494.094   294794.902
  1355:   296294.910   296296.611   297296.621   297297.711   297555.121
  1360:   297603.121   297637.121   297676.121   297719.121   297757.121
  1365:   297801.121   297833.121   297870.121   297914.121   297950.121
  1370:   297995.121   298038.121   298080.121   298123.121   298162.121
  1375:   298200.121   298252.121   298284.121   298323.721   298323.920
  1380:   298323.901   298323.091   298623.902   300123.910   300125.613
  1385:   302075.623   302076.713   302308.123   302348.123   302385.123
  1390:   302421.123   302457.123   302500.123   302544.123   302579.123
  1395:   302618.123   302656.123   302699.123   302730.123   302767.123
  1400:   302813.123   302853.123   302900.123   302938.123   302980.123
  1405:   303016.123   303048.123   303090.123   303123.123   303160.123
  1410:   303200.123   303241.123   303285.123   303319.123   303359.123
  1415:   303398.123   303445.123   303478.123   303516.123   303558.123
  1420:   303598.123   303642.123   303686.123   303719.123   303747.123
  1425:   303785.123   303828.123   303869.123   303902.123   303950.123
  1430:   303985.123   304031.723   304031.920   304031.901   304031.093
  1435:   304331.902   305831.910   305833.614   308583.624   308584.714
  1440:   308843.124   308885.124   308968.124   309062.124   309492.124
  1445:   309523.124   309551.124   309599.124   309641.124   309675.124
  1450:   309716.124   309754.124   309795.124   309830.124   309871.124
  1455:   309907.124   309952.124   309991.124   310025.124   310069.124
  1460:   310108.124   310142.124   310187.124   310241.124   310274.124
  1465:   310311.124   310352.124   310393.124   310426.124   310467.124
  1470:   310507.124   310549.124   310588.124   310630.124   310672.124
  1475:   310720.124   310752.124   310793.124   310829.124   310872.124
  1480:   310906.124   310948.124   310987.124   311025.124   311071.124
  1485:   311109.124   311146.124   311186.124   311223.124   311266.124
  1490:   311307.124   311364.724   311364.920   311364.901   311364.094
  1495:   311664.902   313164.910   313166.613   315116.623   315117.713
  1500:   315310.123   315359.123   315401.123   315434.123   315715.123
  1505:   315755.123   315978.123   316020.123   316058.123   316104.123
  1510:   316141.123   316151.123   316177.123   316208.123   316248.123
  1515:   316286.123   316322.123   316356.123   316396.123   316437.123
  1520:   316468.123   316516.123   316554.123   316595.123   316628.123
  1525:   316668.123   316703.123   316737.123   316780.123   316811.123
  1530:   316849.123   316893.123   316925.123   316962.123   317013.123
  1535:   317047.123   317082.723   317082.920   317082.901   317082.093
  1540:   317382.902   318882.910   318884.615   322734.625   322735.715
  1545:   323401.125   323442.125   323778.125   323825.125   323869.125
  1550:   323976.125   324020.125   324658.125   324708.125   324752.125
  1555:   324802.125   324844.125   324886.125   324927.125   324966.125
  1560:   325009.125   325046.125   325095.125   325135.125   325183.125
  1565:   325215.125   325256.125   325291.125   325337.125   325372.125
  1570:   325406.125   325453.125   325486.125   325536.125   325572.125
  1575:   325604.125   325651.125   325682.125   325737.125   325793.125
  1580:   325830.125   325876.125   325908.125   325952.125   326002.125
  1585:   326041.125   326063.125   326102.125   326139.125   326174.125
  1590:   326223.125   326257.125   326296.125   326341.125   326374.125
  1595:   326419.125   326453.125   326508.125   326546.125   326569.125
  1600:   326605.725   326605.920   326605.901   326605.095   326905.902
  1605:   328405.910   328407.611   329407.621   329408.711   329686.121
  1610:   329725.121   329762.121   329798.121   329837.121   329914.121
  1615:   329952.121   329983.121   330017.121   330056.121   330086.121
  1620:   330127.121   330156.121   330165.121   330192.121   330234.121
  1625:   330266.121   330309.121   330342.121   330373.121   330414.721
  1630:   330414.920   330414.901   330414.091   330714.902   332214.910
  1635:   332216.615   336066.625   336067.715   336746.125   337018.125
  1640:   337058.125   337094.125   337128.125   337163.125   337193.125
  1645:   337264.125   337304.125   337345.125   337378.125   337419.125
  1650:   337455.125   337530.125   337560.125   337631.125   337661.125
  1655:   337734.125   337771.125   337809.125   337937.125   337978.125
  1660:   338026.125   338097.125   338131.125   338170.125   338200.125
  1665:   338282.125   338288.125   338319.125   338349.125   338380.125
  1670:   338415.125   338473.125   338508.125   338534.125   338582.125
  1675:   338622.125   338661.125   338690.125   338742.125   338771.125
  1680:   338821.125   338893.125   338925.125   338973.125   339013.125
  1685:   339045.125   339080.125   339133.125   339165.125   339206.125
  1690:   339279.125   339314.125   339346.125   339373.125   339411.125
  1695:   339495.125   339534.125   339572.125   339612.125   339645.125
  1700:   339682.125   339714.125   339756.125   339792.125   339826.125
  1705:   339867.125   339901.125   339941.725   339941.920   339941.901
  1710:   339941.095   340241.902   341741.910   341743.612   343143.622
  1715:   343144.712   343354.122   343388.122   343420.122   343456.122
  1720:   343493.122   343532.122   343570.122   343609.122   343646.122
  1725:   343685.122   343722.122   343759.122   343801.122   343835.122
  1730:   343876.122   343921.122   343954.122   343991.122   344030.122
  1735:   344066.122   344115.122   344150.122   344183.122   344222.122
  1740:   344260.122   344281.122   344358.122   344394.122   344430.122
  1745:   344476.122   344509.122   344549.722   344549.920   344549.901
  1750:   344549.092   344849.902   346349.910   346351.612   347751.622
  1755:   347752.712   347924.122   347997.122   348031.122   348065.122
  1760:   348104.122   348213.122   348284.122   348351.122   348388.122
  1765:   348435.122   348465.122   348501.122   348542.122   348572.122
  1770:   348611.122   348642.122   348676.122   348717.122   348747.122
  1775:   348784.122   348816.122   348849.122   348876.122   348912.122
  1780:   348942.122   348977.122   349005.122   349058.122   349090.122
  1785:   349122.122   349161.722   349161.920   349161.901   349161.092
  1790:   349461.902   350961.910   350963.613   352913.623   352914.713
  1795:   353110.123   353148.123   353185.123   353213.123   353254.123
  1800:   353282.123   353347.123   353381.123   353410.123   353451.123
  1805:   353481.123   353514.123   353582.123   353614.123   353654.123
  1810:   353683.123   353717.123   353744.123   353786.123   353816.123
  1815:   353845.123   353890.123   353920.123   353955.123   353990.123
  1820:   354035.123   354066.123   354107.123   354140.123   354173.123
  1825:   354198.123   354238.123   354302.123   354309.123   354344.123
  1830:   354392.123   354424.123   354461.123   354498.123   354536.123
  1835:   354572.123   354605.123   354643.123   354671.123   354710.123
  1840:   354777.123   354816.123   354847.123   354880.723   354880.920
  1845:   354880.901   354880.093   355180.902   356680.910   356682.615
  1850:   360532.625   360533.715   362099.125   362134.125   362169.125
  1855:   362204.125   362241.125   362274.125   362310.125   362345.125
  1860:   362377.125   362417.125   362446.125   362483.125   362514.125
  1865:   362590.125   362619.125   362692.125   362726.125   362759.125
  1870:   362792.125   362831.125   362868.125   362910.125   362942.125
  1875:   362975.125   363021.125   363052.125   363084.125   363126.125
  1880:   363158.125   363214.125   363238.125   363275.125   363308.125
  1885:   363348.125   363378.125   363418.125   363461.125   363491.125
  1890:   363525.125   363549.125   363591.125   363625.125   363657.125
  1895:   363697.125   363727.125   363764.125   363794.125   363832.125
  1900:   363875.125   363905.125   363951.125   363992.125   364027.125
  1905:   364070.125   364105.125   364145.125   364179.125   364217.125
  1910:   364237.125   364272.125   364309.125   364355.125   364387.725
  1915:   364387.920   364387.901   364387.095   364687.902   366187.910
  1920:   366189.611   367189.621   367190.711   367391.121   367427.121
  1925:   367468.121   367502.121   367539.121   367571.121   367606.121
  1930:   367642.121   367677.121   367714.121   367752.121   367783.121
  1935:   367823.121   367858.121   367863.121   367901.121   367930.121
  1940:   367966.121   368008.121   368050.121   368091.121   368122.121
  1945:   368156.121   368195.721   368195.920   368195.901   368195.091
  1950:   368495.902   369995.910   369997.612   371397.622   371398.712
  1955:   371605.122   371646.122   371689.122   371725.122   371764.122
  1960:   371805.122   371835.122   371870.122   371907.122   371945.122
  1965:   371978.122   372012.122   372046.122   372087.122   372128.122
  1970:   372169.122   372206.122   372249.122   372283.122   372318.122
  1975:   372355.122   372401.122   372436.122   372473.122   372504.122
  1980:   372542.122   372574.122   372645.122   372683.122   372720.122
  1985:   372758.122   372804.722   372804.920   372804.901   372804.092
  1990:   373104.902   374604.910   374606.612   376006.622   376007.712
  1995:   376307.122   376345.122   376382.122   376423.122   376451.122
  2000:   376488.122   376526.122   376562.122   376598.122   376635.122
  2005:   376674.122   376711.122   376813.122   376851.122   376886.122
  2010:   376922.122   376960.122   376993.122   377031.122   377125.122
  2015:   377162.122   377196.122   377233.122   377269.122   377304.122
  2020:   377348.122   377380.122   377415.722   377415.920   377415.901
  2025:   377415.092   377715.902   379215.910   379217.614   381967.624
  2030:   381968.714   382228.124   382559.124   382939.124   382978.124
  2035:   383255.124   383293.124   383372.124   383408.124   383445.124
  2040:   383482.124   383528.124   383565.124   383602.124   383640.124
  2045:   383671.124   383707.124   383749.124   383789.124   383827.124
  2050:   383864.124   383906.124   383941.124   383983.124   384020.124
  2055:   384051.124   384090.124   384127.124   384166.124   384205.124
  2060:   384246.124   384280.124   384321.124   384364.124   384405.124
  2065:   384440.124   384484.124   384522.124   384568.124   384606.124
  2070:   384647.124   384701.124   384737.724   384737.920   384737.901
  2075:   384737.094   385037.902   386537.910   386539.615   390389.625
  2080:   390390.715   390892.125   390929.125   391140.125   391357.125
  2085:   391502.125   391550.125   391589.125   391617.125   391659.125
  2090:   391692.125   391733.125   391772.125   391813.125   391841.125
  2095:   391882.125   391920.125   391949.125   391989.125   392023.125
  2100:   392064.125   392095.125   392134.125   392163.125   392198.125
  2105:   392236.125   392267.125   392310.125   392343.125   392384.125
  2110:   392415.125   392452.125   392486.125   392517.125   392563.125
  2115:   392596.125   392638.125   392670.125   392697.125   392741.125
  2120:   392774.125   392811.125   392858.125   392892.125   392937.125
  2125:   392969.125   393006.125   393039.125   393078.125   393111.125
  2130:   393159.125   393196.125   393204.125   393241.125   393278.125
  2135:   393316.125   393360.125   393393.125   393432.125   393457.125
  2140:   393493.125   393528.125   393570.125   393612.125   393648.125
  2145:   393688.125   393722.125   393771.125   393806.125   393832.125
  2150:   393875.125   393903.125   393946.125   393987.125   394024.125
  2155:   394070.125   394106.125   394152.125   394193.125   394228.125
  2160:   394253.725   394253.920   394253.901   394253.095   394553.902
  2165:   396053.910   396055.615   399905.625   399906.715   400643.125
  2170:   401308.125   401351.125   401432.125   401475.125   401510.125
  2175:   401551.125   401587.125   401631.125   401715.125   401756.125
  2180:   401836.125   401869.125   401913.125   401999.125   402042.125
  2185:   402117.125   402153.125   402194.125   402234.125   402265.125
  2190:   402307.125   402350.125   402393.125   402425.125   402463.125
  2195:   402498.125   402544.125   402575.125   402615.125   402653.125
  2200:   402691.125   402726.125   402765.125   402804.125   402838.125
  2205:   402876.125   402908.125   402946.125   402988.125   403019.125
  2210:   403057.125   403110.125   403143.125   403189.125   403223.125
  2215:   403266.125   403302.125   403339.125   403387.125   403421.125
  2220:   403459.125   403502.125   403538.125   403596.125   403638.125
  2225:   403676.125   403712.125   403744.125   403792.725   403792.920
  2230:   403792.901   403792.095   404092.902   405592.910   405594.615
  2235:   409444.625   409445.715   411188.125   411225.125   411262.125
  2240:   411299.125   411338.125   411375.125   411421.125   411461.125
  2245:   411498.125   411579.125   411616.125   411655.125   411687.125
  2250:   411763.125   411806.125   411847.125   411882.125   411913.125
  2255:   411949.125   411986.125   412023.125   412063.125   412100.125
  2260:   412132.125   412168.125   412204.125   412242.125   412278.125
  2265:   412310.125   412358.125   412385.125   412423.125   412466.125
  2270:   412525.125   412564.125   412594.125   412628.125   412700.125
  2275:   412741.125   412771.125   412809.125   412843.125   412886.125
  2280:   412919.125   412950.125   412992.125   413026.125   413060.125
  2285:   413101.125   413137.125   413168.125   413205.125   413275.125
  2290:   413317.725   413317.920   413317.901   413317.095   413617.902
  2295:   415117.910   415119.611   416119.621   416120.811   416310.131
  2300:   416346.131   416383.131   416411.131   416448.131   416479.131
  2305:   416513.131   416581.131   416615.131   416655.131   416681.131
  2310:   416714.131   416749.131   416822.131   416860.131   416890.131
  2315:   416928.131   416965.131   416996.131   417029.131   417063.131
  2320:   417131.131   417163.131   417201.131   417234.131   417269.131
  2325:   417301.131   417334.131   417373.131   417400.131   417436.131
  2330:   417535.131   417603.131   417635.131   417656.131   417691.131
  2335:   417725.131   417766.131   417796.131   417832.131   417873.131
  2340:   417907.131   417946.131   417979.131   418016.131   418056.131
  2345:   418087.131   418126.131   418162.131   418194.131   418225.131
  2350:   418278.131   418313.131   418344.131   418374.131   418417.131
  2355:   418448.131   418483.131   418523.131   418554.131   418594.131
  2360:   418629.131   418668.131   418708.131   418739.131   418782.131
  2365:   418820.131   418854.131   418889.131   418922.131   418949.131
  2370:   418981.131   419008.131   419047.131   419117.131   419193.131
  2375:   419226.131   419286.131   419620.821   419620.920   421120.910
  2380:   421122.614   423872.624   423873.714   424135.124   424174.124
  2385:   424250.124   424292.124   424329.124   424367.124   424398.124
  2390:   424434.124   424468.124   424501.124   424535.124   424564.124
  2395:   424629.124   424670.124   424696.124   424737.124   424802.124
  2400:   424831.124   424864.124   424929.124   424970.124   424998.124
  2405:   425036.124   425066.124   425102.124   425145.124   425175.124
  2410:   425203.124   425246.124   425274.124   425308.124   425350.124
  2415:   425381.124   425413.124   425483.124   425512.124   425558.124
  2420:   425589.124   425619.124   425661.124   425692.124   425728.124
  2425:   425760.124   425798.124   425828.124   425849.124   425889.124
  2430:   425923.124   425965.124   425999.124   426033.124   426070.124
  2435:   426114.124   426144.124   426183.124   426219.124   426249.124
  2440:   426330.124   426368.124   426411.124   426445.124   426486.124
  2445:   426521.124   426556.124   426590.124   426636.724   426636.920
  2450:   426636.901   426636.094   426936.902   428436.910   428438.613
  2455:   430388.623   430389.713   430630.123   430666.123   430715.123
  2460:   430751.123   430791.123   430859.123   430898.123   430994.123
  2465:   431031.123   431067.123   431097.123   431132.123   431167.123
  2470:   431206.123   431239.123   431270.123   431303.123   431388.123
  2475:   431485.123   431524.123   431606.123   431641.123   431674.123
  2480:   431710.123   431787.123   431826.123   431863.123   431900.123
  2485:   431940.123   431971.123   432093.123   432129.123   432197.123
  2490:   432243.123   432276.123   432309.123   432349.723   432349.920
  2495:   432349.901   432349.093   432649.902   434149.910   434151.613
  2500:   436101.623   436102.713   436300.123   436341.123   436378.123
  2505:   436416.123   436456.123   436488.123   436522.123   436561.123
  2510:   436600.123   436630.123   436694.123   436727.123   436763.123
  2515:   436797.123   436833.123   436898.123   436931.123   436991.123
  2520:   437027.123   437072.123   437106.123   437149.123   437178.123
  2525:   437212.123   437246.123   437289.123   437324.123   437361.123
  2530:   437432.123   437466.123   437496.123   437540.123   437558.123
  2535:   437603.123   437640.123   437677.123   437708.123   437748.123
  2540:   437781.123   437812.123   437845.123   437887.123   437918.123
  2545:   437955.123   437989.123   438010.123   438049.123   438097.723
  2550:   438097.920   438097.901   438097.093   438397.902   439897.910
  2555:   439899.614   442649.624   442650.714   443146.124   443447.124
  2560:   443480.124   443521.124   443564.124   443595.124   443705.124
  2565:   443739.124   443777.124   443815.124   443853.124   443893.124
  2570:   443938.124   443970.124   444006.124   444073.124   444145.124
  2575:   444176.124   444209.124   444235.124   444273.124   444312.124
  2580:   444349.124   444414.124   444447.124   444481.124   444518.124
  2585:   444553.124   444587.124   444627.124   444657.124   444760.124
  2590:   444793.124   444827.124   444862.124   444899.124   444991.124
  2595:   445074.124   445112.124   445162.124   445191.124   445228.124
  2600:   445267.124   445297.124   445330.124   445410.724   445410.920
  2605:   445410.901   445410.094   445710.902   447210.910   447212.615
  2610:   451062.625   451063.715   451810.125   451841.125   451877.125
  2615:   451914.125   451947.125   451982.125   452025.125   452067.125
  2620:   452099.125   452143.125   452227.125   452335.125   452378.125
  2625:   452421.125   452460.125   452537.125   452572.125   452614.125
  2630:   452654.125   452702.125   452730.125   452768.125   452804.125
  2635:   452836.125   452874.125   452906.125   452944.125   452973.125
  2640:   453008.125   453076.125   453114.125   453148.125   453189.125
  2645:   453218.125   453256.125   453288.125   453319.125   453363.125
  2650:   453396.125   453432.125   453469.125   453505.125   453543.125
  2655:   453582.125   453615.125   453656.125   453688.125   453733.125
  2660:   453764.125   453805.125   453882.125   453913.125   453949.125
  2665:   453998.125   454030.125   454070.125   454101.125   454135.125
  2670:   454183.125   454216.125   454269.125   454303.125   454357.125
  2675:   454399.125   454435.125   454481.125   454515.125   454553.125
  2680:   454583.125   454627.125   454658.125   454691.125   454740.125
  2685:   454810.125   454855.125   454890.125   454927.725   454927.920
  2690:   454927.901   454927.095   455227.902   456727.910   456729.612
  2695:   458129.622   458130.812   458455.132   458497.132   458527.132
  2700:   458599.132   458636.132   458672.132   458744.132   458780.132
  2705:   458817.132   458853.132   458886.132   458917.132   458955.132
  2710:   458989.132   459031.132   459061.132   459096.132   459129.132
  2715:   459164.132   459198.132   459246.132   459276.132   459299.132
  2720:   459340.132   459372.132   459401.132   459479.132   459512.132
  2725:   459548.132   459585.132   459618.132   459655.132   459693.132
  2730:   459767.132   459796.132   459838.132   459872.132   459905.132
  2735:   459948.132   459980.132   460007.132   460051.132   460071.132
  2740:   460107.132   460142.132   460179.132   460247.132   460293.132
  2745:   460328.132   460401.132   460431.132   460459.132   460490.132
  2750:   460530.132   460566.132   460597.132   460637.132   460668.132
  2755:   460710.132   460740.132   460791.132   460824.132   460869.132
  2760:   460906.132   460942.132   461020.132   461056.132   461091.132
  2765:   461117.132   461166.132   461198.132   461230.132   461264.132
  2770:   461312.132   461345.132   461382.132   461416.132   461461.132
  2775:   461502.132   461611.132   461657.132   462130.822   462130.920
  2780:   463630.910   463632.614   466382.624   466383.714   467208.124
  2785:   467283.124   467321.124   467353.124   467390.124   467432.124
  2790:   467470.124   467542.124   467578.124   467625.124   467668.124
  2795:   467707.124   467742.124   467842.124   467943.124   467976.124
  2800:   468012.124   468050.124   468083.124   468116.124   468151.124
  2805:   468184.124   468268.124   468306.124   468407.124   468474.124
  2810:   468530.124   468563.124   468601.124   468637.124   468677.124
  2815:   468749.124   474263.724   474263.920   474263.901   474263.094
  2820:   474563.902   476063.910   476065.611   477065.621   477066.711
  2825:   477392.121   477430.121   477464.121   477505.121   477543.121
  2830:   477582.121   477615.121   477655.121   477717.121   477751.121
  2835:   477791.121   477985.121   478019.121   478051.121   478089.721
  2840:   478089.920   478089.901   478089.091   478389.902   479889.910
  2845:   479891.611   480891.621   480892.711   481172.121   481211.121
  2850:   481247.121   481286.121   481318.121   481366.121   481395.121
  2855:   481433.121   481468.121   481503.121   481538.121   481573.121
  2860:   481608.121   481652.121   481684.121   481716.121   481754.121
  2865:   481791.121   481821.121   481857.121   481929.721   481929.920
  2870:   481929.901   481929.091   482229.902   483729.910   483731.612
  2875:   485131.622   485132.712   485324.122   485361.122   485398.122
  2880:   485439.122   485475.122   485515.122   485555.122   485632.122
  2885:   485669.122   485698.122   485733.122   485771.122   485803.122
  2890:   485839.122   485877.122   485915.122   485958.122   485990.122
  2895:   486027.122   486058.122   486097.122   486127.122   486163.122
  2900:   486201.122   486236.122   486269.122   486300.122   486369.122
  2905:   486405.122   486443.122   486475.122   486545.722   486545.920
  2910:   486545.901   486545.092   486845.902   488345.910   488347.615
  2915:   492197.625   492198.715   492632.125   492669.125   492823.125
  2920:   492902.125   492934.125   492970.125   493000.125   493124.125
  2925:   493252.125   493285.125   493323.125   493359.125   493431.125
  2930:   493468.125   493502.125   493578.125   493610.125   493639.125
  2935:   493676.125   493713.125   493744.125   493784.125   493816.125
  2940:   493864.125   493901.125   493945.125   493977.125   494018.125
  2945:   494052.125   494098.125   494128.125   494162.125   494197.125
  2950:   494228.125   494270.125   494304.125   494343.125   494373.125
  2955:   494410.125   494473.125   494506.125   494542.125   494575.125
  2960:   494612.125   494644.125   494679.125   494711.125   494745.125
  2965:   494779.125   494812.125   494845.125   494879.125   494932.125
  2970:   494962.125   494994.125   495041.125   495071.125   495091.125
  2975:   495133.125   495166.125   495207.125   495245.125   495279.125
  2980:   495322.125   495354.125   495381.125   495424.125   495458.125
  2985:   495491.125   495523.125   495554.125   495584.125   495617.125
  2990:   495645.125   495680.125   495708.125   495741.125   495857.125
  2995:   495894.125   496079.725   496079.920   496079.901   496079.095
  3000:   496379.902   497879.910   497881.613   499831.623   499832.813
  3005:   500070.133   500107.133   500430.133   500466.133   500700.133
  3010:   501224.133   501349.133   501391.133   501430.133   501474.133
  3015:   501506.133   501544.133   501586.133   501665.133   501703.133
  3020:   501747.133   501790.133   501872.133   501914.133   501949.133
  3025:   501990.133   502027.133   502066.133   502101.133   502137.133
  3030:   502169.133   502202.133   502235.133   502273.133   502308.133
  3035:   502340.133   502377.133   502412.133   502452.133   502484.133
  3040:   502519.133   502564.133   502594.133   502628.133   502666.133
  3045:   502700.133   502738.133   502772.133   502807.133   502842.133
  3050:   502874.133   502909.133   502945.133   502978.133   503009.133
  3055:   503044.133   503074.133   503106.133   503137.133   503201.133
  3060:   503231.133   503266.133   503302.133   503339.133   503379.133
  3065:   503441.133   503487.133   503568.133   503698.133   503864.133
  3070:   503912.133   504228.133   504333.133   504386.133   504632.823
  3075:   504632.920   506132.910   506134.614   508884.624   508885.814
  3080:   509719.134   509760.134   510194.134   510233.134   510267.134
  3085:   510299.134   510332.134   510366.134   510405.134   510441.134
  3090:   510478.134   510514.134   510555.134   510591.134   510625.134
  3095:   510661.134   510699.134   510732.134   510776.134   510810.134
  3100:   510885.134   510923.134   510960.134   510990.134   511028.134
  3105:   511059.134   511094.134   511131.134   511174.134   511207.134
  3110:   511240.134   511315.134   511351.134   511390.134   511421.134
  3115:   511452.134   511488.134   511530.134   511563.134   511598.134
  3120:   511633.134   511663.134   511698.134   511739.134   511773.134
  3125:   511811.134   511845.134   511887.134   511921.134   511962.134
  3130:   511994.134   512031.134   512065.134   512103.134   512138.134
  3135:   512174.134   512208.134   512244.134   512282.134   512317.134
  3140:   512353.134   512394.134   512464.134   512497.134   512530.134
  3145:   512565.134   512626.134   512657.134   512692.134   512732.134
  3150:   512766.134   512798.134   512830.134   512866.134   512899.134
  3155:   512939.134   512974.134   513008.134   513043.134   513077.134
  3160:   513112.134   513147.134   513180.134   513218.134   513253.134
  3165:   513287.134   513325.134   513358.134   513389.134   513434.134
  3170:   513473.134   513506.134   513555.134   513604.134   514685.824
  3175:   514685.920   516185.910   516187.615   520037.625   520038.715
  3180:   521124.125   521310.125   521364.125   521511.125   521782.125
  3185:   521820.125   521904.125   521972.125   522054.125   522198.125
  3190:   522242.125   522321.125   522434.125   522634.125   522675.125
  3195:   522708.125   522785.125   522822.125   522857.125   522894.125
  3200:   522933.125   522968.125   523005.125   523042.125   523079.125
  3205:   523115.125   523147.125   523189.125   523220.125   523258.125
  3210:   523298.125   523333.125   523373.125   523424.125   523459.125
  3215:   523496.125   523543.125   523577.125   523611.125   523649.125
  3220:   523686.125   523720.125   523757.125   523790.125   523815.125
  3225:   523858.125   523893.725   523893.920   523893.901   523893.095
  3230:   524193.902   525693.910   525695.611   526695.621   526696.711
  3235:   527039.121   527084.121   527121.121   527162.121   527201.121
  3240:   527241.121   527279.121   527320.121   527357.121   527398.121
  3245:   527436.121   527474.121   527512.121   527550.121   527594.121
  3250:   527633.121   527674.121   527715.721   527715.920   527715.901
  3255:   527715.091   528015.902   529515.910   529517.611   530517.621
  3260:   530518.811   530721.131   530771.131   530810.131   530845.131
  3265:   530884.131   530926.131   530960.131   531003.131   531037.131
  3270:   531076.131   531112.131   531148.131   531184.131   531221.131
  3275:   531261.131   531293.131   531329.131   531373.131   531404.131
  3280:   531460.131   531494.131   531532.131   531570.131   531608.131
  3285:   531653.131   531687.131   531725.131   531774.131   531808.131
  3290:   531845.131   531884.131   531920.131   531954.131   531979.131
  3295:   532019.131   532054.131   532092.131   532137.131   532170.131
  3300:   532209.131   532256.131   532292.131   532315.131   532353.131
  3305:   532389.131   532424.131   532458.131   532501.131   532534.131
  3310:   532589.131   532622.131   532655.131   532700.131   532736.131
  3315:   532775.131   532816.131   532852.131   532890.131   532930.131
  3320:   532962.131   532996.131   533036.131   533072.131   533107.131
  3325:   533152.131   533186.131   533226.131   533261.131   533304.131
  3330:   533343.131   533395.131   533437.131   533477.131   533513.131
  3335:   533611.131   533648.131   533695.131   533738.131   533783.131
  3340:   534018.821   534018.920   535518.910   535520.614   538270.624
  3345:   538271.814   538450.134   538495.134   538535.134   538932.134
  3350:   539454.134   539502.134   539540.134   539578.134   539620.134
  3355:   539654.134   539692.134   539729.134   539768.134   539806.134
  3360:   539844.134   539883.134   539917.134   539991.134   540030.134
  3365:   540072.134   540110.134   540153.134   540184.134   540221.134
  3370:   540256.134   540296.134   540334.134   540374.134   540408.134
  3375:   540444.134   540485.134   540517.134   540556.134   540614.134
  3380:   540654.134   540688.134   540734.134   540767.134   540793.134
  3385:   540837.134   540872.134   540910.134   540957.134   540991.134
  3390:   541025.134   541066.134   541100.134   541138.134   541191.134
  3395:   541224.134   541281.134   541319.134   541354.134   541395.134
  3400:   541431.134   541484.134   541518.134   541560.134   541601.134
  3405:   541624.134   541663.134   541698.134   541753.134   541790.134
  3410:   541857.134   541892.134   541966.134   542009.134   542042.134
  3415:   542081.134   542114.134   542156.134   542190.134   542231.134
  3420:   542267.134   542307.134   542347.134   542383.134   542425.134
  3425:   542462.134   542498.134   542534.134   542578.134   542618.134
  3430:   542660.134   542694.134   542740.134   542776.134   542820.134
  3435:   542860.134   542894.134   542931.134   542965.134   543005.134
  3440:   543040.134   543179.134   543922.134   543958.134   543997.134
  3445:   544036.134   544071.824   544071.920   544073.411   545571.910
  3450:   545573.615   549423.625   549424.715   550736.125   551082.125
  3455:   551116.125   551155.125   551229.125   551271.125   551306.125
  3460:   551345.125   551384.125   551419.125   551495.125   551526.125
  3465:   551562.125   551612.125   551646.125   551710.125   551753.125
  3470:   551785.125   551824.125   551856.125   551894.125   551931.125
  3475:   551964.125   552004.125   552045.125   552074.125   552116.125
  3480:   552147.125   552187.125   552219.125   552292.125   552324.125
  3485:   552359.125   552394.125   552427.125   552467.125   552497.125
  3490:   552529.125   552566.125   552602.125   552637.125   552680.125
  3495:   552710.125   552748.125   552815.125   552856.125   552887.125
  3500:   552921.125   552960.125   553030.125   553066.125   553097.125
  3505:   553118.125   553155.125   553186.125   553256.125   553325.725
  3510:   553325.920   553325.901   553325.095   553625.902   555125.910
  3515:   555127.614   557877.624   557878.714   558163.124   558587.124
  3520:   558669.124   558703.124   558739.124   558777.124   558811.124
  3525:   558844.124   558923.124   558960.124   559031.124   559063.124
  3530:   559095.124   559129.124   559163.124   559202.124   559235.124
  3535:   559302.124   559337.124   559377.124   559411.124   559450.124
  3540:   559492.124   559531.124   559569.124   559599.124   559634.124
  3545:   559669.124   559703.124   559736.124   559770.124   559801.124
  3550:   559841.124   559879.124   559943.124   559973.124   560016.124
  3555:   560089.124   560121.124   560127.124   560155.124   560193.124
  3560:   560224.124   560260.124   560332.124   560371.124   560413.124
  3565:   560449.124   560499.124   560532.124   560566.124   560603.124
  3570:   560670.724   560670.920   560670.901   560670.094   560970.902
  3575:   562470.910   562472.615   566322.625   566323.715   567328.125
  3580:   567374.125   567450.125   567914.125   567949.125   567988.125
  3585:   568027.125   568120.125   568157.125   568482.125   568555.125
  3590:   568651.125   568731.125   568848.125   568925.125   568969.125
  3595:   569048.125   569086.125   569238.125   569268.125   569301.125
  3600:   569335.125   569367.125   569404.125   569438.125   569477.125
  3605:   569506.125   569541.125   569578.125   569617.125   569659.125
  3610:   569688.125   569760.125   569798.125   569834.125   569869.125
  3615:   569908.125   569940.125   569976.125   570011.125   570049.125
  3620:   570087.125   570119.125   570149.125   570192.725   570192.920
  3625:   570192.901   570192.095   570492.902   571992.910   571994.613
  3630:   573944.623   573945.813   574156.133   574385.133   574505.133
  3635:   574541.133   574704.133   574734.133   574769.133   574801.133
  3640:   574835.133   574868.133   574898.133   574930.133   574962.133
  3645:   574996.133   575036.133   575069.133   575102.133   575136.133
  3650:   575173.133   575237.133   575270.133   575306.133   575335.133
  3655:   575406.133   575442.133   575475.133   575547.133   575577.133
  3660:   575612.133   575645.133   575681.133   575719.133   575756.133
  3665:   575798.133   575828.133   575866.133   575904.133   575937.133
  3670:   576078.133   576114.133   576151.133   576233.133   576267.133
  3675:   576309.133   576355.133   576390.133   576428.133   576469.133
  3680:   576501.133   576541.133   576571.133   576626.133   576658.133
  3685:   576692.133   576741.133   576771.133   576807.133   576856.133
  3690:   576889.133   576924.133   576996.133   577033.133   577065.133
  3695:   577101.133   577134.133   577171.133   577206.133   577271.133
  3700:   577304.133   577343.133   577375.133   577411.133   577443.133
  3705:   577478.133   577519.133   577552.133   577588.133   577622.133
  3710:   577655.133   577671.133   577708.133   577742.133   577803.133
  3715:   577838.133   577873.133   577905.133   577976.133   578008.133
  3720:   578051.133   578082.133   578116.133   578154.133   578190.133
  3725:   578230.133   578264.133   578368.133   578419.133   578745.823
  3730:   578745.920   580245.910   580247.614   582997.624   582998.814
  3735:   583855.134   584099.134   584271.134   584508.134   584643.134
  3740:   584724.134   584755.134   584821.134   584857.134   584888.134
  3745:   584924.134   585086.134   585241.134   585302.134   585340.134
  3750:   585408.134   585485.134   585517.134   585553.134   585624.134
  3755:   585764.134   585790.134   585851.134   585919.134   585957.134
  3760:   586020.134   586053.134   586141.134   586214.134   586258.134
  3765:   586295.134   586330.134   586368.134   586412.134   586440.134
  3770:   586521.134   586532.134   586574.134   586606.134   586680.134
  3775:   586714.134   586754.134   586790.134   586821.134   586859.134
  3780:   586891.134   586928.134   586962.134   586998.134   587031.134
  3785:   587064.134   587102.134   587132.134   587168.134   587200.134
  3790:   587272.134   587324.134   587369.134   587440.134   587475.134
  3795:   587515.134   587552.134   587588.134   587623.134   587657.134
  3800:   587684.134   587716.134   587744.134   587779.134   587809.134
  3805:   587841.134   587876.134   587909.134   587940.134   588012.134
  3810:   588066.134   588099.134   588145.134   588180.134   588265.134
  3815:   588301.134   588351.134   588390.134   588428.134   588458.134
  3820:   588522.134   588552.134   588602.134   588634.134   588724.134
  3825:   588757.134   588798.824   588798.920   590298.910   590300.612
  3830:   591700.622   591701.712   591875.122   591965.122   592003.122
  3835:   592007.122   592048.122   592128.122   592163.122   592237.122
  3840:   592268.122   592304.122   592345.122   592380.122   592415.122
  3845:   592459.122   592498.122   592538.122   592573.122   592610.122
  3850:   592676.122   592827.122   592857.122   592895.122   592945.122
  3855:   592978.122   593016.122   593048.122   593084.122   593118.722
  3860:   593118.920   593118.901   593118.092   593418.902   594918.910
  3865:   594920.613   596870.623   596871.713   597124.123   597307.123
  3870:   597347.123   597391.123   597427.123   597476.123   597512.123
  3875:   597551.123   597586.123   597666.123   597707.123   597743.123
  3880:   597774.123   597813.123   597850.123   597919.123   598021.123
  3885:   598050.123   598087.123   598118.123   598152.123   598190.123
  3890:   598228.123   598262.123   598329.123   598365.123   598400.123
  3895:   598452.123   598484.123   598523.123   598560.123   598602.123
  3900:   598633.123   598673.123   598703.123   598741.123   598773.123
  3905:   598811.123   598853.723   598853.920   598853.901   598853.093
  3910:   599153.902   600653.910   600655.613   602605.623   602606.713
  3915:   602802.123   602938.123   603042.123   603228.123   603271.123
  3920:   603304.123   603339.123   603376.123   603410.123   603446.123
  3925:   603485.123   603523.123   603558.123   603603.123   603645.123
  3930:   603681.123   603723.123   603760.123   603799.123   603836.123
  3935:   603874.123   603909.123   603950.123   603984.123   604022.123
  3940:   604101.123   604136.123   604176.123   604209.123   604247.123
  3945:   604264.123   604301.123   604339.123   604375.123   604421.123
  3950:   604465.123   604498.123   604537.123   604574.723   604574.920
  3955:   604574.901   604574.093   604874.902   606374.910   606376.614
  3960:   609126.624   609127.714   609747.124   609800.124   610165.124
  3965:   610492.124   610974.124   611014.124   611311.124   611352.124
  3970:   611393.124   611428.124   611461.124   611496.124   611530.124
  3975:   611571.124   611609.124   611644.124   611687.124   611726.124
  3980:   611765.124   611801.124   611870.124   611911.724   611911.920
  3985:   611911.901   611911.094   612211.902   613711.910   613713.615
  3990:   617563.625   617564.715   618145.125   618229.125   618427.125
  3995:   618586.125   618620.125   618728.125   618760.125   618795.125
  4000:   618829.125   618895.125   618928.125   619000.125   619034.125
  4005:   619100.125   619134.125   619222.125   619262.125   619298.125
  4010:   619335.125   619371.125   619402.125   619442.125   619507.125
  4015:   619546.125   619577.125   619643.125   619680.125   619716.125
  4020:   619750.125   619779.125   619821.125   619852.125   619885.125
  4025:   619926.125   619961.125   619996.125   620032.125   620064.125
  4030:   620135.125   620203.125   620234.125   620313.125   620345.125
  4035:   620377.125   620493.125   620528.125   620560.125   620598.125
  4040:   620658.125   620690.125   620722.125   620760.125   620801.125
  4045:   620835.125   620873.125   620945.125   620976.125   621022.125
  4050:   621055.125   621093.125   621156.125   621186.125   621218.125
  4055:   621252.125   621290.125   621323.125   621379.125   621447.725
  4060:   621447.920   621447.901   621447.095   621747.902   623247.910
  4065:   623249.613   625199.623   625200.713   625351.123   625397.123
  4070:   625434.123   625475.123   625506.123   625547.123   625590.123
  4075:   625626.123   625716.123   625794.123   625835.123   625872.123
  4080:   625918.123   625952.123   626001.123   626076.123   626112.123
  4085:   626139.123   626182.123   626216.123   626279.123   626313.123
  4090:   626349.123   626386.123   626423.123   626456.123   626495.123
  4095:   626523.123   626558.123   626595.123   626630.123   626666.123
  4100:   626704.123   626733.123   626770.123   626812.123   626843.123
  4105:   626878.123   626912.123   626951.123   626981.123   627016.123
  4110:   627092.123   627125.123   627162.723   627162.920   627162.901
  4115:   627162.093   627462.902   628962.910   628964.613   630914.623
  4120:   630915.713   631129.123   631168.123   631211.123   631292.123
  4125:   631370.123   631407.123   631445.123   631516.123   631553.123
  4130:   631631.123   631664.123   631701.123   631745.123   631780.123
  4135:   631813.123   631848.123   631884.123   631900.123   631991.123
  4140:   632027.123   632043.123   632077.123   632111.123   632147.123
  4145:   632185.123   632249.123   632283.123   632320.123   632356.123
  4150:   632392.123   632432.123   632501.123   632541.123   632572.123
  4155:   632608.123   632647.123   632715.123   632767.123   632801.123
  4160:   632837.123   632869.723   632869.920   632869.901   632869.093
  4165:   633169.902   634669.910   634671.612   636071.622   636072.812
  4170:   636426.132   636464.132   636502.132   636526.132   636563.132
  4175:   636598.132   636633.132   636670.132   636705.132   636766.132
  4180:   636833.132   636865.132   636901.132   636935.132   636974.132
  4185:   637022.132   637058.132   637097.132   637127.132   637170.132
  4190:   637200.132   637237.132   637265.132   637298.132   637335.132
  4195:   637405.132   637435.132   637476.132   637506.132   637540.132
  4200:   637594.132   637625.132   637673.132   637704.132   637753.132
  4205:   637784.132   637827.132   637859.132   637926.132   637962.132
  4210:   637993.132   638029.132   638066.132   638097.132   638133.132
  4215:   638162.132   638193.132   638228.132   638264.132   638296.132
  4220:   638333.132   638364.132   638433.132   638463.132   638486.132
  4225:   638517.132   638578.132   638610.132   638641.132   638679.132
  4230:   638749.132   638779.132   638814.132   638846.132   638877.132
  4235:   638915.132   638946.132   638976.132   639003.132   639015.132
  4240:   639082.132   639123.132   640072.822   640072.920   641572.910
  4245:   641574.612   642974.622   642975.712   687886.722   687886.920
  4250:   687886.901   687886.092   688186.902   689686.910   689688.615
  4255:   693538.625   693539.715   693763.125   693967.125   694009.125
  4260:   694056.125   694220.125   694370.125   694437.125   694594.125
  4265:   694766.125   694802.125   694878.125   694958.125   694990.125
  4270:   695036.125   695079.125   695122.125   695164.125   695206.125
  4275:   695243.125   695313.125   695350.125   695413.125   695443.125
  4280:   695496.125   695528.125   695566.125   695604.125   695643.125
  4285:   695683.125   695718.125   695755.125   695791.125   695827.125
  4290:   695864.125   695895.125   695932.125   695967.125   695999.125
  4295:   696074.125   696108.125   696143.125   696178.125   696214.125
  4300:   696254.125   696287.125   696329.125   696361.125   696387.125
  4305:   696426.125   696460.125   696498.125   696530.125   696564.125
  4310:   696602.125   696634.125   696665.125   696704.125   696738.125
  4315:   696770.125   696801.125   696837.125   696868.125   696903.125
  4320:   696987.125   697056.125   697095.125   697245.125   697290.125
  4325:   697505.725   697505.920   697505.901   697505.095   697805.902
  4330:   699305.910   699307.614   702057.624   702058.714   702515.124
  4335:   702641.124   702681.124   702768.124   702819.124   702893.124
  4340:   702969.124   703044.124   703084.124   703136.124   703214.124
  4345:   703256.124   703331.124   703369.124   703403.124   703452.124
  4350:   703490.124   703530.124   703566.124   703606.124   703646.124
  4355:   703681.124   703721.124   703757.124   703793.124   703831.124
  4360:   703867.124   703909.124   703951.124   703990.124   704026.124
  4365:   704062.124   704094.124   704133.124   704171.124   704209.124
  4370:   704248.124   704291.124   704336.124   704373.124   704408.124
  4375:   704446.124   704487.124   704520.124   704557.124   704591.124
  4380:   704624.124   704666.124   704701.124   704740.124   704775.124
  4385:   704810.724   704810.920   704810.901   704810.094   705110.902
  4390:   706610.910   706612.615   710462.625   710463.715   710920.125
  4395:   710958.125   711049.125   711098.125   711179.125   711227.125
  4400:   711262.125   711306.125   711344.125   711387.125   711422.125
  4405:   711462.125   711512.125   711555.125   711592.125   711636.125
  4410:   711677.125   711711.125   711756.125   711795.125   711832.125
  4415:   711869.125   711909.125   711946.125   711984.125   712018.125
  4420:   712098.125   712134.125   712181.125   712219.125   712232.125
  4425:   712265.125   712302.125   712352.125   712389.125   712425.125
  4430:   712469.125   712503.125   712538.125   712577.125   712613.125
  4435:   712655.125   712699.125   712735.125   712774.125   712810.125
  4440:   712845.125   712880.125   712919.125   712964.125   712998.125
  4445:   713040.125   713124.125   713165.125   713203.125   713242.125
  4450:   713276.125   713307.125   713348.125   713382.125   713422.125
  4455:   713457.125   713495.125   713530.125   713566.125   713602.125
  4460:   713643.125   713678.125   713718.125   713749.125   713786.125
  4465:   713826.125   713858.125   713899.125   713934.125   713976.125
  4470:   714010.125   714050.125   714086.125   714120.125   714151.125
  4475:   714187.125   714221.125   714260.125   714294.125   714334.725
  4480:   714334.920   714334.901   714334.095   714634.902   716134.910
  4485:   716136.614   718886.624   718887.814   720328.134   720447.134
  4490:   720486.134   720525.134   720650.134   720727.134   720768.134
  4495:   720881.134   720917.134   720953.134   720993.134   721034.134
  4500:   721049.134   721086.134   721129.134   721165.134   721209.134
  4505:   721344.134   721383.134   721429.134   721473.134   721511.134
  4510:   721548.134   721584.134   721624.134   721659.134   721693.134
  4515:   721736.134   721774.134   721807.134   721847.134   721887.134
  4520:   721931.134   721966.134   722003.134   722045.134   722077.134
  4525:   722111.134   722146.134   722185.134   722229.134   722262.134
  4530:   722297.134   722337.134   722377.134   722417.134   722452.134
  4535:   722488.134   722528.134   722569.134   722603.134   722650.134
  4540:   722682.134   722721.134   722766.134   722805.134   722840.134
  4545:   722878.134   722924.134   722957.134   722999.134   723040.134
  4550:   723075.134   723119.134   723152.134   723191.134   723224.134
  4555:   723258.134   723292.134   723327.134   723365.134   723399.134
  4560:   723437.134   723468.134   723504.134   723547.134   723580.134
  4565:   723616.134   723654.134   723687.134   723727.134   723758.134
  4570:   723794.134   723833.134   723875.134   723909.134   723949.134
  4575:   723981.134   724019.134   724059.134   724100.134   724135.134
  4580:   724172.134   724201.134   724237.134   724269.134   724306.134
  4585:   724340.134   724380.134   724420.134   724461.134   724506.134
  4590:   724542.134   724576.134   724662.134   724687.824   724687.920
  4595:   726187.910   726189.615   730039.625   730040.715   730881.125
  4600:   731002.125   731041.125   731177.125   731213.125   731290.125
  4605:   731346.125   731384.125   731465.125   731544.125   731560.125
  4610:   731597.125   731637.125   731680.125   731727.125   731763.125
  4615:   731805.125   731846.125   731884.125   731922.125   731963.125
  4620:   732001.125   732045.125   732101.125   732140.125   732178.125
  4625:   732217.125   732259.125   732293.125   732312.125   732348.125
  4630:   732392.125   732424.125   732465.125   732497.125   732535.125
  4635:   732578.125   732611.125   732650.125   732686.125   732727.125
  4640:   732767.125   732804.125   732838.125   732878.125   732920.125
  4645:   732956.125   732989.125   733027.125   733072.125   733105.125
  4650:   733137.125   733175.125   733215.125   733248.125   733286.125
  4655:   733326.125   733358.125   733396.125   733429.125   733467.125
  4660:   733501.125   733540.125   733573.125   733609.125   733651.125
  4665:   733686.125   733724.125   733761.125   733797.125   733835.125
  4670:   733881.125   733922.725   733922.920   733922.901   733922.095
  4675:   734222.902   735722.910   735724.615   739574.625   739575.715
  4680:   739883.125   740394.125   740518.125   740560.125   740607.125
  4685:   740644.125   740681.125   740770.125   740806.125   740915.125
  4690:   740953.125   740993.125   741027.125   741070.125   741104.125
  4695:   741147.125   741166.125   741201.125   741241.125   741278.125
  4700:   741321.125   741356.125   741394.125   741426.125   741464.125
  4705:   741497.125   741534.125   741588.125   741621.125   741658.125
  4710:   741716.125   741750.125   741809.125   741845.125   741877.125
  4715:   741919.125   741963.125   741997.125   742038.125   742068.125
  4720:   742107.125   742141.125   742226.125   742262.125   742304.125
  4725:   742336.125   742371.125   742425.125   742461.125   742498.125
  4730:   742531.125   742580.125   742613.125   742638.125   742677.125
  4735:   742712.125   742761.125   742796.125   742835.125   742869.125
  4740:   742905.125   742936.125   742973.125   743006.125   743064.125
  4745:   743096.125   743132.125   743167.125   743211.125   743243.125
  4750:   743279.125   743311.125   743346.125   743383.125   743415.125
  4755:   743451.725   743451.920   743451.901   743451.095   743751.902
  4760:   745251.910   745253.614   748003.624   748004.714   749635.124
  4765:   749672.124   749725.124   749779.124   749817.124   749859.124
  4770:   749900.124   749939.124   749976.124   750017.124   750053.124
  4775:   750091.124   750176.124   750217.124   750256.124   750298.124
  4780:   750336.124   750433.124   750469.124   750510.124   750581.124
  4785:   750624.124   750658.124   750696.124   750730.124   750770.724
  4790:   750770.920   750770.901   750770.094   751070.902   752570.910
  4795:   752572.615   756422.625   756423.715   757258.125   757430.125
  4800:   758082.125   758146.125   758188.125   758224.125   758264.125
  4805:   758343.125   758380.125   758421.125   758456.125   758492.125
  4810:   758537.125   758575.125   758615.125   758657.125   758695.125
  4815:   758733.125   758771.125   758804.125   758841.125   758877.125
  4820:   758914.125   758951.125   758985.125   759023.125   759059.125
  4825:   759096.125   759138.125   759171.125   759217.125   759256.125
  4830:   759288.125   759325.125   759364.125   759411.125   759445.125
  4835:   759480.125   759524.125   759573.125   759612.125   759654.125
  4840:   759697.125   759731.125   759770.125   759801.125   759837.125
  4845:   759880.125   759910.125   759939.125   759980.125   760013.125
  4850:   760045.125   760083.125   760123.125   760154.125   760189.125
  4855:   760232.125   760263.125   760297.725   760297.920   760297.901
  4860:   760297.095   760597.902   762097.910   762099.613   764049.623
  4865:   764050.813   764290.133   764470.133   764555.133   764597.133
  4870:   764640.133   764716.133   764750.133   764788.133   764825.133
  4875:   764862.133   764898.133   764935.133   764975.133   765009.133
  4880:   765052.133   765092.133   765127.133   765164.133   765203.133
  4885:   765237.133   765289.133   765326.133   765361.133   765432.133
  4890:   765464.133   765503.133   765544.133   765585.133   765627.133
  4895:   765661.133   765697.133   765746.133   765778.133   765811.133
  4900:   765844.133   765887.133   765920.133   765955.133   765994.133
  4905:   766034.133   766067.133   766101.133   766138.133   766181.133
  4910:   766213.133   766247.133   766302.133   766325.133   766368.133
  4915:   766401.133   766440.133   766481.133   766513.133   766549.133
  4920:   766591.133   766623.133   766658.133   766696.133   766729.133
  4925:   766772.133   766807.133   766843.133   766880.133   766912.133
  4930:   766946.133   766984.133   767022.133   767057.133   767078.133
  4935:   767117.133   767152.133   767185.133   767226.133   767266.133
  4940:   767307.133   767341.133   767378.133   767416.133   767453.133
  4945:   767490.133   767529.133   767560.133   767597.133   767630.133
  4950:   767666.133   767698.133   767728.133   767766.133   767797.133
  4955:   767834.133   767871.133   767909.133   767985.133   768031.133
  4960:   768114.133   768156.133   768206.133   768247.133   768618.133
  4965:   768655.133   768740.133   768850.823   768850.920   768858.411
  4970:   770350.910   770352.615   774202.625   774203.715   775015.125
  4975:   775066.125   775115.125   775238.125   775288.125   775407.125
  4980:   775447.125   775492.125   775560.125   775601.125   775639.125
  4985:   775681.125   775719.125   775797.125   775836.125   775876.125
  4990:   775927.125   775958.125   776000.125   776044.125   776079.125
  4995:   776117.125   776154.125   776191.125   776265.125   776297.125
  5000:   776328.125   776365.125   776413.125   776456.125   776492.125
  5005:   776525.125   776561.125   776600.125   776640.125   776672.125
  5010:   776714.125   776749.125   776781.125   776816.125   776846.125
  5015:   776881.125   776916.125   776948.125   776978.125   777011.125
  5020:   777045.125   777086.125   777117.125   777150.125   777180.125
  5025:   777213.125   777251.125   777292.125   777324.125   777374.125
  5030:   777411.125   777443.125   777479.125   777524.125   777559.125
  5035:   777597.125   777630.125   777667.125   777709.125   777743.125
  5040:   777778.125   777802.125   777839.125   777877.125   777914.125
  5045:   777948.125   777994.125   778030.125   778068.725   778068.920
  5050:   778068.901   778068.095   778368.902   779868.910   779870.614
  5055:   782620.624   782621.814   783019.134   783059.134   783137.134
  5060:   783170.134   783273.134   783308.134   783347.134   783385.134
  5065:   783420.134   783460.134   783492.134   783533.134   783577.134
  5070:   783609.134   783647.134   783675.134   783711.134   783743.134
  5075:   783788.134   783818.134   783868.134   783905.134   783948.134
  5080:   783979.134   784015.134   784049.134   784093.134   784125.134
  5085:   784164.134   784198.134   784239.134   784272.134   784314.134
  5090:   784330.134   784367.134   784403.134   784440.134   784474.134
  5095:   784514.134   784578.134   784610.134   784649.134   784686.134
  5100:   784720.134   784773.134   784810.134   784866.134   784904.134
  5105:   784942.134   784990.134   785025.134   785058.134   785093.134
  5110:   785123.134   785182.134   785217.134   785251.134   785286.134
  5115:   785302.134   785340.134   785375.134   785421.134   785455.134
  5120:   785489.134   785528.134   785561.134   785599.134   785635.134
  5125:   785674.134   785709.134   785743.134   785782.134   785812.134
  5130:   785845.134   785887.134   785929.134   785962.134   786009.134
  5135:   786023.134   786063.134   786097.134   786130.134   786166.134
  5140:   786219.134   786255.134   786290.134   786327.134   786362.134
  5145:   786391.134   786434.134   786472.134   786510.134   786545.134
  5150:   786577.134   786620.134   786702.134   786800.134   786899.134
  5155:   786931.134   786965.134   787105.134   787159.134   787257.134
  5160:   787368.134   787948.134   788000.134   788421.824   788421.920
  5165:   789921.910   789923.613   791873.623   791874.813   792114.133
  5170:   792223.133   792361.133   792475.133   792511.133   792543.133
  5175:   792581.133   792621.133   792656.133   792771.133   792818.133
  5180:   792859.133   792893.133   792930.133   792965.133   793006.133
  5185:   793072.133   793148.133   793255.133   793328.133   793399.133
  5190:   793438.133   793473.133   793554.133   793582.133   793616.133
  5195:   793645.133   793682.133   793713.133   793749.133   793782.133
  5200:   793819.133   793851.133   793892.133   793928.133   793964.133
  5205:   793999.133   794035.133   794070.133   794101.133   794136.133
  5210:   794173.133   794203.133   794235.133   794275.133   794308.133
  5215:   794338.133   794412.133   794445.133   794479.133   794517.133
  5220:   794547.133   794586.133   794621.133   794653.133   794690.133
  5225:   794724.133   794795.133   794833.133   794866.133   794895.133
  5230:   794923.133   794939.133   794981.133   795049.133   795083.133
  5235:   795244.133   796106.133   796138.133   796674.823   796674.920
  5240:   798174.910   798176.614   800926.624   800927.714   801548.124
  5245:   801715.124   801848.124   801885.124   801955.124   801984.124
  5250:   802016.124   802054.124   802205.124   802237.124   802272.124
  5255:   802307.124   802359.124   802435.124   802465.124   802534.124
  5260:   802584.124   802617.124   802649.124   802679.124   802714.124
  5265:   802751.124   802786.124   802820.124   802836.124   802872.124
  5270:   802908.124   802940.124   803030.124   803060.124   803091.124
  5275:   803124.124   803194.124   803231.124   803271.124   803301.124
  5280:   803343.124   803377.124   803414.124   803443.124   803490.124
  5285:   803526.124   803560.124   803624.124   803695.724   803695.920
  5290:   803695.901   803695.094   803995.902   805495.910   805497.611
  5295:   806497.621   806498.711   806841.121   806879.121   806913.121
  5300:   806988.121   807022.121   807058.121   807096.121   807129.121
  5305:   807163.121   807196.121   807230.121   807345.121   807393.121
  5310:   807436.121   807475.121   807512.721   807512.920   807512.901
  5315:   807512.091   807812.902   809312.910   809314.614   812064.624
  5320:   812065.714   812834.124   812950.124   813116.124   813191.124
  5325:   813227.124   813261.124   813294.124   813302.124   813336.124
  5330:   813369.124   813405.124   813438.124   813480.124   813519.124
  5335:   813558.124   813591.124   813624.124   813692.124   813724.124
  5340:   813757.124   813791.124   813827.124   813860.124   813900.124
  5345:   813936.124   813967.124   814000.124   814034.124   814069.124
  5350:   814108.124   814144.124   814178.124   814213.124   814277.124
  5355:   814353.124   814386.124   814420.124   814455.124   814494.124
  5360:   814526.124   814573.124   814608.124   814643.124   814675.124
  5365:   814690.124   814761.124   814795.124   814833.724   814833.920
  5370:   814833.901   814833.094   815133.902   816633.910   816635.614
  5375:   819385.624   819386.814   820244.134   820376.134   820484.134
  5380:   820516.134   820555.134   820595.134   820627.134   820664.134
  5385:   820698.134   820733.134   820786.134   820816.134   820886.134
  5390:   820899.134   820933.134   820965.134   821000.134   821035.134
  5395:   821072.134   821107.134   821146.134   821181.134   821210.134
  5400:   821248.134   821282.134   821318.134   821332.134   821367.134
  5405:   821402.134   821434.134   821452.134   821490.134   821525.134
  5410:   821563.134   821595.134   821629.134   821645.134   821687.134
  5415:   821717.134   821752.134   821784.134   821820.134   821857.134
  5420:   821884.134   821918.134   821952.134   821989.134   822020.134
  5425:   822053.134   822105.134   822139.134   822179.134   822194.134
  5430:   822228.134   822263.134   822295.134   822331.134   822350.134
  5435:   822389.134   822422.134   822453.134   822502.134   822540.134
  5440:   822573.134   822613.134   822655.134   822686.134   822718.134
  5445:   822761.134   822792.134   822832.134   822866.134   822917.134
  5450:   822952.134   822990.134   823021.134   823038.134   823073.134
  5455:   823108.134   823140.134   823177.134   823215.134   823250.134
  5460:   823306.134   823338.134   823374.134   823410.134   823442.134
  5465:   823475.134   823511.134   823548.134   823587.134   823626.134
  5470:   823660.134   823699.134   823729.134   823764.134   823798.134
  5475:   823827.134   823891.134   823925.134   823959.134   823994.134
  5480:   824026.134   824063.134   824102.134   824174.134   824207.134
  5485:   824277.134   824354.134   824470.134   825000.134   825032.134
  5490:   825186.824   825186.920   826686.910   826688.614   829438.624
  5495:   829439.714   830356.124   830397.124   830550.124   830583.124
  5500:   830620.124   830654.124   830697.124   830729.124   830807.124
  5505:   830851.124   830886.124   830922.124   830955.124   831023.124
  5510:   831091.124   831124.124   831157.124   831193.124   831278.124
  5515:   831317.124   831351.124   831383.124   831415.124   831447.124
  5520:   831479.124   831516.124   831551.124   831619.124   831655.124
  5525:   831688.124   831724.124   831757.124   831789.124   831830.124
  5530:   831897.124   831930.124   831960.124   831993.124   832022.124
  5535:   832058.124   832094.124   832124.124   832162.124   832195.724
  5540:   832195.920   832195.901   832195.094   832495.902   833995.910
  5545:   833997.615   837847.625   837848.715   839368.125   839774.125
  5550:   839964.125   840002.125   840156.125   840190.125   840222.125
  5555:   840260.125   840303.125   840337.125   840413.125   840447.125
  5560:   840515.125   840640.125   840672.125   840707.125   840742.125
  5565:   840777.125   840819.125   840856.125   840888.125   840921.125
  5570:   840964.125   841003.125   841033.125   841068.125   841153.125
  5575:   841193.125   841236.125   841269.125   841343.125   841444.125
  5580:   841477.125   841513.125   841549.125   841584.125   841626.125
  5585:   841657.125   841693.125   841731.725   841731.920   841731.901
  5590:   841731.095   842031.902   843531.910   843533.613   845483.623
  5595:   845484.713   846004.123   846097.123   846131.123   846172.123
  5600:   846268.123   846298.123   846482.123   846519.123   846554.123
  5605:   846590.123   846624.123   846701.123   846809.123   846841.123
  5610:   846879.123   846923.123   847003.123   847034.123   847075.123
  5615:   847114.123   847157.123   847193.123   847228.123   847270.123
  5620:   847301.123   847374.123   847414.123   847482.723   847482.920
  5625:   847482.901   847482.093   847782.902   849282.910   849284.612
  5630:   850684.622   850685.712   851223.122   851561.122   851639.122
  5635:   851678.122   851717.122   851794.122   851832.122   851867.122
  5640:   851904.122   851942.122   851986.122   852023.122   852056.122
  5645:   852087.722   852087.920   852087.901   852087.092   852387.902
  5650:   853887.910   853889.615   857739.625   857740.815   859896.135
  5655:   859932.135   860066.135   860300.135   860363.135   860487.135
  5660:   860526.135   860565.135   860632.135   860703.135   860760.135
  5665:   860791.135   860969.135   861000.135   861082.135   861114.135
  5670:   861152.135   861185.135   861220.135   861267.135   861299.135
  5675:   861331.135   861364.135   861409.135   861443.135   861516.135
  5680:   861561.135   861595.135   861627.135   861698.135   861743.135
  5685:   861793.135   861824.135   861862.135   861897.135   861963.135
  5690:   862001.135   862032.135   862065.135   862096.135   862130.135
  5695:   862164.135   862232.135   862264.135   862294.135   862326.135
  5700:   862360.135   862393.135   862429.135   862456.135   862488.135
  5705:   862536.135   862567.135   862600.135   862635.135   862666.135
  5710:   862701.135   862737.135   862766.135   862798.135   862833.135
  5715:   862869.135   862901.135   862958.135   862991.135   863034.135
  5720:   863066.135   863103.135   863134.135   863169.135   863196.135
  5725:   863229.135   863262.135   863324.135   863358.135   863396.135
  5730:   863639.135   863980.135   864013.135   864345.135   864378.135
  5735:   865046.135   865078.135   865381.135   865440.825   865440.920
  5740:   866940.910   866942.613   868892.623   868893.713   870086.123
  5745:   870367.123   870402.123   870440.123   870469.123   870517.123
  5750:   870548.123   870582.123   870618.123   870658.123   870704.123
  5755:   870731.123   870770.123   870808.123   870835.123   870869.723
  5760:   870869.920   870869.901   870869.093   871169.902   871169.902
  5765:   871169.005   871169.006   871169.007   871169.020       
D:
     0:        0.000        0.000        0.000        0.000        0.000
     5:        0.000        0.000        0.000        0.000        0.000
    10:        0.000        0.000        0.000        0.000        0.000
    15:        0.000        0.000        0.000        0.000        0.000
    20:        0.000        0.000        0.000        0.000        0.000
    25:        0.000        4.000        0.000        0.000        0.000
    30:        0.000        0.000        0.000        0.000        0.000
    35:        0.000
F:
     0:       10.000       10.000       10.000       10.000       10.000
     5:       10.000       10.000       10.000       10.000       14.000
    10:       14.000       14.000       14.000       14.000       14.000
    15:       14.000       14.000       14.000       14.000       14.000
    20:       14.000       19.500       19.500       19.500       19.500
    25:       19.500       19.500       19.500       19.500       19.500
    30:       19.500       19.500       19.500       19.500       19.500
    35:       19.500       27.500       27.500       27.500       27.500
    40:       27.500       27.500       27.500       27.500       27.500
    45:       27.500       27.500       27.500       27.500       27.500
    50:       27.500       27.500       27.500       27.500       38.500
    55:       38.500       38.500       38.500       38.500       38.500
    60:       38.500       38.500       38.500       38.500       38.500
    65:       38.500       38.500       38.500       38.500       38.500
    70:       38.500       38.500       38.500       38.500       38.500
    75:       20.000       20.000       20.000       28.000       28.000
    80:       28.000       28.000       39.000       39.000       39.000
    85:       39.000       39.000       55.000       55.000       55.000
    90:       55.000       55.000       55.000       77.000       77.000
    95:       77.000       77.000       77.000       77.000       77.000
I:
     0:       75.000        0.000        0.000
M:
     0:        9.000       12.000       15.000       18.000       21.000
     5:        3.000        4.000        5.000        6.000        7.000
    10:      100.000
N:
     0:       12.000       16.000       20.000       24.000       28.000
     5:        0.000
Q:
     0:        9.000       12.000       15.000       18.000       21.000
     5:        0.000
V:
     0:        0.000        0.000        0.000        0.000        0.000
     5:      142.000      306.000      599.000      716.000     1291.000
    10:      234.000      209.000      424.000      609.000      479.000
    15:        0.000
